75	5	1000	1
0	97	14
0	19	15
0	13	20
0	25	11
0	91	15
129 2 6 7 9 10 11 14 17 22 29 33 39 46 47 66 67 72 75
137 3 16 24 25 33 38 42 45 47 52 57 65 68
120 20 34 39 42 43 45 53 55 56 57 61 69
61 5 13 15 21 23 28 29 38 45 50 53 54 60 64
128 8 20 22 34 38 44 48 49 55 61 64 66 67 70 74
74 10 16 19 22 31 34 35 36 39 42 59 61 64 72 73
60 18 19 24 26 27 32 47 54 58 62 64 67 70 73
120 9 11 14 15 20 23 33 34 39 43 44 49 52 55 61
126 14 17 18 23 27 35 36 40 41 48 54 55 58 68 75
128 16 40 42 46 48 51 52 58 65 75
61 17 24 25 27 37 42 44 46 48 58 65
60 22 23 34 35 37 39 42 44 58 62 75
112 20 22 23 27 28 30 36 41 43 48 50 67 70 72 74 75
150 15 18 22 25 27 31 36 46 50 51 54 55 56
114 20 23 25 31 38 41 47 54 55 71
86 17 27 35 39 47 55 65 69 70 75
146 18 22 36 44 52 55 56 58 60 63 67 70 73 75
120 24 28 30 32 33 37 38 50 69 75
143 20 21 23 34 37 39 41 42 47 52 62
68 40 47 48 50 53 69 71
127 36 37 40 41 43 45 47 65 70 72
73 26 30 31 40 44 51 62 67 71
69 26 27 28 51 59 70 74
136 34 45 59 64 73
52 26 39 40 43 51 52 58 65 71 72 73
97 28 29 30 40 43 46 52 53 71 73 75
92 28 29 33 35 43 50 51 52 56 65 75
139 30 36 37 42 48 54 56 61 62
55 31 33 50 52 57 60 65 69 72
115 43 51 59 67
111 43 44 47 50 55 56 70
124 44 47 52 68 74
118 37 38 39 40 44 47 49 58 71
62 40 41 44 48 50 52 61 63
110 39 40 42 46 47 56 57
105 37 38 40 41 46 49 55 56 58 65 69 73 74
128 41 49 57 64
140 41 42 50 54 60
115 40 41 45 50 51 52 63 68 69
120 43 44 48 53 54 56 71 72 75
140 42 60 73 74
119 53 59 69 70 71 75
106 50 51 56 62 64 66 72 74 75
73 45 53 57 66
110 58 59 60 67 73
60 51 55 56 61
128 54 68 69 72 75
74 52 62 65
64 54 57 63 65 67 72 74
147 51 53 57 58 60 63 69 71
55 55 59 63 64 70 72 75
101 58 64 70 72 73
106 55 56
140 57 59 66 72
92 70
63 57 65 66 68 72
90 60 65 68 74
140 59 60 62 72
113 65 71
57 65 68
68 66 67 71
62 74 75
83 64 65 71 73
78 69 72 73 74
107 70 71 72 74 75
125 67 74
80 68
137
85 72
80 72 74
103
85
130 74
131
127
