75	5	1000	1
0	54	12
0	47	12
0	18	16
0	31	21
0	30	14
215 14 20 28 30 36 38 39 43 46 47 60 68 70 71 75
276 3 8 22 23 25 28 32 33 37 38 40 47 53 54 55 56 57 60 63
274 6 7 9 13 20 21 24 27 29 30 40 46 48 54 58 61 63 67 70 72
249 9 10 23 24 28 47 53 61
156 9 12 23 34 35 52 56 60 64 70 72
197 12 19 24 25 29 31 36 40 46 51 55 57 58 65 66 74
272 8 20 23 25 30 33 35 37 38 41 43 50 53 54 56 59 66 73 74
191 9 36 40 42 45 50 51 55 61 64 70 73 75
270 13 21 22 24 28 32 42 43 48 51 52 56 62 72
228 13 15 17 19 20 27 30 32 38 44 47 50 56 65 70 72
168 14 19 24 25 30 33 37 44 50 56 75
154 14 23 25 27 29 30 38 41 42 45 50 58 63 66 68
295 19 24 26 27 29 33 42 47 48 49 51 53 54 56 57 61 65 75
176 29 36 42 49 59 65 70 74 75
267 29 37 38 40 41 43 44 48 56 61 65 66 70 71 73
227 19 20 25 28 38 40 46 55 58 60 64 67
253 22 25 30 39 40 61 65 67 69 70 72 74
278 21 25 34 48 59 60 61 66 67 73 74
153 20 22 28 31 33 35 40 45 65 67
288 21 22 25 26 37 43 47 53 55 62 68 72
282 23 25 33 41 42 44 47 54 63 67 71
279 29 35 36 38 47 52 59 69
195 25 28 30 47 52 53 58 63 64 66 73
173 29 30 34 46 48 55 59 65 67 71 73
157 42 55 56 57 61 63 75
209 33 42 45 50 51 59 63 68 70
155 28 30 34 38 44 46 47 52 54 57 59 67 68
180 33 37 41 43 53 54 56 57 60 65 71
278 35 44 48 55 68 70 71 72 75
300 31 32 34 45 49 53 55 71
290 36 39 45 49 50 58 69 71
172 36 39 40 42 52 53 54 60 70 73 75
275 42 48 51 56 59 61 65 66 70
297 36 37 38 41 42 54 55 60 68 71
267 39 41 46 51 52 54 55 57 63 64 65 66 68
290 37 42 45 51 60 63 74 75
256 52 53 54 57 59 63
150 45 51 52 58 61 65 66
213 42 48 60 67
178 57 63 65 68 69 74
270 46 61 63 70 72 75
203 46 48 49 54 58 60 61 68 73
150 49 50 52 65 66 68
218 45 53 57 65 68 71 73
205 48 50 51 54 56 60 70 73 75
157 48 51 52 57 70 73
276 55 64 67 70 74
292 49 52 57 63 71 72 73
279 50 60 71
279 53 54 60 66 68 75
300 57 60 61 63 65 69 72 75
194 62 64 66 70
280 54 67 68 70 74
193 59 63 64 67 69 70
281 61 65 68 70 71 73
281 61 63 67 68
164 62
243 60 62 66 68 69 75
274 61 62 69 74 75
157 67 70 71 74 75
153 66 70 73
152 64 72 73 74
206 72
209 65 67 74 75
250
298 71 73
209 69 71 75
151
202 70 73 74
291 75
288
234
299
215
197
