75	5	200	1
0	30	12
0	39	13
0	23	16
0	35	13
0	38	21
49 4 5 10 12 15 23 24 25 34 37 42 57 62 63 66
53 6 11 15 17 21 25 27 28 37 42 43 44 49 53 58 59 67 68 70 71
58 4 6 10 11 14 15 16 17 22 23 26 27 29 37 38 43 52 55 56 62 65 67 68 71
55 6 11 12 22 31 37 45 48 51 52 56 59 60 62
32 8 18 21 23 38 43 46 47 53 58 61 74
49 8 12 14 19 27 29 34 37 44 45 46 48 51 54 57 64 68
36 16 18 21 22 24 33 34 42 45 49 52 55 56 57 58 63 65 75
32 14 18 29 30 45 46 55 56 68 74
47 15 18 21 24 27 29 35 41 69 71 75
32 11 24 26 28 41 46 52 53 54 63 66 67 70 74 75
56 13 15 20 23 35 36 44 47 50 61 62 65 67 73
58 14 23 27 32 47 49 50 70 72 73
46 15 16 18 20 26 27 28 30 36 41 53 57 59 67 68 70 72
39 20 23 33 40 41 44 54 62 66 67 69 71 72
54 17 20 21 23 24 26 27 35 50 51 56 60 62 63 65 66 67 69 75
39 19 24 25 26 32 41 43
60 22 24 25 31 35 38 45 54 60 69 74
55 22 32 33 34 43 44 47 61 64 66 71 72
55 22 24 31 37 51 52 59 63 74
56 21 22 24 30 32 34 36 39 53 59 68 69
31 31 42 45 56 60 61 66 68 69 71
58 26 30 32 42 44 47 49 51 73
59 27 32 38 46 47 57 60 64 66
57 29 32 40 41 42 49 53 63 72 73 74
58 29 43 44 52 54 57 58 61 62 63 66 68 70 71
60 29 30 32 33 34 43 46 47 51 57 59 60
60 31 36 37 40 48 56 64 67
59 32 50 53 55 59 63 66 69 71
45 31 39 40 42 44 49 55 66 73
43 33 41 51 52 55 60 65 71
49 32 40 44 51 53 71
37 33 37 39 42 52 54 59 62 68
52 34 47 48 49 53 56 70 71 73 74
58 36 38 39 41 42 43 59 72 74 75
47 38 41 44 47 56 59 61 67 72 73
52 44 52 57 60 64 71 73 75
56 39 40 41 43 49 51 52 57 58 59 62 74 75
35 39 42 47 50 63 64 68 74 75
45 42 45 46 50 63 64 65 70 71 74 75
44 44 46 47 52 53 54 55 70 71 75
32 44 52 53 56 62 69 75
54 52 53 55 60 64 68 71 72
31 51 53 64 66 67 68 72 74
59 51 52 53 54 56 64 75
41 49 51 52 55 64 65
57 48 51 52 53 60 61 64 65 71
52 49
56 51 56 63 69
33 61 68 69
32 52 63 64 65 73
40 62 66 68
56 54 57 60 61 67 72
48 59 63 71 74
51 55 57 60 64 65 68
45 60 66 75
58 60 61 64 66 67 72
52 61 75
58 59 69
33 69 73
45 61 64 67 75
38 66 68 69 73
59 63 64 66
37 71 74 75
44 66
59 69 72 74
36
47 68 70 73 75
39 69 72
55 75
37 75
51
51
38
55
56
