200	5	1000	1
0	86	45
0	72	33
0	28	47
0	82	43
0	61	32
142 4 13 14 16 21 23 25 27 28 32 38 41 51 53 55 59 62 65 75 78 86 89 101 106 131 132 133 144 148 150 152 154 158 161 166 172 174 180 181 185 193
138 4 5 7 12 14 22 26 28 34 38 42 45 48 49 55 57 59 63 66 72 81 100 101 102 106 108 111 114 115 117 126 137 141 155 156 163 169 170 172 174 175 176 180 182 189 192 194 198 200
179 8 11 13 33 36 42 44 48 53 54 59 61 70 72 76 79 82 90 97 111 121 128 130 135 136 142 143 157 172 177 183 186 188 193
191 12 18 25 34 36 39 41 42 47 49 56 60 66 68 70 72 75 78 101 110 111 120 127 128 132 133 134 142 145 146 153 154 157 168 169 170 171 191 192 193 195 197 199
214 11 17 21 25 29 31 39 41 60 65 66 72 73 76 77 78 82 84 89 92 103 105 107 113 119 121 122 126 129 130 132 136 143 158 169 170 171 175 176 178 179 180 183 190 191 193 195 197
262 8 18 22 30 33 35 48 54 59 62 66 67 70 72 75 77 86 88 103 104 108 127 137 140 141 145 150 157 159 161 163 167 176 179 180 181 186 187 189 191 192
173 10 12 14 20 21 22 34 45 50 51 57 63 72 80 107 114 123 146 151 153 155 158 172 174 177 180 183 185 188 192
164 15 16 20 21 29 30 43 46 47 52 54 56 61 66 68 76 77 78 82 90 93 95 105 123 124 127 130 134 138 140 145 163 164 165 171 180 188 192 193
290 10 15 18 22 25 27 28 32 35 37 39 52 60 66 70 79 88 96 105 114 115 117 125 129 131 137 146 148 162 185 192
143 12 17 18 26 30 31 32 43 54 66 70 80 90 95 96 97 103 104 108 116 118 119 131 133 134 143 147 149 151 167 170 174 181 185 187 188 195 198
76 16 19 22 27 33 36 38 42 56 57 62 67 69 72 76 87 92 94 112 114 122 125 126 129 144 153 161 162 173 174 177 185 189 191 197
286 18 29 30 43 48 50 53 62 64 65 66 73 83 85 105 111 126 127 129 135 144 154 156 157 159 171 179 181 185 193 198
148 16 19 23 33 35 69 71 74 89 91 94 107 119 121 126 129 135 140 146 148 155 159 160 167 168 179 180 185 198 200
122 15 21 29 40 49 50 61 64 65 67 71 85 93 95 96 98 108 111 116 121 123 125 126 132 138 147 151 158 161 170 172 173 178 181 193 194
61 19 26 28 38 42 43 46 48 53 60 66 69 72 75 89 94 95 97 100 102 109 110 113 116 124 128 131 142 143 144 154 155 157 184 189 190 192
283 30 33 41 50 55 58 64 68 94 95 97 104 115 116 117 121 124 125 126 132 134 141 147 148 150 156 186 196 199 200
73 18 19 21 27 31 36 37 40 53 58 66 73 74 93 95 100 107 110 114 117 120 122 124 132 134 136 138 139 143 147 150 151 155 157 161 164 174 178 181 182 183 189 195 197
21 23 46 49 50 57 65 69 75 78 97 101 108 110 121 129 130 139 154 158 159 161 169 185 196 197 198 200
255 24 35 38 46 52 53 58 67 68 69 72 94 119 122 123 127 128 139 140 146 148 153 158 160 167 170 184 193 194 195 197
288 21 27 28 35 36 38 54 68 94 100 118 123 132 133 134 138 144 148 152 159 169 184 188 190 196
267 22 32 37 45 53 61 67 76 83 85 88 90 93 96 97 101 104 112 113 114 120 128 134 146 147 153 154 168 193 198 200
244 23 27 37 40 46 48 50 58 63 68 74 79 80 84 85 87 88 91 99 111 113 118 120 124 126 128 131 137 154 155 168 172 173 180 183 190 196 197 198
181 26 27 28 31 37 38 39 40 53 56 57 62 63 81 89 91 93 94 99 103 112 120 123 125 129 134 135 145 149 157 159 162 167 175 180 187 198 200
288 25 28 31 39 45 46 47 56 57 61 62 64 67 69 71 79 87 95 107 109 114 118 120 122 126 134 160 170 174 175 179 184 190
108 26 33 43 45 57 59 80 81 82 84 89 95 96 106 114 116 121 130 131 134 143 144 151 152 162 166 173 178 184 186 192 196 199
215 27 31 36 38 47 48 50 52 53 59 61 79 90 104 105 110 113 117 119 123 127 128 135 137 138 139 142 145 154 170 172 174 175 183 184 185 190 196 199
94 36 48 51 53 57 59 64 74 81 85 86 89 90 92 94 96 101 102 105 117 124 126 133 139 143 150 155 165 173 177 179 181 182 187 189 190 194 195 196
263 31 33 39 42 43 44 46 49 52 55 66 74 75 77 85 88 94 102 107 110 119 120 121 122 133 143 146 152 153 158 161 164 167 170 171 176 190 192 193 195 197
280 30 31 36 39 45 49 51 59 60 65 67 73 74 77 81 85 94 97 108 111 117 121 130 131 132 136 141 145 151 154 164 174 176 187 188 195 196 200
21 42 49 53 66 72 74 76 88 91 93 96 99 107 113 115 116 118 124 126 140 143 153 155 156 157 158 161 165 166 171 180 188 189 198 200
141 54 56 60 64 70 73 86 87 92 95 99 107 112 116 120 121 125 129 142 144 147 151 161 167 173 174 183 184 185 188 191 192 194 195 200
31 33 34 40 43 45 57 60 69 78 84 88 98 102 103 107 113 116 118 121 123 125 126 132 137 138 146 158 161 186 196
115 42 47 53 56 57 60 61 62 64 67 77 83 86 90 104 113 115 120 124 131 141 142 145 146 147 149 151 155 158 159 164 170 171 172 176 180 185 194 195
80 35 38 40 43 58 59 65 69 70 81 86 89 90 95 96 103 105 106 109 118 123 127 132 143 147 157 158 159 161 164 181 194 196 197 198
148 44 47 49 53 59 61 62 65 78 83 84 86 90 92 97 105 112 113 127 132 133 134 136 137 139 141 149 150 155 157 161 162 165 169 181 182 183 186 190 191 192 196
167 38 44 48 52 56 58 64 65 84 86 96 100 103 115 120 123 124 130 135 137 146 151 152 153 156 158 159 160 166 171 179 180 182 189 190 198 199
164 40 46 51 58 59 61 66 74 76 82 86 87 91 103 105 108 112 123 132 133 134 142 152 157 158 161 163 168 172 173 176 181 182 186 189 193 194 195 197 199
60 41 46 48 49 68 71 78 79 81 83 91 92 93 118 128 135 139 140 149 151 155 156 163 180 187 188 193
164 74 80 81 91 100 103 107 115 124 127 130 136 139 146 154 156 159 162 170 171 177 184 189 196
53 42 56 64 65 75 77 81 82 85 87 91 94 99 106 111 117 122 131 132 137 139 141 145 149 153 179 182 186 191 193 196
207 42 46 53 55 58 61 68 71 74 79 80 83 85 97 100 115 119 120 123 125 131 146 148 152 155 156 159 163 164 165 170 171 173 176 179 183 192 195 196
60 50 51 52 70 75 79 82 94 97 102 104 108 110 113 116 117 118 123 128 129 132 134 151 152 153 154 161 163 164 172 177 181 192 197
24 47 50 57 64 87 90 96 107 110 116 124 142 161 172 174 178 180 181 185 191 192 194 196
120 50 55 64 72 73 76 77 113 129 136 139 142 145 146 150 151 159 160 164 166 180 182 185 192
111 57 59 60 63 66 74 80 84 87 93 95 97 105 108 114 122 123 129 145 149 150 157 159 161 165 170 171 172 182 185 186 195
300 60 73 76 78 83 87 91 92 94 99 101 102 106 108 113 134 139 147 149 150 160 161 169 191 197 200
132 50 52 64 66 68 70 75 76 79 84 85 87 90 103 112 124 125 130 131 135 136 139 141 148 151 176 179 180 189 192 195 198 199 200
288 49 52 54 57 74 77 79 81 83 90 97 99 103 104 112 114 119 120 124 125 127 136 142 150 154 155 160 162 165 171 181 190 192 194
290 60 63 70 78 79 84 87 88 90 93 101 106 116 117 118 121 133 137 138 148 152 154 155 157 158 159 160 170 175 176 180 181 183 191 193 194 195 198
105 59 62 66 72 83 104 106 107 110 122 123 134 135 140 141 154 168 172 173 179 195 196 199
29 55 58 59 61 62 67 70 73 78 97 109 117 126 127 128 129 136 141 142 150 152 153 160 168 182 187 195 197
120 53 55 56 62 63 68 79 87 88 91 92 97 98 100 105 110 111 118 132 147 150 152 153 163 170 171 175 187 189 192 200
134 61 67 69 73 89 94 98 101 104 111 115 118 120 122 125 126 135 137 142 145 148 149 150 151 152 153 155 159 167 168 176 179 186 190
122 60 68 71 79 84 85 86 90 93 97 98 103 108 111 115 117 119 122 126 127 133 142 143 149 154 160 163 164 172 175 178 179 180 181 182 183 186 189 190 191 197 199
71 57 58 69 73 75 76 77 80 81 88 92 94 100 106 107 109 111 119 124 127 139 148 150 158 161 162 165 166 167 170 178 182 185 186 187 191
104 62 65 71 89 93 100 103 112 119 124 125 127 133 144 146 149 153 156 157 166 184 189 190 194 196
41 61 63 71 84 94 96 101 102 103 108 113 123 124 132 133 138 139 140 142 143 148 152 153 155 161 163 166 167 169 170 171 176 181 183 184 190 191
46 61 64 68 69 77 78 85 92 105 106 110 120 132 136 137 144 161 163 175 178 184 195
39 60 62 66 83 97 111 112 114 118 120 129 131 134 138 141 144 148 151 164 166 168 169 171 180 195 197
92 62 69 70 73 77 83 84 87 93 94 96 97 98 107 108 109 113 116 117 124 129 131 134 146 163 165 170 171 172 175 180 181 185 187 188 199
16 65 67 83 84 89 91 92 97 107 112 116 121 124 134 143 147 155 156 166 170 173 174 175 176 178 179 191 200
297 76 79 89 91 92 94 104 117 121 124 129 132 143 144 153 156 161 164 165 174 177 179 186 189 190 191 197 198
256 64 79 94 99 102 107 109 110 111 114 118 123 128 129 135 140 141 148 149 154 158 160 163 164 166 175 184 186 187 193 197 200
124 70 76 78 79 80 98 101 107 115 119 123 131 136 137 138 141 142 145 150 151 155 161 168 181
17 71 79 80 88 90 96 104 106 111 116 120 126 130 134 141 143 148 153 164 166 167 172 174 184 186 187
17 77 104 111 113 114 118 123 124 127 129 133 151 154 155 163 164 174 175 177 185
70 70 77 92 94 98 100 115 131 132 146 149 153 154 161 163 172 174 176 186 187 190
61 76 80 83 85 88 89 95 103 107 109 110 111 114 118 121 125 127 138 140 141 142 143 146 150 152 157 159 167 171 173 176 181 192 195 196 200
276 73 79 81 82 86 91 92 94 100 109 111 116 118 132 134 136 137 138 141 142 143 148 151 173 181 182 192 193 198 200
152 73 74 81 83 84 86 87 98 122 125 133 136 140 147 158 167 173 178 184
116 84 93 104 110 115 120 122 124 137 150 160 167 168 170 173 179 196 198
148 87 89 92 98 100 114 123 129 131 133 134 147 151 155 159 163 164 165 166 168 179 185 186 189 200
86 74 75 94 97 98 105 110 112 118 126 128 131 132 135 139 140 155 156 157 158 162 166 168 170 178 179 189 193 196
277 76 78 83 87 96 123 124 127 135 136 137 143 148 152 156 160 165 178 180 186 190 193 198 200
299 78 88 96 102 103 104 108 109 112 113 115 116 117 118 123 124 127 131 132 134 140 156 164 170 182 187 192 198
123 78 98 104 117 134 135 136 138 141 143 149 155 165 169 173 176 177 178 180 182 183 185 199
70 89 90 92 98 111 116 121 122 131 133 136 145 162 165 168 169 182 191 193 198
63 83 85 89 92 109 119 120 122 135 138 159 171 176 179 180 183 196
81 82 84 87 97 99 102 103 106 110 119 121 126 127 129 136 138 144 147 152 163 164 169 171 174 176 181 187 188 198
60 87 89 99 102 104 113 114 115 116 119 121 135 148 149 150 151 157 160 170 172 176 184 185 190 191 196 197 200
41 85 86 90 99 103 105 106 107 114 135 136 140 143 146 147 152 153 159 164 166 168 171 180 181 183 185 187 192
134 90 91 96 107 110 111 124 140 145 155 164 168 173 176 181 183 190 197 198
42 90 95 99 106 108 112 118 119 124 128 129 132 135 139 142 154 155 158 162 177 182 184 185 186 187 196 199
286 89 91 95 108 116 117 124 125 128 132 134 138 139 143 144 146 148 153 162 164 166 169 173 181 183 187 188 193 194 196 200
133 87 95 102 110 113 128 133 136 146 150 158 160 166 169 170 171 174 179 186 194 195 196 198
104 92 93 99 100 113 114 118 119 121 133 139 141 154 159 160 165 193 195 196 199 200
277 90 95 97 99 114 115 117 121 132 133 135 138 144 152 172 179 180 187 188 195
52 98 101 112 115 116 122 125 128 130 133 137 144 145 153 157 161 177 184 188 189 190 195 197 199
69 92 94 96 98 99 100 112 113 114 118 123 124 138 142 151 153 154 166 173 179 183 188 190 194 197
97 98 104 111 113 115 122 125 130 136 142 153 154 155 160 163 169 176 177 178 181 185 187 189 191 195
228 103 106 108 110 111 119 129 130 132 134 138 145 152 155 164 173 176 184 185 192 195 196
69 94 100 111 113 114 115 116 117 119 122 128 132 134 135 140 144 145 149 154 155 157 162 170 175 176 180 187 194
45 103 111 116 123 131 132 133 136 142 143 148 150 151 152 159 161 166 170 172 178 196
189 95 105 106 123 124 136 138 148 149 150 164 169 175 181 189 191 196 199 200
193 102 119 124 131 133 134 137 140 149 151 156 158 159 160 162 165 166 167 181 186 187 189 191 198 199
281 102 103 115 117 118 134 147 151 153 178 182 183 185 188 190 199
70 98 107 116 125 130 136 145 146 149 150 151 153 154 159 160 166 173 175 176 177 179 180 181 184
192 103 104 117 121 124 136 139 140 143 144 154 158 160 161 165 166 168 169 179 186 190 197
79 100 105 106 123 129 131 134 159 163 165 166 173 189 191 193 194
157 103 118 119 134 137 142 148 150 152 157 175 179 185 191 196 198
77 121 126 129 146 153 164 166 169 174 180 181 182 187 189 196 197 199
208 109 112 117 125 130 132 140 141 155 158 169 177 181 183 187 189 199
91 107 109 111 117 119 121 130 131 135 139 141 144 146 147 159 163 164 167 168 175 179 185 186 188 189 192 196 198
90 108 109 112 124 126 128 131 133 136 145 146 154 164 169 172 173 183 187 192 196
169 106 107 109 110 118 127 128 129 132 139 148 151 161 167 176 180 185 189
11 109 110 119 132 136 137 140 153 161 162 172 176 181 183 184 187 193 195 200
153 112 118 119 122 134 144 147 154 161 165 167 171 177 178 179 188 190 194
241 110 112 118 120 121 126 130 135 138 142 144 150 163 176 179 180 187 188 194 196
68 110 111 114 124 128 130 132 145 147 150 153 159 179 183 189 200
295 116 118 121 122 123 136 145 146 149 169 171 173 176 182 185 193 195 198
197 113 115 116 120 121 138 145 148 149 153 159 174 176 184 185 193 198 200
285 113 115 118 122 124 126 133 140 142 152 153 159 160 176 178 181
182 118 121 124 129 138 139 143 145 152 162 169 189 191 193 195 197 199
57 117 123 126 129 133 134 144 146 150 168 171 176 177 179 182 186 189 196 198
28 123 128 136 137 139 142 148 149 176 179 182 191 192 194 195 196
212 118 120 126 130 132 145 146 150 155 157 159 160 164 168 169 175 178 179 184 188 195
68 123 144 149 151 153 154 159 169 171 176 179 182 183 185 190
222 122 127 131 133 134 141 145 152 155 158 160 166 167 173 174 178 181 182 190 191 193 194 200
73 120 121 123 125 131 147 161 163 164 167 168 169 173 178 182 183 192
89 122 137 141 146 150 161 175 176 180 181 182 187 196 200
122 134 142 147 153 157 159 167
95 125 129 140 144 148 153 154 167 169 175 176 183 185 186 188 190
68 125 135 139 142 149 153 158 160 162 164 167 168 173 176 180 192 198 199
116 127 140 149 151 152 159 161 170 172 176 197 199 200
289 129 131 134 139 141 147 151 152 157 167 168 169 179 194 199
225 141 150 153 156 157 161 166 170 173 181 185 188 190 191 198
165 137 138 140 142 143 146 148 151 157 172 176 186 188 190 192 198 199
193 129 130 133 143 144 150 152 156 157 159 161 165 171 172 182 186 191 193 199 200
296 144 152 153 157 163 164 168 169 170 179 181 182 189
171 145 147 152 153 157 159 161 162 163 164 170 171 181 186 189 191 193 197
276 151 153 165 168 169 187 191 196 200
56 134 137 140 141 142 144 149 150 151 157 158 160 166 173 176 180 188 191
56 143 153 159 162 168 173 180 192
45 138 149 150 154 168 171 177 187 200
278 138 139 141 143 144 147 150 153 158 160 165 166 168 171 172 174 176 180 197 198
262 139 140 152 157 162 172 176 183 193 198
181 142 146 157 165 189 192 194 197
56 139 156 161 163 166 173 174 178 191 192 193 194 197 200
61 142 148 151 155 158 159 161 162 167 170 175 181 182 189 191
102 144 155 156 158 159 163 169 180 181 184 193 194
30 144 145 148 159 163 175 179 183 185 187 190 195
112 146 148 153 155 160 165 166 168 169 172 176 182 187 191 195 199
96 149 151 157 172 173 193 194 195 197 200
219 149 150 158 159 161 162 166 170 176 183 195
138 148 156 163 165 180 198
51 149 156 174 187 188 199
203 151 157 162 164 167 174 181 188 189 192 193 199
42 158 159 160 167 172 173 175 181 184
280 150 153 158 161 163 165 195 198 200
297 170 181 187 190 199 200
35 156 157 158 181 183 185 186 193 194
106 156 166 167 175 179 181 184
223 158 160 164 165 171 177 179 192 193 195
213 161 165 168 190
232 157 164 170 175 184 185 193
159 169 177 179 183 185 200
132 159 160 164 168 175 180 182 184 191 194 200
178 159 164 189
182 167 170 177 179 180 183 193 197
69 168 172 175 176 181 182 193
228 162 167 172 177 180 196
54 165 171 176 178 182 183 188 199 200
294 169 172 183 189
260 166 170 174 181 184 190 199
52 174 180 186 191 197
108 169 175 177 184 188 189 191
213 176 178 180 184 190 196 197 200
203 173 179 181 185 186 187 192 196 198 199
258 172 175 179
121 171 175 199
81 174 184 189 191 193 200
85 173 174 182 195 199
114 187 189 193
254 183 185 194
17 181 182 189 192 194
260 182 183 184 194
159 178 193 199 200
157 185 187 188 190 193 196 199
207 181 188 189 196 198
224 182 184 189 191 198 200
150 198
47 183 192 194 195
61 190 191 192 193 198
236 194
270 194 197
222 187 188 192 193 199
224
10 189 200
52 197 199
60 195 196 198 199 200
111 193 197 198 199
31
263 196 197 198
158 198 200
76 200
256 198 199 200
158
121 199
241
84
