50	10	1000	1
0	158	4
0	134	2
0	184	1
0	170	7
0	177	4
0	193	8
0	100	9
0	149	7
0	200	5
0	194	3
157 3 6 16 20 23 32 37 39
300 4 20 26 42 46 48 50
275 6 8 9 11 13 19 20 21 28 30 44
270 10 16 17 23 25 32 37
292 8 15 17 25 29 31 44 45 50
280 10 23 28 32 34 35
193 22 24 41 45 46 50
247 15 20 24 31 36 37 39 42
218 11 38 44
209 13 14 15 16 19 23 24 25 28 36 42 43
279 12 14 16 26 30 31 35 36 39 40 44 46
272 20 27 28 29 37 40 41 43
278 33 34 36 48 49
153 17 21 36 47
166 17 19 25 26 27 33 35 38 42 49
267 21 23 24 28 31 36 38 39 44 46 47 48 49 50
197 21 25 30 39 40
227 22 28 30 34 39 42
176 27 33 35 43
209 23 26 31 33 34 36 43 46 48 49
180 22 24 26 27 32 37 38 39 40 47
194 25 27 29 30 33 37 40 42 44 46
290 43
250 31 37 39 41
281 27 37 39 48
297 28 33 38 41 46
157 36 44 46 48
152 32 33 34 38 39 40 41 50
205 31 34 37 38 39 43 46
155 33 43 45 48
278 32 35 40 41 50
279 42 45 50
253 44 47 50
298 35 37 39 45
209 36 39 49
180
265 46
174 39
150 48 49
206 42 47
300 43 45
172 43 46
156 46 50
157 46 48 50
276 46
191 47 48
288 48
184
260
228
