100	5	200	1
0	3	23
0	19	21
0	10	16
0	6	20
0	9	20
10 5 10 11 12 23 32 36 40 66 68 73 74 76 88 91
10 4 5 10 13 14 20 23 24 31 36 46 48 52 53 56 59 63 75 78 83 88 90
12 4 8 18 20 22 28 37 39 43 44 45 52 57 62 75 80 81 91 100
13 9 17 23 29 31 32 42 53 61 72 74 79 80 81 87 93 94
14 6 18 24 28 33 34 42 43 49 59 63 68 69 71 72 89 90 92
17 8 17 23 26 31 35 38 58 62 64 72 81 83 85 97
12 19 23 31 34 60 63 65 70 75 77 80 88
11 10 19 20 31 47 52 57 70 80 83 94 99
19 19 36 40 47 62 68 69 73 76 83 90
6 14 17 18 24 29 30 46 53 56 62 67 69 76 77 83 85 88 89 90 92 100
19 22 27 41 44 47 49 53 60 63 65 75 77 87 92 98
6 17 21 23 32 40 50 56 66 67 71 72 82 85 93 97 100
5 20 21 26 27 29 33 39 46 51 54 56 66 76 91 97 98 99
14 19 21 22 27 30 39 45 49 50 51 57 60 61 69 74 78 89
13 26 33 36 41 43 48 53 54 55 66 76 78 79 81 85 89 96 98
3 20 26 34 39 40 48 50 58 60 70 71 80 84 87 97 99
17 21 27 28 30 37 38 42 47 56 57 61 67 79 80
19 20 23 24 32 33 34 49 54 59 60 65 68 74
18 25 34 39 40 44 47 48 50 58 65 69 70 73 76 78 84 92
7 21 22 25 27 29 32 35 36 40 48 52 60 67 70 81 86 88 90
16 26 40 44 49 51 53 54 63 68 74 75 79 97
16 36 38 48 49 50 64 65 69 72 83 87 89 97
12 26 33 35 36 37 38 43 49 63 71 79 82 86 88 92 100
20 34 40 43 44 47 53 55 59 61 65 74 75 79 90 98 99 100
9 26 30 31 36 37 43 44 45 46 48 49 59 62 63 66 67 68 70 71 77 83
19 36 44 53 54 56 68 70 92 95
19 40 50 51 54 65 67 69 71 75 87 92 94 95 100
11 36 39 40 43 47 53 65 67 74 81 85 87 89 94 96 100
8 42 43 45 46 56 62 74 79 84 88 94 100
3 33 37 41 43 44 45 48 50 51 53 57 66 76 86 88 90 92 98
3 32 34 41 44 45 46 48 50 53 72 82 84 86 89 92 93
8 42 43 64 66 70 76 79 80 84 87 90 94 95 98 99
2 39 41 45 49 53 54 56 60 72 74 89 91 94 95
13 40 42 50 57 61 64 74 79 81 84 100
12 38 41 45 53 60 61 63 69 74 83 86
3 54 62 65 66 79 80 81 88 95 99
20 38 40 42 43 44 59 65 76 77 83 84 88
7 40 41 42 57 60 66 69 71 78 83 94 95 97 98
3 57 59 61 71 73 75 76 86 90 97
4 41 49 51 59 68 74 78 86 91
8 42 44 45 46 48 54 57 59 64 65 83 95 98
12 47 55 62 63 68 72 73 78 83 84 91 96 98
2 45 49 51 56 62 77 81 86 96
19 49 53 61 67 94 97
6 53 57 59 60 75 80 93 100
5 49 51 57 58 59 65 68 69 79 84 86 87 89 93 96
3 52 53 61 62 63 65 70 80 99
9 50 51 53 73 93 95 98 99
4 50 61 66 67 82 88 89 95
19 60 63 65 66 67 71 72 74 75 78 83 87 91
20 53 57 61 63 64 65 74 77 83 85 87 90 94 96
18 55 76 77 84 87 89 93 100
4 62 63 64 66 73 74 78 80 83 86 97 99
5 55 57 60 63 68 75 76 83
8 67 69 72 79 86 92 94 96
5 68 69 70 73 76 78 79 88 92 95 96 99
4 61 63 69 79 83 84 93
13 60 61 64 65 67 70 72 80 81 84 86 88 95 97 98 99
13 69 78 80 87 89 95 96
13 68 71 77 83 91 94 98
15 65 68 69 72 73 82 85 86 89 93
11 64 65 73 74 78 80 83 87 88 91 95 98
13 65 66 73 74 75 77 80 87 88
19 66 67 68 86 87 91 92
12 69 73 82 89 90 96 97 100
18 73 81 82 91 92 93 95
4 69 72 73 74 78 79 81 86 99
4 70 71 72 75 82 85 88 91 95
4 74 76 87 91 92 99
18 84 85 89 94 96
17 72 74 78 79 81 83 84 91 95 99
20 74 81 85 91 98
3 85 89 96 100
5 78 83 93
7 85 88 95
3 77 80 85 98 99
8 87 99 100
20 86 97
15 84 89 95
10 82 85 87 88 95 99
17 83 91 94 99 100
8
6 85 100
6 87 96 97 100
8 98
17 90 92 97
2 93
17 90 92 93 97 100
11 94 98
11 97
14 97 98 99
10 97 99 100
15 97
10 97
19 97
4 97
2
5 99
10
18
