200	10	10000	1
0	409	24
0	443	24
0	852	15
0	803	19
0	259	24
0	270	22
0	741	15
0	678	18
0	484	19
0	925	20
2033 2 5 8 9 14 19 29 32 35 36 38 39 40 42 55 57 61 64 67 68 85 103 107 108 115 122 126 129 130 131 147 150 160 166 173 181 183 185 186 188 196 198 200
2623 11 15 21 29 38 41 51 57 58 63 65 74 85 88 89 96 97 100 106 107 109 124 126 127 136 143 149 158 161 163 165 176 177 190 193 198 200
2954 11 18 24 25 27 37 42 50 54 58 60 64 73 79 84 86 98 102 108 112 129 131 138 139 141 143 145 149 155 156 157 163 169 178 185 190 192 193
1882 8 10 13 14 16 17 19 20 27 30 31 32 33 36 38 47 49 51 54 59 60 61 62 64 66 76 87 94 113 117 119 130 132 134 139 147 150 153 159 163 168 170 171 172 173 174 175 178 185 191 197 200
1806 9 19 20 22 24 29 33 34 40 41 44 48 55 57 60 62 71 75 79 81 91 94 99 101 103 104 105 110 113 120 122 124 133 134 139 140 143 147 152 154 158 160 164 170 174 178 180 182 184 190 193
1737 13 14 21 23 31 34 38 46 47 49 50 53 62 67 71 98 99 104 105 107 113 115 122 128 135 139 143 144 147 173 177 182 186 189 197 199
2740 11 13 17 19 21 43 44 49 51 53 61 73 86 87 92 102 109 124 125 135 140 144 150 151 152 160 167 170 173 175 180 194 196
2989 20 22 24 27 29 40 41 45 59 61 67 74 97 108 113 116 117 119 122 126 131 137 139 143 144 148 151 156 158 165 167 174 178 179 188 191 195 196 198
2891 11 14 23 26 28 35 41 54 55 66 68 73 79 80 84 86 102 109 111 116 126 133 140 141 149 152 173 178 180 184 186 188 194
1869 12 14 20 23 24 31 32 38 45 47 60 62 66 71 77 79 81 90 93 95 100 101 105 110 114 117 120 126 132 136 137 139 143 146 150 151 159 160 162 174 178 181 183 187
2914 25 27 39 41 52 57 58 65 70 74 78 83 87 96 99 121 124 126 134 136 141 142 148 157 173 176 180 190 192 198
2187 20 22 28 31 33 36 39 41 42 43 45 54 60 61 68 71 73 77 85 86 96 99 100 105 116 128 131 135 136 137 143 144 147 156 157 168 170 174 177 178 180 194 198
2348 14 16 22 25 26 29 34 44 47 55 64 65 81 82 85 87 96 97 105 106 123 124 130 132 139 141 147 154 155 158 175 177 190 196 200
2356 16 19 25 40 41 52 55 58 60 63 69 75 83 84 89 92 108 118 119 123 126 133 157 158 161 162 168 170 171 177 178 190
2736 18 22 23 25 26 27 29 33 38 42 56 58 59 72 78 81 89 90 95 97 109 127 131 139 143 150 176 180 187 198 200
2456 23 38 39 43 45 58 64 70 83 86 89 90 93 98 107 120 122 126 131 134 140 147 154 174 179 182 193 198 199
2147 23 32 39 40 46 47 50 57 60 65 67 70 80 84 86 87 88 93 96 97 98 99 106 112 113 118 121 127 130 140 143 147 159 160 167 168 172 182 192 198 199
1937 23 29 35 44 52 53 56 57 70 77 98 110 116 122 126 128 137 146 148 159 161 172 173 175 178 181 182 187 200
2969 28 33 34 41 48 53 54 57 60 64 66 69 77 86 90 93 94 96 98 100 112 116 118 120 123 126 127 129 150 156 158 159 164 169 171 179 183 195 198
2070 33 36 44 45 48 49 50 58 61 63 66 71 72 73 77 78 81 96 102 107 116 118 124 128 133 147 149 151 155 157 162 165 173 177 182 184 190 192 196 199
1586 25 26 30 33 36 50 52 57 64 73 82 83 87 88 108 109 115 116 120 123 130 142 145 146 158 160 165 167 170 182 187 188 189 200
2096 23 28 29 39 43 44 49 52 53 64 66 68 72 82 101 106 108 109 112 121 132 143 145 153 154 159 170 178 184 187 191 193 198 199
1573 25 27 36 43 49 57 78 81 85 86 97 99 110 112 114 118 121 122 124 128 133 145 147 148 149 161 165 166 168 169 174 175 176 181 186 187 197
2373 27 30 31 33 36 37 41 45 58 59 60 62 80 85 95 96 98 101 102 103 106 109 110 113 114 115 117 118 122 124 127 129 131 133 137 141 142 144 152 153 158 164 166 167 170 171 172 177 187 188 191 193 200
1702 40 44 54 57 59 60 62 63 78 91 93 96 100 102 103 109 110 112 115 117 126 127 129 133 137 143 147 149 157 158 163 167 168 171 172 176 181 182 189 190 193 197
2941 40 42 43 45 48 50 53 56 81 82 83 91 96 97 101 105 106 108 109 114 119 121 124 125 128 132 136 141 144 147 151 154 159 169 171 175 178 179 180 181 182 184 189 190 191
2417 31 32 41 42 53 65 67 73 74 75 77 86 92 93 94 98 113 121 124 127 128 144 156 162 164 165 167 168 175 185 188 190 191 199
2947 31 50 62 71 72 75 76 84 92 95 99 102 110 118 136 144 145 147 155 162 172 175 177 182 183 187 190 191 199 200
2411 32 38 39 40 42 47 51 61 64 66 74 79 91 97 102 104 108 112 115 124 127 133 136 147 154 155 157 161 162 173 175 185 189 194 198 200
2475 31 32 49 51 52 61 69 70 72 73 83 86 92 95 104 106 108 111 113 119 123 124 130 131 132 133 135 136 137 140 146 147 148 149 155 159 160 161 164 169 176 180 190 194
2754 38 43 46 48 49 58 64 74 77 82 86 90 91 99 105 110 114 122 124 125 126 129 131 132 141 157 159 166 182 185 186 187 190 197
1627 39 40 44 45 52 57 67 72 73 74 77 83 91 94 100 103 113 115 117 120 126 137 140 142 148 150 156 159 161 164 165 167 172 184 190 194 199
2733 40 45 47 51 52 64 68 84 91 92 94 98 102 105 110 117 118 119 130 146 155 157 161 170 171 184 191
1554 40 44 46 55 57 60 62 69 72 76 82 93 94 102 103 104 119 121 129 131 133 145 148 155 159 170 172 173 174 177 182 184 189 190
2970 46 47 56 57 67 68 81 106 112 113 114 119 123 144 149 163 169 171 173 180 181 183 187 189
2770 47 63 68 80 85 87 103 108 114 117 120 126 129 134 135 145 152 154 162 166 176 179 184 185 189 193 194 197 199
2032 39 43 44 58 59 74 76 78 81 87 89 90 94 95 102 108 109 113 114 116 117 120 125 126 128 129 134 139 140 155 158 159 162 164 177 179 180 181 184 190
1952 42 55 57 58 65 68 75 84 87 88 94 99 108 110 114 119 123 130 131 144 150 151 160 166 174 177 178 187 190 194
2437 40 46 49 62 66 69 72 78 83 84 87 88 92 94 96 102 104 107 108 114 130 131 132 134 142 150 155 160 167 168 169 173 177 181 188 193 194 196 197
2832 43 46 48 75 78 79 81 84 85 87 88 90 91 93 94 115 120 126 130 138 146 148 149 153 154 156
2623 47 48 52 56 61 62 63 78 87 99 105 107 120 123 124 128 130 140 146 156 158 161 163 168 171 173 174 188 190 191 193 195
2753 49 56 66 68 74 84 85 86 87 94 99 106 107 113 114 117 118 122 133 148 158 159 162 166 168 176 177 185 187 190 195 196 197 200
1890 49 51 55 61 77 82 85 86 89 96 102 109 110 112 114 118 127 133 141 166 168 172 176 186 192 197 200
2312 50 54 60 62 69 76 80 84 91 93 94 95 99 107 108 120 122 124 127 148 155 157 167 170 172 175 176 180 181 184 187 188 194 197
2427 52 57 58 62 67 85 87 94 97 107 109 112 116 121 127 133 136 137 142 148 151 159 172 184 185
2971 53 56 68 84 87 90 97 117 118 123 125 141 142 143 148 149 150 161 174 190 197
2992 50 53 58 63 70 88 89 92 93 95 96 101 105 107 108 109 127 131 132 134 138 145 147 149 158 160 163 165 166 167 171 177 178 182 190 192 193
2349 60 62 71 73 76 79 80 88 106 109 110 113 133 134 140 146 149 158 167 168 180 184 186 188 189 191 197
2533 54 72 76 81 84 89 91 92 93 96 97 99 104 108 112 114 118 126 127 128 130 145 149 150 153 181 191 193 197 198
2077 61 69 70 71 81 89 91 92 95 96 97 101 106 112 113 116 140 141 147 148 157 164 169 173 181 184 187 189 190 196 197
1683 58 61 72 78 96 99 101 105 106 109 119 122 123 130 134 136 137 140 148 150 152 155 157 160 171 176 178 183 188 189 200
2261 54 56 59 60 66 76 81 82 83 86 93 97 100 103 106 112 114 117 122 123 128 152 166 167 168 169 176 179 180 182 186 188
1898 58 63 66 67 73 76 81 85 90 94 97 99 104 106 113 114 118 120 122 126 140 143 145 148 149 151 160 163 165 167 169 184 195 200
2666 64 65 69 74 84 86 92 95 109 118 127 131 134 139 147 148 150 152 153 155 157 162 169 174 178 180 182 185 188 189 191 192 195 200
1618 59 61 70 77 84 88 90 92 97 106 108 115 129 130 136 143 144 149 155 158 165 168 175 178 179 180 185 187 189 191 192 200
2405 58 67 68 72 83 93 100 106 110 111 115 118 119 120 129 130 135 139 140 141 144 148 150 153 159 176 179 181 183 190 192 194 196
2936 59 67 69 71 72 84 88 93 103 106 110 116 117 118 120 121 130 139 154 156 162 170 172 174 177 179 187 192 194
2985 59 62 64 70 72 73 80 82 88 90 92 94 95 96 101 103 109 114 117 136 143 145 149 151 152 153 155 169 186 191 200
2910 62 71 75 76 79 87 90 101 107 108 113 114 116 123 125 128 129 131 136 139 140 148 151 153 154 168 174 177 184 185 192 194 198 200
2025 68 69 73 77 79 85 87 89 95 97 102 111 121 123 125 128 134 140 143 150 154 157 164 167 172 177 189 190
1735 63 64 89 90 95 98 101 104 108 117 119 120 124 131 132 133 138 154 160 164 165 180 194
1783 63 69 72 76 81 82 83 98 103 111 114 129 133 139 144 149 151 160 168 170 174 179 180 181 183 187
2052 64 65 68 70 76 77 81 84 85 89 90 99 102 104 106 109 118 129 132 140 143 145 151 152 161 162 164 165 167 171 177 179 182 192
2694 73 76 80 92 98 108 111 113 115 119 124 135 142 148 150 156 159 161 165 167 171 177 186
2751 79 82 89 93 95 98 101 102 112 118 129 131 132 137 142 157 159 176 187 197
2182 68 81 83 88 91 99 100 101 110 111 120 125 129 137 141 142 143 153 158 160 163 165 168 173 175 183 184 188 192 193
1954 71 73 77 81 85 95 101 102 111 113 119 126 128 139 148 151 156 159 168 170 171 175 187 191 192 196 198
2606 69 85 89 96 97 111 117 126 129 133 139 143 149 155 156 157 159 161 163 164 171 178 182 183 194 199
1876 74 76 81 84 94 99 100 106 110 115 120 121 130 133 137 144 156 160 164 168 170 173 174 177 183 184 185 186 188 195 196 199
1982 79 86 96 102 107 117 120 127 130 136 144 149 155 157 164 165 166 167 168 177 178 192 196
1889 81 89 93 102 108 109 111 141 147 148 155 156 159 160 163 178 183 189 193 198
1739 74 75 76 91 92 97 98 99 100 101 105 110 112 117 124 125 141 142 143 144 151 161 164 167 169 173 174 176 191 192 194 199
1799 82 83 90 91 93 94 99 107 111 115 118 119 133 135 139 178 184
2800 82 85 98 100 109 110 111 112 113 116 117 124 126 138 146 147 151 155 157 159 160 165 170 171 174 177 181 189 195 196 200
2481 77 88 97 100 107 114 135 138 139 143 155 158 161 173 174 180 185 187 199
2928 80 97 100 103 104 110 111 116 120 124 133 134 137 143 145 151 154 158 159 162 164 169 171 175 183 194
1776 85 86 92 98 103 107 109 113 126 128 129 144 146 148 152 160 164 171 179 182 187 189 190 191
1827 82 94 97 102 113 142 145 164 165 167 169 179 189 198
2350 86 90 92 102 105 110 116 119 125 126 130 140 145 147 154 157 167 170 172 173 176 180 185 196 199
2745 84 88 94 100 105 106 113 117 123 124 129 138 145 161 164 189 196 199
1865 91 93 101 102 104 115 117 131 136 139 142 148 152 162 170 182 183 191 193 198
2996 87 89 92 104 117 122 129 131 144 147 151 163 168 174 177 182 183 193 196
1582 95 98 108 109 112 118 120 122 124 127 131 133 134 135 146 147 150 153 154 173 176 180 183 190 193
2329 88 89 92 94 96 97 99 100 105 113 118 121 129 133 153 155 157 158 163 171 172 178 187 194 195
1800 88 92 93 95 102 106 111 130 132 134 157 158 159 162 174 177 182 189 193 194 197 198
1723 92 99 100 119 120 125 129 130 134 138 156 157 167 169 171 173 175 180 183 191 194
2628 90 92 94 96 98 104 106 117 118 122 130 131 132 135 137 138 139 145 153 164 172 173 181 191 192 193
2703 90 95 101 104 106 108 112 116 123 133 135 139 140 143 145 149 153 154 162 165 166 167 168 175 182 187 192 196
1995 90 98 101 105 106 107 108 113 117 128 157 161 162 166 174 175 179 184 186 188 189
2754 107 118 134 143 144 147 150 154 160 177 178 187 190 198
1533 102 106 108 113 115 135 136 144 149 154 155 160 172 174 177 178 190 195
2824 93 96 114 123 124 130 153 154 156 166 171 180 183 186 187 191 199
1908 101 113 118 124 125 128 134 141 156 161 165 168 175 188 189 196
2584 95 96 108 113 116 119 123 127 131 132 134 135 137 142 143 153 154 173 174 177 182 186 189 195 197 200
2295 110 116 117 118 133 135 136 138 145 154 155 160 162 166 175 179 180 189 200
2614 106 108 111 116 120 122 125 129 147 152 154 157 164 174 182
2749 102 104 107 115 119 122 123 128 129 133 134 135 143 145 165 168 177 178 182 184 194 196
1771 102 106 110 115 124 127 128 131 144 148 151 159 170 172 173 182 187 191 194 197 199
1630 101 102 106 107 108 109 110 111 125 133 147 148 149 150 155 156 166 172 183 196
2167 101 102 118 120 132 149 153 154 155 158 160 172 173 177 190 195 197 199
2119 103 105 111 112 116 126 133 144 149 151 152 158 163 171 174 176 182 190 195 200
1544 108 113 116 120 121 131 133 136 141 142 146 148 155 156 163 166 168 173 175 176 177 184 189 198 200
1921 104 106 107 116 117 121 125 129 132 136 140 143 150 157 162 165 168 170 176 178 183 195 197
1765 107 109 119 121 124 132 134 146 163 169 178 180 181 184 189 190 193 196 197
1598 111 123 129 131 132 133 137 138 147 148 154 156 165 166 173 174 183 190 192 197
2172 108 116 118 121 124 129 132 133 143 145 148 150 152 165 170 174 176 178 183 187 192 197
2476 109 111 116 119 125 131 135 136 137 145 148 151 152 154 155 162 164 169 173 175 176 180 188 192 195 197 199
2900 111 112 114 117 119 121 122 130 134 145 153 159 177 179 181 183 184 185 200
1706 111 116 127 129 144 156 161 165 172 174 175 182 188 189 194 195 198
2389 115 119 120 130 140 149 151 155 156 163 167 177 181 182 184 187 189 191 194 195 197 199 200
2995 127 128 129 130 131 135 146 147 148 155 156 163 164 169 171 177 185 188 194 195
1664 116 121 123 125 129 140 141 145 155 157 161 169 171 186 188 192 194
2621 114 115 119 125 129 130 140 145 151 152 157 160 161 164 165 166 170 178 191 192 193 197
2508 115 120 122 126 130 135 138 143 146 152 153 167 173 177 187 188 189 190 199 200
1668 119 122 126 131 133 134 136 145 146 148 150 152 154 156 161 170 182 187 197
2790 117 119 127 139 140 143 144 152 155 158 161 165 166 171 181 183 188 192 194 199 200
1687 120 126 156 158 161 162 164 167 172 173 176 179 185 194 195
1831 124 131 133 136 137 150 155 164 179 183 189 194 199
2137 122 125 141 151 163 166 167 168 176 186 196 197
2486 122 130 135 140 146 154 157 160 165 166 167 168 172 174 177 179 183 188 189
2879 125 131 142 160 167 168 172 173 177 178 185 198 199
1893 123 126 127 128 133 137 140 144 150 151 155 158 167 169 189
2832 130 142 143 145 146 148 150 156 160 169 171 179 180 182 184 185 187 188 189 194
2643 137 138 143 148 152 159 161 165 167 168 170 175 177 190
2055 133 138 139 143 145 146 159 161 169 181 183 186 190 192 194
2191 135 138 156 162 169 176 179 187 189
2092 134 138 142 150 154 157 159 160 162 163 175 176 181 190 194 200
2190 143 151 157 161 165 171 175 176 179 186 191 193 194 200
2288 130 131 132 134 135 147 150 152 154 156 160 164 165 169 195 199
1691 134 137 140 143 151 154 155 164 166 167 175 179 181 182 185 186 188 199
2721 139 142 147 158 161 179 183 188 196 197
2899 135 139 150 178 179 180 184 185 187 193 194 196
2181 138 141 143 147 149 151 152 155 160 174 179 180 183 184 187 196 199 200
1745 136 146 147 149 151 158 162 163 164 183 186 194 195 196 199
2614 138 147 151 155 160 171 172 179 183 185 187 190 192 197 200
2217 137 138 140 145 148 149 153 154 164 165 184 185 188 189
1706 139 141 142 148 149 150 152 165 169 174 176 180 182 188 191 194 197 199
2895 145 147 150 152 155 157 160 162 173 174 186 194
2294 143 153 166 167 171 182 187 190
1530 143 146 147 148 156 158 163 165 167 173 175 177 180 184 192 193 195 199
2889 148 152 155 158 166 167 169 172 176 177 181 187 189 194 195 200
2811 146 147 151 155 161 168 170 171 175 176 177 178 190 194 196 197
2119 145 146 148 154 157 160 164 174 184 185 187 191 196
2547 152 155 163 166 169 173 174 176 184 190
2631 147 148 153 158 162 166 183 184 186 189
2753 148 157 158 164 168 169 177 185 187 193
2540 152 155 156 157 170 179 183 188 189 194 196 199
2063 151 153 160 163 177 184 188 189 190 199 200
2531 164 168 171 176 181 194 197
2234 153 154 155 170 172 173 176 179 183 189 195 198
1527 152 153 161 163 164 173 177 179 180 184 188 194 199
1956 157 161 171 173 177 180 184 187 196
1839 165 167 169 172 177 180 181 182 184 188 189 190 199
1579 160 164 165 170 175 180 184 193 196 197 198
1705 157 159 161 171 172 173 176 182 183 191 199
2842 157 162 163 165 167 178 181 188 191 192
2958 160 162 179 185 194 198
1735 160 165 170 171 172 178 180 184 188 199
2485 163 171 191 192 198
1754 164 187
1737 168 173 179 182 193 199
2013 165 171 188 189 193
2466 166 167 168 176 178 179 180 184 185 194 195 198 199
2406 168 169 182 183 186 188 189 190 196
1791 173 179 181 182 185 188 195 196 199
2735 181 189 192 198
1664 168 178
2944 177 178 179 186 188 190 194
2064 176 178 189 190 192 197
2798 173 183 185
2665 178 183 186 190 194 197 198 200
1814 177 178 192 197 200
2414 176 178 181 192 200
2497 186 200
2883 188 190 193 200
2838 177 181 188 194 199
2262 181 184 185 188 191 194 195 197 200
2308 187 197 199
1867 181 190 193
1703 191
1694 187 190 192 197 199
2944 196
1891 194 196
2149 190 195
2891 186 187 197 198
2358 194 195
2496 190 194 196 199
1592 192 199 200
2741 199
1580 191 198
1740 195
2708
1503 200
2275 196
2323 196 198 199
2251 198
1586 199 200
2269
2192
1806
