50	10	200	10
-2	11	6
-5	4	5
-5	23	3
-2	22	4
-3	25	5
-5	10	5
-4	26	9
-5	26	3
-1	31	2
-5	35	8
17 5 6 9 12 13 16 18 20 21 24 31 33 40
4 7 14 24 25 29 39
11 4 7 9 10 11 12 14 19 20 26 30 33 38 40 42
10 5 16 18 32 33 38 42 44 45
11 6 7 9 18 21 31 39 44 45
8 29 33 39
3 12 23 24 25 27 33 35 41 42 46 50
8 14 15 28 49
17 12 17 18 22 25 29 31 33 34 41 42 44 48
3 19 21 22 31 33 39 41 45 47
5 21 26 29 30 31 37 46 47 50
20 20 21 22 29 39 42 45 46 49
13 15 24 49
17 17 20 23 26 30 34 39 41 43
8 17 18 20 26 28 31 33 39 47 48
6 21 22 26 27 30 31 33 48 49
10 19 23 28 29 38 40 42
3 21 26 27 28 34 40 47
19 33 37 40 41 45 49 50
7 21 23 27 32 43 47 49 50
5 38 39 42 43 46
18 30 36 38 43 44 45 48
2 25 29 34 37
19 28 30 31 41 47
2 35 44 46
19 33 40
4 28 46
19 33 38 40
6 30 33 37 38 39 42 45
14 41 42 50
11 39 48
18 33 36 48 50
20 34 40 41 48
6 37 38 43
15 45
20 37 44 50
11 44 45 48 50
19 47 49 50
14 43
4 46
17 44 46 50
14 46 48
16 44 45 46 48
15 45 49
9 49
20 47
10
3
19
10
