100	10	200	1
0	21	7
0	37	16
0	28	9
0	24	12
0	27	9
0	35	7
0	31	9
0	39	11
0	29	8
0	31	12
10 3 6 9 12 19 23 24 30 31 45 47 52 68 77 81 85 94 98
17 3 7 10 15 17 20 28 36 49 53 58 63 64 72 73 76 81 85 91 97 100
5 24 28 29 42 53 56 61 62 79 84 91 95 99
19 5 10 15 23 24 26 27 35 36 51 53 58 62 75 81 84 85 88
18 8 12 14 17 22 25 34 44 46 47 55 56 58 59 62 68 69 71 79 80 93 97 99
7 9 24 26 33 37 40 46 50 52 53 55 57 62 66 70 71 75 76 91 92 96 98 99
16 14 23 24 30 42 47 49 51 54 61 68 76 78 82 86
10 17 23 27 29 35 56 58 65 67 75 79 84 85 92 93 96
12 10 16 17 23 28 43 46 55 61 70 73 78 86
13 18 21 33 38 40 51 61 66 69 70 95
14 16 21 23 24 25 38 42 46 51 53 62 70 80 81 85 87 88 93 100
12 13 17 21 23 27 28 30 32 41 46 48 49 51 64 66 69 74 78
11 22 31 41 43 48 51 64 68 72 80 82 92
19 15 18 20 25 33 36 40 49 54 55 56 64 66 68 72 75 84 88 90 94 96 98
6 17 18 24 25 28 32 45 47 63 68 71 77 93
19 17 18 19 25 29 34 35 37 40 44 51 53 54 55 59 60 61 67 69 74 77 81 86 90 93 95 96 98 100
6 20 21 43 45 46 60 64 67 79 80 83 85 93 94 96
14 42 47 50 55 59 65 66 69 74 75 77 78 85 96 100
13 23 26 27 28 34 37 39 42 53 55 61 66 68 69 71 72 73 75 76 83 88 92 94 96
3 24 33 45 48 55 56 57 63 64 66 72 76 81 85 86 91 95 97
17 25 41 42 53 63 71 85 93 94 98
16 30 33 34 37 41 47 49 59 65 67 70 73 82 89 91 96
12 28 32 36 42 43 45 50 58 60 65 72 77 78 81 87 88 89
19 42 43 44 45 47 52 61 62 67 72 74 77 80 93 95
8 28 30 34 35 41 50 53 61 66 69 71 86
3 29 30 36 46 48 50 51 52 60 67 68 74 75 84 90 95 97
3 32 33 35 36 55 58 63 69 70 71 72 77 80 88 92 97 100
12 29 33 47 52 56 57 60 61 64 66 67 70 73 79 84 86 92
8 31 36 37 39 40 42 49 55 57 58 60 64 65 67 72 90 98
12 36 40 41 42 43 44 48 50 59 63 70 72 73 77 81 83 89
2 48 52 53 55 58 73 74 97
19 34 42 46 54 58 72 74 77 78 82 84 85 86 88
20 43 46 48 54 56 59 65 74 77 80 85 88 96
9 41 44 49 58 66 71 81 87 88 89 95 99 100
19 39 41 47 53 55 57 67 68 73 80 82 85 97 98
11 37 39 40 45 50 54 56 61 64 65 66 70 71 80 81 83 97
8 46 50 53 58 72 74 81 86 88 93 97
2 43 44 46 47 52 64 67 68 70 79 87 93 94 96 97
13 45 47 48 49 55 56 62 65 68 71 81 82 92
3 67 72 74 79 82 84 85 86 92
20 44 63 75 76 92 95
7 56 64 71 72 73 76 77
3 50 51 55 60 69 79 82 84 88 89 91 93 96
4 46 48 58 67 72 90 91 92 93 96
6 47 49 51 53 54 58 82 90 91 95 96 99
5 49 50 70 75 78 79 81 89 92 94 98 99 100
3 54 56 57 69 80 81 84 91 94 100
18 49 59 64 68 79 80 83 87 92 99 100
5 50 56 64 77 92 97 99
4 56 66 71 77 85 88 94 95 97 100
13 55 59 61 67 69 79 82 87 93
13 58 69 70 73 74 86 92
13 55 58 62 70 73 75 80 83 85 91 93 95 98
9 55 58 62 65 68 71 74 77 79 83 89 90
4 63 65 66 67 74 76 79 85 87 89 100
19 65 66 67 73 74 80 93 99
20 61 66 68 75 78 80 91 96
4 65 72 76 93 95 97
5 65 66 68 91 96 99
8 62 64 69 75 80 82
15 62 67 69 72 75 77 87 92 93 94
11 70 74 83 84 85 87 92 95 97 98
12 66 69 72 76 77 78 79 89 95 100
18 81 89 93 98
3 66 71 87 89 97 98 99
5 74 80 85 94 95 96
7 73 78 81 83 85 90 92 94 96
8 76 81 84 94 95
10 75 76 80 81 89 93 94 100
13 75 84 87 91 94 97 98 99
19 72 75 82 86 87 90 92 97 98
18 75 83 85 92 93 97
4 78 83 85 88 90 96
4 76 78 88 90 97
4 77 78 85 86 88 92 95
17 84 87 89 91 100
20 84
3 81 90 93 96 97 98
20 85 88 93
15 100
17 85 91 92
6 85 86 90 91 96
6 87 92
17 85 94 99
2 87 90 93 95 97
17 88 89 90 91 96
11 91 100
10 92 97
8 90 94 98
8 94 96 99 100
11 99
14 93
10 94 96 100
15 96 97
10 96
19
4
2
5
18
