200	10	1000	10
-2	80	19
-1	19	21
-5	19	15
-3	12	24
-1	91	22
-5	11	22
-2	47	23
-2	55	17
-2	73	17
-2	70	20
157 2 4 13 16 30 38 41 42 52 53 58 61 62 63 67 69 72 80 93 98 101 108 114 116 128 129 130 132 142 144 145 151 172 178 179 184 185 190 193
300 4 5 8 12 13 27 33 46 61 65 73 76 81 83 94 108 111 112 114 116 120 135 140 149 150 155 156 158 163 176 182 184 187 192 193 196
275 4 7 9 10 16 17 21 28 34 38 40 41 59 72 73 75 84 105 110 112 113 121 124 127 131 132 133 156 158 160 161 174 186 188 199 200
270 5 13 16 20 23 25 26 28 30 34 36 38 40 41 43 46 54 59 66 73 78 82 87 89 91 95 106 113 115 132 133 134 138 141 147 151 153 158 163 172 174 176 182 190 192 193 194
215 8 10 13 22 24 39 41 43 44 49 50 54 58 64 71 72 80 86 87 91 95 100 104 113 115 118 122 123 124 125 128 130 133 135 140 145 150 159 164 170 176 191 192 194
260 12 17 21 25 33 38 41 42 43 45 50 51 58 61 62 64 68 71 78 81 83 85 88 89 93 94 96 98 115 117 135 142 148 151 159 164 166 170 172 176 186 188 194 197
207 18 21 28 36 42 47 49 56 75 83 88 89 100 102 103 111 113 119 130 131 135 137 144 151 163 166 167 169 174 182 192 199 200
284 13 19 23 31 33 35 37 40 41 46 53 61 69 72 80 85 86 98 101 102 107 108 109 110 118 121 129 133 134 135 145 155 165 169 197 198 199
183 14 15 22 26 30 33 34 35 37 43 46 54 55 56 62 65 66 67 89 99 103 110 113 117 118 133 136 140 148 153 163 164 168 175 178 179 180 185 187 196 197 198
293 25 27 29 30 38 42 44 59 60 69 74 77 80 84 93 95 107 109 111 114 122 127 129 134 135 146 151 157 164 168 180 185 188
280 12 13 24 27 34 46 50 65 73 99 103 104 108 115 116 121 127 129 138 140 159 169 173 176 180 182 183 189 192 196
277 20 22 25 31 37 40 42 46 47 48 60 63 65 68 69 70 73 83 84 87 102 104 112 116 117 118 119 130 141 144 145 147 150 158 163 168 188 193
166 15 17 21 35 40 43 49 55 58 59 79 80 83 88 104 105 106 108 109 119 120 126 129 134 145 148 149 151 156 163 169 171 193 197 200
177 18 22 24 30 33 36 38 40 41 44 49 50 68 78 79 84 94 97 101 102 105 113 114 122 125 126 138 140 141 146 148 153 160 167 171 172 174 180 185 196 200
225 23 28 29 37 47 48 50 56 58 66 71 75 84 103 108 114 129 133 143 152 165 168 175 176 182 185 186 199
231 29 39 44 62 65 68 69 76 105 107 109 110 111 114 116 121 125 126 127 133 135 141 143 149 151 155 157 162 175 180 181 190
156 19 24 27 33 35 38 60 73 75 77 92 99 105 114 115 122 124 133 142 145 158 161 162 164 167 173 178 184 188 199
228 29 39 52 53 55 60 77 85 90 98 108 116 119 120 124 125 126 130 140 145 156 158 172 173 181 190 194 195 199 200
206 43 59 61 66 69 79 81 89 91 92 94 98 101 102 108 110 112 120 125 128 130 133 136 146 151 161 164 175 180 181 194
292 29 30 31 34 36 37 39 40 42 44 45 47 53 57 69 72 73 94 97 99 104 111 114 115 116 123 124 127 128 137 139 143 155 158 163 176 179 180 183
280 27 31 33 35 48 50 54 58 65 68 77 81 100 101 103 104 110 113 119 121 132 137 141 142 144 148 150 153 155 156 160 162 163 164 166 167 171 174 175 183 188 189 194
168 34 36 38 43 45 55 56 57 82 86 90 96 104 109 139 140 148 151 161 163 169 170 173 175 183 188 196 197 199
224 31 32 33 34 35 38 39 40 43 45 47 52 57 93 95 100 109 115 116 117 119 121 122 126 128 129 132 134 138 145 146 159 166 167 182 189 197 198
271 27 32 33 35 37 38 44 49 56 58 63 64 78 79 82 94 100 104 107 109 111 120 122 124 125 126 134 135 136 137 146 149 162 163 168 169 172 176 178 179 182 183 192 198
216 28 29 30 31 33 37 41 43 46 47 48 61 67 68 71 80 81 96 97 98 104 112 114 115 117 120 123 130 132 135 140 146 151 161 164 168 173 192 193
168 29 31 34 36 40 42 45 50 53 56 58 61 62 66 76 83 90 91 92 96 98 102 107 112 119 122 125 128 130 131 133 137 146 148 150 152 156 159 162 166 171 172 187 189 190 192 193
238 33 39 41 53 54 65 66 69 71 80 81 83 90 95 105 107 115 116 121 123 126 136 137 143 152 157 158 159 166 182 183 186 187 190 191
237 30 34 38 41 45 50 53 57 65 66 68 77 84 90 95 97 102 105 106 110 119 131 133 135 149 150 151 154 158 163 165 168 179 182 199 200
237 45 63 67 71 72 81 84 87 88 96 98 99 101 102 106 120 121 126 127 128 129 130 157 158 162 169 182 188 189 192 194 196
294 33 36 37 41 51 53 64 65 66 68 75 78 81 85 86 88 96 123 129 132 140 146 160 168 173 176 177 181 184 194 196 199
286 33 38 42 44 48 56 63 66 77 78 86 88 99 102 103 109 110 116 121 122 123 129 130 139 142 147 154 155 157 165 183 187 188 190 191 192 194 195
153 46 47 52 53 66 68 72 74 83 85 89 91 98 117 119 122 128 129 130 151 163 168 173 177 179 181 186 190 194 196
255 38 41 43 47 52 64 77 79 80 84 86 91 104 118 130 138 142 159 168 189 194 195 197
190 37 46 50 57 59 82 84 87 89 96 106 119 122 126 130 134 139 142 143 156 158 160 161 174 182 183 188 189 191 194 195 197 199
252 43 48 52 54 55 59 60 68 71 77 80 91 92 97 100 111 113 118 119 120 125 129 131 134 139 144 149 161 164 167 168 169 170 179 184 188 197
266 39 40 49 52 56 61 62 70 77 78 80 81 85 96 108 116 118 119 128 136 143 146 151 153 156 159 167 175 177 187 195
242 43 61 65 70 73 77 80 81 97 100 103 108 114 118 120 122 123 126 128 134 140 147 149 153 157 158 162 168 172 180 184 188 190 192 198 199
221 40 46 58 59 69 77 85 90 93 95 108 110 112 113 115 119 122 130 133 136 144 149 151 152 153 156 157 158 161 165 169 175 184 193 195
264 42 56 58 62 63 65 82 86 87 100 102 104 110 113 116 121 123 129 131 138 139 140 142 153 167 172 173 186 187 194
235 43 48 55 62 64 72 73 77 79 102 106 116 121 135 141 142 143 146 147 154 174 175 176 184 199
193 43 78 82 90 91 97 100 106 115 116 118 128 129 139 144 150 153 166 171 174 176 178 183 186 200
281 51 59 67 77 80 94 96 98 104 109 114 119 130 137 138 139 147 149 150 151 157 158 159 162 164 166 169 170 174 178 189 192 198
299 50 60 62 63 64 71 74 78 81 83 97 110 124 128 132 137 141 145 159 161 166 169 170 172 183 199
192 45 49 53 67 82 86 87 90 101 112 114 118 121 128 130 134 140 146 151 155 156 169 170 172 180 192
251 57 61 63 64 71 75 81 83 84 90 93 94 95 102 111 112 114 118 125 127 129 136 139 140 142 143 144 147 165 169 172 183 184 186 188 189 192 197 198 199 200
159 59 61 66 68 79 82 83 90 95 101 127 131 132 136 137 152 156 157 163 170 173 179 180 197
267 49 57 62 75 95 97 98 104 105 110 123 124 127 133 135 140 155 156 165 171 179 184 187 189
154 55 60 84 87 94 97 98 108 112 114 115 121 122 124 126 128 130 135 136 137 140 141 150 152 164 170 172 174 175 182 192 193 197 198
294 51 52 56 59 67 76 77 86 88 93 95 96 97 101 104 108 109 112 115 126 127 129 136 139 148 149 151 156 161 169 171 175 176 177 193 194 198 200
171 53 55 58 75 85 89 92 93 97 99 108 111 133 137 138 144 146 150 152 161 169 170 171 175 184 186 190 194 195
193 57 62 64 66 67 71 80 84 89 93 96 107 109 125 128 129 130 132 146 154 160 164 166 167 168 175 180 185 188 192 197
275 62 71 76 84 89 93 99 103 116 124 125 142 146 149 152 157 158 162 165 172 174 180 181 182 190 191 194
187 55 60 73 76 82 88 90 92 100 101 102 107 111 113 116 130 136 141 142 151 156 158 164 167 173 174 177 178 181 183 185 188 190
257 67 69 74 75 77 87 93 94 95 99 103 112 114 122 126 129 132 147 148 151 167 172 176 179 180 182 186 188 191 193 197 199
233 58 60 61 72 75 77 80 92 98 115 118 119 127 131 132 133 135 149 153 154 156 172 173 179 183 193 197
247 59 62 70 76 79 81 84 86 91 104 107 109 110 114 119 120 130 141 144 145 153 155 158 167 171 173 177 178
218 58 71 72 76 85 89 92 106 108 111 121 126 127 129 132 134 144 153 163 170 173 174 177 180 181 188 193 195 198 200
209 66 75 78 81 84 94 100 101 102 103 107 113 124 135 141 150 151 166 171 173 176 189 192 196
279 61 66 68 70 77 78 79 80 87 91 94 103 113 116 117 118 119 123 132 138 149 153 157 161 166 168 171 172 173 180 184 191 193 200
272 69 75 77 81 86 89 96 97 99 102 107 108 109 114 122 123 135 146 165 168 172 173 176 179 182 183 185 189
278 68 70 78 90 92 100 102 106 108 111 112 117 118 119 135 155 158 161 171 173 182 190 197 198
153 66 67 70 72 73 77 86 87 92 103 114 118 123 124 125 127 134 141 142 144 154 159 162 167 176 179 182 194 198
291 64 67 74 82 91 92 97 104 124 125 140 143 148 152 153 163 164 167 169 170 175 185 192 196 197 198
157 97 104 107 108 113 125 126 129 141 147 153 157 175 176 177 181 193 197
257 68 70 72 75 76 79 81 84 86 98 106 107 111 112 115 118 124 127 128 129 148 152 156 162 165 186 187 189 197 199 200
265 67 68 74 77 78 84 94 95 96 124 128 140 142 144 151 155 160 163 171 173 176 178 190 193 198
182 70 91 98 106 107 117 118 119 121 126 130 131 132 133 135 136 137 142 146 147 148 150 151 158 160 161 168 170 173 175 178 182 183 184 189 190 193 196
246 73 74 77 98 104 109 110 117 119 120 128 130 131 134 135 137 140 142 150 153 158 161 163 164 170 175 180 182 186 191 196
286 85 89 97 100 101 105 109 111 114 115 127 130 132 139 140 154 169 176 180 189 197 199
287 71 73 80 85 86 92 96 103 105 109 117 122 123 124 126 130 133 141 151 159 166 174 186 197
224 72 80 82 87 91 96 104 108 114 120 124 125 126 135 142 143 149 152 157 161 165 166 175 178 181 182 185 186 188 190 194 196 197 198
290 73 75 85 90 93 99 101 105 106 108 113 118 124 126 132 144 146 154 155 163 168 169 171 178 179 184 187 188 199
160 76 79 89 91 97 101 103 111 114 118 121 122 126 144 147 154 157 180 187
192 78 80 82 84 93 94 99 100 111 112 113 116 120 121 135 136 138 139 142 146 152 158 168 182 200
175 84 93 94 103 104 110 115 128 130 137 140 147 150 153 156 158 162 163 181 184 187 188 195 196
214 81 89 91 93 97 102 104 108 110 112 118 121 122 123 124 128 130 131 132 133 135 138 139 140 144 147 155 164 166 167 177 180 181 184 185 187 197
200 81 83 86 88 100 107 109 113 115 119 126 129 130 138 140 146 150 156 158 174 176 183 188 195 199
227 81 82 83 95 112 116 124 126 127 128 132 144 151 159 164 176 186 190
173 85 87 91 93 96 100 110 111 115 117 119 120 125 126 130 132 139 144 155 156 159 165 166 176 178 189 193
166 93 97 100 105 115 116 128 131 132 135 140 146 147 165 173 187 195
267 82 87 90 102 104 121 123 126 133 135 142 150 153 155 157 160 163 170 171 186 188 194
197 86 90 91 95 98 111 119 120 121 122 124 134 138 141 155 161 167 175 178 180 194
227 86 90 92 96 113 117 121 123 137 138 140 143 149 158 177 180 190 193
267 85 90 95 109 118 119 127 128 131 136 139 144 148 150 156 159 160 161 167 168 170 175 181 190 194 198 199 200
153 98 104 107 117 120 121 123 132 138 143 146 157 158 160 162 163 164 165 173 184 187 189 193 199
213 87 88 91 97 100 106 111 114 122 124 128 142 144 146 158 164 166 186
193 91 93 102 103 105 112 115 116 118 124 126 127 135 139 143 153 159 162 163 169 171 172 189 194 198
156 91 97 115 128 129 131 132 146 148 151 162 173 182 187 193 197
165 105 107 110 111 120 123 130 131 137 144 151 154 157 158 163 171 177 184 188 190 191 192 193 194
162 99 102 114 118 121 133 136 140 141 143 148 151 154 159 167 169 175 176 187 198
229 94 110 121 122 126 130 135 136 144 153 156 161 166 168 170 180 183 185 186 192 199
294 104 111 114 115 124 127 130 135 137 140 143 146 159 161 165 167 169 172 173 185 187 192 196 198
252 96 114 123 129 133 140 148 152 155 162 179 190 191 192
204 95 109 114 121 122 127 134 137 139 144 146 162 167 169 170 180 181 186 188 191 194 196
279 101 112 118 122 130 135 141 145 147 148 156 169 171 185 188 191 197
267 98 99 104 113 115 119 129 148 149 155 164 168 178 187 198
288 98 118 128 133 134 154 158 159 172 182
290 102 104 106 116 117 121 125 132 133 134 137 140 142 155 156 162 171 175 182 184 189 196 199
241 102 112 121 124 131 138 148 153 154 158 162 165 166 170 179 192
203 104 107 118 125 130 133 142 153 154 163 164 172 173 174 180 196 200
168 102 110 122 124 128 133 166 178 181 188 189 193 198
176 106 114 116 117 118 120 123 124 135 136 162 163 165 168 174 179 180 181 185 186 193 196 197 199 200
209 110 112 124 126 128 134 136 147 152 153 160 161 163 172 180 182 186 193 198 200
180 105 109 110 127 132 153 154 159 160 161 175 183 185 192
194 119 126 129 131 139 154 163 173 185 194 196
290 110 113 116 118 129 149 158 164 167 174 177 181 182 183 186 190 197
250 110 121 123 125 128 129 134 135 138 139 143 145 149 150 152 153 156 159 167 168 174 180 183 198
281 111 112 113 117 118 126 127 147 150 161 167 174 180 182 183 189 193 199 200
297 119 123 132 135 136 152 153 154 161 164 167 169 170 177 180 182 184 187 188
274 111 113 116 127 130 142 147 150 158 163 164 165 176 178 181 182 186 192
256 116 121 122 128 131 137 140 141 145 148 151 160 170 173 175 182 192 198
197 115 117 122 124 125 128 136 137 142 143 146 149 154 161 163 173 176 179 180 182 184 188 192 197
248 128 129 131 132 133 142 151 153 167 173 175 179 185 187 190 192 199
201 120 125 128 144 165 166 170 171 172 174 179 181 185 186 188 191 192 195 198 200
290 118 119 120 122 123 126 127 132 136 139 143 149 152 163 173 175 179 189 195 196
218 125 128 129 135 139 140 142 143 148 157 158 165 169 170 172 176 179 192 200
244 119 123 124 127 131 132 134 141 144 148 152 154 155 159 163 164 165 176 178 179 181 185 187 191 192 195
176 119 122 124 126 153 154 157 170 177 179 186 190 196
218 128 136 142 145 152 157 158 163 166 178 181 182 187 192 195 198
272 123 128 130 132 133 155 157 160 165 166 170 174 178 184 191 193 195
250 124 132 136 143 145 147 148 159 161 163 166 169 171 178 181 185 196 198 200
166 130 151 154 156 158 161 162 167 168 169 184 189 196
297 129 131 137 139 145 150 155 159 160 166 170 173 174 180 187 191 195 196 197 200
157 128 132 134 146 150 151 158 159 164 180 184
152 126 127 132 135 138 140 142 146 150 152 153 155 170 174 185 187 189 190 191 193 194 199
205 127 129 131 135 138 140 148 156 166 168 170 171 182 183 184 191 200
155 133 138 153 165 166 170 172 173 175 180 184 187 188 189 197 200
278 131 134 135 140 143 145 155 159 164 168 170 173 175 177 178 182 187 190 192 196
279 132 141 147 157 169 172 173 177 186 188 190 192 194
253 133 134 159 161 164 165 175 176 177 183 185 199
298 134 136 138 140 143 145 150 151 155 177 178 180 189 192
209 137 150 152 163 165 168 174 176 177 178 186 192 195
151 154 157 161 168 174 179 181 184 187 196 197
202 135 137 148 153 156 164 166 168 171 172 179 180 184 189 197 200
279 141 143 146 155 160 166 185 189 194
232 150 155 162 163 169 174 175 176 195 196 199
190 141 146 159 165 168 180 193
176 141 143 149 150 157 158 162 164 175 177 180 184 187 188 192
236 142 145 147 150 153 155 156 159 174 179 183 188 189 194 195 196 197 199
174 141 144 154 163 168 179 180 197 200
160 142 147 151 152 159 161 164 165 172 176 179 188 191 194 195 198 199
168 143 148 149 152 157 168 178 185 187 192 195
300 148 152 160 163 166 171 172 178 179 181 196
261 149 150 151 156 161 165 168 171 175 182 185 191 196 198 199 200
208 146 152 156 165 173 178 185 189
212 158 161 167 168 171 177 190 192 198 199
180 152 157 163 164 166 168 170 174 176 188 191 193 194
265 149 153 154 159 176 178 183 184 188 190 195 200
174 151 152 154 155 157 159 164 165 166 168 174 176 177 180 182 184 186 189 194 195 198 199
150 151 162 168 169 175 184 185 198 199
206 153 160 164 166 170 175 176 181 182 184 187 196
300 158 161 169 173 178 183 184 185 192 193
172 154 155 158 162 164 166 169 170 173 176 177 179 181 184 188 194 195 199
164 157 159 168 171 174 180 185 197
234 159 161 163 167 173 186 193 195 198
154 161 165 169 180 186 190 192 197 198 199
225 160 162 166 167 172 173 176 179 181 185 187 196
232 165 167 172 178 187 193 194 200
199 163 169 172 176 177 184 188 194
286 164 168 190 194 195 196 197 198 200
179 166 167 168 170 181 184 192
231 164 167 181 189 190 193 199
288 179 192 196 198
156 168 171 176 177 180 181 183 187 191 199
157 173 175 176 177 183 192 195
276 167 170 174 175 183 193 196 198
191 169 171 173 174 189 198
288 182 183 189 191 197 200
282 171 177 185 186 192 197
150 174 179 192 193 196 197
195 184 187 190 193 199
173 174 180 181 184 187 188 189 191 199
215 175 189 190 192 194 196
214 176 182 187 191
264 179 182 188
259 186 188 189 191 196 197
206 178 180 199
225 181 187 191 193 194 197 200
298 181 184 186 189 193 195 197 199 200
196 191 192
184 183 187 191 194 195 200
260 188 189
228 192 194 200
290 192 196 200
243 193
288 187 194 197
178
203 189 195 196
251 194
205 192 196
202 192 193
260
233 194 196
169 200
225 196 200
211 199
225
231
289
298
