50	5	10000	10
-4	241	9
-4	283	8
-1	1490	13
-3	1651	6
-5	366	14
733 16 21 25 30 35 37 39 45 47 50
970 3 9 33 40 45
924 12 21 23 35 38 43 44 45 46
836 6 9 10 12 18 21 22 27 40 49
726 9 11 12 16 20 21 22 24 26
295 8 12 13 19 30 37 38 39 48 50
182 18 22 26 31 35 37 43 44
408 13 16 21 24 26 27 29 39 41 44 49
660 15 16 30 34 36 39 41 46
616 12 13 16 17 20 22 23 25 31 34 45 48
388 14 15 17 21 22 38 43 45 47 49
873 30 33 42 46
665 15 21 25 28 45 49
922 15 16 20 22 34 39 42 43 45 48 49 50
922 18 22 23 38 41 44
941 17 28 30 34 36 49
133 19 21 23 30 39 47
588 22 24 25 26 42 45
697 20 31 33 37 41 42
645 22 29 30 33 35 37 40 47 49
201 31 34 37 43 47 50
583 25 26 27 32 36 45 46 47
544 24 28 29 30 33 39 44 46
725 39 40 42
349 26 29 31 32 35 37 41 44 50
820 36 38 40 41 47
996 32 33 36 48
934 33 35
288 30 38 42 43 46 48
587 31 37 41 43 44
514 37 38 40 41 42 48 49
553 41 43 45 47
827 35 36 39
947 49 50
193 37 40 43 45 50
424 37 38 39 40
250 43 46 50
203 40 44 49
366 40 42 43 48 50
114 45
327
558 45
601 47
398 45
308 47 49
660
394 48 49
917
347
772
