50	5	10000	10
-2	272	11
-5	614	11
-5	332	6
-2	112	14
-4	889	8
1929 4 16 17 20 23 27 29 31 34 38 42 43 48 50
2499 5 15 16 17 19 36 39 43 47
2744 7 9 18 20 27 28 34 46
2710 6 9 16 17 20 37 42 48
2150 9 10 15 16 22 28 30 34 35 40 41 44 48 49
1545 9 22 28 35 37 41 43 48
2364 20 23 28 31 33
2639 11 12 16 22 30 32 34 36 40
2706 14 15 16 20 22 29 30 34 41 42
3000 17 18 20 24 28 33 42 49
2461 13 15 20 25 26 30 38 40 41 44 45
2045 18 22 26 32 37 39 40 44 46
2905 14 16 18 26 29 33 48
2580 15 19 23 24 30 33 34 37 38 40 49
2632 33 37 39 47
2207 29 34 36 37
2886 26 27 31 34 36 40 45
2872 24 25 28 33 34 35 36 40 44
2483 30 36 37 41
2861 22 23 31 39
1721 31 32 39 50
2306 26 27 42 49 50
1629 31 40 44
2441 27 36 44
1880 28 37 40 47 50
1747 28 29 36 45
2121 29 31 43 44
2939 29 31 32 39 44 48 50
1741 33 43
2420 40 42 43 46
2834 32 39 41 45 50
2298 41 44 45 47 49
2925 35 36 37 44 49
1518 35 47
2396 39 46
1544 39 41
2703 41 42
2534 46 50
2327 43
1677
2566 43 46
2258 48
1775
2830 46
2977 47 50
2364
2251
2859 49
2131
2714
