75	5	10000	1
0	596	14
0	932	15
0	465	9
0	524	19
0	454	18
761 2 8 46 48 68 69 73
1007 7 8 9 12 28 30 35 40 42 50 57 68 69 75
1212 7 9 11 21 27 32 34 44 51 57 61 72 74
1423 5 22 23 36 37 38 45 50 62 64 72
526 9 16 24 25 35 51 59 61 62 70
1040 14 15 20 28 33 34 36 41 43 47 49 54 65 69 75
926 13 23 34 37 39 56 58 60 75
690 10 11 24 29 33 34 42 43 49 57 58 60 69 74
991 14 24 25 28 30 31 45 49 55 65 66 68
980 11 18 19 26 27 33 38 50 69 74
815 13 20 26 31 39 40 41 42 50 55 58 64 67 70 74 75
1289 18 20 21 25 34 36 37 38 39 48 55 56 62 64 66 67 73 74 75
892 20 38 40 41 47 50 51 53 58 62 67 70 71
992 15 16 17 23 35 39 44 50 52 54 64 66 70 74 75
1082 16 19 24 32 44 47 56 61 74
596 19 23 26 29 30 35 38 43 44 49 50 53 64 67 73 74 75
1105 22 23 26 30 35 36 43 46 47 59 65 71 73 75
1492 22 25 39 42 55 60 62 65 73
1282 23 32 35 45 46 54 57 59 64 65 73
853 22 26 28 30 36 41 44 46 53 55 56 60 62 63 69 71 72 74
1193 23 27 33 43 44 46 48 64 68 73
1279 33 34 36 38 59 63 66 70 74
810 24 27 31 34 38 40 66 71 73
1261 27 28 38 39 41 42 45 57 59 61 64 66 67 71
875 26 32 34 41 47 52 57 63 65 67 68 69 72
1033 30 32 35 42 46 47 48 50 68
672 37 42 47 49 55 61 63 65 75
1052 30 38 40 42 49 53 62 63 66 70
1031 35 38 41 43 44 50 57 65 67 71
531 38 44 49 58 66 72
1448 35 39 42 45 51 58 69 70 71 72 74
623 34 39 40 41 46 47 54 60 73 74
1417 42 46 48 53 55 57 59 65 66 71
1101 38 42 43 50 52 54 55 61 67
588 45 50 56 67 68 71
1475 37 38 39 40 41 50 51 59 63 65 72
1175 38 49 56 73
1083 41 42 49 50 53 54 62 65 66 67 69 74
983 42 45 46 70 74 75
1307 41 46 49 50 54 57 61 63 70
529 45 48 52 53 63 74
943 46 49 55 57 62 69 70 72
772 58 62 69
1202 45 58 60 61 62 67
1243 48 54 60 61 72
1461 47 49 59 62 71 73
1066 57 75
1475 53 57 59 62 63 68 69
1019 55 57 61 71 75
1366 59 69
924 53 57 61 66
1179 58 63 65 67 70 75
879 64 66 67 69 70
1250 66 67 72 75
1026 57 59 62 67 72 73
1431 57 63
1472 59 65 70
1280 59 61 63 74
509 62 74
1444 65 66 70 73
1458 64
902 63 68 69 71 75
1373 68 75
1403 67
610 73
1107 69
903 71 73 74
732
737 71
861 72
1123
1328
710
704 75
923
