75	5	10000	10
-2	454	12
-5	101	14
-1	651	10
-3	653	21
-1	738	18
1212 4 6 8 10 11 18 19 20 29 33 35 41 42 50 53 63 67 68 73
1423 4 10 16 18 19 27 31 33 40 41 57 60 61 67 70 72
526 4 13 19 24 36 37 41 45 47 68 75
1040 6 10 12 29 31 36 37 42 52 53 56 65 68 71
926 16 17 27 31 46 47 48 52 61 62 63 64 75
690 7 10 16 20 26 30 34 46 51 54 55 58 60 61 62 64 66 69
991 11 12 15 16 22 25 42 49 50 51 54 55 57 69
980 10 20 28 32 38 43 44 48 56 64 66 72 73 75
815 18 20 25 27 28 29 41 56 59 65 71 72 73 74
1289 21 25 28 35 43 44 54 58 59 65 66 71 75
892 18 19 33 34 56 58 61 62 63 65 68 72
992 18 28 36 38 39 50 51 54 56 65 68
596 21 25 27 36 41 48 49 54 57 64 65 66
1105 20 22 23 24 26 32 41 42 43 47 52 58 65 72
1492 19 24 38 50 55 75
1282 18 21 27 31 39 47 49 55 61 66 68
853 22 23 26 28 35 43 54 56 64
1193 19 28 31 41 57 61 62 64 65 67 68
1279 20 26 28 34 36 39 44 54 56 58 61 63 68 73
810 23 28 30 33 35 37 42 50 57 60 68 72
1261 24 27 33 36 44 46 47 61 63
875 42 55 57 59 61 71 75
1033 24 31 40 43 50 52 60 62 65 68 71 75
672 28 30 38 47 48 51 53 60 65 66 68 71
1052 28 32 34 36 42 45 46 49 55 63 67 68 72
1031 31 32 33 38 40 44 50 57 65 72 75
531 33 36 38 40 42 57 60 61 64 65 69 71
1448 34 37 43 53 54 56 57 60 67 69 74
623 46 48 53 61 67 68 70 71
1417 32 35 39 41 43 47 52 58 63 70 72
1101 37 38 44 56 57 63 67 74
588 38 41 48 52 59 62 73 74 75
1475 44 47 51 65
1175 39 41 43 52 53 58 61 64 66 68
1083 36 39 41 43 47 49 50 58 62 65 66
924 38 40 42 46 47 52 59 62 71 74 75
1279 38 39 43 46 47 50 54 61 64 65 70 72 74
983 40 42 48 51 62 66 72
1307 46 48 50 51 54 58 62 74
529 44 53 62 68 73
943 45 52 59 61 63 64 67 72
772 45 50 59 62 65 71 73
1202 45 52 66 67 71
1243 49 55 63 66 70
1461 51 52 55 63
1066 50 60 64 65 66 67 68 70 71
1475 49 56 63 75
1019 55 71
1366 59 64 68 71
924 62 63 65 68 75
1179 54 56 61 64 68 70
879 58 61 63
1250 59 70
1026 60 62 63 64 66 74
1431 59 68 73 74
1472 61 64 70
1332 59 60 62
1280 67 69 70 71 72
509 60 72
1444 63 65 68 72
1458 66 71
902 71 72 73
1373 66 71
1403 65 75
610 66 67 70 73 74
1107 68 69 70 71 74
903 68
732
737 70 75
861 74
1123 72
1328
710
704
923
