100	10	200	10
-4	16	8
-4	3	15
-1	5	9
-3	14	13
-5	8	7
-4	10	11
-4	13	8
-3	17	4
-4	20	12
-3	7	13
53 5 10 11 12 13 15 17 20 24 28 32 36 40 46 52 58 59 67 69 79 81 83 85 86 92 98
7 3 31 37 40 41 46 48 55 57 59 64 69 79 80 81 83 84 85 90 92 95 97 100
41 5 10 11 15 17 23 27 32 33 34 69 72 80 83 84 86 98
48 6 11 17 26 28 30 35 39 40 49 51 54 55 56 57 75 83 98
8 6 7 15 19 22 34 36 37 44 63 65 67 68 72 74 75 78 83 85 100
45 7 11 13 14 17 18 24 26 28 37 38 44 46 49 51 57 59 60 66 89 94 99 100
36 15 17 21 25 30 42 45 48 53 54 57 70 73 76 77 86 87 88 92
34 9 27 29 33 34 35 39 44 46 49 54 56 57 59 67 68 69 71 78 80 81 85 86 92 93 94
41 12 14 16 19 21 24 28 41 43 52 60 63 67 69 70 73 75 76 80 92
48 12 15 16 18 19 20 24 27 28 34 35 36 38 40 45 51 58 62 65 71 76 83 87 93 94 99
59 12 20 25 29 32 34 38 42 55 56 59 62 65 73 75 77 84 85 97
14 13 16 17 23 34 42 44 65 66 73 84 87 96 99
7 17 24 34 39 51 60 82 86 92 97
21 16 17 22 23 48 51 60 62 67 77 78 80 81 85 96 100
37 31 39 42 48 49 51 63 74 82 93 99
7 19 20 23 24 27 28 36 42 48 57 61 70 77 79 92 93
59 26 29 35 37 56 57 59 60 64 66 69 71 74 79 88 90 93
33 26 42 43 45 51 53 59 60 71 80 81 85 89 93 97 100
3 32 36 48 50 53 61 62 66 70 74 79 86 97 98 99 100
42 23 30 34 36 37 42 43 50 59 76 87 92 93
4 22 24 34 36 39 41 42 43 46 51 60 63 66 67 74 83 89 95 97
32 23 24 26 27 31 33 34 36 40 48 50 66 71 74 85 93
55 29 31 33 37 41 42 47 48 49 55 69 70 82 83 87 89 93 95 96
20 26 30 31 39 45 51 53 55 60 69 72 82 85 88 89
50 29 30 31 32 39 40 42 46 50 58 60 62 64 66 68 70 78 79 84 87 88 95 99
21 27 31 32 35 37 41 70 71 72 76 78 81 93 94 96
53 28 31 33 34 35 37 43 45 56 57 85 86 88 100
4 29 34 39 45 52 64 71 77 79 82 98
58 32 38 45 48 50 53 66 67 70 76 84 85 86 88 91 95 99
4 32 36 39 49 51 65 69 73 78 79 83 97
23 33 38 52 54 60 66 72 81 89 100
56 35 54 62 63 68 93 95 96 100
34 39 41 46 48 49 52 53 66 68 70 78 82 83 84 86 87
37 44 45 47 59 61 64 65 68 69 70 74 75 79 83 85 86
53 47 50 60 63 67 70 74 78 85 94 95 99
54 41 45 46 49 52 62 66 72 78 86 95 100
56 43 44 45 49 51 54 55 59 62 63 87 91 94
59 40 44 53 59 63 80 81 89 92
17 43 46 72 88 91 99 100
25 44 46 51 57 67 73 75 84 85 86 96
4 43 47 55 58 64 71 81 83 89 95 99
40 52 55 63 68 70 74 78 86 89
13 52 63 83 90 92 95 96
48 49 59 61 64 79 80 82 83 85 86 87 93 95 98 99
6 49 56 68 75 82 83 84 89 95
60 65 66 69 72 75 76 92 96
13 48 52 53 58 61 64 66 86 95 98
32 59 61 76 77 93 99
30 54 62 69 89 99
9 55 59 60 62 64 69 72 80 82 84 86 89
6 63 66 68 69 71 72 76 82 85 97 99
24 55 57 60 62 66 69 80 81 86 87 93 99 100
32 56 58 60 64 79 86 90 93 95
29 59 65 74 80 91 97
41 56 61 64 70 75 81 84 87 96 98 100
17 57 62 67 80 90 95
47 64 70 81 89 90 93 96 100
58 62 71 76 79 87 96 97
54 64 69 73 76 80 81 83 84 87 88 94
7 61 62 63 65 77 95
41 68 71 72 76 91 98
56 72 75 79 87 90 91 95 96
55 64 72 76 77 91 92
47 69 75 84 89 91
22 66 67 69 73 76 77 80 82 96
55 69 72 74 82 83 89 91 92 100
39 69 70 72 73 86 89 96
54 73 78 79 83 84 87 90 91 97
7 79 87 96
41 85 87 93 96
13 76 79 84 87 92 94 98 99
30 73 76 80 81 86 89 90 95
54 79 92 93 94 100
7 77 80 82 85 89
44 78 81 92
47 80 91 97
8 78 99
18 93 98
60 82 85
30 81 84 92 96
33 85 91 93 95 99
20 91 93 96
15 91 93 94 95 98 99
45 93
19 88 93 99
53 97 98
40 95
59 94
59
16 93 95 98
37 92 95
20 94 97
53
17
44 97
54 98 100
42 100
42 100
9
3
