200	5	1000	10
-3	114	49
-3	189	35
-2	163	45
-2	154	33
-5	104	38
146 19 21 33 44 53 55 61 68 69 70 75 78 84 87 93 116 127 135 141 143 144 147 149 154 155 161 171 172 177 179 187 189 193 195
62 4 6 14 20 23 28 29 30 43 44 47 50 51 66 67 72 75 78 83 86 87 95 106 115 121 126 127 130 138 139 141 143 173 189 192 193
83 5 7 10 12 15 24 25 34 36 41 51 54 62 71 73 80 90 100 103 104 114 117 121 124 128 129 134 136 138 139 141 146 147 148 151 154 156 158 160 162 164 165 166 171 173 178 185 191 195 199
120 10 13 14 20 21 27 39 40 43 47 53 66 70 84 86 92 94 98 100 103 107 109 113 117 124 133 137 145 150 161 162 173 174 178 181 188 193
140 6 8 20 28 31 35 36 43 44 48 49 50 51 52 54 55 56 63 69 70 73 78 83 89 91 96 104 107 112 113 120 126 130 132 145 154 165 170 178 184 186
140 14 18 19 20 25 29 32 34 57 69 70 84 88 90 91 97 105 107 108 115 116 136 141 145 150 154 171 172 181 185 187 191 192 193 199
107 10 14 19 23 30 31 33 37 51 52 53 54 55 57 61 70 75 76 77 78 81 87 88 96 108 114 126 131 132 138 141 152 157 159 167 170 180 188 189 195
140 11 14 15 25 26 27 36 47 76 82 86 90 93 98 99 100 106 107 112 117 119 130 132 137 138 145 148 152 160 163 169 171 176 181 184 185 188 190 197
106 20 25 27 31 34 38 39 49 51 55 56 58 67 70 71 78 83 93 99 107 118 126 127 133 138 146 157 158 166 171 182 183 186 192 195 197
73 11 12 16 20 25 27 33 40 46 47 51 55 56 60 62 63 76 81 82 84 86 87 89 90 93 111 113 122 123 131 142 144 146 162 167 169 171 184 187 191 193
110 14 17 24 34 35 36 37 40 53 59 66 67 68 74 76 81 85 86 93 102 104 106 107 110 113 114 121 122 135 137 140 144 145 148 157 162 172 175 176 180 181 183 193 194
69 13 15 16 17 22 25 26 27 28 31 35 38 41 44 48 52 55 68 77 78 82 83 89 92 95 112 113 116 125 126 127 135 149 159 165 168 172 180 184 186 192 193 194 197
128 23 26 32 43 46 47 58 64 67 76 78 82 85 93 94 97 99 101 103 106 107 112 121 123 124 128 132 134 135 136 149 163 167 173 176 190 193 196
57 28 30 36 39 43 46 49 52 54 74 76 85 91 95 102 105 122 129 138 151 163 165 172 173 177 183 197
127 32 37 38 39 40 50 52 54 58 60 72 74 78 83 84 85 95 96 99 103 107 113 114 125 126 128 129 130 132 135 146 149 152 173 174 182 185 188 189
53 19 20 23 29 35 44 49 52 57 62 63 68 77 84 87 88 95 101 102 104 107 111 112 122 123 141 142 143 145 146 150 155 158 165 166 169 173 176 177 179 191 196 200
64 20 26 27 32 34 35 37 40 41 43 44 49 51 61 63 64 85 93 100 101 102 109 110 114 125 127 130 133 141 142 146 152 154 162 164 167 175 176 178 180 186 189 191 192 196 198
127 21 30 31 33 34 38 39 40 44 53 55 60 68 69 70 71 72 74 88 90 93 102 114 115 120 143 148 155 167 169 177 178 181 182 183 188 189 200
141 20 23 43 47 50 51 58 63 66 70 75 76 83 88 112 120 122 124 126 136 141 146 151 153 154 155 159 174 182 188 192
143 22 25 27 37 48 51 59 67 69 74 77 97 100 102 118 124 127 130 135 146 148 152 156 157 176 197
136 28 35 38 49 58 79 83 85 88 91 105 114 124 129 130 132 133 135 139 140 144 146 149 156 158 159 161 168 172 174 175 179 186 187 191 193 197 198 200
129 30 33 50 53 54 55 59 62 64 77 79 87 89 91 94 120 123 126 135 139 143 144 145 149 152 154 155 157 163 165 166 179 186
83 24 25 28 32 36 38 39 43 57 61 62 71 76 81 84 90 94 102 103 113 118 121 124 126 129 132 137 141 146 148 160 169 173 181 183 184 188 190
78 31 37 48 54 62 67 75 77 78 81 93 94 98 100 103 108 110 121 137 143 152 156 161 162 163 164 172 174 185 193 194 195 198
73 26 29 34 44 48 53 57 59 64 70 71 83 84 85 87 88 91 94 97 109 113 116 121 125 140 144 145 147 151 158 169 170 172 173 177 178 188 193 194 199 200
148 35 43 47 48 53 54 55 69 70 89 92 111 113 114 115 118 132 135 138 140 142 160 163 166 178 180 187 189 191 193
138 31 35 37 39 50 51 56 59 64 71 75 77 78 79 87 89 101 110 111 113 118 120 121 128 134 135 143 148 166 168 173 175 177 186 189 190 192 196
108 30 31 34 38 45 48 51 52 55 57 61 70 73 76 79 82 86 88 96 99 100 105 109 111 116 120 124 127 130 144 145 153 155 158 159 179 181 186 191 196
92 31 33 37 38 52 57 59 62 68 71 90 95 117 131 133 135 140 146 152 159 164 170 180 192 193
133 39 42 53 63 64 65 67 73 76 79 90 91 92 96 101 102 104 108 112 117 125 126 129 134 141 151 159 164 168 176 187 193
103 34 44 45 51 74 83 85 91 92 96 134 136 137 141 145 147 152 154 158 161 164 167 170 178 180 183 189 190 191 193 196 197 198
103 40 46 61 62 63 64 65 66 71 75 81 84 91 97 106 108 116 117 119 125 126 131 133 135 142 144 145 155 156 163 165 166 169 172 173 179 180 184 186 187 198
127 34 35 38 39 58 62 65 72 74 76 84 96 97 98 106 107 109 111 113 117 126 131 133 135 137 148 157 164 175 184 185 186 192 199 200
109 36 42 53 63 68 76 77 78 79 83 84 86 87 88 89 93 107 108 112 114 117 123 129 135 155 159 168 171 172 181 186
120 44 53 60 66 69 73 76 80 83 91 94 96 97 98 99 100 101 124 125 129 132 134 136 137 138 140 141 142 143 146 147 158 164 167 183 186 196 200
90 48 57 58 61 71 72 86 87 95 98 99 103 107 108 124 133 136 137 153 154 166 168 171 174 175 176 177 189 198
77 38 49 50 51 53 54 55 65 75 88 89 92 102 105 108 113 114 120 122 123 124 125 128 132 138 140 143 144 145 146 148 149 151 178 179 180 186 190 194 196 197
141 41 42 44 57 58 60 62 65 66 69 71 81 84 88 92 106 108 111 113 114 117 122 136 145 148 149 152 155 168 171 175 176 177 179 180 181 188 190 191 196 199
128 40 45 54 61 64 74 75 78 79 80 84 90 106 111 113 114 117 120 126 127 130 132 137 148 153 166 173 180 182 191 194 195 196 198
74 45 48 51 56 65 67 71 82 84 85 88 90 94 101 104 109 110 118 123 135 137 139 142 145 147 157 166 175 185 186 189 193
100 44 51 54 67 70 73 75 80 81 82 87 88 90 92 95 117 123 137 145 159 160 163 165 168 182 183 189 193 195 197
107 46 48 51 55 56 68 79 82 87 88 89 92 95 102 105 109 120 126 131 132 144 146 154 155 159 165 167 168 179 184 186 193 195 196 197 198
85 44 56 62 80 93 94 96 99 104 114 118 123 146 147 162 169 171 175 185 186 188 199
55 51 58 64 70 74 75 76 82 92 94 98 99 108 110 111 113 129 137 140 157 164 167 175 176 178 184 185 186 189
87 50 60 63 66 69 73 85 86 89 96 99 102 103 105 108 111 118 119 123 126 127 132 135 137 140 160 166 175 177 185 186 191 194 197 200
141 48 53 54 56 59 62 67 71 72 73 79 81 82 87 88 91 99 101 102 110 120 122 124 132 141 152 157 164 166 169 173 175 177 199
54 48 49 60 61 74 76 78 82 95 104 106 108 114 116 117 120 123 131 133 151 154 162 165 181 182 183 186 187 190 195 196 197
143 51 56 59 62 64 83 86 90 91 98 100 103 107 115 116 120 122 124 131 133 134 164 172 175 176 180 183 192 193 194
103 58 59 68 70 71 77 84 91 92 93 94 97 98 119 126 132 135 136 144 148 152 156 160 178 192 193 197
124 52 54 55 56 58 59 63 70 78 80 81 82 101 102 104 112 120 121 124 137 141 144 145 154 156 157 164 172 192
114 53 55 58 60 66 71 82 84 87 94 95 96 100 106 108 109 110 124 127 135 142 143 147 160 161 167 175 182 184 189 195 199
86 53 54 55 57 59 61 64 65 75 77 84 86 88 91 109 120 121 125 129 135 137 161 168 170 191 192 194 196
128 58 67 70 71 80 81 85 97 107 111 115 116 117 118 123 127 129 133 138 141 145 147 152 156 158 159 161 180 188
92 69 75 78 80 83 101 108 116 127 129 131 132 142 145 147 157 160 168 170 171 176 185 192 193 199
78 61 68 82 84 87 96 98 99 102 116 127 139 140 143 146 149 152 157 160 163 165 170 175 176 189 193
119 61 66 70 71 74 79 87 90 94 96 101 109 123 131 134 139 143 147 149 154 157 163 167 168 174 177 180 182 188 194 198
73 73 77 78 81 95 102 106 119 132 136 139 140 142 147 152 153 161 166 167 172 184 192 198
61 59 63 69 72 79 85 87 90 94 96 101 104 105 114 116 119 128 130 135 138 139 140 145 151 153 158 166 172 175 178 180 182 193 196
80 67 68 83 84 88 92 100 101 102 104 107 112 114 119 122 138 141 143 147 149 152 153 158 165 175 177 182 183 187 196 197 199
74 63 64 66 69 70 89 104 106 107 108 112 116 120 123 126 128 132 145 148 150 158 167 171 183 192 194
64 64 68 84 87 88 91 100 105 107 127 130 133 145 146 155 161 166 175 188 193 194
97 67 82 91 93 95 101 102 114 134 137 150 153 155 163 164 169 175 178 179 194 195
150 64 66 74 75 99 104 108 117 127 152 154 164 167 169 174 178 182 187 190 191 198
139 65 75 79 82 87 90 99 101 105 114 115 117 125 126 131 136 141 142 144 151 152 153 156 163 174 177 179 184 185 186 187 191 192 196 199
131 68 72 73 74 92 95 96 98 100 114 116 120 122 124 127 130 136 142 143 148 162 165 183 187 190 197 200
74 77 90 93 98 102 106 107 108 111 115 118 126 133 135 139 164 165 176 177 181 193 195 200
111 71 73 77 95 97 107 112 118 127 129 130 131 135 137 140 144 147 148 153 156 161 166 171 179 182 183 184 186 187 188 194 197
122 69 70 71 75 76 86 98 99 100 107 115 116 119 120 123 129 136 140 144 146 149 154 155 159 160 161 164 166 176 182 187 190
139 71 72 77 81 88 89 92 94 138 139 148 157 162 168 169 170 180 196 197
150 71 84 92 97 98 108 118 119 126 137 139 143 147 155 158 173 175 186 194 195
106 77 78 80 93 96 101 102 111 121 132 133 135 140 150 151 158 169 173 175 178 180 181 183 184 196 197
67 83 84 91 93 97 101 102 106 108 109 127 130 131 132 145 147 152 158 165 166 175 179 187 189 192 193 197
70 78 83 86 88 98 100 105 107 114 123 125 137 145 146 150 151 155 160 161 163 164 171 174 177 185 192 194 198 200
139 79 81 86 94 98 105 108 110 118 123 127 142 150 153 162 163 175 179 182 186 190 193 194 195
103 81 84 97 99 101 106 118 121 130 131 133 137 156 157 162 168 177 190 191
142 77 81 84 97 111 118 125 127 130 145 148 156 159 165 167 177 193 195 197
127 90 98 103 105 111 113 126 129 133 139 144 170 175 182 186 193 197 198
138 88 93 95 97 98 104 106 108 114 117 123 128 129 134 144 153 155 158 161 166 171 172 177 180 181 183 193 197 199
82 91 94 100 111 112 119 121 129 133 144 146 151 153 154 155 165 170 172 173 180 181 195 196
64 99 106 107 111 112 117 118 119 121 128 129 131 134 137 139 141 150 151 154 158 165 166 173 177 182 187 188 191 194 195
72 82 86 90 91 94 96 101 104 119 127 136 138 139 140 142 143 148 151 165 168 173 180 181 184 185 194 195 196 200
67 86 89 99 104 109 132 133 135 142 143 151 154 157 158 161 169 180 184 188 191 193
84 84 89 91 97 108 109 115 153 161 163 164 166 172 173 175 181 186 189 198 199
143 85 95 108 111 112 114 119 122 124 128 130 133 136 139 140 145 151 155 157 158 160 164 171 172 174 179 181 188 189
55 86 92 94 100 101 108 110 122 125 126 128 133 136 138 140 141 143 149 154 169 170 177 187 192
101 87 89 92 96 101 102 104 106 114 117 127 133 135 137 141 142 146 148 149 154 157 161 180 187 190 194 196
111 90 91 92 97 98 101 102 121 122 124 132 137 140 150 156 161 163 167 168 169 179 183 186 188 192 195 199
129 95 98 99 101 106 110 111 125 130 131 132 145 157 165 168 174 180 181
68 95 106 117 121 131 138 157 159 162 165 166 167 168 170 171 176 178 181 183 184 185 193 200
137 93 94 98 99 105 110 114 115 120 123 126 130 137 141 149 150 162 164 165 166 174 193 199 200
62 97 104 105 108 127 129 130 132 135 140 141 144 163 171 189 192 194 195 199
105 95 97 102 108 110 111 119 121 122 124 125 129 132 136 155 156 181 194 195 196 197
143 94 108 112 113 115 119 120 132 134 140 142 149 158 168 170 176 178 185 187 194 196 200
60 101 102 106 108 109 117 129 130 146 147 148 149 153 161 162 167 170 180 187 188 189 192 194 199
63 98 105 106 117 119 126 133 142 145 147 165 176 184 186 188 189 199
120 98 99 119 120 124 134 139 145 150 164 165 167 170 179 181 188 194 197
120 98 103 105 107 110 111 113 130 132 137 143 148 156 164 166 174 182 185 190 192 193
125 104 105 106 107 108 109 114 121 126 128 129 131 136 138 139 141 146 156 168 172 173 174 184
80 105 108 114 119 122 124 126 128 129 131 134 141 142 143 148 157 163 166 167 168 170 185 189 194 195
128 106 112 113 114 115 117 121 127 136 138 139 141 148 150 152 155 157 164 168 174 176 185 190
113 102 107 108 111 134 145 155 158 159 171 176 178 180 181 185 186 189 194 199
60 107 112 114 116 119 124 135 138 140 141 143 145 146 147 151 153 166 176 180 182 184 188
130 112 113 119 122 123 132 139 140 143 147 150 157 158 160 167 171 175 177 186 196 197 198
52 106 110 124 127 130 134 136 138 146 153 154 159 160 175 187 195 197
61 109 112 123 125 130 133 138 142 143 147 166 168 172 173 176 178 182 185 186 189 192 196
132 108 109 110 116 117 133 134 136 139 145 148 161 170 177 182
75 114 118 139 142 153 159 165 166 171 172 176 180 190 195
70 112 116 121 126 132 136 139 141 147 151 155 167 175 177 183 184 185 190 191 193 194 195
117 112 115 117 129 144 145 146 160 162 164 165 175 176 188 198
89 113 115 118 121 122 126 127 131 134 141 143 147 148 151 157 163 165 166 171 174 181 191 192 196
99 120 121 122 123 124 129 135 136 142 157 161 165 167 176 179 182 188 191 193 197
119 113 115 125 134 138 140 144 147 148 151 153 154 159 165 169 175 176 182 184 200
86 122 123 128 135 137 141 153 155 157 169 175 180 189 191 194 200
66 119 120 129 130 134 136 137 151 155 157 160 169 178 182 190 200
74 120 125 148 155 159 166 173 185
58 121 127 129 131 132 138 145 148 159 164 169 180 191 192 200
91 128 132 143 146 171
88 127 128 131 136 137 148 170 171 179 183 185 187 195 198
52 120 121 125 127 130 136 139 147 155 157 162 165 170 171 177 178 181 192 198 199
133 122 132 152 158 159 161 163 180 187 191 198
76 123 132 135 141 142 145 149 158 163 172 173 178 179 180 185 187 200
121 124 132 133 137 139 150 155 158 163 170 171 172 175 176 188 191 194 198
84 127 131 133 145 150 167 169 172 175 181 187 193 196
93 129 131 132 135 146 153 158 172 179 180 182 185 188 192 198
87 126 143 145 148 150 153 154 159 162 166 171 172 181 186 198 200
66 128 131 134 140 141 145 149 156 160 165 166 175 178 183 192 194 198
56 130 131 132 135 136 137 142 151 153 173 182 185 192 194 196
92 130 132 134 136 142 143 148 158 172 174 176 178 183 185 192 193 196 197
93 139 148 152 156 158 162 166 168 171 174 180 183 191 192 195 198
99 134 144 153 159 169 174 178 181 188 196
115 133 140 141 142 156 159 169 171 173 177 180 192 198
120 139 142 158 172 178 182 184 194 195 199
61 136 142 144 145 149 155 158 165 166 167 169 170 171 174 187 190 200
128 136 145 153 154 155 157 158 159 167 170 172 173 175 178 183 191 194 195 196 200
115 141 143 144 149 151 152 157 158 159 160 161 166 172 173 177 178 181 182 185 186 187 188 191 195 196 200
126 138 144 150 157 166 170 184 186 188 189 195 196
137 144 146 160 167 175 180 181 183 189 190 193
85 156 175 181 196
92 140 155 158 162 164 166 171 173 177 182 187 192 193 194 198 199
65 148 150 155 157 158 159 170 181 183 187
119 144 147 153 160 172 177 178 182 189 191
94 145 147 153 157 160 163 172 184
114 159 162 171 174 184 185 190 195 196 197
62 145 150 154 156 158 159 168 176 186 192 193 194 197
95 152 153 158 163 164 167 168 169 174 179 181 183 196
51 152 155 166 173 174 180 181 188 190 196 199
137 151 169 170 179 182 192 195 196 197
147 158 161 162 167 180 188 194 200
99 150 160 162 163 164 168 170 172 186
78 155 161 162 168 171 172 194
71 155 156 158 161 162 167 180 182 183 185 198
54 156 157 158 159 161 162 163 167 168 171 172 182 184 188 199
51 161 163 168 169 171 176 182 186 197
136 158 166 174 177 184 185 198
62 159 165 171 178 182 184 192 194 198
133 157 158 169 176 179 182 191 197
141 158 160 164 165 167 180 184 185 188 196 200
131 162 174 177 178 181 182 192 193 195 199
64 174 175 179 184 191 199 200
88 163 164 168 171 172 174 175 191 196
111 164 166 168 170 171 174 176 177 178 184 186 188 190 194
65 165 177 194 195 199
118 168 170 171 172 176 185 192
110 172 173 178 181 182 184 187 194 196 197 200
106 169 170 172 195 198
74 167 168 171 175 177 189 193 194 195 196 197 200
68 180 184 185 186 195 197
127 169 170 177 182 188 198
90 170 171 177 178 190 199
60 177 179 180 187 190 192 196 200
140 172 173 174 180 181 198 199 200
85 173 175 185 190 198 200
136 179 183 189 194 197
103 181 183 187 192 194 197 199
112 176 177 178 183 186 191 194 196 200
55 178 185 189 195 197
131 182 189 190 196
127 181 185 190 194 200
55 196
65 183 189 199 200
122 194 196
69 184 188 196
95 197
125 186 193 198 200
50 187
98 187 188 189 194 197
101 188
107 193 196 197 199
112 191 198
136 191 192 193 194 197
133
96 193 199
55
97
98 196 199 200
93
69 200
100
72
62
