100	5	1000	1
0	107	14
0	194	17
0	138	21
0	116	25
0	127	23
157 10 13 21 23 24 25 26 29 32 37 39 43 51 54 55 62 75 77 85 93
292 4 9 10 13 15 16 17 19 24 29 30 38 44 45 54 61 69 76 80 87 94 95 97 99
300 5 6 7 8 9 10 14 15 26 29 35 58 61 87 88 95 100
280 10 18 33 52 54 65 82 86 92 94 95 96
275 6 7 9 10 13 16 17 26 32 34 36 39 40 43 49 51 54 63 66 72 74 82 84 87 88
270 11 16 18 28 29 33 35 42 47 58 59 62 65 69 70 74 85 90 97
215 12 13 34 45 47 53 58 70 73 76 77 80 90 97
168 12 18 27 28 37 41 46 49 53 55 67 80 94 100
224 12 25 32 55 56 60 67 72 76 77 81 83 85 86 95 98
271 18 23 26 28 31 37 42 45 46 58 59 60 61 63 68 69 72 82 84 85 87 90
216 14 30 35 37 40 43 44 65 69 70 71 74 79 86 97
260 16 21 33 34 35 36 48 54 63 71 74 78 79
207 14 21 33 37 46 47 48 59 64 69 74 77 82 89 94 97 100
284 15 37 38 54 70 73 76 77 79 90 94 97 99
247 32 36 37 40 46 47 51 52 53 57 60 66 70 73 74 77 81 83 84 87 94 98 99
218 17 21 26 30 31 32 33 34 35 36 37 48 51 58 61 64 65 76 77 90 94 99
209 23 34 41 42 45 46 48 55 78 89 95 99
279 23 25 28 32 37 38 49 51 53 62 70 87 89 93 95 99
272 28 29 31 34 38 52 54 55 56 70 76 80 84 88 98
193 24 30 38 41 42 44 46 47 49 61 69 71 72 74 75 97 98
278 30 34 35 41 49 50 58 62 63 69 70 72 73 90 92 95
153 26 31 36 48 64 67 69 96 100
281 26 30 40 60 64 75 76 83 84 85 90 96 98
291 26 31 35 38 39 53 65 66 67 69 70 72 73 77 84 92 95
157 29 30 37 47 53 56 57 59 65 72 81 82 95
299 30 31 49 55 65 70 73 85 86 89 90 94
192 30 34 37 39 44 47 61 62 63 66 67 71 78 82 83 86 87 89 95
257 29 32 45 46 57 60 64 67 69 76 78 80
251 36 41 44 45 46 52 58 62 77 90 92 93 94 98
159 31 34 35 36 39 43 48 50 51 52 74 79 94 98 99
265 33 42 47 55 63 73 75 76 78 90 91 100
166 39 43 49 50 52 55 57 60 65 67 70 77 80 83 84 96
176 34 35 38 45 47 49 53 68 75 79 89 90
209 40 41 59 60 65 68 69 81 82 94 95 99
267 42 48 52 56 65 70 81 90
197 44 54 59 62 68 73 75 78 82 86 91
180 38 43 44 45 47 48 53 54 57 65 73 83 89 91 94 95 96
227 41 43 48 49 51 55 56 61 64 68 75 78 92 94
194 44 50 52 62 67 68 69 79 81 92
290 52 57 58 60 61 73 78 81 84 89 92 94 96 98
250 44 46 49 55 56 59 68 69 75 78 84 85 98 99
281 49 52 55 68 79 85 86 96 98 100
297 46 68 78 82 91 99
267 45 49 50 54 55 57 59 63 67 74 77 90 97
274 49 53 57 64 65 70 74 84 88 90
256 47 53 55 57 71 73 81
153 49 51 58 60 63 64 67 68 70 72 73 87 88 93 95 96 100
213 49 52 55 74 77 81 83 88 93 99
197 50 51 52 53 55 59 64 65 67 72 79 83 88
193 63 64 71 74 83 93 98
156 63 64 73 75 76 77 78 82 85 86 88
248 56 74 76 78 84 85 87 90 91 98 100
180 54 57 59 64 71 79 80 83 84 92 95 98
265 65 66 74 89 99
174 71 77 81 83
157 58 60 69 73 88 97 99 100
150 60 63 64 66 68 69 73 78 81 88 90 92 97 100
152 59 73 85 86 87 98 99
205 71 75 94 96 100
206 68 73 74 75 79 80 83 87 89 90 95 97 98
155 66 73 78 83 84 88 91 99
278 65 71 78 83 95
300 66 68 69 71 75 76 77 81 91 99
279 66 68 76 81 84 90
253 71 75 81 87 90
172 71 72 79 83 86 87 90 91
298 70 76 80 81 86
209 71 72 76 81 87
151 71 72 74 78 80 84 87 91 93
202 73 74 76 80 84 86 90 92 95
164 73 94 95 98
279 79 81 89 94 100
234 74 91 95 96
154 80 95 98
225 82 86 90 92 95
232 78 95 96 97 98
232 80 81 82 86 90 91 94 98
184 82 83 86 90 93 100
260 83 90 92 94 95 99
156 86 89 98 99
157 82 83 84 85 86 88 93 94 96 97 98 99
276 84 90 99
191 87 93 95
228 88 91
288 96 97 98
290 87 89 92 99
282 95 99
243 89 99
150 94 95
288 92
195 92 93 96 97 100
173 96
178
215 96
214 96 97
203
264
259
206
251
