100	5	200	1
0	36	21
0	40	15
0	20	19
0	32	24
0	38	21
16 8 19 20 23 30 33 34 39 44 53 58 65 68 72 73 80 86
25 13 16 17 19 20 28 29 35 37 39 41 44 45 50 51 53 61 62 73 76 77 83 85 87 89 92
29 4 10 17 34 37 40 44 49 60 61 63 65 67 71 72 73 76 77 78 80 90 99
10 7 16 17 19 20 25 27 29 31 53 66 68 72 75 81 83 85 88
27 10 11 13 21 26 29 34 36 49 58 60 64 71 74 75 89 91 98
28 8 11 15 17 28 43 44 46 48 56 60 61 62 63 64 70 73 78 83 85 87 95
26 13 16 19 24 34 38 39 41 43 46 53 62 63 65 68 77 96
25 10 16 18 24 31 36 42 43 64 75 80 82 84 93 97 98 99 100
25 12 17 22 30 36 40 42 45 61 63 65 71 76 79 83 86 89
17 12 20 25 27 39 42 51 53 63 75 78 81 90 91 99
29 19 22 23 32 46 47 48 54 61 67 70 78 81 82 84 87 89 90 92
23 17 20 24 32 36 43 59 64 74 78 82 83 86 90 100
21 15 16 18 23 24 25 27 28 33 45 47 51 58 67 71 72 78 81 84 91 96
29 16 25 26 39 43 46 62 63 68 69 76 91
15 17 21 28 34 36 61 66 69 70 74 86 90 92 93 96
11 17 20 25 33 46 49 56 62 66 67 68 69 70 72 82 88
12 18 23 24 28 30 42 47 48 55 57 62 63 69 82 93 97
24 23 27 33 36 41 42 49 64 66 69 77 78 80 83 84 85 86 89 92 94 96
18 20 23 27 32 36 45 49 51 53 54 63 66 70 72 73 77 85
13 31 32 35 37 47 49 56 57 59 61 66 70 75 80 87 89 92 93 100
14 41 42 48 51 67 76 77 83 85 90 91 99
17 24 27 30 33 37 40 41 47 50 59 60 64 75 78 81 89 94 99
26 31 34 36 37 39 40 49 50 55 58 59 64 66 67 72 76 80 81 83 87 89 94 100
25 25 28 34 39 43 49 50 52 56 60 66 70 75 76 89 99
22 26 32 38 40 44 49 58 65 70 74 76 80 88 89 92 99 100
27 28 36 40 44 54 55 56 62 69 81 82 83 93 96
27 28 40 69 71 79 82 84 86 88
17 29 41 43 47 59 62 65 69 71 75 78 80 85 88 89 93 96
18 34 35 40 48 51 54 55 58 65 67 71 73 78 81
29 34 37 43 48 52 53 62 64 72 79 87 90 100
12 41 50 51 53 54 66 69 76 78 85 96
26 39 45 51 54 59 66 70 91 98
26 37 41 55 56 57 58 60 65 68 69 71 73 80 84 90 93 95 96
10 37 45 52 56 68 77 78 90 97
27 43 51 56 61 64 68 71 75 78 84 87 89 93 97 98
24 41 46 53 67 74 75 83 86 92 97
12 44 52 57 58 60 67 75 76 81 96 97 99
24 39 40 41 42 51 78 80 82 95 98
13 47 48 57 60 63 69 78 79 85 87 91 94 95
17 52 54 55 57 63 67 71 78 80
24 44 45 53 62 63 65 69 70 73 74 79 87 93 96
15 50 58 66 67 70 81 82 85 87 89 90 94 95 98 99
13 44 54 56 59 64 67 69 72 76 89 90 91 92
19 48 58 60 63 71 84 90 91 93 95 98
15 52 56 58 61 70 72 74 82 85 90 91 95
27 50 56 58 59 65 72 77 78 79 87 88 96 100
22 49 50 57 60 63 70 77 79 87 88 93 98
25 50 52 70 75 83 87 90 100
27 57 60 65 71 73 81 91
21 55 61 73 75 86 90 97
15 55 56 64 71 78 83 85 93 94 95
18 62 67 71 74 86 87 96
24 66 72 82 90 91 92 97
16 57 63 64 72 75 78 81 95
13 67 74 76 84 87 89 96
13 59 61 63 66 67 74 80 88 94 95 99
24 72 77 78 80 83 87 89 93
30 64 73 78 90 96 97 99
22 60 61 62 78 83 88 90 92 99
10 63 65 79 82 84 85 88 97
16 67 71 82 87 92 96 97
17 71 73 76 80 89 91 93 96 97 99
10 65 72 77 79 80 86 87 90 95
26 74 77
28 68 73 84 94 96
26 75 77 81 84 87 88 90 97
22 76 79 80 86 87 90
12 76 79 84 88 91 93 99
21 76 83 90 96 98 99
23 72 73 74 76 77 78 82 87 92 99
21 72 82 83 84 86 87 92 97 98
20 77 82 90 93
25 74 81 82 86
19 75 79 82 84 89 90 92 94 96 99 100
20 85 97
29 79 84 85 95
10 81 82 84 89 90 92 93 95
15 82 83 84 87 91 98
26 81 88 91 95
14 81 85 90 92 93 96 99
17 85 91 95
10
10 87 89 99
25 86 90 91 95 96
15 88 89 91 95 98
19 89 96 98
28 99
15
16 98
22 91
21 93 94 95
18 93 94 96 100
22 94 97 98 99
14 97
28 98
16
27
29
27
30
