200	5	10000	10
-4	590	44
-4	198	35
-1	730	40
-3	467	36
-5	1855	45
733 2 8 15 20 28 30 35 41 43 45 50 59 65 71 79 80 86 94 97 99 104 110 114 124 132 134 137 140 149 160 168 169 174 176 177 183 192
970 9 13 14 19 23 24 25 27 33 39 40 43 44 48 57 58 61 71 76 77 79 81 84 86 88 89 93 94 109 110 111 113 114 120 121 123 128 133 138 152 162 168 171 172 175 176 177 182
924 5 9 26 27 28 30 33 34 40 41 43 51 53 61 68 69 72 73 75 76 77 79 83 90 104 105 113 117 129 130 133 135 138 158 163 172 175 178 182 185 186 188 190 195
836 10 14 26 30 35 45 48 51 53 72 76 78 80 81 83 88 90 93 94 108 109 115 123 125 131 133 134 135 143 154 159 167 170 172 175 182 184 185 200
726 7 16 18 24 26 30 38 41 42 49 51 62 66 72 76 80 88 94 112 113 125 129 131 142 143 145 149 151 152 153 156 158 163 174 184 185 191 193 195 197
295 13 15 23 24 25 28 34 35 37 43 45 55 61 67 68 77 87 94 96 98 99 100 102 107 113 118 119 120 125 126 133 134 138 147 155 163 167 171 177 182 185 191 193 197
182 12 32 36 48 51 54 62 68 69 76 80 88 89 96 98 100 101 105 112 117 122 124 128 138 143 145 149 151 168 170 171 182 184 186 189 195 196
408 10 11 13 20 37 39 52 57 69 78 79 80 87 88 90 93 96 102 108 117 125 137 145 146 148 155 159 182 198
660 23 27 30 34 36 37 46 48 53 60 67 72 75 77 84 96 98 103 113 125 130 131 132 139 149 157 161 165 166 177 178 180 182 183 185 188 189 200
191 12 16 20 23 26 27 28 37 43 44 45 47 53 59 60 68 71 80 91 94 97 98 101 105 114 120 126 131 132 135 136 141 143 146 149 150 151 152 153 154 161 165 173 174 176 182 186 187 189 195 197
816 15 19 20 22 25 28 30 39 41 47 57 62 68 80 82 84 92 98 101 102 126 129 130 132 133 145 149 150 158 159 164 173 175 181 182 183 195 200
598 17 27 36 46 49 52 55 58 66 70 79 81 83 91 93 96 97 99 103 109 110 111 112 116 117 118 130 131 137 146 148 160 166 171 172 182 192 193 194 196 199
849 15 17 19 21 32 33 40 45 54 61 72 82 83 84 88 89 93 96 101 102 105 125 127 128 129 132 135 147 160 168 179 181 186 193 194 195 198
203 16 17 20 22 24 40 48 49 50 56 59 61 62 70 79 94 103 111 113 118 120 123 126 127 129 133 145 147 152 166 170 171 180 186 187 190 198
127 16 19 25 31 44 50 63 65 66 73 83 87 88 90 91 98 101 103 112 116 117 119 127 128 131 133 134 138 141 147 153 155 162 174 178 179 180 181 186 190 191
750 19 28 33 38 55 62 67 80 85 101 119 121 122 124 132 138 142 143 147 163 165 177 178 183 191
137 19 21 24 31 32 33 38 45 55 57 69 82 84 91 94 95 101 105 108 118 122 123 124 136 138 143 145 160 175 186 187 197 198 200
590 23 37 42 45 47 48 50 52 59 66 67 78 82 83 85 97 101 104 105 107 108 110 113 114 115 124 126 127 130 131 145 150 153 155 160 162 166 177 179 186 198
795 27 39 41 47 49 53 54 65 74 76 79 83 94 95 100 101 108 109 118 122 124 130 131 138 141 142 147 149 157 159 161 169 173 175 183 186 189 192 194
657 37 42 55 59 60 65 66 75 78 85 102 104 109 116 117 123 124 125 126 128 129 130 132 137 138 150 160 161 164 170 171 181 182 184 189 194 197
955 28 29 33 37 39 40 50 52 68 72 73 74 77 79 81 91 95 97 101 107 120 126 132 135 145 148 150 152 162 165 172 173 175 182 191 193 194 195 199
615 31 36 43 47 48 52 56 59 60 61 68 72 79 84 85 89 91 104 106 107 113 120 123 125 133 142 147 151 154 157 164 166 167 172 178 179 183 192 196 197
907 37 47 50 56 57 58 66 89 109 112 113 115 119 122 124 139 142 143 147 154 155 163 164 166 168 180 181 186 191 197 199
711 29 30 37 47 52 53 55 61 64 68 73 82 87 88 99 101 107 110 114 118 122 128 131 136 145 146 151 152 155 157 164 171 172 173 183 185 186 188 190
568 27 29 39 48 52 55 56 73 81 83 85 89 91 94 98 107 108 110 116 127 131 133 142 143 150 158 160 162 163 165 171 177 179 195 196 198 200
443 30 32 34 37 44 50 59 60 63 67 73 75 77 78 82 86 87 89 90 97 111 132 135 137 141 144 147 157 162 184 187 194 195 197
657 28 41 42 44 46 53 54 62 63 66 72 73 76 78 95 96 99 103 105 106 111 125 127 129 135 138 140 145 148 149 159 165 168 174 181 182 187 188 192
101 30 32 33 42 43 52 59 60 63 71 76 97 99 101 103 109 112 122 125 143 158 171 175 176 177 182 197
269 31 39 40 50 57 66 69 71 72 74 79 80 81 82 85 96 97 103 110 129 141 143 146 149 150 153 158 166 171 178 180 182 188 189 191 192 194 195 196 197
139 35 37 53 58 62 63 66 71 74 75 88 89 90 91 111 113 124 130 144 145 149 150 166 171 177 180 185 186 193
957 32 34 49 51 64 66 68 77 84 87 95 104 109 117 119 120 122 124 127 134 148 154 160 164 166 171 175 176 180
318 39 51 53 64 67 75 79 82 86 96 101 116 125 126 127 140 143 144 152 155 162 164 181 185 189 192 193 195
834 36 38 48 53 62 65 71 72 74 75 82 84 89 91 94 99 103 107 113 116 118 120 121 123 136 145 148 152 160 164 166 170 176 188 192 196 198 199
942 42 49 57 60 64 68 76 79 80 83 85 92 101 103 107 113 114 118 122 127 133 135 136 137 139 141 154 156 171 175 194
295 42 43 53 54 56 59 61 65 70 74 76 82 105 109 112 118 129 131 132 137 138 150 152 156 159 169 178 179 183 187 189 195
722 39 42 44 45 49 50 51 53 60 63 70 73 77 80 83 88 100 101 105 112 117 118 120 121 124 132 136 138 146 147 150 153 158 159 162 172 176 177 184 189 190
122 42 47 50 51 70 85 95 111 115 117 123 130 136 142 150 154 160 163 166 171 183 194
982 44 49 58 62 64 65 77 84 90 96 97 107 113 115 121 126 131 155 156 157 161 169 170 180 188 189 196 199
143 41 43 55 58 66 68 81 97 102 106 113 117 119 125 127 133 139 140 141 154 156 157 160 165 176 177 181 184 187 197
310 45 49 54 55 73 79 89 92 93 94 97 99 112 119 128 133 137 145 147 164 165 170 176 177 195
966 48 49 51 52 56 57 58 63 64 74 79 83 84 91 96 97 106 110 115 117 118 121 122 124 133 141 156 158 159 161 162 196 198 200
241 44 55 57 65 73 76 79 80 81 84 87 88 95 96 104 106 110 113 132 138 143 162 168 169 182 183 190 200
446 46 49 55 69 72 78 82 98 99 100 104 105 106 110 111 115 122 126 134 135 140 142 158 159 162 166 169 176 177 178 187 194 195 198
376 60 66 84 97 98 102 118 121 122 128 135 141 150 160 163 164 165 174 197
616 57 58 61 69 70 89 90 103 107 108 109 112 116 118 122 127 143 144 153 157 158 164 165 174 182 186 193 194 197
388 48 51 54 56 61 65 73 76 81 89 90 105 106 110 112 115 117 119 125 129 131 140 143 155 164 166 175 176 179 183 192 197
873 48 54 62 63 67 72 75 76 79 81 87 88 97 98 109 111 112 113 123 128 137 139 145 155 157 161 168 171 173 176 181 185 190 192 193 194 198
665 53 56 58 64 67 69 73 83 84 85 87 91 101 106 109 119 120 121 128 133 136 139 140 142 144 152 163 170 171 172 173 177 184 187 195 196
922 51 54 55 59 64 66 69 70 71 73 83 89 95 96 127 132 134 137 139 147 151 160 165 166 168 179 185 195
922 53 72 76 78 80 84 85 86 95 108 112 113 115 119 125 127 128 136 138 144 146 148 151 159 161 162 164 166 169 171 180 183 189 194 196
941 62 64 67 79 82 86 95 99 100 106 109 114 115 117 118 122 131 143 145 148 159 162 164 181 188 191 192 194 195 196 199 200
133 55 57 80 91 96 98 99 100 106 124 131 133 137 139 146 152 154 159 163 165 173 174 180 182 184 188 190 192 198
997 56 62 73 75 80 84 90 94 95 98 104 108 109 115 127 130 133 135 146 147 172 173 176 177 183 185
139 56 57 59 60 74 85 89 92 93 96 99 106 108 112 114 115 130 134 138 147 152 155 158 171 173 175 186 194 199
969 57 60 63 64 72 73 75 82 95 100 103 105 107 108 113 118 125 129 136 138 140 149 152 161 164 172 173 176 181 184 187 189 192 194
795 57 59 60 61 66 75 80 82 83 85 87 96 99 109 110 114 131 133 135 137 140 143 158 161 162 168 170 173 175 178 188
348 60 61 62 63 65 73 91 94 98 103 114 120 126 130 136 146 153 154 155 156 157 163 164 170 174 179 180 183
480 60 61 81 93 98 102 103 107 110 114 119 121 130 137 138 140 144 148 154 156 162 169 172 175 176 177 181 182 183 193 197 198 199
440 64 70 73 74 82 86 88 96 98 101 111 122 130 154 157 158 160 161 166 167 169 189 195
975 65 67 77 81 86 89 97 100 104 105 107 118 121 126 133 134 139 143 156 164 169 177 182 187 190 198
146 64 65 67 75 79 86 87 89 90 92 96 117 119 122 124 126 127 134 141 143 151 155 156 157 158 179 195 196 197
720 70 73 96 100 104 106 111 115 119 120 123 128 143 147 153 159 161 172 173 177 179 189 196 199 200
289 73 77 83 84 87 89 99 101 123 135 151 152 156 162 164 184 194 196
844 66 73 77 85 88 89 91 96 100 103 105 106 107 108 110 113 116 126 127 129 141 143 153 154 158 163 164 168 170 180 181 183 188 193 198
173 67 70 72 73 78 81 91 93 96 97 102 104 119 122 125 130 136 141 143 146 148 153 162 166 169 186 200
885 70 80 81 87 91 94 96 97 104 105 112 113 114 116 117 118 123 126 128 130 132 137 143 153 154 155 161 169 172 185 191 192
965 69 72 73 80 82 99 103 107 112 117 119 124 128 132 143 153 156 163 165 167 180 182 184 187 190 193
450 70 71 74 79 82 94 100 104 108 111 112 116 129 130 133 136 143 144 148 149 156 162 163 175 192 194 195 197 198
113 73 83 84 86 88 92 105 108 112 116 118 122 124 129 134 140 145 150 151 153 157 159 162 168 172 180 182 184 185 189 190 193 194
880 76 77 89 97 98 101 112 115 118 128 137 140 144 155 161 174 178 179 192 193 194 195
328 77 82 84 87 94 96 102 104 106 112 119 130 132 148 163 164 172 179 181 188 195 196
557 78 84 87 88 89 96 98 104 113 124 130 134 139 140 141 143 149 153 155 157 167 171 175 177 180 184 187 199
115 81 82 86 109 111 114 116 118 121 122 130 131 132 135 139 140 144 147 154 156 157 160 162 164 166 168 169 172 173 174 175 181 187 190 192 194 200
994 76 83 85 103 106 111 114 118 119 124 129 134 137 145 159 171 173 180 183 185 190 193
202 78 79 80 84 87 111 114 116 120 121 127 140 143 151 158 166 172 183 198 199
385 80 82 87 100 101 111 112 113 115 129 131 132 133 134 143 144 163 165 167 168 170 174 175 180 181 182 184 191 194 199 200
484 81 95 98 102 103 124 125 127 140 141 143 144 146 152 156 159 169 173 179 181 193 198
377 83 87 91 96 104 110 120 122 123 124 128 135 144 152 160 163 171 174 180
253 80 83 84 88 89 91 106 110 113 114 121 130 136 142 143 144 148 150 151 160 162 172 173 180 182 184 190 191 194 197 199
588 93 97 102 105 110 111 112 117 122 124 128 129 132 138 139 145 155 158 167 170 174 178 182 196 199
697 97 98 99 107 112 117 118 132 137 144 145 147 148 152 154 161 173 175 181 195 197
645 83 86 90 95 99 101 104 107 113 117 120 128 130 132 134 138 146 160 169 170 172 173 174 175 179 182 187 189 193 195
201 95 97 103 107 110 114 116 127 132 136 143 148 151 156 157 165 166 168 172 174 175 176 182 184 189 196 199
583 85 86 101 106 112 116 119 123 131 133 139 142 148 150 151 172 177 178 179 185 186 187 191 196
544 90 93 97 103 106 110 118 119 123 126 135 136 139 142 149 157 163 164 165 169 172 191 197 198 199
725 93 102 109 112 118 119 137 143 148 152 165 167 168 172 178 180 184 189 192 200
349 97 99 104 105 106 112 114 120 124 126 130 131 133 136 152 153 154 158 160 169 176 177 178 182 187 188 191 192 194 198
820 90 93 98 104 108 112 118 120 121 124 126 132 133 135 141 145 150 155 156 161 165 171 179 182 183 184 187 189 192 194 196
996 97 102 103 109 117 125 127 131 137 139 153 154 162 163 191 194 195
934 92 102 120 123 125 126 136 153 159 160 164 168 170 172 176 179 183 184 197
288 94 96 97 102 103 104 107 109 119 126 131 142 148 150 163 169 174 176 182 186 189 190 191
587 93 106 110 121 123 126 134 139 148 150 154 155 161 164 176 191 196 198
561 108 114 125 131 139 167 173 175 176 178 182 187 196
184 99 100 120 122 123 125 128 129 132 134 140 141 146 150 168 177 181 183 184 189 195 199
727 98 99 101 105 106 109 115 116 117 120 121 131 134 142 144 147 151 157 163 167 169 171 183 193 196
965 100 113 115 116 126 127 132 143 145 149 159 167 168 169 179 181 189 192 195 197 199
219 101 108 111 113 118 121 128 131 132 139 141 142 145 148 159 163 164 168 171 178 181 183 184 187 192 193 199
953 106 107 118 129 141 142 144 161 164 176 183
171 100 103 104 105 106 107 110 117 122 126 127 129 136 138 151 154 157 168 171 173 175 177 180 187 189 192 193 200
458 107 109 111 113 117 124 125 126 127 133 138 139 143 161 162 168 170 182 186 188 190 193
467 107 115 125 128 132 133 135 137 138 141 145 151 157 158 162 172 176 195 200
497 113 116 122 127 129 131 138 147 148 152 155 162 163 164 168 170 173 174 175 181 184 193
257 105 109 127 131 142 150 151 153 165 168 171 175 180 181 182 195 198
238 107 108 110 122 124 127 132 133 135 136 148 157 162 163 165 167 174 175 176 181 186 187 191 199 200
704 110 113 126 130 133 141 154 157 161 173 176 180 186 187 189 195
497 107 108 109 111 115 119 122 129 141 155 156 159 163 168 170 183 193
263 110 113 126 127 141 146 147 153 154 155 159 166 172 176 179 181 185 190 195 200
818 111 114 115 140 147 148 154 156 157 162 164 166 177 181 185 189 194
957 111 112 115 116 123 136 137 146 148 149 150 155 158 159 162 173 181 184 185 189
386 123 125 131 138 165 167 169 177 183 192 193
563 114 115 119 123 124 126 132 154 159 166 167 174 179 183 186
236 114 128 131 134 138 139 160 171 172 173 181 182 184 188 191 193 197
217 114 116 117 127 139 152 154 162 168 169 173 178 196
671 121 122 127 128 131 137 149 162 190 191 192 198
475 118 122 132 146 155 161 167 170 173 176 178 179 189 193 198
445 117 119 128 134 135 136 143 150 161 168 169 184 189 193 194 196 197 198 199
835 125 133 146 148 156 161 165 168 170 174 182 184 187
504 119 120 123 142 143 145 147 148 153 154 157 158 174 176 180 185 189 193 198 199 200
217 125 133 134 138 143 156 166 167 182
514 134 138 142 151 153 161 170 172 180 181 182 189 190 198 200
553 122 123 124 129 130 136 139 149 151 152 156 161 163 166 171 178 179 185 196 199
827 124 125 129 138 141 144 151 156 161 162 163 165 170 174 177 178 179 180 184 188
947 127 130 135 140 143 165 168 173 182 186 187 193 194 195 197
193 126 141 146 148 157 158 162 163 169 172 176 182 188 189 190 192
424 128 129 132 139 142 150 152 160 166 173 177 182 186 190 192
957 128 132 140 144 158 159 165 169 180 182 190 191 194
693 130 132 159 175 177 180 183 187 192 196 199
776 129 132 133 134 139 140 142 147 153 154 156 159 160 164 172 175 176 185 187 188 193
935 131 139 150 153 154 155 162 171 173 175 187 189 191
193 135 137 146 154 156 157 159 163 164 171 178 179 183 190 192 197 200
735 134 135 139 148 150 151 153 163 166 168 170 178 180 184 195 199
284 133 145 153 159 161 168 170 177 179 181 183 192 193
140 135 140 142 146 148 149 154 160 161 169 172 176 181 196 198
304 141 155 160 164 168 171 180 182 193 195
958 137 142 145 146 147 155 160 162 168 175 187 190 193
781 144 145 147 152 154 157 172 177 182 196 198
797 138 140 145 146 156 164 169 180 182 183 188 190 198 200
682 146 153 162 182
460 147 152 154 156 157 159 166 177 187 188 189 190 195 200
948 142 144 150 154 158 162 163 166 167 169 170 179 186 188 190 197 199 200
487 146 159 165 166 168 171 182 185 187 192 198 200
132 143 149 160 162 163 164 170 171 173 174 176 194
992 156 158 173 182 185 186 195 197 198 200
165 147 152 157 159 164 165 167 168 175 176 193
433 161 166 172 191 195 196 200
151 154 157 159 161 166 170 175 179 183 193 195 198 200
292 154 161 169 175 182 183 188 191 193 197 198 199
794 150 154 163 167 171 176 182 184 200
423 159 164 169 170 174 177 179 180 185 187 197
974 158 160 170 173 175 178 180 188 189
742 153 157 177 179 186 187 190 195
829 157 158 161 174 176 182 183 188 191 194 196 197 198
755 154 160 175 178 185 187 188 199
481 164 176 178 180 192 196
848 160 163 170 175 176 178 179 182 187 190 193
250 158 181 185 187 200
203 161 171 173 175 180 182 187 194
366 160 173 178 179 184 185 186 190 193 196 198
114 172 173 174 180 187 190 191
327 170 171 175 176 182 187 189 191 195 196 197 198
558 162 165 169 176 182 189 190 196
601 167 170 172 174 175 180 181 185 186 189 191 199 200
398 178 191 192 195
308 170 171 172 175 181 191 196
660 166 171 179 182 183 186 187 198
394 171 181 182 183 185 193 197
917 168 174 175 176 180 181 182 184 194 196 198
347 177 180 182 184 188 193 194 195 197
772 172 188 192 193 198 200
799 173 174 178 179 180 183 184 191 194 195
382 174 178 179 181 184 187 188 190 192 197
931 174 189 198
945 175 182 194 199
745 177 182 188 190 192 198 199
749 176 177 179 180 181 187 188
716 191 197
222 183 190 197 200
122 179 185 186 187 198 200
203 183 186 196 200
273 188 191 193 199
356 187 192 194 195
418 188 198
807 190 192 194 196 198
394 188 191 195 196 199
235 186 190 192 193
296 198
995 190
528 189 197 200
598 191 195
718 194 200
748 194
726 194
936 197
969 196 197
771 198
282
398
136 199
396
232
