75	10	1000	1
0	186	3
0	102	14
0	169	5
0	154	11
0	179	5
0	112	7
0	133	5
0	108	8
0	128	7
0	109	10
216 8 11 20 23 27 31 32 49 56 63 64 67 75
276 5 12 15 20 35 37 39 40 42 46 48 54 58 63 66 67 73 75
181 4 6 8 15 16 22 27 39 49 55 74
214 16 23 24 26 29 47 55 73 74
234 9 11 23 31 34 35 36 37 42 48 56 60 62 64 69 70 73
240 8 15 24 38 49 50 52 53 55 58 59 60 64 67 68
252 21 27 35 37 44 49 50 56 60 63 72
231 10 11 14 16 20 21 26 28 31 47 48 50 54 55 57 73
227 19 23 29 36 39 49 51 57 62 63 67 69 72 75
290 20 21 22 28 36 48 53 55 56 62 64 65 72 74 75
183 14 17 27 32 41 44 51 52
288 23 24 27 31 35 38 42 44 45 47 50 51 52 57 58 61 66 71
187 19 20 26 27 28 39 40 41 48 51 53 55 57 58 63 64 67 72 74
250 18 19 25 27 28 31 34 42 44 46 50 51 55 56 65 67 70 71 74
244 27 32 33 38 41 47 48 50 57 58 62 65 75
159 17 26 27 28 31 38 53 59 72 74
272 18 22 28 29 50 51 59 64 65 67 72 75
289 27 31 34 38 46 51 53 56 60 70 74 75
198 20 22 31 43 45 46 50 54 61 63 67
158 23 30 34 35 40 45 47 52 59 69
159 29 35 36 39 41 54 65 70
235 40 44 54 59 60 65 68 69 72 74
295 28 35 43 50 52 54 63 65 68 73 74
211 25 28 39 40 55 58 59 60 63 68 69 72 74
290 26 28 37 40 42 45 47 51 58 61 64
224 33 34 35 37 43 60 63 67 72 75
205 31 32 34 43 48 49 56 57 61
154 37 40 55 56 57 59 64
245 33 37 39 41 45 46 47 50 63 70
161 35 44 49 54 56 60 61
297 33 34 36 41 43 46 51 61 63 66 68 69 70 73
197 33 34 40 46 61 62 64 70 72 73
165 41 43 45 51 58 62 65 71
185 37 38 42 43 51 54 58 60 72 73 75
175 38 45 56 58 61 69
165 37 42 43 44 46 48 49 68 69 75
283 40 45 46 47 50 57 60 65 66 67 72
179 39 50 51 55 64 74
212 41 55 59 61 64 66 67 71 73 75
166 47 53 61 62 65 68
288 43 51 52 63 66 67
297 44 45 46 53 56 59 66 68 70 71
171 51 54 58 62 64 66 70 71
179 47 50 53 56 57 59 66 67 70
198 55 59 67 69 72
257 54 55 56 65 70 75
227 48 52 60
230 53 54 55 56 58 63 64 65 69 72
284 58 61 75
165 56 59 75
241 52 61 65 67 70
293 57 60 61 63 65
283 68 69 70 73 74 75
173 56 57 60 65 73
173 57 61 74 75
167 60 62 64
276 59 65
300 62 70
274 62 68 69
185 61 62 63 65 74 75
187 62 67 75
272 68 74
153 67
275 67 68 75
224 71
205 67 70
202 70
223 69 72
248 70 71
216 71 73
257 75
220
286 75
168
155
