50	10	10000	10
-2	1294	3
-2	1455	6
-2	1093	4
-1	1610	3
-5	1817	5
-3	1394	7
-4	1324	4
-1	1589	4
-1	1247	9
-2	1297	5
766 12 17 25 27 30 35 37 42 47 49 50
1437 3 9 12 13 14 25 27 32 37 38 40 41
1227 4 6 10 19 21 27 40 45
1273 18 31 35 43 44 46 49
817 6 11 13 17 21 28 36 48
1247 8 15 19 25 27 39 45 46
1220 13 17 18 21 22 24 26 28 29 30 31 38 39 44 49
958 11 20 24 33 44 50
1223 16 19 22 28 29 36 38 40 41 43
1016 19 22 25 36 41 44
788 16 19 20 24 26 27 29 33 35 36 38 40 44
1423 15 24 25 28 29 31 32 35 37 38 40
1322 17 23 24 34 35 40 41 48
1413 34 39
1125 16 18 19 21 31 39 46
727 19 23 32 34 35 38 40 46 47 50
541 21 26 34 49
1440 31 38 40 41 42 44
1133 22 28 29 47
611 22 23 25 31 45 47 49
1064
1420 27 29 30 33 34 38 50
603 36 40 41 43 47 49
944 28 31 32 38 42 46 47
1347 44 45
749 27 29 30 38 41 46 48
582 33 35 44 48 50
1060 38 44 48
1364 34 35 41 45 46
1276 34 38 43
997 35 44
595 34 35 36 40 41 44 46 47
1491 38 40 43 44 45 49 50
988 47 49
1126 39 50
1455 50
1488 39
1431 40 42 46 48
983 41 44 45 46
1489 41 43
1386 45 46 47
1324
1322 44 45 48
1396 49
1334 49
866
1222
695
708
1060
