200	10	200	10
-4	38	26
-5	33	20
-3	25	18
-5	23	21
-3	34	19
-4	25	13
-3	27	19
-1	25	14
-2	23	27
-3	33	23
54 11 12 13 20 31 40 41 65 66 67 70 71 75 81 85 86 87 90 93 95 108 113 122 123 128 133 137 140 143 148 167 173 175 182 185 188 193 199 200
30 4 7 9 11 14 15 21 32 33 34 35 38 39 40 49 57 65 76 84 85 95 99 109 115 121 124 128 129 147 155 174 178 184 190 198 199
43 4 13 16 18 20 21 22 26 27 36 40 49 72 76 80 85 87 94 106 108 112 113 114 125 133 137 139 141 146 152 157 160 164 166 176 178 181 183 191 194 197
59 6 12 15 24 31 58 59 60 68 69 71 74 77 78 83 95 96 103 105 115 116 129 130 141 143 155 158 171 174 176 178 183 186 187 189 190 199
57 17 25 32 34 37 40 46 48 50 53 55 57 58 60 63 65 67 72 79 89 91 92 97 98 103 107 137 138 155 162 172 174 178 183 185 187 192 194 198
53 12 19 21 30 33 51 52 63 75 77 78 79 80 92 96 98 100 110 112 128 129 135 139 142 143 147 166 167 171 173 178 179 182 183 190 198 199
45 8 21 22 27 33 37 40 41 45 47 51 54 55 57 58 67 69 74 77 79 88 108 110 112 121 124 129 135 140 142 143 145 151 153 160 161 166 170 176 182
37 19 21 23 33 37 42 52 55 61 63 71 74 79 80 89 91 93 95 97 98 99 105 108 112 119 120 124 125 139 140 146 148 154 163 167 169 173 179 185 190 193
49 10 17 18 20 22 42 51 56 58 65 68 71 84 86 88 95 99 101 107 111 112 115 116 119 127 134 141 149 157 159 167 170 174 184 190
60 15 22 25 29 30 32 37 41 46 47 49 51 56 57 63 65 75 76 77 79 84 86 87 88 89 92 93 94 95 96 97 98 103 104 107 111 114 115 116 118 119 121 129 134 146 148 149 150 151 154 156 160 161 162 164 171 176 182 184 186 193 195
49 17 19 26 27 33 42 43 47 51 54 59 67 72 79 84 85 104 120 130 131 136 147 154 160 164 168 169 170 176 178 185 190 191 198
32 15 22 26 30 31 32 36 43 45 55 56 76 78 88 92 95 96 97 107 108 109 111 119 124 125 146 149 158 164 171 174 177 182 191 198
44 16 17 19 22 27 30 34 36 44 45 49 50 54 60 64 68 69 79 82 83 87 90 92 97 98 101 104 113 114 119 127 131 137 139 141 149 152 153 156 157 174 179 180 185 188
33 21 22 32 34 50 52 53 59 70 74 84 100 106 110 117 124 126 128 134 136 141 144 149 167 170 179 181 182 187 191 197
43 18 32 33 36 43 51 58 65 68 70 78 81 90 91 92 93 94 96 100 102 105 108 111 117 123 134 137 151 155 162 167 168 182 185 192 195 196
37 20 21 24 25 37 39 43 47 54 56 57 58 61 62 63 73 87 88 92 95 98 103 104 106 112 124 131 136 139 145 158 162 165 172 180 182 185 187 192
46 18 19 24 32 42 44 47 54 62 72 74 80 82 84 87 98 100 101 104 111 112 113 121 122 131 132 133 137 141 151 153 161 167 169 179 181 193
58 24 25 29 37 43 45 49 54 59 62 66 67 73 74 76 82 86 88 92 95 96 106 108 116 119 126 137 142 147 148 165 170 171 175 182 198
58 20 21 36 37 40 42 43 65 86 87 92 96 102 107 108 110 130 133 142 146 148 149 150 152 154 155 157 163 173 174 177 179 185 187
46 25 29 33 39 48 59 73 75 76 82 91 96 100 107 109 117 119 127 136 141 164 174 175 176 178 179 197
45 41 43 45 50 55 66 69 77 82 88 92 96 111 112 118 124 127 132 140 141 142 147 153 156 157 162 164 168 175 177 185 186 190 199
53 24 33 39 43 46 56 65 66 73 82 85 87 97 113 123 125 126 141 150 151 159 164 165 172 175 177 182 183 191 194 197
40 26 35 42 49 57 60 66 72 79 86 90 91 98 100 103 105 116 120 122 136 139 140 147 148 160 164 170 174 181 184 186 187 193 196
33 25 27 32 34 38 43 44 45 46 49 50 56 57 64 65 90 91 95 99 112 121 124 141 143 145 146 187 188 191 192 196
51 27 30 32 40 41 45 55 57 63 67 70 71 80 81 83 86 89 91 110 126 132 135 139 142 148 158 163 183 187 193 195 197
33 28 31 32 33 35 43 47 59 66 74 87 89 102 103 104 112 118 130 133 135 137 141 151 155 158 162 168 176 180 192 193 196 199
57 30 36 41 42 44 46 48 50 60 64 66 67 68 77 79 84 95 98 103 104 107 110 120 125 130 134 136 155 156 166 167 171 186 188 196 199 200
38 34 52 60 76 87 88 93 112 114 116 124 128 132 137 152 154 156 161 167 169 170 179 182 183 191 195 200
48 34 44 45 47 54 55 56 60 62 68 73 79 84 103 107 110 112 122 124 126 127 132 136 144 146 152 155 162 172 179 183 193
59 32 42 44 52 61 62 63 71 72 74 78 84 88 89 92 94 96 106 108 110 112 115 116 120 129 132 136 149 155 157 159 170 171 175 177 189 198
35 37 50 67 77 92 93 99 110 115 128 132 135 146 149 155 157 165 166 167 169 172 178 188 196 197
31 34 36 38 40 46 49 51 61 66 75 76 77 80 81 85 92 99 100 104 108 117 119 120 123 127 129 137 157 159 162 163 165 174 176 179 180 181 184 193 199
39 37 44 57 60 74 80 83 86 87 90 107 108 111 116 117 123 124 130 143 145 146 148 159 160 163 165 172 175 179 182 184 186 188 190 193 200
38 35 36 39 41 45 48 52 53 56 58 60 63 68 69 71 74 77 78 99 104 108 109 111 112 117 118 119 127 129 130 136 141 145 156 160 163 179 188
39 45 47 50 52 54 61 69 81 84 87 90 94 109 125 126 152 156 159 165 166 168 171 175 179 181 189 199
57 40 44 45 47 50 52 62 66 67 70 83 84 86 93 101 104 108 111 117 140 143 146 154 157 166 170 175 181 182 183 184 187 191 192 196
41 57 67 76 84 85 100 113 120 122 127 131 139 146 150 155 165 177 182 188 196 199
45 43 44 45 47 50 60 63 76 77 105 106 108 116 118 120 122 123 127 128 134 137 142 153 154 174 176 199 200
51 40 41 66 80 83 89 91 104 108 115 120 125 128 130 136 142 149 150 154 156 160 166 176 179 182 185 190 192 195 196 197 200
37 50 52 55 67 70 73 80 82 84 94 95 98 103 107 113 123 129 137 139 144 150 158 161 166 172 184 185 187 198 200
40 60 72 75 88 95 97 104 106 111 117 118 121 122 124 126 133 137 140 150 152 156 159 166 176 178 183 188 190 192 197
47 44 46 48 52 60 61 62 71 72 76 80 84 85 87 89 110 118 119 126 135 137 151 152 155 157 158 178 180 182 183 184 185 194 195 196 198 199
43 45 50 53 55 75 79 80 83 88 93 95 96 97 99 100 101 106 109 113 114 127 130 136 139 142 146 159 174 179 195 198 200
40 49 52 60 64 80 81 83 84 90 99 121 124 127 128 133 139 143 146 152 165 170 173 175 177 179 181 183 187 191 200
48 46 50 67 72 100 103 105 109 112 113 114 117 118 120 126 130 133 134 135 139 145 152 153 154 162 163 164 171 181 183 192 193 194 195 196 198
59 59 66 71 74 77 80 88 90 104 110 114 117 119 122 129 130 135 138 141 145 146 148 150 151 156 160 163 173 174 179 180 182 188 190 191 198
43 50 61 64 68 73 78 79 81 82 86 87 89 101 102 110 115 123 128 130 136 140 144 148 155 158 166 174 178 185 188 190 195
33 55 56 59 62 67 70 75 80 88 91 94 97 98 100 101 105 110 112 113 117 131 132 135 138 139 147 148 154 157 162 169 171 173 174 179 194 195 197 199
42 50 51 55 57 64 66 69 70 79 80 86 92 99 104 115 118 127 129 133 140 151 156 166 168 177 187 194 199
55 64 69 71 77 87 89 94 109 122 124 126 141 144 146 158 164 183 197
50 55 59 61 66 70 79 81 85 95 100 103 105 111 120 123 129 132 134 135 143 144 145 155 165 168 171 179 181 185 190 192 193 195
35 56 65 70 71 72 76 78 79 83 97 104 112 113 131 132 133 137 144 150 166 167 169 178 179 185 187 188 195
60 66 72 74 85 94 95 97 99 105 107 115 117 118 137 141 142 144 151 155 156 158 159 161 169 173 181 183 186 191
42 60 61 62 68 72 73 89 98 103 104 111 118 122 123 132 134 140 142 154 155 157 164 170 184 192 195 198 199
31 58 61 66 71 77 94 107 115 116 119 125 134 136 138 152 155 161 166 169 171 180 181 184 190 192 195 197
53 58 60 66 68 72 73 80 86 90 93 100 118 121 133 137 145 150 151 155 166 175 182 184 185 188 191 192 196
38 71 72 73 74 80 95 96 97 101 103 107 109 111 124 143 145 161 163 164 178 183 193
44 62 63 67 68 69 70 75 79 84 87 93 99 106 109 111 112 113 120 121 123 128 129 133 143 150 152 154 158 161 163 182 185 188 189 198 199 200
30 68 69 74 76 82 86 87 89 92 96 97 99 109 112 117 120 121 122 123 131 132 135 146 153 159 164 170 171 172 174 175 176 181 183 185 191 192 197
55 62 63 64 65 82 85 86 95 96 103 121 133 139 146 152 154 159 161 164 172 173 176 180 181 186 188 190 191 197
32 63 67 68 84 99 107 113 115 122 132 134 137 148 150 151 153 154 155 162 169 171 186 187 189
35 69 73 77 80 86 87 89 90 97 105 106 108 110 114 117 120 126 132 133 144 149 161 166 167 173 180 184 185 187 198
42 72 73 76 82 88 95 105 107 110 114 116 121 123 136 148 151 153 156 160 164 179 182 183 189 190 195 199
56 65 67 68 71 73 88 90 100 105 107 127 130 133 136 148 150 156 161 163 171 179 181 184 190 193 196 198 199
55 68 70 81 96 101 102 110 114 117 126 130 133 150 154 159 166 167 170 172 176 177 179 180 183 189 196
38 67 72 87 91 94 95 98 100 117 125 127 131 141 151 154 162 163 172 174 175 178 183 184 192 195 197
51 71 93 94 95 96 104 111 114 115 118 120 121 122 130 133 134 135 145 147 153 155 163 178 188
46 77 82 87 88 95 103 105 115 121 125 128 131 134 144 153 154 155 156 164 165 170 174 180 183 194 197
47 72 74 79 80 94 119 131 132 133 134 139 144 145 155 162 169 179 180 186 188 196 197 200
41 75 83 89 101 107 115 117 127 128 133 149 154 155 163 165 192 193 196 197
51 74 76 78 93 100 105 106 119 120 139 152 155 178 187 193 195 196
46 80 85 91 110 111 113 114 118 123 124 125 128 130 132 136 138 142 146 157 162 169 174 175 184 186 188 193 194 197 200
45 76 82 83 84 100 101 105 115 116 118 123 128 138 146 148 152 156 158 167 170 172 175 178 180 182 189
54 86 92 102 106 107 114 122 124 129 131 133 138 141 142 144 145 146 155 158 160 163 165 173 176 178 184 185 188 191 196 198 199 200
55 84 86 89 97 100 101 102 107 110 111 114 116 117 123 132 133 157 161 166 177 178 186 188 195
55 78 79 88 89 90 91 102 103 104 105 108 112 118 122 123 128 131 132 133 138 141 164 175 176 178 181 182 187 188 190 191 197
47 79 82 89 90 93 98 108 113 117 118 124 126 128 129 131 132 135 136 137 141 146 161 165 171 173 183 190 191 192 193 198
44 80 83 91 96 102 103 105 113 117 120 123 124 129 144 150 153 167 170 172 174 182 189 191 196 197
34 82 95 101 104 106 108 115 120 121 133 138 143 145 149 162 182 187 199
48 82 85 88 103 105 108 118 119 120 123 125 129 133 142 151 152 155 156 158 164 171 176 177 178 180 189 197
42 110 115 119 121 130 136 143 147 149 160 161 164 169 171 172 180 181 183 191 192
48 83 92 96 101 103 105 108 109 116 137 138 148 150 152 153 154 161 163 168 175 183 190 192 194 195 198
39 103 113 118 124 125 130 134 143 144 146 154 166 170 180 184 186 189 192 193 200
47 85 87 93 94 101 102 104 110 117 123 130 131 134 151 154 155 156 180 181 188 190 198
36 104 105 111 113 115 116 121 132 136 137 138 143 144 148 152 153 157 166 169 174 187 195
60 88 93 94 98 99 100 103 104 107 128 137 138 160 163 171 173 177
35 92 96 105 107 108 110 116 117 120 122 123 130 132 144 149 150 178 181 184 186 190 193 196
39 89 90 95 96 102 105 111 117 129 132 133 137 141 148 150 152 154 161 162 167 170 178 184 191 192 199
59 90 96 100 106 116 123 127 131 134 140 142 143 146 153 155 160 163 170 177 180 192 194
55 94 99 106 110 114 115 116 120 128 129 139 141 154 166 174 187 192 195
54 93 109 123 127 128 130 138 141 148 150 151 154 158 159 161 174 179 186 187 188 189 193 199
37 103 104 107 109 112 113 117 129 134 141 143 145 147 157 165 166 183 184 193 196 198
51 94 100 103 123 130 135 137 138 139 144 146 155 174 177 181 187 190 191 192 194
50 96 103 104 110 112 113 116 119 123 129 144 147 151 159 167 171 172 173 174 177 183 186 189 196 200
31 96 103 106 108 116 118 120 124 127 133 137 139 140 151 156 162 163 165 169 183 186 189 190 195
39 98 104 115 117 125 129 132 133 138 147 158 159 162 177 186 192 200
58 99 105 108 109 122 136 140 145 146 152 164 165 169 171 172 176 181 185 189 192 196 199
36 100 104 105 110 111 122 144 154 167 172 174 175 178 180 185 186 190 191 198
36 113 119 127 136 147 150 155 157 162 165 173 177 180 183 184 185 193 195 198
56 109 116 121 124 126 132 137 141 143 145 148 149 158 164 170 172 175 178 181 182 184 187 188 192 197
60 103 107 141 144 151 164 169 172 173 178 198
41 106 114 115 116 126 127 128 141 145 149 155 185 188 199 200
44 107 108 110 111 113 126 127 128 129 130 137 141 144 157 158 159 164 167 168 172 190 192 195
56 106 112 116 121 123 124 128 137 139 144 145 147 154 157 166 172 175 176 177 178 179 180 182 185 186 192 193
58 116 120 121 130 132 133 135 140 144 149 153 178 186 197
33 119 121 130 134 148 154 157 161 165 181 183 187 192 196
58 108 110 116 125 127 129 132 152 156 157 160 163 164 165 179 183 186 189 191 196
46 117 123 126 127 131 133 145 146 149 156 163 167 175 177 180 190 192 199
45 110 113 118 119 124 136 140 144 158 159 162 165 168 169 176 195 198
56 117 121 125 130 131 141 147 155 156 157 166 172 176 177 179 185 188 190 194 198
43 115 122 124 125 130 140 145 148 154 156 159 160 161 162 174 175 177 182 186 194 199
35 138 144 146 148 153 154 155 159 160 162 164 173 174 183 184 193 195 199
44 116 122 134 139 140 146 149 152 154 155 159 162 164 171 172 178 179 182 184 185 189 193 194 200
55 115 117 118 121 139 143 147 155 160 161 162 168 169 170 171 172 181 195
36 121 134 142 147 151 156 158 165 166 180 194 199
54 118 120 132 136 153 163 164 167 184
41 118 120 124 128 130 131 145 146 152 156 163 164 167 173 178 182 184 187 188 197 198
45 129 133 140 141 142 153 167 172 179 182 184 186 192
30 126 134 147 148 151 155 164 165 170 174 182 189 199
30 126 134 136 143 154 155 164 166 171 172 174 177 180 185
59 128 131 132 134 149 159 165 172 187 192
53 132 139 148 150 161 162 167 173 174 178 180 193
46 124 129 136 140 142 143 144 160 163 176 179 184 189 191
37 129 142 145 146 147 148 149 151 152 153 162 163 168 174 176 177 190 191 194
36 133 134 140 153 156 157 159 160 166 170 173 180 183 195 197
39 129 136 141 143 145 149 152 153 157 162 169 182 183 189 195
40 138 139 147 148 150 154 155 160 166 169 170 181 183 184 192 194
51 140 143 152 154 162 170 172 174 178 180 183 187
51 134 144 146 149 150 157 160 162 168 177 179 188 189 194 200
51 137 139 141 143 145 148 151 155 164 165 175 186 188 198 200
60 140 144 145 146 152 154 155 159 166 172 181 182 186 188 191 197 200
57 139 141 155 156 163 165 173 175 178 187 195 196 200
40 148 153 158 160 169 170 171 180 184 189 199
56 137 151 152 154 157 158 159 160 164 165 169 173 175 179 180 184
55 153 161 163 168 170 188 190 191 198 199
32 143 144 145 149 150 154 163 165 168 171 173 176 179 180 188 189 191 196 200
45 140 141 144 145 149 154 162 171 177 181 194 198
33 145 149 157 158 160 163 169 171 173 174 179 193 195 199
52 141 142 160 163 167 169 173 178 181 186
54 143 149 153 158 186 191 199 200
60 146 153 162 172 178 181 186 187 193 198
54 154 155 156 157 173 177 178 181 182 186 190 199
48 145 148 149 150 152 153 154 164 175 185 187 189
32 145 147 150 152 156 174 176 180 183 192 198
41 151 154 167 185 194 196
41 150 153 157 158 159 165 176 179 180 184 185 189 194 198
43 149 151 161 162 166 174 184 189 200
40 149 152 159 167 174 185 186 189 195 197
45 154 164 166 177 182 185 187 190 195 197 199
54 153 156 169 177 179 184 192
30 152 153 157 160 161 167 182 183 187 188 200
43 162 169 174 178 179 182 195 198
58 157 158 160 161 164 168 174 177 181 182 195 197
57 170 171 172 175 176 177 189 190 200
41 160 169 173 177 185 190 198
51 158 167 169 173 181 188 189 191
35 162 168 176 181 184 188 191
47 164 176 177 180 182 185 189 190 194
51 162 163 165 170 187 189 197
42 169 174 176 181 191 196 200
46 166 167 187 188 191 199
48 172 179 182 188 196 200
36 164 168 169 174 180 184
30 171 175 177 181 184 185 193
55 169 170 172 173 179 181 183 185 186 195
38 169 170 175 176 193 196
38 169 170 171 179 190 193
44 169 176 177 180 182 184 185
50 170 173 175 176 180 182 184 187 189 196
30 175 178 179 180 187 189 190 192 193 195 198
39 174 177 179 186 197
59 175 183 189 191 193
41 175 178 182 187 190 192 193 197 198
45 175 181 190 192 195
59 181 186 187 188 192 194
49 178 182 183 190 195 196
48 178 184 193
34 179 186 189 194
43 181 183 185 186 194 196 200
42 193
39 184 190
48 187 188 194
60 188 200
47 185 188 196 198
55 187 196 197
47 191 196
33 188 190 192 198
36 190 191 193
42 191 192
43 191 192 198
60 199
56 197 198
36 194 196
40
55 196
57 200
34
49
32
30
