100	10	200	1
0	15	10
0	20	12
0	18	7
0	11	10
0	13	10
0	14	6
0	10	9
0	6	12
0	19	9
0	2	15
28 15 23 25 26 36 39 52 55 66 71 72 81 82 86 91 93 94 96 99
37 3 4 8 10 17 19 20 26 43 45 54 55 57 61 64 66 67 69 71 75 80 90 92
22 24 31 34 35 39 42 43 55 56 66 67 77 81 99
39 7 8 10 16 42 50 52 53 54 60 61 62 69 71 76 77 82 84 86 88 89 91 96
39 6 10 15 18 19 20 25 27 29 31 39 41 44 65 70 72 92 96
26 9 21 30 32 33 35 36 37 38 39 45 46 47 48 51 53 54 57 58 61 64 73 75 80 94 97
20 9 14 24 32 40 45 48 49 53 59 73 74 80 83 87 90 92 93 98 100
36 10 14 26 28 32 35 41 44 47 51 54 57 60 63 76 81 84 85 88 100
25 15 18 32 36 40 42 45 52 58 75 76 85 91 94 98
35 28 34 40 43 47 50 69 78 84 88 94 95 96
39 18 28 29 35 40 43 46 55 71 76 78 79 82 84 88 98 99
30 13 17 22 25 26 28 41 42 44 47 58 59 60 61 79 88
31 23 30 37 38 43 46 53 55 57 67 69 70 71 73 76 79 80 84 89 93 95 99
26 23 27 37 44 46 51 52 53 54 55 74 78 85 99 100
22 23 24 30 31 34 49 63 64 66 82 86 87 88 89 92
24 20 27 38 43 44 46 48 49 52 59 60 66 68 73 87 99
37 24 27 31 38 40 41 43 46 47 49 62 65 69 72 87 88 91 93 100
35 20 35 38 45 56 60 71 72 80 85 88 93 95 96 97
24 21 22 24 26 28 29 33 41 47 53 57 60 63 65 68 72 76 79 83 98 100
20 32 33 34 48 58 63 65 70 71 75 76 81 84 99
40 25 26 33 35 37 38 46 50 53 55 59 67 68 69 71 72 73 75 78 80 81 88 95 100
39 26 29 42 46 49 52 57 64 68 72 74 80 83 87 91 100
26 29 34 36 44 48 51 63 64 67 68 82 84 85 88 94 95 98 100
21 27 28 33 40 41 42 43 47 51 55 70 72 73 85 89 91 97 98 99
21 29 33 34 56 66 70 71 72 75 83 90 91 97
30 40 41 54 56 68 78 81 84 85 86 98 99
23 30 34 47 51 55 56 62 68 88 91 95 98
26 30 42 54 59 64 65 72 74 80 81 88 90
30 31 32 46 47 61 63 65 66 72 76 97 98
37 33 35 38 48 51 53 55 57 75 79 83 84 86 87 89
30 32 36 39 43 44 47 52 53 57 69 73 79 84 87 90 92 98
24 73 80 82 84 86 88 89 93 97
29 34 37 39 42 52 54 55 56 59 64 66 68 89 96 97 98 99
26 37 39 41 61 63 65 69 81 82 87
20 41 50 66 67 68 85 91 97
31 42 48 49 52 58 60 61 62 68 80 83 88 91 92 93 95
21 47 48 50 52 53 58 60 64 68 71 72 73 79 81 84 85 86 87 90 94
39 41 45 46 51 52 55 59 63 66 68 71 77 79 86 87 92
22 40 42 50 52 60 62 64 74 76 80 81 84 85 95
24 43 44 46 48 51 55 64 67 74 78 91 92 95
37 43 44 46 48 56 59 65 71 72 96 97
23 48 54 56 59 73 76 83 84 85 97
37 46 49 55 59 62 63 70 71 75 83 94
23 48 51 73 76 82 88 91
36 47 48 59 61 62 63 67 72 74 79 80 88 92 96
23 47 52 53 55 58 60 63 64 67 69 76 78 82 86 87 92 94 98
22 61 63 64 79 80 84 85 87 90 95 100
31 53 55 57 59 61 74 75 79 94 96 98
31 51 52 62 65 66 74 85 90 93 98
36 53 56 59 62 64 65 66 69 74
38 55 60 61 67 96 99
22 62 63 65 66 73 79 81 84 88 90 92 93
39 57 76 81 91 96
26 56 60 68 69 80 81 93 95 96 98
23 56 63 64 67 76 82 89 96 98 100
33 64 65 66 68 76 78 81 85 86 91 95
29 58 60 66 68 78 87 100
30 66 67 80 89 98
40 61 62 65 75 77 94 96 99
36 68 72 75 76 82 93 97 98
21 69 73 81 82 86 91 92 93
22 72 74 82 88 91 93
25 67 74 77 79 85 89 98
26 68 79 83 89 90 95 99
31 67 73 74 77 78 87 91 93 94
37 67 81 82 84 86 90 96
34 68 72 79 86 92 94 98 100
30 72 73 75 77 84 86 94 95 96 98 100
23 70 77 78 79 88 89 90 91 95 96 99
22 71 74 89 91 96 100
22 72 80 94 100
35 77 96 97
26 76 79 85 86 87 89 92 94 96
21 84 85 92 96 97 98
38 77 80 83 86 89 94
25 87 94
35 81 83 85 86 89 96 100
24 79 83 86
28 87 91 96
34 87 88 90 98
30 89 91 96 98 99
26 89 94 97 100
39 93 94 96
33 86 96
28 90
26 92 95 97
24 90 92 97 100
40 91 93 95
27
37
29 98
32
28 100
33 98
28 100
40
40
23
23 100
23
