100	5	10000	10
-4	971	21
-4	1370	22
-1	307	19
-3	1811	13
-5	632	25
2633 3 4 5 9 11 15 22 29 36 44 45 48 51 53 60 62 68 76 77 85 90 91 93 95
2747 4 8 14 18 26 35 42 64 67 74 75 79 81 82 83 86 97 98 99
2920 5 11 13 22 23 26 32 34 38 39 51 52 55 56 57 66 74 76 82 84 87 89 90
2824 7 10 14 16 22 23 27 47 48 49 51 56 58 62 66 88 92
2095 10 13 16 26 27 30 37 40 43 47 53 64 66 72 76 77 78 86 88 89
2626 8 9 23 24 26 31 37 39 44 49 52 53 57 64 72 78 79 81 83 90 95
2195 9 12 15 49 51 56 62 63 67 73 78 93 94 96 98 99
2082 11 14 26 29 30 31 35 41 42 44 45 64 68 69 76 82 84 95 96 98 100
2560 12 16 17 20 26 37 39 42 52 54 56 59 70 71 99
2091 14 15 16 31 32 33 34 35 37 39 45 49 50 67 70 72 73 74 77 80 81 85 90 95
2862 16 31 35 36 39 45 49 58 62 65 70 73 77 91 94 96 98
2919 13 20 21 33 35 40 45 47 57 59 68 76 77 78 79 81 82 86 92 96 97
2498 18 19 26 63 65 68 84 90 92 97
2749 21 23 37 38 43 44 50 51 54 56 60 62 66 74 75 76 80 81
2103 17 23 27 28 29 34 35 37 39 43 47 52 69 76 79 83 96
2027 19 23 24 28 35 39 40 43 46 48 53 62 67 68 71 78 90 92 93 100
2650 19 29 36 38 47 50 66 78
2037 20 23 31 33 46 49 50 51 55 56 60 65 70 72 78 83 91
2490 25 27 29 43 51 69 75 76 79 81 93 94 100
2959 21 22 32 33 41 55 66 74 78 79 82 90 91
2557 26 31 32 40 44 46 53 57 66 75 78 81
2516 27 31 34 36 37 63 65 71 72 75 76 86 90
2288 27 31 33 39 51 53 59 62 66 67 68 72 79 80 84 91 94
2773 42 43 44 48 49 61 77 79 80 81 86
2317 29 32 35 37 51 57 70 73 77 83 86 89 90 93
2989 29 30 56 68 70 72 77 84 85 89 90 94 95
2822 28 29 35 43 55 56 68 70 82 88
2822 29 31 38 39 41 55 56 61 65 68 70 72 76 77 83 84 85 93
2841 32 37 46 49 55 63 69 70 84 85 86 95
2033 32 38 53 54 68 73 74 75 77 88
2897 39 42 46 50 52 53 57 58 61 65 71 72 73 81 86 89 95 100
2945 40 41 55 58 59 74 84 93 98
2869 42 50 51 59 62 64 72 73 83 85 88 94 100
2916 39 50 55 60 65 67 68 72 74 75 76 83 88 93 96
2248 49 56 60 61 63 65 68 69 73 74 75 77 83 88 93 97 98
2380 38 48 55 56 58 75 76 78 81 82 83 89 95 96 100
2340 42 43 46 59 91 99 100
2875 40 43 44 45 52 59 68 76 79 83 84 87 88 93 97 99
2046 47 48 49 65 68 80 90 91 97
2620 43 52 64 65 69 73 76 85 89 91 95 96
2984 46 50 52 57 64 70 71 76 77 79 80 84 92 93 99
2735 64 73 82 86 90 91 94 95 96 97
2744 52 56 62 63 66 68 72 73 75 78 87 91 92 93 94
2991 52 58 63 74 76 80 81 83 98
2931 46 47 60 66 83 84 90 92 95
2483 48 63 74 80 82 84 95 98
2444 52 59 62 75 78 81 82 85 86 94 97
2625 60 66 68 71 74 79 85 86 87 89 91 96
2249 60 63 71 74 78 81 87 90 98
2720 59 61 71 74 75 78 82 84 90 92 96
2896 59 62 66 82 84 85
2564 57 58 59 60 61 64 85 86 91
2723 54 61 71 72 78 81 86 100
2834 57 59 67 70 91 98
2188 67 75 84 99
2487 62 74 75 76 80 86 95
2461 65 73 79 89 97
2084 61 68 84 85 89
2627 60 63 68 70 73 75 80 84 86 91 95
2865 62 73 76 79 84 88 92 94 95 100
2119 64 66 67 68 70 75 76 80 81 83 94 95 97
2853 68 75 89 90 92 93
2414 66 67 78 85 89 90 95 96
2366 71 72 74 80 85 89 91 92 98 100
2886 67 70 76 81 83 87 91 92 94 98
2727 78 79 80 82 92 93 100
2847 70 71 72 88 92
2111 71 73 76 78 85 87
2093 75 77 80 83 85 88
2324 75 76 77 78 83 85 93 99 100
2857 74 77 87 91 93 94 95 96 97
2593 73 77 78 82 84 94 95 97 100
2676 74 75 93 95 100
2835 76 82 84 86 91 100
2093 77 78 85 86 92
2913 77 85 89 91 94
2722 78 82 92 99
2923 81 83 89 93 94
2103 83 86 88 89 93 96 97
2488 85 88 90
2266 93 97 98 99 100
2937 87 95 98 100
2227 89 91 94 96
2458 92 96 98 100
2955 89 93 99
2208 90 91 97
2560 97 98
2294 89 95 100
2817 93
2247 95 96
2672 99
2699 98
2282
2831 98 100
2845 98 99
2645 97 98
2649
2616
2122
2022
