200	5	1000	10
-3	24	49
-3	99	35
-2	73	45
-2	64	33
-5	14	38
146 26 27 30 39 41 42 43 56 60 68 69 73 79 81 90 93 94 97 106 109 113 116 119 123 131 132 134 137 139 144 145 148 150 153 156 160 171 177 183 185 191 197
62 4 5 8 9 28 30 32 33 40 41 54 59 82 86 87 88 89 91 93 94 95 103 106 112 115 141 150 155 161 175 176 180 196 197
83 8 10 18 19 23 27 36 37 46 47 52 53 56 63 68 71 74 78 84 89 93 101 110 113 115 120 125 130 140 150 154 160 161 174 183
120 5 6 13 17 21 22 30 32 44 45 51 52 66 70 72 74 78 86 88 89 93 94 96 98 99 102 106 111 114 118 127 131 132 139 142 146 156 157 169 180 181 190 191 195
140 6 11 13 24 30 35 37 42 43 47 49 52 55 56 57 63 64 68 73 78 90 96 99 107 110 111 115 116 126 134 135 139 142 149 170 172 176 178 193 198 199 200
140 7 9 20 24 26 27 38 40 43 49 58 62 66 67 76 87 102 108 111 114 121 139 140 153 155 158 159 182 183 184 185 193 200
107 20 22 23 24 25 26 28 32 35 40 43 44 68 69 77 78 80 83 86 98 105 112 118 121 124 130 132 134 137 142 150 151 158 174 180 195
140 16 17 20 21 28 38 45 51 56 66 74 80 86 94 96 114 128 135 158 183 186 191 200
106 10 15 16 25 26 29 30 31 33 43 48 55 64 66 67 69 70 73 80 86 92 97 101 102 106 117 118 126 130 134 143 144 148 154 155 156 163 165 171 179 185 189 198
73 23 24 26 30 37 45 52 56 63 64 68 72 76 81 93 95 102 108 115 121 132 134 143 169 171 181 186 187 188 193 194
110 12 17 27 29 30 42 52 53 54 55 60 65 69 81 82 85 90 106 109 111 113 130 131 136 140 141 142 144 146 156 160 164 165 167 170 172 174 184 195 200
69 25 26 27 32 34 39 40 41 49 51 56 59 60 61 67 73 76 80 85 89 93 94 97 100 109 112 113 124 127 132 139 140 142 143 150 155 175 181 182 184 194
128 23 24 27 31 35 39 43 60 65 71 72 81 83 85 89 99 102 119 123 129 130 142 145 146 148 150 151 153 155 159 169 174 178 179 183 191 193 198
57 15 16 17 30 34 42 53 55 57 59 63 65 66 67 69 70 78 86 89 106 111 112 120 121 123 130 131 132 147 149 160 165 169 174 175 177
127 18 28 31 35 41 43 44 45 51 52 60 64 69 85 88 98 118 122 123 133 139 141 142 143 146 149 152 155 162 174 177 179 183 196
53 17 19 34 45 62 63 68 82 84 94 95 98 101 102 113 116 119 127 130 139 148 151 155 164 169 170 171 172 175 178 196 200
64 19 24 28 30 31 39 43 44 68 70 71 72 73 74 76 77 81 83 88 89 107 110 111 113 123 125 128 141 147 157 159 160 164 165 167 183 185 190 191 196
127 19 27 29 32 38 40 49 51 53 55 64 65 69 72 82 87 88 94 100 104 108 121 125 126 128 130 142 144 146 148 150 153 156 160 167 182 199
141 20 23 30 42 46 49 51 52 53 60 61 64 66 68 70 73 88 89 94 125 134 137 147 154 155 156 158 167 188 196 198
143 24 25 29 35 36 45 46 59 67 79 86 97 100 102 106 110 114 118 119 122 123 129 130 135 147 151 155 161 165 167 172 175 176 188 200
136 30 33 50 51 52 55 58 61 69 72 77 83 88 90 91 93 103 110 111 112 115 117 120 122 123 126 131 139 140 143 149 154 164 168 172 174 177 181 186 196 197
129 29 30 31 39 46 47 54 63 68 73 77 79 84 87 88 105 109 111 113 114 121 127 134 138 140 144 146 163 175 179 191
83 31 37 54 60 63 66 74 93 97 104 108 115 117 120 128 134 136 137 141 142 143 153 154 159 176 184 185 189 190 192
78 30 34 36 47 59 61 70 75 79 80 82 85 91 93 96 98 102 103 116 118 121 128 136 148 165 173 179 184 190 191 192 196 197
73 32 34 36 37 42 45 47 48 50 54 55 64 66 69 87 88 89 98 100 104 105 113 114 132 140 144 148 149 150 159 164 168 179 182 183 184
148 48 53 59 68 69 77 79 83 93 98 107 134 140 143 155 159 164 182 183 187 190 191 198 199
138 30 35 41 42 44 46 49 52 54 55 56 67 70 76 77 83 87 109 112 114 119 123 125 131 132 135 153 154 155 160 165 167 179 189 191 192 195 200
108 31 32 40 45 55 61 65 68 71 77 82 87 89 100 102 106 107 116 119 125 132 138 139 144 148 153 159 171 172 178 179 181 188 189 191 196 200
92 30 34 39 42 45 47 52 53 55 61 62 63 66 73 80 86 100 108 112 118 128 133 147 151 156 161 165 176 186 190 197 198
133 32 39 42 51 54 57 58 60 63 66 67 68 73 87 90 96 102 107 119 121 122 127 132 140 150 151 159 165 167 177 178 190 192
103 38 39 42 48 49 50 58 68 69 75 80 83 108 112 113 115 117 129 134 137 148 154 162 178 182 189 198 199
103 41 42 47 50 51 70 73 77 81 93 94 103 107 110 114 121 127 133 143 144 147 156 170 171 175 180 181 182 188 199
127 38 41 49 54 64 73 83 84 89 105 109 110 111 115 118 121 127 128 130 134 143 161 166 171 197 198
109 36 42 43 50 57 61 63 65 73 80 87 88 90 102 105 109 113 115 116 117 118 124 127 131 134 135 146 147 148 152 174 180 190 197
120 40 41 47 50 53 55 67 70 71 80 81 85 86 90 92 94 98 100 105 113 115 125 132 149 152 154 160 167 174 178 189 190
90 39 44 63 70 75 76 84 90 96 97 98 105 106 107 109 110 113 117 124 127 128 136 139 142 144 149 151 160 168 169 177 187 189 191 197 200
77 38 40 45 48 52 55 72 75 99 104 110 125 137 150 152 154 157 160 165 168 178 183 187 195 198
141 41 59 61 65 66 67 68 77 79 88 94 95 99 100 106 113 115 118 121 125 127 129 137 141 149 150 158 160 165 170 172 177 180 187 191 199 200
128 40 44 50 52 56 72 85 90 102 109 114 115 119 126 130 142 143 148 153 154 155 156 159 164 165 177 182 188 191 196
74 44 49 53 62 66 75 79 83 84 92 99 103 104 111 119 120 121 124 128 138 141 142 146 151 153 162 172 180 181 184 188 194
100 43 46 48 57 65 70 73 84 111 127 140 142 150 172 174 187 188 189 191 192
107 44 57 58 65 69 71 74 75 76 89 93 104 109 127 128 129 144 165 167 170 185 186
85 53 61 70 72 81 84 98 103 106 110 111 114 116 117 124 128 129 131 137 142 146 158 164 165 167 168 170 172 173 174 176 177 178 183 184 189 192 193 194
55 53 54 59 62 63 64 67 74 81 94 107 117 130 133 135 137 138 166 168 181 185 197
87 48 63 66 75 76 80 86 88 92 95 103 104 105 107 108 111 116 132 142 145 148 155 156 164 172 177 181 186 187 194 196
141 47 55 61 69 77 103 105 111 114 115 121 123 125 136 138 153 156 160 162 165 174 183 192 193 195 198
54 51 53 57 62 72 74 81 88 89 91 100 102 105 107 116 120 124 126 139 141 143 147 159 162 171 172 176 182 185 189 196
143 49 50 56 61 71 77 89 96 104 111 113 114 120 127 139 140 141 146 147 148 151 153 156 157 165 166 169 173 178 181 183
103 52 53 56 60 61 63 73 75 79 83 84 89 99 101 103 111 116 118 122 124 130 131 132 134 141 146 154 160 161 170 172 174 182 190 193 194 195 196
124 51 58 62 63 74 85 87 90 91 94 97 114 115 134 137 141 154 156 169 174 184 192 193 197 200
114 54 55 61 69 75 77 86 87 88 92 96 104 106 111 120 124 129 133 136 139 142 146 149 152 160 170 171 172 181 188 190 195 196 198 199
86 55 62 76 82 86 90 91 92 93 103 110 112 113 118 121 123 127 129 130 131 133 135 136 137 147 155 159 160 167 173 178 181 182 186 190 197 199
128 65 66 73 83 88 94 114 123 125 130 137 143 145 165 166 170 172 173 177 178 179 181 182 184 185 186 187 188 190 193 194 196
92 57 68 70 77 92 99 101 103 114 115 116 119 122 128 130 133 141 146 150 158 160 165 166 168 170 171 173 178 191 194
78 62 66 71 83 84 85 91 95 96 99 104 110 112 116 127 139 140 145 146 149 151 153 177 180 194 195
119 61 79 85 88 96 106 110 111 116 117 118 120 123 127 138 139 156 162 163 165 166 172 176 178 183 185 187 188 193
73 63 71 73 75 84 91 96 117 121 127 129 131 133 135 140 142 145 147 151 153 156 158 162 164 167 168 169 171 172 184 187 190
61 69 71 79 89 94 103 109 110 114 115 117 119 122 126 127 130 137 143 144 146 149 154 160 163 178 184 187 191 193 194 195 196 197
80 64 69 70 72 85 97 101 104 109 113 116 117 118 119 122 146 148 150 152 154 161 163 167 170 176 181 189 190 199
74 66 67 68 71 76 79 86 96 97 98 99 100 104 106 107 109 116 126 133 138 152 153 166 170 171 176 184 187 198
64 66 74 76 79 83 87 90 95 97 100 103 109 114 124 126 129 130 139 141 153 157 170 173 179 183 185 188 190 191 195 198 199
97 69 75 77 80 88 89 97 109 111 115 122 136 142 147 152 153 161 162 172 175 176 181 188 195 196 200
150 69 71 72 77 81 92 93 94 102 109 112 113 128 130 146 147 152 153 158 159 162 173 179 183 186 188 190 192 194
139 68 75 76 80 81 82 85 93 95 100 104 118 122 123 125 128 129 134 146 154 168 173 176 179 189 190 192 194 200
131 70 72 74 78 83 90 91 96 101 112 113 117 118 120 122 126 129 130 133 147 161 171 178 184 193 197 198
74 68 72 77 80 87 94 111 129 130 132 135 157 164 168 170 175 178 183 185 186 191 195 200
111 68 70 84 97 98 101 102 104 105 110 112 113 116 117 122 123 125 128 134 135 136 139 140 142 146 147 148 154 156 160 161 162 176 178 182 187 190 192
122 71 90 91 93 101 117 126 135 141 146 147 149 155 156 157 160 163 167 170 172 179 186 189 190 193 194
139 74 80 81 82 83 94 96 113 116 118 120 125 131 133 134 137 140 146 154 161 172 174 176 177 180 183 187 189 190 191 196
150 77 81 82 85 92 94 104 107 125 129 130 135 143 144 147 161 163 164 167 170 171 175 177 183 189 191 194 198
106 73 75 77 81 83 85 108 112 114 122 123 124 125 126 129 131 133 155 159 168 181 182 185 186 187 188 189 193
67 76 82 83 91 99 100 103 113 116 124 131 139 146 149 152 153 157 162 167 170 179 187 188 191
70 74 82 83 84 88 90 93 100 106 107 110 112 123 127 134 135 136 142 144 145 146 148 170 179 182 183 184 186 190 196
139 83 84 86 89 97 101 103 122 123 124 126 127 135 145 146 148 152 158 162 164 168 176 180 181 192 196 199 200
103 77 79 80 87 88 89 90 99 108 114 115 118 125 126 134 138 144 145 146 147 150 154 158 165 166 169 172 173 176 177 179 180 181 183 189 192
142 82 87 88 90 94 97 109 117 121 122 133 137 139 155 157 163 170 176 179 184 199
127 80 83 103 104 108 110 114 115 118 122 123 124 130 133 138 139 142 145 146 154 165 172 176 195 196 198 200
138 79 83 97 108 109 110 112 118 123 125 139 154 160 175 186 187 191
82 82 84 89 96 114 116 118 126 129 134 137 151 159 160 172 180 191 194 196 198 200
64 84 88 90 96 105 106 107 108 110 119 121 124 130 133 135 142 143 145 151 154 157 162 166 170 173 176 186 187 188 190 199
72 87 90 95 99 106 118 119 120 129 137 152 153 157 164 169 176 181 183 189 192 197 198 199
67 83 86 89 90 93 100 104 108 109 114 119 121 123 124 127 131 147 150 153 156 160 170 174 177 185 187 188 192 194 200
84 86 89 95 99 100 102 103 112 113 116 133 141 156 160 168 170 171 172 174 175 183 189 193 196 198
143 89 90 92 94 98 103 109 110 111 115 124 135 139 141 151 158 168 173 178 182 186 188 196 197
55 86 93 97 109 112 113 115 118 120 129 130 136 143 149 152 153 154 157 159 163 167 174 182 184 188 195 196
101 88 105 112 118 124 127 130 133 137 138 141 146 147 148 149 154 156 175 177 179 180 183 187 192 198 199 200
111 88 90 99 100 103 104 111 113 135 138 140 145 147 152 174 182 184 186 190 200
129 91 95 104 106 108 113 117 118 124 135 140 146 148 152 154 156 162 165 168 189 190 195
68 94 95 99 104 106 107 111 113 121 127 128 131 132 133 134 138 143 144 145 151 154 157 158 160 165 167 173 185 194 195 197
137 93 94 106 126 130 131 134 136 140 142 144 145 149 151 155 156 160 168 176 183 186 187 190 193
62 94 96 97 100 102 105 108 111 112 115 116 121 125 129 130 140 144 149 150 152 153 156 159 166 175 178 193 198
105 105 108 113 117 118 120 124 125 131 134 141 143 144 153 154 158 159 166 171 176 180 187 190 196 199
143 96 105 107 109 110 119 120 122 144 145 146 159 176 179 180 188 192 194
60 96 102 105 106 107 124 129 133 138 141 144 145 148 150 156 159 160 170 177 180 181 185 192 196 197
63 115 118 119 127 131 143 145 147 148 152 155 156 160 169 170 174 180 186 193 196 197
120 103 104 106 108 110 111 112 113 114 118 126 128 129 133 140 145 150 151 162 164 176 179 187
120 110 117 125 129 139 142 146 147 150 153 164 165 176 186 187 192 195 200
125 106 117 119 120 125 131 135 147 150 162 171 181 195 196
80 101 105 106 121 125 129 137 145 147 148 149 150 153 158 159 167 171 179 181 185 192 196 198 199
128 102 104 105 107 111 115 121 126 127 131 135 145 150 154 156 160 161 162 165 170 176 185 188 189 195 196 197 198 199 200
113 105 110 112 120 125 128 130 133 134 137 139 140 146 149 169 171 174 179 182 184 185 189 190 197 199
60 110 123 127 130 138 139 141 142 147 156 161 165 171 173 174 179 183 198
130 104 108 110 114 119 122 127 153 157 158 160 162 168 172 177 186 197 200
52 109 128 131 132 144 148 155 156 158 164 165 178 182 184 185 186 193
61 116 126 130 132 138 139 147 153 154 174 178 186 196
132 107 109 119 120 132 134 144 154 157 165 170 179 185 196 198
75 117 118 129 130 151 154 159 161 163 166 168 170 171 175 177 178 182 183 184 190 199 200
70 121 124 133 135 136 138 148 150 152 153 159 166 167 173 177 185 200
117 118 131 136 141 147 149 157 162 167 168 170 180 182 183 185 190 198
89 112 115 119 127 132 133 149 152 153 160 161 174 175 178 182 184 194 200
99 112 115 117 122 123 129 131 140 143 144 150 151 164 165 184 185 191 194 195 198
119 115 116 118 131 135 144 148 149 150 151 156 161 165 166 175 177 178 187 196 197
86 123 124 139 149 152 170 176 182 184 188 200
66 120 133 134 135 145 148 150 151 156 165 174 175 178 184 195
74 118 120 121 122 124 129 130 135 136 141 144 148 155 159 168 179 182 186 188 189 197 198 199 200
58 117 119 125 127 130 134 145 149 152 160 164 173 182 192 194
91 118 119 126 135 138 140 143 146 149 153 158 166 187 188
88 121 124 126 142 144 148 164 169 172 179 186 192
52 136 141 143 151 153 157 159 160 164 169 172 174 175 177 178 187 188 192 196 197 200
133 128 133 134 136 141 156 175 180 182 190 193 194 196 200
76 123 124 125 127 128 129 132 134 161 182 195
121 126 130 132 136 137 145 153 154 158 172 181 182 184 193 196
84 130 136 146 158 161 163 170 178 184 185 189 193 200
93 130 142 143 146 147 154 156 157 168 175 176 179 184 194 196 197 198
87 134 141 148 149 150 157 159 163 164 168 169 179 182 185 186 187 189 195 197 199
66 132 133 143 146 154 157 183
56 129 135 136 144 149 154 158 168 177 194 195
92 130 135 146 151 157 160 168 176 183 187 192
93 131 145 149 157 161 178 181 193 197 199
99 146 150 153 155 163 164 173 177 178 182 186 189
115 138 141 147 149 167 171 179 193 197 199
120 135 140 141 144 150 151 157 170 178 179 180 183 186 191 194 197
61 136 137 142 157 174 178 189 191 198 200
128 143 163 169 172 181 182 194 195 196 197 199
115 139 146 147 154 158 159 170 172 178 179 182 188 195 198 199
126 143 144 149 153 169 172 176 184 190
137 139 140 148 155 156 169 175 184 187 194
85 167 190
92 140 141 144 149 152 158 177 187 188 197
65 149 151 158 164 166 169 171 172 178 182 183 186 196 199
119 151 162 163 170 172 174 178 188 194 197 198
94 147 153 155 158 163 164 166 174 176 182 183 185 186 198
114 144 145 146 157 167 173 178 194
62 150 156 157 158 160 167 168 173 180 190 198
95 148 159 162 163 165 169 171 175 179 180 187
51 148 157 158 163 171 190 191 192 193 196
137 156 157 162 165 167 169 171 172 180 182 184 187 196 197
147 149 155 157 159 166 170 172 180 182 183 195
99 155 156 163 166 170 173 174 176 182 194
78 151 199
71 156 161 165 171 185 190 200
54 158 162 174 177 185 187 195 196 199
51 154 155 157 176 187 191 195
136 157 170 176 178 186
62 161 168 173 177 181 194 200
133 165 168 176 183 189
141 159 163 170 171 183 197 198 199
131 161 178 179 184 191 198 200
64 166 169 170 177 178 181 184 195
88 161 163 174 176 177 181 182 183 184 189 191 192
111 163 166 170 171 184 188 195 196 199
65 166 167 169 178 189 192 193 194 195 198
118 170 171 193
110 166 167 173 181 186 191 196 200
106 170 171 172 174 176 180 182 183 188 191 195 199
74 168 178 179 180 184 187 193 196 198 199
68 172 174 178 190 193 194 200
127 169 170 172 173 174 191
90 174 177 178 181 183 184 194
60 175 177 186 191 199 200
140 177 180 184 188 189 194
85 174 178 188
136 182 192 196
103 179 192 196
112 179 185 187 196
55 178 179 181 186 195
131 181 197 199
127 182 186 194
55 186 189 191 194 196
65 182 188 193 198
122 187 188 193 194 198 200
69 184 190 191
95 184 189 192 200
125 187 195 196 199
50 190 194 197
98 190 196 198
101 193 195 198
107
112 195 198
136 195
133 192 193 194
96 193 194 196 198
55
97 197 200
98 197
93 197
69 200
100 199
72
62
