50	5	200	10
-4	10	10
-4	17	9
-1	4	11
-3	4	6
-5	6	14
41 10 14 18 19 24 38 40 45
48 9 11 14 19 20 23 29 34 36 38
59 4 17 18 22 23 24 25 32 36 37 38 40 43 47
53 6 9 10 11 12 19 20 31 40 43 44 48
7 10 14 21 27 32 41 50
41 9 13 24 39 40
14 13 16 19 32 47 48 49
7 11 16 17 21 30 31 34 38 49
21 26 28 31 41 42 44 46
37 14 17 24 27 37 40 41 44 48
34 22 35 40 48
20 15 25 27 31 32 34 36 38
50 26 28 30 32 33 41 48
21 21 41 49
37 16 20 23 38 41 46
53 23 25 29 33 34
53 20 29 31 33 40 41 47
54 30 32 33 34
4 20 40 46
32 24 26 27 34 36 37 40 42 43
39 23 27 29 32 35 39 47 48
60 24 32 39 49
32 25 27 30 31 33 36 38 39 42 44
29 36 48 49 50
41 28 30 31 38
17 27 36
47 28 36 37 38 44 48
58 29 33 39 43 45 46 47
54 32 37 38 43 46
13 31 38 46
27 36 37 40 41
30 42 43 44 45
47
54 38 39 44 47 48 50
7 37 38 39 43 44
22 39 42
47 42 45 50
59 39 45 46 48
8 41 42 43 44 45 48 49
18 41
60 42 43 49
16 44 46
30 45 47
33 45
20
15 47 48
37 48 49
20
53
17
