200	5	1000	10
-4	142	50
-4	194	35
-1	187	44
-3	119	33
-5	121	38
279 17 22 24 27 47 54 55 56 63 67 74 79 82 88 89 90 91 93 96 100 101 103 116 118 120 134 145 148 155 158 165 166 173 177 182 184 200
287 3 9 29 32 43 45 46 48 55 56 62 65 71 84 85 90 93 105 108 110 115 118 125 127 146 149 153 155 156 160 161 164 173 183 188 189 195 198 199 200
270 8 18 20 25 26 36 38 40 48 60 68 69 72 85 88 90 95 113 117 118 120 125 130 131 132 140 143 152 155 160 167 177 179 188 199 200
211 6 15 16 17 19 30 31 40 56 58 59 62 72 80 82 85 89 103 105 108 113 115 117 120 124 130 153 156 159 160 165 173 179 187 191 192 196 197
278 16 17 20 26 29 30 36 39 51 62 68 74 77 93 98 99 100 103 104 110 111 112 113 118 122 124 145 155 162 169 172 175 177 178 191
224 9 10 14 15 23 24 25 26 29 45 46 47 48 52 53 58 59 61 67 68 70 76 82 84 87 91 92 93 94 97 111 113 116 119 123 128 140 161 168 170 173 175 183 187
210 20 30 31 41 42 48 55 56 60 62 68 72 87 108 119 123 124 130 137 142 147 148 153 156 158 168 169 171 175 179 199
270 10 18 19 20 26 27 36 39 41 44 49 51 52 55 57 58 66 77 78 82 91 92 102 106 117 120 129 133 135 140 144 151 155 158 163 166 180 183 195 198 199
276 10 17 24 27 34 36 38 39 45 49 57 60 69 71 84 91 92 96 110 112 119 124 126 136 141 143 146 149 150 153 154 155 157 161 164 166 172 176 180 181 188 192
278 13 25 32 33 35 36 37 39 42 44 48 50 56 76 81 89 92 101 105 111 115 117 120 123 128 136 141 151 167 173 174 183 184 187 195
211 12 15 18 34 41 43 49 52 55 65 68 72 79 83 84 85 86 88 96 98 104 105 125 133 134 136 141 145 153 159 160 169 174 179 181 182 189 200
210 13 22 23 24 25 27 30 33 38 40 41 44 45 47 62 63 70 73 80 83 87 88 90 91 92 99 102 109 110 111 117 122 128 138 141 143 144 148 151 162 163 164 165 166 168 171 183 197 200
262 28 29 31 35 36 42 51 53 68 73 110 114 118 123 124 126 128 130 132 134 138 140 149 151 152 157 158 175 179 180 193 196 199 200
300 21 23 24 30 32 34 39 49 53 60 62 63 66 69 70 71 73 77 80 85 88 107 114 115 120 132 138 139 148 150 151 152 154 155 157 162 166 168 178 181 184 185 190 191 197 200
203 17 31 37 57 59 63 70 75 78 85 90 92 97 98 104 105 123 124 127 132 135 152 164 166 169 173 185 187 190 197 200
281 17 18 29 38 39 41 47 49 53 54 56 65 67 71 72 75 77 85 86 93 94 101 102 104 108 111 115 116 118 134 139 157 161 176 181 190 191 193 198
277 19 21 22 29 44 47 50 62 69 71 72 76 77 78 90 102 107 119 121 122 124 133 137 144 154 164 170 172 174 176 177 181 183 194 198 200
224 28 36 41 43 46 48 54 60 61 67 68 71 72 75 76 77 80 92 105 110 112 113 115 116 118 127 129 135 137 140 144 146 150 156 157 158 163 167 172 174 175 179 181
261 27 31 36 39 44 54 55 58 60 64 65 68 74 75 80 82 85 89 99 101 104 108 110 114 117 123 144 162 172 175 183 184 190 198 199
286 22 23 26 39 45 51 59 62 87 89 93 94 96 101 103 108 112 117 119 136 146 149 151 152 156 158 163 180 182 192 197 200
269 22 25 28 41 42 44 47 51 53 56 59 61 72 76 89 94 95 99 108 119 125 128 131 132 135 140 145 148 154 157 161 168 170 171 174 186 189
233 24 29 31 33 34 35 36 39 40 41 53 63 64 72 75 78 86 87 96 98 105 107 111 112 126 127 130 133 137 139 141 142 143 145 152 163 164 171 174 182 185 188 190 192 196
228 27 31 38 43 48 53 55 63 77 78 80 81 89 94 95 100 101 102 111 113 115 126 132 146 148 150 154 168 169 170 171 173 180 185 187
282 28 30 46 48 54 62 68 85 87 95 113 130 144 146 148 151 154 155 159 163 171 173 174 194 197
264 34 36 37 39 49 50 57 62 66 77 82 88 101 104 108 119 122 124 128 132 135 137 142 145 146 148 155 157 159 164 166 167 171 172 176 177 182 183 192 199
300 30 48 59 61 66 80 89 92 98 101 104 105 108 114 117 119 121 124 132 133 134 137 138 140 142 144 158 163 167 172 178 180 190 192 195 196
258 30 39 45 47 49 55 57 60 78 80 84 87 98 100 104 112 115 133 150 164 171 172 175 176 178 179 180 184 185 190 195 196 197 199
242 30 35 38 44 45 50 53 54 55 56 73 96 99 100 113 118 120 123 126 129 134 136 141 142 144 146 147 153 154 163 164 166 167 169 178 181 183 188 191 195
269 30 34 36 38 43 49 57 63 64 72 74 77 86 94 100 102 103 110 114 117 129 140 143 147 153 160 173 181 188 193
200 33 35 36 37 38 44 54 55 60 62 70 71 74 75 78 88 92 93 96 98 100 101 106 108 109 111 114 115 116 120 122 126 137 138 145 151 157 161 162 167 170 171 175 182
251 41 43 47 57 63 67 82 83 89 101 104 114 117 118 126 133 134 138 140 146 148 149 155 158 167 168 169 173 174 182 185 186 195
221 34 35 37 41 46 49 52 54 55 56 69 70 71 73 85 87 99 107 117 123 125 127 137 138 146 161 165 178 179 182 183 186 188 189 194 197 199
204 34 42 52 53 57 58 61 65 73 90 92 96 100 106 112 120 122 126 128 134 144 146 147 149 152 153 157 162 165 166 179 184 185 193
253 38 45 50 62 69 70 72 73 77 80 83 88 92 104 106 121 128 129 135 137 145 155 156 163 169 171 197
292 37 38 45 50 61 66 71 79 82 86 94 99 101 110 116 119 120 143 144 149 155 162 168 171 174 178 180 192 193
227 41 42 45 53 54 62 65 69 81 82 83 85 87 88 92 102 109 110 111 112 115 117 118 123 126 130 131 136 142 146 148 161 163 169 174 183 186 187 188 197
291 42 48 55 58 64 66 72 76 78 87 88 95 96 104 113 119 121 133 138 139 140 154 158 164 176 183 198
286 40 46 50 52 54 55 58 85 90 108 111 114 123 125 129 133 143 144 151 160 161 163 165 168 169 170 172 174 175 180 193 196
224 41 43 51 59 66 73 75 85 87 88 94 102 105 106 112 115 118 122 129 133 134 135 137 143 145 147 148 151 154 155 156 169 173 174 180 185 187 189 190 191
277 43 45 49 50 51 58 70 78 80 82 90 93 118 121 124 130 131 133 134 135 137 143 146 148 151 153 155 157 159 164 165 169 174 176 178 192
202 50 56 60 64 68 77 95 97 102 103 104 110 115 124 126 128 137 153 158 159 164 166 170 171 173 174 175 184 186 188 190 192 193 200
232 49 53 61 68 77 79 86 91 92 94 102 108 109 110 123 127 130 135 138 144 145 157 161 172 173 184 185 188 193 195 198
205 49 51 55 57 58 59 66 68 71 72 74 80 83 87 92 96 97 99 104 108 112 113 121 126 135 153 154 155 157 158 164 167 172 179 182 194 195
226 46 50 51 56 59 61 62 67 76 77 78 86 90 92 97 105 110 121 128 131 138 139 141 146 149 153 159 162 179 183 189 190 193
217 50 76 80 92 107 111 117 118 128 142 146 147 148 150 165 188
243 57 66 73 78 83 88 92 93 107 120 127 134 135 136 144 149 153 156 179 189 190 193
234 54 60 67 69 71 76 84 87 89 90 99 107 112 117 118 119 121 131 135 151 154 157 160 161 165 167 173 175 184 192
238 53 66 73 74 75 78 90 95 99 102 109 112 114 120 121 125 133 138 141 147 148 153 156 161 175 180 188 197 198
212 51 54 55 56 59 62 73 81 82 93 118 120 144 148 150 151 152 165 167 169 173 178 184 188 195 196 200
238 54 56 57 77 91 93 98 107 119 121 123 133 139 140 141 146 148 153 155 156 162 166 168 179 181 182 184 187 190 194 199
264 55 58 62 63 70 77 81 86 88 94 101 109 110 115 146 154 165 173 179 182 193 199
236 53 55 58 69 70 73 74 80 81 91 92 93 94 103 109 114 115 116 117 122 126 131 140 151 154 160 173 175 179 186 191 192 195 196 198 199 200
296 63 71 83 86 88 93 95 97 101 102 104 110 120 121 132 142 146 157 169 176 177 181 183 189 191 198 199
270 70 71 77 85 91 102 107 115 116 117 118 122 135 136 138 139 141 151 154 155 165 168 176 178 183 185
293 58 61 66 68 74 85 97 98 105 109 111 113 114 119 127 128 139 144 150 171 180 198
218 60 62 65 80 87 92 107 114 119 126 130 132 141 142 143 147 149 155 165 171 172 175 178 188 189
277 59 69 70 73 78 82 84 90 93 94 101 105 106 107 109 120 126 127 139 146 156 164 165 184 186 188 192 193 198
223 60 74 77 78 85 89 91 101 102 103 115 117 119 122 129 130 136 138 139 141 158 161 165 169 177 180 181 184 191 196
219 66 69 78 82 85 96 97 98 101 102 112 114 118 125 129 131 149 152 162 167 171 178 182 185 187 194 196 199
286 68 69 70 73 78 80 85 87 90 92 96 106 111 116 121 123 125 128 130 132 149 153 164 165 166 169 174 177 178 179 183 189 190 192 198 199
202 65 68 80 87 92 95 96 112 126 131 162 169 174 178 191
247 65 72 75 90 93 95 96 97 121 126 129 137 138 142 154 157 158 170 173 175 177 181 186 193
242 67 75 77 80 90 91 93 103 107 110 118 122 123 127 144 149 150 155 165 167 168 173 174 179 185 194 195
289 66 69 74 78 80 81 85 94 99 101 103 106 118 137 140 147 152 153 159 163 196 200
205 68 75 78 81 94 98 102 105 107 110 121 122 126 132 135 143 144 148 162 163 170 173 175 177 190 192 195
277 69 71 72 75 77 88 90 93 95 97 99 106 107 118 122 137 141 148 154 155 161 163 166 170 171 174 178 180 182 196 200
291 72 77 80 81 83 84 89 90 95 96 103 105 106 107 110 113 114 121 122 136 141 143 160 162 166 169 172 174 181 186 190 191 193 194 197
293 69 70 80 84 86 91 92 99 105 106 123 127 132 135 145 148 158 161 166 173 174 176 182 184 192 199
289 72 82 92 103 107 108 132 143 148 150 153 159 162 181 183 184 186 195 196 197 199 200
298 74 76 81 88 93 99 100 110 132 133 136 137 141 149 150 152 155 156 160 162 171 186 198
220 72 73 85 94 97 114 115 118 120 134 137 138 140 148 156 157 158 159 166 167 178 194 196 200
201 74 75 77 82 84 86 92 96 99 101 107 108 110 115 118 119 127 131 132 138 143 144 149 152 159 160 164 165 167 170 171 174 176 188 196 199
297 75 82 83 88 89 91 96 99 103 105 119 121 135 136 139 145 146 150 156 169 173 176 181 185 186 193 195 196 198 200
228 83 92 94 97 117 123 133 134 137 140 143 153 160 187 188 189 191 198 199
257 88 93 94 101 102 104 106 110 114 135 137 141 150 151 152 167 168 169 177 190 200
270 84 87 93 96 101 109 114 119 131 138 139 147 152 154 156 158 168 172 179 183 197
201 79 80 84 102 109 113 116 126 132 133 139 156 165 166 177 179 180 184 195 199
238 82 83 87 93 96 100 101 104 118 144 146 150 158 162 166 169 182 183 185 188 193 196 200
212 94 98 99 105 115 126 128 134 149 151 153 158 169 170 172 173 176 180 181 183 184 185 186 191 196
283 84 93 94 103 116 119 124 134 139 147 150 153 161 163 164 168 169 170 176 181 182 184 188 189 195 196 197
235 90 99 100 107 110 123 126 129 133 143 145 146 147 154 159 161 173 174 175 192
248 101 112 115 121 126 127 131 134 140 144 151 152 153 159 163 169 173 174 192 196 197 199 200
234 89 97 100 104 106 111 120 146 151 164 168 170 172 174 179 188 191
219 93 95 98 99 101 104 117 118 123 124 126 134 138 140 151 155 161 164 173 177 178 193
206 86 90 91 92 98 100 106 122 125 132 142 144 149 168 174 178 181 185
261 87 90 92 95 105 107 112 114 120 127 128 130 135 138 140 151 152 153 156 162 166 175 177 181 182 190 196
274 89 97 98 105 128 131 133 136 143 146 152 156 162 164 167 174 180 181 184 190 193 195 199
268 89 92 100 101 114 118 121 135 136 146 148 154 167 172 177 178 185 191 192 196
212 91 97 98 99 103 104 109 111 131 133 140 142 145 151 156 162 166 167 176 177 179 181 191 198 200
260 92 93 102 103 104 109 111 112 119 121 125 131 147 149 150 153 156 163 173 174 179 187 191 192 193
255 95 98 103 105 114 120 124 137 151 152 156 162 163 164 165 171 187 189 195 198 199
278 94 96 108 115 116 123 126 129 132 134 136 144 145 148 149 151 156 157 171 172 175 180 183 187 190 193 194 195 199
290 95 104 107 115 116 123 125 132 139 141 147 161 169 170 178 179 194
265 112 113 125 132 134 135 137 141 144 145 156 157 168 171 178 179 182 189 190 198
270 100 110 111 118 128 130 133 134 140 143 147 149 150 154 162 167 170 171 173 179 184 185 188 189 191 193 195 198
290 99 100 105 106 108 114 115 116 121 122 137 145 148 164 168 169 173 177 178 182 184 187 188 190 195 200
269 108 109 110 111 112 121 132 136 138 139 144 147 150 152 161 164 177 178 183 193 196
256 116 117 119 123 129 142 143 153 157 161 166 177 178 190 197
223 111 115 116 121 122 128 133 138 142 146 154 157 172 174 181 182 184 190
260 110 112 114 121 125 129 130 133 137 140 141 153 155 158 161 164 171 176 183 185 187 188 191 198 200
210 113 114 117 119 131 142 159 167 168 189 198
278 107 110 121 131 143 150 151 152 154 156 162 164 171 173 180 182 188 192
224 105 106 107 108 109 121 126 127 130 134 137 139 144 150 152 155 160 162 163 171 173 176 180 182 187 189 194 196 199
214 115 123 126 131 139 142 149 151 178 183 185 186 193 196 198
214 122 123 130 133 145 158 167 184 196 198
244 114 126 130 132 133 147 150 155 166 171 177 181 190
245 114 117 123 127 128 133 137 157 158 159 165 171 175 186 193
267 114 121 125 128 135 136 140 149 156 163 175 181 183 191 194
215 114 117 120 121 123 124 125 127 135 136 138 140 141 143 144 153 155 158 159 162 164 165 170 172 175 176 179 181 184 185 188
249 114 116 118 122 125 130 132 134 139 143 145 151 155 162 166 174 175 176 195 198
219 112 116 133 136 137 140 142 147 149 151 152 153 154 158 162 164 170 181 187 188 198 200
217 127 129 130 132 134 138 141 143 155 157 158 162 165 169 171 182 183 193 195 197 199 200
275 119 137 141 151 159 171 176 179 180 187 197 199
249 115 127 129 141 154 157 158 159 161 165 168 175 178 190 194 198
220 117 124 125 128 130 135 142 143 147 148 163 174 176 179 180 185 186 187 194
289 126 128 131 137 143 152 153 157 159 165 168 178 179 180 186 187 190 194
259 122 123 126 135 136 145 146 162 165 169 178 186 190 192 196 197
288 122 127 128 147 155 157 164 165 166 172 173 176 183 189 199 200
257 132 133 137 152 163 194 196 197
214 122 126 130 131 140 152 156 159 170 178 180 195 199
271 122 125 136 141 142 152 154 158 159 164 165 174 175 181 183 185 192 196
246 125 126 138 142 150 157 159 161 169 172 176 179 192 197 199
243 134 136 139 142 152 155 159 163 165 167 173 174 180 183 188 192 194 197
291 127 130 132 133 142 144 152 153 165 166 168 170 172 174 178 181 185 186 191 194 197 199
250 126 129 131 138 141 144 165 169 173 180 182 190 192 193 195 197 200
214 130 134 145 151 153 162 163 168 183 184 193 196
222 129 133 137 138 144 151 157 161 169 184 186 187 198 199
253 129 130 135 139 141 148 156 157 164 166 172 181 186 187 190 200
215 135 138 140 143 144 150 154 158 161 171 179 184 185 190 200
251 131 132 133 141 142 145 154 155 160 161 163 170 177 179 180 181
256 136 146 148 152 160 162 164 168 169 180 183 189 191 194 199
290 138 143 148 149 151 156 158 167 175 183 190 195 196
242 136 142 145 146 151 156 160 166 173 175 176 177 181 184 188 191 194 196 197
213 137 140 152 157 164 167 171 172 173 174 182 190 191 198
240 136 139 147 149 157 158 161 164 167 173 178 180 183 185 195 198
290 139 140 144 150 154 156 157 161 168 171 181 183 186 188 190 191 194 196
263 142 149 155 158 172 174 183 184 187 195 200
207 139 145 158 161 165 173 174 183 187 189 198
211 144 161 167 174 176 183 188 189 191
279 141 143 144 149 159 173 176 179 186 190 195 196
223 151 163 168 171 184 188 193 195
205 145 150 153 158 161 167 168 189 192 199
225 148 155 157 159 172 173 175 179 180 183 197 200
272 157 161 165 174 187 193 195
287 147 153 154 156 158 159 160 162 163 165 167 174 175 179 191 193
272 157 160 170 172 180 181 184 189 190 192 199
245 148 152 153 165 166 179 180 182 183 186 192 200
283 156 160 161 162 172 174 178 183 187 193 199
248 151 155 156 170 182 187 197
208 156 158 160 165 170 171 180 187 191 199
241 157 159 163 166 171 179 183 198 199
286 170 172 184 190 199
240 156 158 161 164 167 173 177 180 181 185 188 189
250 158 163 164 165 176 191 195 198
291 165 172 177 179 187 188 189 196
281 157 158 160 163 165 169 177 178 185 186 187 194 196 198 199
247 159 163 167 173 174 184 191 194
293 160 165 177 180 186 192
242 164 177 191 193 194
243 164 181 184 186 188 189 191 195
214 164 168 170 171 172 176 178 181 185 189 194 198 199 200
254 176 177 180 183 188 200
218 164 167 169 175 198
212 170 171 172 173 178 180 185 188 190
233 166 167 181 182 185
228 170 171 177 195 199 200
257 168 169 188 192 194
275 184 189 193 195
230 171 179 182 184 187 189 191 192 198 200
287 172 181 182 187 190 198 200
235 177 181 195 200
230 173 175 181 184 186 189 197
253 174 178 181 194 196 197
235 177 186 193 200
280 178 180 189 194 196 197
281 178 183 189 195 197
277 178 185 188 192 194 195 196
215 182 183 184 190 192 194 195 198 199
212 180 185 191 193 195
256 181 187 188 192 194
239 190 192 198
288 183 190 192 193 198 200
236 186 187 194
216 189 192 195
224 190 193
253 191 200
253 189 194 195 196
262
277 197
278 191 194 195 199
283 196 200
205 194
283 199
222 199
237 197
204
237
216
293
261
