200	10	200	10
-3	31	21
-3	37	22
-3	25	17
-3	26	17
-1	32	21
-3	38	18
-5	29	21
-1	20	19
-1	24	21
-3	24	23
38 14 20 23 34 35 37 41 44 47 50 54 58 70 73 77 78 82 86 90 94 100 103 109 115 117 122 127 131 132 140 141 148 157 164 169 200
59 3 14 23 26 27 35 36 44 50 51 52 54 56 57 61 66 68 71 75 81 90 97 99 103 124 139 140 141 142 152 156 162 165 171 177 178 184 185 189 190 196
52 13 17 22 23 24 34 36 38 41 42 44 49 51 65 68 70 71 80 96 104 105 110 112 115 118 128 133 136 138 139 142 147 148 149 152 154 156 157 158 159 168 170 171 173 177 178 180 189 190 191 199
59 12 15 21 23 24 35 41 42 50 52 53 59 67 68 70 72 79 89 91 92 95 97 106 107 114 129 134 136 141 142 145 149 151 161 170 177 178 181 184 187 188 191
37 13 14 15 27 29 33 35 37 45 48 60 62 63 69 70 74 82 87 90 99 105 108 112 113 123 138 144 150 154 158 162 165 170 171 173 182 184 195 196
56 12 13 15 16 23 25 31 37 40 46 51 63 64 81 87 90 92 94 96 103 106 109 123 124 132 135 137 138 140 148 158 172 174 183 193 198
53 11 18 21 23 27 29 34 74 76 77 97 114 118 119 120 124 130 141 156 163 164 167 170 171 173 174 178 181 185 197
59 13 15 18 32 34 40 41 47 51 54 62 69 71 75 86 88 90 91 96 100 102 103 110 137 143 150 155 170 177 180 189 195
35 10 16 17 20 26 30 44 54 66 68 75 80 81 86 88 93 97 98 99 104 108 110 111 114 120 128 138 145 146 151 157 158 161 170 172 182 184 185
60 14 36 37 42 45 48 54 55 59 72 73 83 88 90 92 106 110 111 113 130 136 141 142 148 150 151 162 170 172 173 174 175 177 182 183 194
52 14 16 17 27 29 33 34 37 39 46 56 60 69 81 86 91 95 96 105 108 109 116 121 123 131 132 137 140 146 153 154 155 156 162 168 187 190 191 194 200
40 14 20 24 29 42 50 54 55 58 61 68 71 72 74 78 83 85 87 107 112 113 114 119 121 123 135 137 147 162 170 172 174 176 181 187 188
43 14 15 17 20 27 37 38 40 42 45 49 51 57 61 80 81 110 111 122 124 130 133 136 146 148 150 152 153 154 156 159 169 173 175 180 190
49 19 23 28 33 46 47 59 60 62 68 75 78 94 104 105 107 116 117 120 129 133 140 141 142 150 161 163 166 170 183 185 186 191 193 199
58 43 68 79 80 83 99 100 118 120 128 129 130 133 137 148 156 164 168 182 185 194 198
40 18 28 33 36 46 48 50 53 60 61 68 69 75 88 95 100 101 127 139 142 146 155 157 158 162 167 169 175 190
36 24 28 31 41 43 48 49 51 52 57 58 62 65 73 78 84 87 93 94 98 103 105 107 113 114 117 121 126 131 133 134 150 152 155 156 157 162 165 179 184 190 193 195 197
52 43 53 54 62 63 66 70 71 74 84 89 93 94 99 100 110 111 113 117 120 121 125 133 135 136 162 169 172 176 178 179 181 183 184 186 189 191
38 22 32 40 41 44 51 52 53 55 62 63 65 67 74 76 92 93 94 99 104 105 109 113 116 120 123 124 135 140 144 152 161 162 163 164 167 169 171 173 177 183 184 185 192
31 25 31 36 37 61 62 70 71 72 73 77 80 84 87 89 93 97 98 100 102 109 112 118 121 126 131 134 138 143 146 151 158 160 161 162 166 170 172 176 178 179 184 187 188 189
59 28 36 37 39 49 58 63 70 77 86 98 105 110 112 113 124 133 138 144 146 148 153 161 164 172 177 185 191 194 195
54 23 40 44 57 63 64 70 74 77 83 84 88 89 92 94 95 97 100 101 107 108 114 115 117 120 123 127 129 140 144 153 166 178 186
39 24 26 33 38 45 50 51 54 56 57 59 60 61 63 84 92 106 108 111 114 123 124 125 138 140 141 142 146 153 163 174 178 180 182 189 194
53 27 32 33 37 40 42 52 55 57 65 71 78 80 92 101 106 110 115 120 124 130 134 135 138 143 151 157 160 167 168 177 179 189 194 197
52 31 40 41 48 58 60 65 72 75 79 85 95 101 102 105 107 109 111 122 123 126 136 137 138 143 144 145 156 158 161 168 170 198 200
44 32 36 37 38 40 45 73 78 80 81 85 91 94 96 98 112 113 116 145 149 152 160 179 180 183 184
52 35 37 48 49 53 60 68 85 90 92 101 104 108 124 126 128 139 141 143 149 151 153 156 163 174 184 186 194 195
45 38 51 62 65 66 68 69 74 76 82 92 94 97 98 101 109 112 122 138 139 141 147 148 150 162 166 177 180 181 185 186 194
56 32 36 45 49 53 55 57 65 68 69 70 71 79 80 88 89 91 93 107 113 117 119 124 125 127 133 136 138 141 145 146 151 155 157 163 164 173 174 175 177 179 180 191 195 197
49 35 36 43 44 51 57 58 60 66 68 72 74 79 85 87 90 91 100 105 106 107 114 116 117 120 121 130 132 135 141 143 146 157 162 167 171 172 173 175 189 191 193 195
49 33 34 36 37 38 39 54 67 70 82 85 89 91 92 93 98 99 108 117 129 134 135 137 138 142 146 153 157 158 165 166 173 174 188 192 193 200
30 41 44 48 52 53 63 65 66 69 70 74 89 104 108 109 110 111 115 128 130 132 137 157 159 167 171 179 189 192
56 34 35 36 38 39 48 54 56 57 58 61 64 66 88 99 100 112 115 122 125 126 128 132 135 140 141 142 145 147 149 153 161 164 169 173 178 179 187 190 193
52 50 56 57 58 61 63 66 70 72 73 75 83 85 100 103 113 115 119 132 134 137 140 141 146 150 157 158 162 165 168 175 187 188 195 199
49 38 43 55 59 70 72 75 78 79 85 93 102 104 106 108 110 113 132 137 139 143 146 153 157 161 170 173 174 184 187 194 199
38 54 59 63 67 70 83 85 98 106 123 130 136 141 148 167 168 192 200
44 40 45 51 53 60 61 72 80 82 88 105 108 114 115 117 118 123 133 135 155 156 163 167 172 173 183 189 191
56 40 45 48 55 66 67 71 75 79 80 86 93 108 111 112 118 125 127 131 138 143 150 151 155 159 162 163 164 165 166 168 177 180 190 192 198
60 41 44 45 49 57 61 66 70 75 83 85 89 96 100 104 110 111 120 128 138 140 144 146 148 149 155 169 173 176 179 186 188 189 190 194 200
49 48 59 61 62 67 75 77 78 80 89 92 97 100 103 106 114 115 122 123 124 134 136 146 159 160 163 165 169 173 174 183 192 195
36 47 50 52 53 60 64 71 94 102 105 107 112 128 129 131 135 139 153 154 156 161 162 163 167 172 173 182 194 195 198
50 52 54 60 75 90 91 93 100 101 103 104 108 111 126 133 135 136 137 158 185 196 200
55 46 49 53 58 59 60 64 70 77 78 84 92 100 110 113 119 123 124 142 143 147 152 155 160 161 163 172 173 177 182 194
46 47 48 59 61 65 66 74 75 76 81 82 94 96 99 102 110 114 115 117 123 124 134 136 144 145 151 160 167 175 176 178 185 188 190 191 193
39 52 54 57 64 67 71 74 76 81 82 97 101 105 112 113 116 119 122 125 129 138 145 152 153 165 167 175 181 183 187
58 58 63 68 70 71 73 76 78 79 82 86 92 94 96 103 105 112 121 123 128 131 145 150 161 162 165 167 177 179 182 186 188 198
55 50 57 58 59 61 65 70 78 86 87 93 112 116 120 122 132 141 145 155 159 175 182 183 184
56 59 60 67 68 69 72 78 92 106 108 109 113 119 122 141 143 144 145 149 163 164 167 168 172 183 184 187 190 194 197
32 51 58 59 61 65 69 75 80 81 93 95 109 119 126 127 128 135 144 147 148 155 166 168 178 189 191 197 199 200
58 51 61 64 67 74 89 91 92 100 102 105 107 108 109 112 116 124 126 131 138 145 150 154 156 157 162 170 184 185 186 194 196 198 199 200
41 55 64 71 78 88 107 114 124 126 132 151 155 156 163 165 166 179 197 199
33 62 64 68 72 73 74 82 85 86 89 98 100 102 129 133 137 138 140 142 144 148 150 155 156 168 182 189 193 195
60 59 64 67 70 73 74 80 116 119 128 131 145 150 159 163 167 171 175 182
55 60 65 68 70 75 77 78 80 82 83 93 102 115 125 131 138 139 142 145 149 152 153 166 169 170 171 174 175 178 179 181
57 61 64 86 87 92 97 100 107 108 111 113 123 124 127 131 140 141 149 153 168 170 171 181 190 192 193
51 62 69 70 71 72 74 78 79 80 81 93 97 104 106 111 112 121 123 124 125 126 130 135 136 137 140 144 145 146 156 169 170 172 175 177 180 186 188 191 192 196
52 58 59 63 66 73 75 79 83 89 90 92 94 102 104 105 111 112 114 121 128 129 135 143 146 150 159 167 171 177 180 182 183 185 188
56 62 63 78 85 87 91 94 97 100 112 115 120 121 123 133 135 137 156 162 165 174 175 177 185 188 191 194
38 68 69 73 74 78 80 81 83 87 90 95 100 103 119 125 128 136 137 141 146 148 152 153 161 165 174 180 184 185 190 193 195
33 65 66 72 77 78 81 88 89 93 94 102 110 114 116 121 134 140 154 158 163 173 176 196
58 63 68 76 80 89 103 108 109 112 113 115 120 123 128 131 135 142 145 156 166 174 179 182 183 184 188 189 193 194 199
49 67 69 71 78 79 80 81 82 84 89 97 110 117 119 129 137 148 151 163 168 171 173 175 177 182 184 191 196
37 64 71 73 90 91 94 104 105 112 114 118 128 140 145 154 156 160 166 170 172 175 181
35 67 69 80 82 83 93 94 96 101 111 113 136 138 140 143 147 150 153 162 163 168 171 178 180 181 200
55 68 77 84 87 90 91 95 100 101 111 121 122 125 128 130 133 137 143 145 150 151 157 158 160 170 179 190
57 70 73 74 75 76 82 84 91 92 95 98 101 111 112 117 123 124 125 126 128 137 149 153 158 162 163 167 169 177 184 185 187 196
57 74 78 103 110 118 120 123 141 146 152 154 157 167 168 174 178
33 70 76 84 85 90 94 98 100 102 106 107 109 110 118 123 126 131 141 142 143 144 147 148 149 151 157 159 161 167 181 184 189 192 195 200
57 74 90 104 106 113 122 126 130 132 145 147 157 158 160 164 166 171 172 179 182 186 188 191 196
50 73 78 101 111 113 127 134 135 144 159 161 164 168 171 172 173 176 190 196 197 198
30 74 75 77 78 83 90 98 100 111 114 117 118 138 140 148 151 152 159 161 164 167 179 181 183 188 194 200
45 73 80 81 85 96 99 102 104 110 111 112 118 123 125 128 136 144 145 149 151 155 156 161 164 171 176 177 200
32 82 86 89 95 104 113 119 120 124 131 132 138 141 142 153 155 159 161 166 177 178 181 186 188 196 197
35 77 79 81 82 88 92 95 96 113 117 120 124 125 128 132 136 141 142 143 148 150 165 169 171 182 184 186
34 77 80 83 89 93 95 97 100 103 105 107 115 126 137 139 140 143 146 149 157 167 175 176 177 184 186
35 77 82 93 94 99 101 106 108 111 114 115 125 130 135 141 144 150 151 153 162 163 170 175 183 195 198 199
49 86 90 101 106 108 113 117 122 134 136 140 151 155 156 169 187 189 192 193 194 196 198
31 83 84 85 94 95 96 103 104 105 108 120 121 126 130 132 148 150 156 165 174 193 200
59 81 85 89 99 109 110 121 122 124 129 131 135 136 137 141 150 152 156 161 166 170 174 175 178 183 189 194 195
49 85 87 89 90 95 106 108 110 118 128 135 144 148 154 160 163 170 171 176 182 185 198 199
33 87 93 102 105 107 117 120 121 126 127 130 132 138 142 144 150 154 160 164 173 179 188 190
47 83 87 112 115 117 119 120 123 126 127 130 135 136 137 140 148 156 164 170 175 177 180 189 200
37 87 88 91 92 93 97 112 114 119 123 124 136 137 139 140 141 152 158 160 165 167 170 179 195
51 85 88 91 96 104 106 107 111 114 127 128 130 131 136 140 155 156 165 180 190 199
48 86 87 88 91 98 101 114 118 120 124 126 137 141 142 143 144 146 147 152 160 163 167 172 174 181 182 185 192 193 197
53 89 105 109 113 114 117 120 126 136 139 140 141 144 146 153 156 159 161 163 174 176 177 183 189
56 97 112 115 116 117 118 122 126 134 137 145 154 155 165 166 169 170 171 172 173 177 180 196 197
32 93 95 115 126 132 138 139 142 149 156 165 167 171 174 176 177 186 188 189 192 197
36 95 96 106 121 126 127 131 137 150 152 170 173 176 177 180 188 190 200
59 97 98 99 100 102 108 110 118 120 135 137 142 144 152 159 167 174 179 180 181 198
42 96 97 103 106 111 116 122 140 156 157 161 163 165 171 176 183 192 200
47 97 105 106 110 114 119 121 122 124 130 139 142 143 144 146 148 152 153 161 163 166 167 177 187 193 197
34 103 108 109 114 115 118 119 121 122 125 128 131 134 144 147 158 168 171 173 176 181 182 184 187 189 190 193
32 96 101 103 104 111 120 129 135 136 138 150 151 159 182
57 102 108 116 118 119 125 136 141 150 152 157 166 167 181 186 195 198
30 98 107 120 121 127 128 130 143 145 164 165 170 173 179 182 183
57 99 102 105 112 115 122 138 140 146 147 156 164 171 174 184 190 192
36 119 120 124 137 139 144 149 161 162 167 170 174 179 180 181 187 189 190 200
58 106 126 127 128 143 152 153 158 159 162 164 165 180 182 183 184 185 189
33 106 109 114 133 136 138 142 143 145 147 152 164 165 167 168 177 179 186 188 199
43 103 104 106 110 113 115 122 135 139 142 147 149 150 152 155 167 185 196
56 108 109 113 121 123 128 130 134 152 154 162 169 176 178 186 187 188 194 195
37 109 110 111 113 122 127 138 140 143 144 161 162 163 166 187 192 194
32 112 119 121 122 137 145 146 153 156 166 169 170 171 173 174 177 199
47 110 111 114 119 127 129 132 134 140 149 151 154 155 156 159 161 173 175 182 191
51 108 109 121 133 139 146 148 156 160 166 169 170 174 181 194 195 198 199
32 115 116 128 136 141 149 152 160 166 168 172 180 181 186 188 189 190 192
50 109 111 112 118 119 121 123 141 145 146 147 149 164 176 179 181 182
32 115 118 119 128 131 143 148 157 158 163 166 185 188 193 195
50 111 112 113 123 124 127 131 133 135 136 139 145 147 148 149 156 159 162 163 164 167 169 172 173 178 184 188 192 194 199
39 114 117 124 125 126 128 131 132 139 147 149 166 170 175 176 182 187 192 196 197
36 119 126 132 141 142 146 149 155 157 160 162 165 167 168 171 182 187 195
45 115 121 123 124 129 137 151 154 166 171 172 176 182 199
56 122 133 136 145 147 161 162 173 174 180 181 187 194
47 118 119 140 141 149 161 172 179 187 192 196 200
60 122 129 147 154 156 158 162 166 172 180 187 190 191 193
57 120 122 125 127 131 138 140 143 148 149 150 152 172 184 187 195
54 130 136 142 148 154 156 169 171 174 194 198
45 127 130 145 153 154 156 166 176 185 186 197 199
32 129 130 141 155 169 170 173 175 177 185 190 193
55 122 123 127 129 131 133 142 146 154 161 164 165 169 174 176 177 182 186 187 197 199
51 126 127 131 135 143 144 145 158 160 172 188 192 195
56 131 134 151 159 163 165 174 177 179 182 183 186 189 195 198
40 125 127 132 134 136 138 143 148 150 151 168 172 178 185 187 188 190 192 196
33 126 133 139 143 144 148 149 160 182 185 186 188 189 192 193
47 141 145 148 150 154 158 160 166 173 177 180 182 183 184 185 190 195
41 128 134 137 139 141 145 149 157 165 166 173 175 183 186 189 190 192 193 199
33 139 140 142 143 148 149 150 155 156 160 172 177 179 180 193 197 199
51 130 131 132 133 143 145 146 149 151 154 155 160 161 162 164 176 186
42 131 134 139 143 147 151 152 154 177 179 180 183 188 189 196
57 136 138 141 152 155 156 162 163 166 177 184 195 198 200
31 133 139 142 148 153 154 157 160 169 171 180
31 139 142 152 164 175 185 186 188 191 200
30 135 140 155 163 164 173 175 179 181 183 199 200
60 137 145 146 148 150 154 168 179 188 191 193 198
57 139 140 167 177 180 182 191 195
50 141 142 144 145 147 157 165 167 177 180 183 185 196
60 141 142 156 170 171
45 147 157 158 167 177 188 189
49 162 166 172 183 192 197 200
59 145 147 148 149 155 160 162 165 176 182 195
39 143 152 155 158 161 164 167 168 173 175 181 182 196
44 147 148 152 166 167 169 174 181 184 195
46 146 152 154 168 169 172 173 174 186 187 191 192
41 146 153 156 158 159 163 173 187 188 190 194 199
49 153 157 162 166 168 169 175 180 184 193 200
30 150 154 156 160 178 183 191 194
54 156 159 178 198
37 150 152 154 164 171 173 177 178 182 184 185 194 197
35 156 158 159 161 163 165 170 175 178 191 194
58 152 155 157 159 161 162 165 169 179 184 186 194
39 156 158 163 164 167 173 177 180 187 188
33 156 160 163 168 177 182 184 191 199 200
59 156 157 159 162 166 183 187 196 198
50 168 171 176 185 188 190
52 157 161 162 166 183 198
60 161 174 179 180 182 183 195 198
59 161 168 175 178 183 187
45 164 166 169 175 180 183 186 189 199
60 170 174 175 178 186 188 193 197 200
57 167 170 172 178 181 194
55 166 169 178 180 182 188 193 198 199
55 168 181 184 200
58 168 181 184 187 198
56 171 172 185 188 191 195 199 200
58 167 172 179 180 182 188 191 196 197 198
56 175 177 179 185 189 195 196
38 169 170 177 178 179 192 195
50 178 179 186 189 193 196 199
40 172 179 184 185 188 191 195 198 200
57 191 192
34 175 184 185 198
44 174 182 185 190 198
59 178 180 181 182 189 194 195 199
36 176 183 186 195 197 198 199
56 183 184 188
34 178 193 195 196 197 200
41 182 183 192 193
52 180 184 190 191 192 195
36 187 190 191 196 197
36 187 190 192
47 189 192
32 189 190 200
40 186 196
31 191 196 198 199
58 187 195
45 191 198
31 199
49 194
31 192 194
31 194 200
56
58 195 196 197
41 198 199
48 196 197
30 199 200
42
57
60 200
57
