75	10	200	10
-4	9	5
-4	13	9
-1	7	7
-3	12	7
-5	15	7
-4	3	10
-4	5	4
-3	6	5
-4	9	11
-3	3	10
55 4 8 9 16 28 30 34 38 40 42 43 45 50 53 70 75
32 3 6 11 13 18 21 24 26 29 37 54 57 69 70 74
49 5 8 10 11 16 17 18 19 21 36 39 55 66 67 70 75
56 6 8 9 18 22 30 32 33 47 57 64 72 73
53 9 10 23 25 31 40 51 59 66 74
49 9 10 14 16 17 37 42 48 52 57 58 62 68 72
53 24 30 33 34 36 45 48 55 58 72
58 11 14 15 17 23 24 25 35 45 61 71 72
36 15 21 28 33 34 36 40 42 52 54 56 61 68
32 13 14 16 17 18 32 37 38 39 44 53 54 73 74
47 12 20 21 24 33 41 46 50 60 61 66 69 70 73 74
32 20 25 28 30 34 41 47 53 54 61 63 69 70
58 17 18 36 38 55 60 71 73
45 19 32 33 39 40 50 67 72 75
39 17 21 23 25 30 47 50 51 55 66
54 20 25 30 32 33 36 50 52 53 56 64 71 73 75
39 21 39 40 52 58 60
55 19 21 22 30 33 34 35 42 47 52 53 59 67 68
31 31 39 41 49 55 61 68 69
58 22 23 43 53 60 64 67 70 71 72
59 30 44 45 50 51 52 61 75
46 32 34 35 38 42 43 44 57 66 69 70 74 75
60 28 29 33 45 47 55 60 61 63 73
55 25 44 54 55 56 57 59 61 63 66 67 72 75
56 26 33 37 47 48 51 52 63 67
57 30 32 36 44 48 53 59 64 66 69 74
58 29 32 33 34 36 38 41 53 54 59 64 70 71
37 30 45 47 51 53 58 60 73
59 30 31 37 40 44 53 57 59 62 63 65 69
47 33 39 41 50 53 61 69 70
52 38 45 48 58 59 68 73
35 34 40 51 74
45 42 47 51 56 66 70 71 72 75
44 39 45 53 56 59 63 65 66
33 36 37 50 52 55 65
45 38 48 49 56 69 73
43 38 44 57 60 62 65
49 43 55 61
37 51 54 65 70 71
52 41 47 49 51 53 56 61 62 64 67 75
58 42 53 54 58 60 61 62 65 66 69
56 43 61
32 44 46 49 52 63 71 74
49 45 58 59 64 65 74
57 58 70
52 51 58 65 67
40 50 51 61 64 68
56 53 54 59 62 65 68 75
48 54 57 59 61 67 69 74
57 55 56 59 70 74
56 59 60
33 53 61 71 72 74
32 58 60 62 67 68 70
51 58 60 62 66 72 73 74 75
52 59 67 70 73
33 68 71 72
45 63 69 71
38 59 65 66 74
59 62 75
44 68 72
59 63 66 69
36 65 66 71 75
51 64 72 73 75
38 69 72 75
55 66
58
58 69
37 72
47
39 73 75
55 74
37
51
56
50
