50	5	200	10
-5	36	8
-4	28	11
-5	36	10
-3	27	9
-4	26	12
19 3 5 7 8 12 13 15 18 20 22 23 26 31 33 45 47 50
18 4 9 12 17 19 32 37 40 42 46 49
27 6 10 22 30 39 44
30 5 12 25 28 33 34 35 43
20 6 9 13 18 19 25 26 27 34 35 37 38 41 42
24 9 15 21 27 40 46
12 13 17 22 31 32 35 41 44 46 47 50
11 15 26 27 29 33 39 50
28 12 16 18 23 26 44 50
26 11 13 30 31 32 41 44 47
19 13 15 21 23 24 27 30 44 50
29 40 42
29 22 23 24 25 28 34 37 39 45 50
20 27 30 36 38 39 44 45
17 32
28 18 20 21 23 25 27 38 40 46
19 20 25 34 35 36 37 42
16 26 27 28 31 32 38 46 50
14 22 23 26 32 34 36
11 25 40 50
22 28 32 33 37 43 46 49
25 31 32 47 49
12 25 36 39 44 48
13 25 27 31 33 39 43
23 32 46
12 43 48 49
13 29 41
27 29 37 40 44 49
22 32 33 48
22 31 40 42 48 50
26 38 42 48 50
27 40 44 45 46 48
12 36 42 43 44
29 37 39 41 44
26 37 41
19 39 40 50
18 43 44
27 42
13 43 44 46
18 41
25 43
24 43 48
16 46 47
14 49
13
20 48 49
16 48 50
27 50
12
11
