100	5	200	10
-4	9	22
-4	17	24
-1	13	18
-3	11	18
-5	13	18
12 6 7 28 43 52 55 67 68 70 71 79 82 83 84 88 91 92 94
13 7 10 11 15 24 28 29 34 40 42 51 57 68 76 92
14 5 7 12 17 31 37 39 46 54 56 58 66 73 84 87 91 96 98
17 10 16 21 24 31 35 41 45 47 50 64 65 69 72 78 82 90 97
12 11 14 25 47 55 72 80 81 93 95 98
11 9 16 24 29 35 40 59 60 61 63 74 77 82 84 85 94 97 98
19 18 30 31 36 44 46 47 53 55 58 71 73 81 87 91 93 95
6 11 12 16 17 24 26 29 35 40 42 51 52 55 57 61 62 65 66 76 80 82 89
19 14 15 28 31 32 34 44 52 56 57 63 71 78 79 95 98 100
6 11 14 15 18 19 22 27 29 39 40 46 48 61 70 76 77 80 83 95 97
5 17 21 22 28 29 32 39 41 45 54 56 59 60 66 76 82 84 88 93 94 95 98 100
14 19 24 28 32 34 37 40 43 46 50 52 57 62 71 76 77 79 89 90 93 97 98
13 23 25 30 31 33 41 51 57 58 64 66 68 69 71 74 79 83 84 86 87 88
3 15 18 21 22 31 33 41 42 44 45 49 52 54 83 86 87 88
17 26 28 32 33 35 38 51 58 65 71 73 75 77 81 82 84 85 87 88 89 94
19 25 29 38 40 42 46 52 58 62 64 65 76 78 87 97
18 21 25 27 33 51 54 61 64 67 69 77 81 96 99
7 19 22 26 27 28 32 33 38 39 41 58 61 65 75 80 86 93 99
16 20 21 22 62 66 70 73 82 83 86 94 95
16 35 39 42 55 68 73 78 85
12 23 39 45 47 51 53 56 58 60 65 66 74 83 91
19 26 30 38 39 42 60 61 62 63 64 67 79 84 85 87 93
18 25 27 36 40 46 51 56 59 62 65 71 73 76 87 95 96
11 36 53 67 70 75 78 82 83 96
5 27 32 33 35 43 45 46 51 54 64 67 68 69 74 78 80 84 89 92 94 97 99
20 28 30 33 37 38 40 41 44 46 48 51 53 60 69 74 85 86 90 95 96 100
9 30 35 37 41 43 47 48 56 61 78 79 90 92
19 33 38 54 57 58 59 61 67 72 75 78 79 85 89 90 94 96
19 40 43 49 53 59 70 73 87 90 98 100
11 32 33 37 44 45 49 80 81 87 89 94 99
8 33 46 55 61 68 70 71 74 84 85 92 93
3 60 62 64 69 72 76 77 83 89 99
3 37 42 44 48 49 51 52 53 63 68 73 78 81 89 91 92 95 98 100
8 52 55 60 64 65 67 69 72 73 79 81 91 93
2 40 48 56 71 73 74 75 77 86 89 91 98 100
13 40 41 42 43 52 56 59 64 67 69 70 71 72 76 81 91 92 94 97 98 100
12 47 50 57 65 72 74 78 87 88 90 94 95 100
3 41 42 44 46 48 65 70 78 83 93
20 41 44 58 66 69 71 76 87 98
7 43 49 51 52 57 60 61 62 69 73 76 83 88 91 92 93 95 99
3 42 47 60 74 86 88 99
4 51 58 59 63 69 70 76 82 84 88 91 95 98
8 45 46 49 51 68 79 89 92 98
12 46 52 54 57 60 68 70 72 82 83 96 99
2 48 60 62 64 75 78 80 82 83 84 90
19 47 53 59 60 65 66 69 73 75 85 100
17 51 52 55 59 61 64 72 75 77 81 83 84 87 90 99
20 54 62 63 65 71 81 87 98
5 57 61 65 66 71 77 84 88 89 91 93 96 98
3 57 58 60 64 65 66 72 91 99
9 67 70 73 75 78 80 82 83 88 95 97 100
4 54 55 63 65 66 70 72 75 77 78 91 96 97 98
19 55 56 64 66 76 80 82 94 97 99 100
20 56 60 71 72 78 84 86 90 94 97
18 66 67 75 77 80 83 89
4 57 76 79 85 88 91
5 69 77 82 88 89 90 96
8 63 75 82 85 88 91 94
5 63 64 65 69 73 74 81 82 84 91 100
4 62 64 74 83 85 93 94 96 97 98
13 67 68 70 71 74 82 95 96
13 72 82 85 87 91
13 65 67 72 85 88
6 76 77 81 82 84 92
14 67 71 72 85 92
19 67 77 86 87 90 95 98
12 70 75 80 82 85 100
18 72 73 92
4 72 73 75 77 78 79 80 82 83 84 86 93
4 72 73 82 88 90 97 99
4 77
18 74 79 83 90 99
17 77 83 93 99
20 80 83 85 89 95 100
3 77 83 92 93 96 99
5 88 92 94 96 97 98 99
7 85 93 100
3 79 84 89 90
8 85 91 92 93 96 97
20 83 90 92 96
15 84 89 90 93 97 99
10 94
10 95
6 88 94
8 86 87 94
17 90 100
2
17 93 95 97 99
11 95 97 100
11 96
14 97 99 100
10 96 97
15
10 98 100
19 97 100
4
2 100
5 99
10
18
