50	5	1000	10
-2	175	12
-5	174	9
-2	150	5
-1	182	14
-2	121	10
147 4 7 8 21 22 31 46 48 50
82 5 8 10 15 19 22 23 28 29 35 41 43 45
147 5 7 19 25 26 28
125 6 7 21 23 30 31 42 46 47
90 16 17 22 30 32 35 44
52 14 19 22 28 32 35 39 40 42 46
104 9 11 14 25 27 38 40 41 42 44 47
87 18 23 24 25 26 38 39
132 13 26 33 45
125 11 21 26 27 34 35 36 46 48
143 22 27 28 29 37 39 40 50
110 13 16 20 24 28 30 32 35 40 45 46
150 20 22 26 29 30 37 42 45 47
84 17 19 20 30 39 40 43 47 48
137 16 17 22 28 31 41 44
117 21 47
79 19 25 26 30 44
135 22 25 28 34 40 44 45 50
111 33 43 50
103 29 34 36 40 45 50
63 31 39 41 46 48
79 24 26 27 31 35 43 44
73 30 35 39 43 44
65 33 34 35 38 42 43 44 48
88 27 36 38 39 40 46 49
139 28 38 43 45 50
113 30 34 40 41 43 50
110 36 40 41
62 30 35 38 43
53 32 35 37 43 50
139 37 38 42 44
51 33 37 38 45 48
147 37 45
147 35 36 37 38 39 45 50
125 47
114
145 38 43 45 46 48
61 44 45 48
116 40 41 47
97 45 47 48 49
67 45
105
133 45 46
113 47
103 46
142 48
104 48 49 50
96 50
134 50
89
