100	5	1000	10
-2	189	25
-2	186	19
-3	126	23
-5	198	16
-3	107	17
146 5 8 14 16 18 20 24 30 31 32 36 39 43 45 49 54 58 59 61 69 70 87
62 6 17 29 33 42 51 53 64 69 72 75 77 79 82 90 92 98
83 4 12 19 21 26 29 31 33 37 42 51 54 56 63 65 71 74 75 76 89 91 94
120 18 20 21 23 28 36 40 41 45 48 49 50 66 67 68 88 89 100
140 6 12 14 18 19 24 25 29 38 40 44 46 47 48 49 52 57 61 62 67 70 80 95 98
140 22 26 32 36 42 43 55 56 58 60 77 81 86 93 96 98 99
107 9 28 43 46 54 55 65 66 68 77 78 83 87 88 92 98 100
140 10 22 26 29 30 57 58 66 69 72 81 82 84 89
106 10 14 20 24 25 27 28 37 43 56 59 60 62 71 76 77 94
73 17 19 29 37 38 41 42 44 46 47 66 72 73 81 82 93 99
110 12 13 18 19 28 44 55 58 62 65 77 79 83 87 89 93 99
69 17 20 21 31 36 39 40 51 53 55 62 66 68 70 75 90 98
128 14 17 28 34 35 53 57 60 66 68 71 72 73 77 82 83 84 91 94 97
57 15 22 23 24 26 27 28 33 34 35 42 54 55 56 58 66 69 84 93 95 96 98
127 19 21 33 44 47 48 50 54 55 57 65 69 70 73 76 81 83 89 94 99
53 36 39 49 50 55 56 69 76 85 89 98
64 19 23 29 32 35 36 38 42 60 69 76 77 80 81 89 90
127 19 24 25 29 31 35 39 46 54 56 58 62 74
141 33 39 61 69 71 72 73 79 81 86 94
143 24 33 37 40 44 48 51 57 63 64 67 68 73 79 83 87 88 94 96 98
136 22 23 25 29 42 43 44 57 61 62 65 71 76 79 80 87
129 26 27 31 45 50 60 63 74 82 83 85 86 88 94 98 99
83 34 37 40 42 56 60 63 65 68 69 72 75 78 79
78 32 36 51 54 57 58 64 76 77 78 79 80 81 94 100
73 26 27 37 44 46 48 53 65 67 68 69 71 76 77 79 85 86 92 100
124 35 43 49 51 56 63 66 73 76 89 90 100
114 37 58 63 65 66 73 81 88 90 95 99
86 39 40 48 49 59 66 73 75 80 83 84 85 86 91
128 30 54 55 58 66 69 78 80 81 91 96
92 39 43 46 55 68 69 79 98
78 35 37 48 51 53 57 58 62 67 84 85 87 88 99
119 33 39 42 44 56 57 58 62 63 64 65 67 79 81 88 95 97
73 34 37 38 50 53 54 55 57 58 59 60 78 82 83 84 87 88 96
61 36 38 46 48 60 69 71 74 76 80 81 83 84 95 97
80 38 44 45 48 57 60 62 63 69 75 79 99 100
74 41 43 52 63 64 72 77 80 81 82 88 94 95 98 99
64 41 42 46 47 48 63 67 70 75 76 77 90 92
97 45 48 49 50 51 59 60 66 69 79 91 94 95 97
150 43 46 49 52 54 56 67 71 75 82 85 87 92
139 44 57 58 59 60 63 72 73 75 78 83 86 89 92
131 44 47 53 56 60 67 71 81 88 96
74 52 62 63 64 65 69 72 74 82 86 97
111 51 52 67 77 88 89 90 94 97 100
122 50 52 57 58 59 63 70 74 80 91
55 50 54 55 57 64 65 66 67 70 75 90 92 95 99
101 47 52 53 54 58 63 65 70 71 78 81 94 96
111 67 70 72 83 85 87 89 90 92 96 100
129 49 50 56 60 62 68 72 85 93
68 52 56 66 68 75 80 95
137 53 55 57 63 66 73 78 79 89 91 97 98
62 53 57 58 66 67 77 85 87 92 98
105 64 66 68 74 81 83 91 95
143 57 65 66 69 70 82 83 100
60 55 58 59 62 70 72 73 81 88 90 91 95 98 99
63 62 67 79 87 92 93 95 97
120 61 64 65 73 74 82 85 90 92 93 96 98
120 62 74 75 81 85 91 95 98 99
125 62 67 69 71 74 85 88 92
80 68 69 73 76 78 79 88 89 96 97 98 99
128 61 65 78 82 84 92 97
113 68 71 73 74 80 84 85 88 89 91
60 67 69 81 85 89 90 92 93 96
130 65 70 74 80 82 86 93
52 66 69 70 84 85 95 96 97 98
61 66 72 75 86 89 94 100
132 68 69 72 73 74 75 81 82 83 86 94
75 70 71 74 80 83 87 90 96 98 100
99 70 77 79 83 87 98
115 78 82 83 88 90 100
120 71 81 89 93 99
61 81 83 84 90 94 99
128 81 85 90 96 97
115 84 90 91 93 94 95 96
126 81 86 93 95 97
137 82 83 92 98
85 80 86 91 92 100
92 88 93
65 82 86
119 82 85 95 97 99
94 89 96
114 90 94
62
95 100
118 89 90 95 98 99
110 92 97 98
106 89 96 100
74 91 97 99
68 89 99 100
127 93
90 92 93 97 98
60
140 97 99 100
85 97 98 99
136
103 96
112 100
55
131
127
55
