50	10	10000	10
-4	962	2
-4	182	8
-1	816	4
-3	949	3
-5	653	5
-4	799	7
-4	500	2
-3	957	3
-4	822	8
-3	637	8
924 6 8 9 10 11 15 17 18 23 24 27 28 32 33 37 46 47 50
726 3 17 27 28 48
733 5 11 17 24 25 33 35 40 41 42 45
970 5 11 13 19 20 29 36 40 46
836 6 11 15 20 24 26 31 34 36 39 47
295 13 14 16 18 29 36 40 42 45
182 12 24 37 40 41 48
408 12 18 27 28 31 50
660 12 15 38 40 48
191 11 12 19 26 27 30 44 49
922 18 19 23 26 29 35 40
133 14 15 23 27 46 48 50
997 29 40 46 50
139 15 18 32 38 39
665 25 27 39
922 20 39 42 46 49 50
941 18 23 27 33 46
243 26 27 31 34 37 38 39
645 30 32 39
201 27 34 36 45
288 25 38 41 46
587 28 36 39 47 48
583 29 30 36
544 29 32 49
725 29 32 36 40
349 34 36 42 43 48 49
820 28 30 33 36 38 40 46 50
996 33 34 43 47 49
934 32 33 38 39 40
827 35 41 44 47
424 42 49
553 35 42 45 46 48 50
947 36 39
193
242 43 47
203 43 46
366 38 41
114 39 47 50
558 44 46
601 48 49 50
398 50
308 48
323 46 50
250
327 46 47 48
660
394 48 49
917 49 50
347
772
