200	5	10000	10
-4	409	44
-4	655	35
-1	782	38
-3	791	38
-5	1717	45
2633 7 16 22 24 25 27 46 49 51 55 61 69 85 88 89 95 98 102 106 116 134 140 149 151 153 154 156 163 164 166 168 170 171 175 180 182
2747 3 4 26 31 34 38 39 43 45 51 53 58 65 66 69 72 74 79 84 86 93 97 104 109 117 125 132 134 147 154 157 171 174 178 180 181 185 186 200
2920 13 14 16 19 26 43 51 52 59 60 61 66 72 77 78 86 109 113 117 118 120 121 122 123 124 131 132 146 148 159 164 172 177 183 194 199 200
2824 10 28 29 44 45 47 49 54 56 69 73 75 81 95 101 113 117 132 136 140 151 152 157 159 160 165 166 174 181 186 187 193 200
2095 7 8 15 16 18 19 28 32 33 35 39 45 46 47 55 67 68 71 75 76 77 78 80 81 82 83 87 88 93 101 106 110 114 115 120 124 125 126 127 131 133 137 142 145 147 150 157 161 164 167 168 171 173 176 180 184 185 190 192 193 199
2626 11 15 21 28 30 33 35 38 39 59 63 67 72 79 81 85 90 98 102 105 115 118 119 122 126 128 129 133 168 169 183 187 194 199
2195 8 9 11 30 31 32 41 49 50 54 55 57 62 67 75 76 78 80 89 93 94 95 96 98 101 104 108 109 111 121 122 123 125 127 133 134 136 141 145 147 151 171 174 177 183 184 196 197 198
2082 9 10 19 20 22 33 37 43 44 45 46 52 61 64 69 70 72 73 79 82 83 84 90 99 126 136 147 153 156 158 160 170 172 175 180 183 184 187 189
2560 11 12 17 20 23 25 39 50 52 54 57 60 78 81 84 89 90 91 93 98 110 114 136 138 139 141 144 147 151 153 157 165 167 169 177 180 183 186 188 189 190
2091 33 35 37 38 46 51 52 54 56 62 65 75 77 80 85 86 100 104 106 108 110 118 123 128 134 136 151 155 156 157 162 164 166 169 170 178 183 187 196
2862 12 14 15 23 29 33 55 57 60 86 91 94 99 106 110 116 117 122 132 135 145 146 153 164 166 169 175 186 190 196 199
2919 23 35 38 39 57 64 78 80 82 87 90 93 100 102 104 110 116 125 134 138 152 161 162 164 165 170 173 177 189 196
2498 17 18 24 26 32 42 49 59 63 66 75 77 79 86 93 94 97 100 101 102 108 117 128 135 136 142 148 153 157 161 165 166 170 175 187 189 191 194 196
2749 16 21 24 33 35 40 45 49 55 57 83 89 91 92 94 96 100 120 121 150 151 156 166 168 169 181 182 183 194
2103 16 23 32 39 40 43 54 67 69 74 79 82 84 85 90 114 117 119 126 132 140 145 147 151 153 159 162 163 169 170 175 200
2027 20 25 27 37 50 51 55 57 64 67 69 70 80 82 88 101 112 113 126 138 147 151 154 160 162 165 172 174 195 196 198 200
2650 19 21 38 44 45 49 59 62 63 67 71 88 91 100 104 113 120 125 126 127 138 141 149 160 163 165 171 175 181 182 183 192
2037 22 24 27 28 30 36 37 39 46 61 67 68 86 90 91 95 98 100 106 117 118 120 124 125 138 140 146 155 157 164 171 174 175 180 184 192 195 200
2490 75 89 95 103 104 105 106 108 109 110 114 115 118 121 123 125 131 136 140 157 159 160 163 164 168 170 171 175 182 190 193 195 199
2959 27 39 41 56 58 65 74 80 81 89 92 101 106 120 124 126 134 138 139 141 143 161 164 167 178 182 198 200
2557 29 38 44 53 59 63 66 69 71 72 79 84 85 94 95 101 114 122 123 124 127 130 132 139 142 146 153 161 163 166 168 169 173 174 176 182 187 188 191 199
2855 34 35 36 45 47 50 52 54 57 61 69 73 77 82 84 91 105 106 113 114 116 120 136 139 146 153 159 170 171 174 176 179 182 184 188 192 193 194
2515 37 40 47 52 57 79 81 93 99 117 126 133 134 146 152 154 161 165 170 176 177 183 185 195 199
2807 25 26 27 32 36 38 44 51 55 56 65 72 80 82 85 93 100 103 111 117 118 126 129 131 134 135 149 152 163 165 167 171 178 183 186 187 193 194 198
2611 30 31 33 34 36 42 50 53 60 61 70 78 84 87 92 112 116 124 131 142 149 151 152 154 156 159 168 179 187 189 192
2468 33 36 39 41 44 47 56 59 67 69 70 77 79 85 94 101 122 125 126 129 134 145 157 160 168 169 170 174 175 180 182 186 187 188 190 196
2343 39 48 62 75 76 77 79 90 101 103 105 113 114 126 128 142 153 175 193 195
2557 29 31 34 45 49 62 67 68 75 80 83 99 102 108 111 118 133 134 136 143 146 148 154 159 160 163 180 182 186 188 192 194 195 198 200
2001 34 43 44 58 66 69 81 83 86 88 98 103 105 108 116 117 119 126 127 130 133 146 148 155 156 176 185 193 194 196 197 200
2169 34 42 43 51 55 63 64 67 72 78 85 87 88 94 99 104 105 114 118 124 126 130 131 136 140 141 156 158 162 169 170 175 176 181 183 185 186 192 193 194
2905 35 45 56 61 62 63 68 71 73 76 81 85 93 96 99 101 105 106 111 115 119 127 128 130 132 133 146 154 162 167 169 173 174 176 178 181 186 187 190 192
2506 34 40 51 52 55 57 60 73 81 83 85 87 89 98 104 108 111 114 122 126 129 142 145 152 153 154 155 156 161 167 168 172 175 177 186 190 199 200
2857 34 36 39 46 51 54 58 61 67 69 74 86 88 90 96 99 113 117 130 133 136 138 141 144 155 161 162 191 197 199
2218 36 40 42 50 52 53 60 61 63 66 68 76 78 79 80 82 83 85 92 98 99 101 102 116 118 119 121 125 129 130 131 133 136 144 145 150 152 155 157 158 161 162 164 171 176 182 189
2734 42 52 66 73 75 80 84 90 106 113 124 132 133 134 141 145 147 159 169 181 182 184 196 198
2842 38 41 50 53 55 57 62 68 83 92 99 109 114 116 123 124 128 139 141 142 143 150 164 165 167 168 178 182 183 186 200
2195 39 40 48 66 69 70 80 96 103 105 107 115 120 124 137 142 148 152 157 161 164 172 174 175 179 198
2622 44 55 59 60 66 68 70 79 85 91 93 96 99 107 109 113 117 119 125 126 136 138 145 148 150 154 155 156 172 180 188 194 196
2022 41 45 53 54 59 62 70 75 78 89 91 92 103 104 110 115 128 131 132 137 143 145 152 156 161 169 172 176 177 178 180 192 193 194 197
2882 42 44 45 51 57 58 60 71 72 74 83 99 100 103 119 120 123 126 131 143 152 155 156 157 161 164 168 169 173 183 184 189 198 199
2043 42 43 45 47 49 60 61 75 79 81 85 86 88 93 94 104 107 110 118 132 133 134 139 147 148 151 153 155 158 165 166 180 182 184 191 195
2210 45 53 54 57 63 66 72 73 76 84 95 97 104 106 110 116 117 121 127 130 133 134 136 137 141 144 145 150 151 158 161 167 169 175 177 182 189 192 198
2866 44 46 68 72 76 79 83 84 92 102 104 105 106 110 114 129 138 144 157 159 162 169 172 174 176 182 184 185 190
2141 45 53 66 67 72 77 84 92 104 115 117 119 133 136 139 158 161 168 172 173 177 178 183 185 186 191 192 196
2516 52 56 71 77 87 88 90 99 115 119 126 129 131 138 140 141 144 146 147 148 163 171 176 178 181 184 188 189
2288 47 53 57 76 78 92 96 102 106 107 108 115 119 120 128 130 134 166 167 171 179 180 188 192 197 199
2773 53 61 65 69 80 84 88 95 98 99 106 107 109 110 117 118 120 123 128 130 131 135 140 144 151 159 161 162 167 168 169 186 192 196 199
2317 54 57 66 70 85 90 92 100 102 112 115 117 118 119 124 131 136 137 138 141 145 160 180 185 187 191 197
2989 52 59 60 72 79 88 106 122 123 125 139 148 154 155 156 158 163 164 168 172 173 179 184 186 190 191 194 200
2822 60 65 82 89 92 93 94 110 112 115 130 131 143 152 155 164 165 167 171 172 173 176 190 191
2822 53 55 65 75 86 94 98 100 102 108 110 116 126 130 131 136 138 140 151 159 173 175 178 185 193 195 196 200
2841 53 54 55 58 65 67 85 95 97 99 106 113 118 124 129 130 131 132 133 135 138 144 145 155 166 170 173 183 184 185 191 197
2033 57 60 82 89 92 95 104 120 133 138 144 146 147 151 152 163 165 172 173 183 185 187 193 195
2897 55 65 69 78 94 100 101 108 109 111 115 118 120 127 132 134 137 140 141 149 151 154 162 163 165 184 187 191
2945 57 58 64 67 70 77 81 93 100 107 108 113 118 121 125 129 139 141 143 144 154 160 162 173 177 179 180 182 185 190 193 196
2869 59 64 79 84 89 90 112 113 116 127 140 150 156 158 160 164 168 169 171 179 182 184 185 187
2916 58 60 65 69 73 77 81 85 91 100 102 106 107 108 113 115 117 120 137 140 143 147 151 164 176 181 183 187 189 194
2248 59 63 64 65 67 70 71 73 82 84 102 103 110 120 127 134 135 139 140 143 147 150 151 156 158 167 170 171 175 178 180 182 184 194 196 197
2380 68 74 81 82 89 94 100 106 116 126 132 135 144 145 150 151 153 154 167 168 178 184 190 192 194 197
2340 62 73 75 81 82 85 88 96 98 104 107 124 133 134 136 137 138 140 141 142 149 154 156 162 164 166 167 170 174 177 190 191 195 196
2875 66 69 71 81 89 91 92 97 107 112 121 125 126 128 130 132 138 140 141 144 154 161 166 167 169 177 180 186 187 192 199
2046 64 69 70 80 83 88 94 95 102 103 107 111 114 118 123 127 132 140 145 159 163 165 168 173 174 175 184 187 196
2620 65 70 73 75 80 82 85 89 95 97 101 104 123 131 132 135 138 139 153 163 166 170 173 179 184 188 192
2984 69 71 89 91 95 97 102 108 116 117 123 129 130 137 138 140 162 163 164 174 183 189 192 193
2735 67 71 73 76 85 86 107 116 117 119 121 123 128 134 135 137 138 142 143 145 149 150 157 161 167 170 176 178 192 195 197 198
2744 67 70 71 75 80 85 93 94 108 110 112 118 125 127 128 130 135 136 137 138 139 140 146 165 167 169 178 190 191 199
2073 72 80 92 114 122 133 134 136 137 143 153 157 169 172 175 184 189 194 198
2989 72 80 82 94 95 107 109 114 117 130 134 139 140 141 147 149 150 151 155 157 175 177 187 192 195 197
2865 75 76 79 80 86 99 100 107 116 121 124 130 131 135 147 150 160 161 165 166 170 171 173 184 192 198 200
2350 76 78 81 85 88 101 103 105 106 119 124 130 146 147 151 157 158 166 167 169 179 181 190 196
2013 79 89 91 96 98 100 102 106 108 117 126 139 145 148 156 162 163 171 182 183 184 188 199
2780 82 84 90 93 103 107 113 117 120 124 129 137 140 141 143 151 160 162 178 179 187 188 193
2228 79 85 90 97 104 113 115 119 122 127 134 143 145 146 152 163 165 166 169 184 185 195 200
2457 75 78 81 83 86 90 95 96 97 98 101 106 111 122 126 140 152 156 157 161 162 163 165 167 170 171 174 183 188 191 192 196
2015 76 78 86 95 101 106 112 115 116 123 124 130 131 133 136 140 141 142 148 155 157 160 166 174 175 179 184 186 187 192
2894 84 89 90 95 96 110 112 114 117 118 137 148 149 151 158 165 183 185 188 189 193 199
2102 82 84 90 91 104 107 114 116 118 119 125 134 136 146 148 150 152 157 160 161 164 184 185 187 188
2285 79 84 86 90 96 101 103 105 108 121 122 128 133 136 139 145 146 148 153 158 165 167 175 179 195 199
2384 83 90 92 93 95 102 104 114 117 119 120 121 127 134 137 140 146 148 149 153 161 163 164 168 178 184 194 200
2991 92 95 96 101 109 118 121 124 128 129 131 136 138 143 145 165 167 168 177 178 183 185 186 192
2931 87 88 89 91 93 95 96 105 117 120 122 123 125 135 137 141 158 171 174 178 180 182 186 189 198
2483 85 93 100 101 103 108 109 115 117 118 128 129 133 135 138 140 146 150 155 158 165 171 175 181 185 186 188 189 198 200
2444 86 87 93 94 96 98 100 101 102 103 106 115 131 136 137 138 141 157 161 162 164 166 175 187 188 199
2625 85 86 90 92 101 112 116 122 123 125 128 134 139 140 144 146 154 155 157 160 168 172 176 177 179 187 194 197 198
2249 87 95 108 109 111 112 116 124 130 132 134 135 136 149 161 165 171 175 180 194 198 199
2720 87 93 98 99 114 117 123 124 127 129 140 152 172 189
2896 89 98 99 100 107 110 121 129 138 142 145 149 155 157 166 167 168 169 171 172 173 174 175 177 182 185 192 193 195
2564 89 93 94 103 104 105 114 128 129 130 135 153 156 158 161 167 175 181 184 187 189
2723 96 107 115 117 119 136 138 139 140 143 155 156 174 180 182 184 185 189 190 196
2834 100 105 109 114 120 121 124 131 132 134 151 155 157 162 163 164 166 174 183 196 198
2188 94 95 96 99 104 105 106 108 114 122 123 127 130 137 138 147 150 153 156 158 161 164 165 176 177 184 186 189 198
2487 102 105 107 108 109 118 122 123 128 133 138 143 146 148 154 160 161 163 172 176 178 180 182 193
2461 95 96 100 102 104 107 109 111 113 115 116 118 136 146 147 148 150 153 157 158 161 162 169 173 176 180 181 185 188 190 191
2084 98 103 104 116 117 122 127 128 135 140 142 147 148 152 153 163 170 177 179 180 188 194 196
2627 108 109 116 122 136 139 146 155 156 160 180 181 188 198
2865 102 105 118 119 120 121 123 125 127 128 132 152 155 160 162 163 164 167 173 183 193 197
2119 98 100 107 110 114 115 117 131 135 147 149 150 155 166 179 188 196
2853 101 102 110 117 119 122 125 132 133 154 158 168 169 170 173 174 176 179 183 186 187 199
2071 107 112 113 118 120 121 127 130 134 141 143 144 145 153 156 176 177 181 183 184 186 189 191 192 194 196 200
2358 101 109 111 114 115 122 134 139 145 146 156 162 168 177 181 189 193 195 196 199
2367 103 107 111 120 124 141 142 147 148 150 152 159 161 162 167 169 177 185 187 192
2664 103 106 107 112 114 115 120 127 134 135 136 146 148 155 157 159 170 172 175 184 199
2397 105 108 113 119 142 148 149 160 168 169 170 177 178 179 181 182 188 189 190 191 193 194 196
2157 106 107 115 116 122 125 128 130 136 142 143 145 153 154 155 168 170 173 184 186 192 199
2138 134 135 142 149 151 154 155 171 174 182 184 185 187 195 199
2604 107 110 118 120 126 128 130 132 135 138 139 141 148 154 155 157 163 167 195 197 200
2397 118 136 148 150 152 153 170 171 173 174 175 182 194
2163 109 111 114 117 122 124 125 127 133 136 138 139 143 150 152 166 168 175 183 191 200
2718 110 111 127 129 132 149 150 152 159 162 163 167 176 178 179
2319 117 125 126 127 130 132 147 151 154 165 166 189 196
2286 115 117 122 124 134 137 142 144 148 156 170 171 173 178 179 180 182 188 191 197
2935 121 128 132 138 141 148 150 157 166 167 183 185 186 196 199 200
2136 120 124 126 136 137 142 144 152 156 159 165 175 178 186 190 194 195 197
2117 116 129 143 144 148 155 156 160 162 163 164 165 167 177 187 190 191 192 200
2571 128 133 134 137 146 150 152 153 158 160 161 163 168 172 176 180 185 189 191 194
2969 118 124 131 133 137 140 141 143 149 150 151 154 156 159 161 175 176 178 186 190 193
2960 121 129 132 135 138 141 142 156 165 173 181 184 188 192 193 194 199
2414 128 130 138 140 153 159 170 188 193 199 200
2366 121 128 145 149 157 160 163 170 183 185 193 198
2886 121 125 128 133 136 137 143 154 162 163 164 165 168 173 186 190 193 195 198
2727 124 127 131 137 153 155 157 161 170 171 172 175 176 185 188 189 191
2847 125 127 130 142 145 163 164 167 172 174 177 186 200
2111 125 126 127 135 137 138 142 145 158 162 164 165 169 180 188 192 195 196
2093 129 134 136 140 141 148 153 155 172 178 182 183 191 197
2324 126 135 136 142 144 148 150 154 162 169 173 175 177 180 182 183 184 192
2857 128 134 135 144 146 147 149 150 151 156 162 163 166 176 182 183 185 189 191 193 195 196 200
2593 136 143 153 174 175 191 195
2676 131 134 147 149 151 164 169 174 175 178 182 184 185 186 192
2835 130 133 136 139 140 141 144 158 159 161 162 163 164 169 173 180 183 186
2093 132 134 136 141 144 157 161 182 193
2635 140 141 146 147 149 153 155 156 160 161 166 168 177 185 188 191 197 198
2184 138 139 151 152 157 160 163 164 166 175 178 184 188 193 200
2040 134 143 147 151 154 159 164 165 168 173 176 182 184 188 194
2204 139 140 149 155 156 177 180 181 188 193
2858 143 146 148 150 158 159 163 165 168 171 174 175 179 180 181 183 188 194
2681 137 143 146 153 159 160 162 164 170 171 172 176 189 191 192 198 199
2697 139 145 149 150 152 153 159 164 166 167 177 183 193 196 200
2921 142 144 149 161 164 168 178 183
2360 150 155 156 166 170 174 183 190
2848 141 144 147 151 152 160 165 166 171 172 179 180 183 184 188 191 198
2387 144 151 152 154 159 166 169 173 175 176 178 180 182 186 187 189 190 194 196 199
2032 147 160 166 177 179 180 192 193 196
2892 151 152 160 162 173 179 182 189
2065 148 149 161 163 166 179 183 184 187 193 198
2929 153 154 162 173 179 189 194 197 199
2051 149 151 164 169 170 188 189
2192 150 152 153 155 174 175 177 181 197 198
2972 150 152 157 160 164 169 182 194 197 199
2323 152 157 170 179 180 185 198 200
2874 154 161 165 169 174 176 179 187 191 193 198 199 200
2642 156 159 160 172 173 177 178 180 182 183 197 199
2819 156 158 165 168 175 178 180 188 189 194
2729 154 156 159 162 165 171 184 192 200
2655 157 161 171 177 179 187 194
2381 157 163 170 178 179 189 200
2913 173 175 178 184 185 189 191 193
2722 163 167 180 182 188 189 199 200
2923 164 168 172 173 192 200
2103 185 188 190
2488 161 165 168 182 189 199 200
2266 164 167 168 186 198
2937 173 174 176 184 186 187 193 197
2227 175 184 186 195
2458 168 177 179 185 190
2955 172 174 178 180 184 193 199
2208 173 174 178 188 192 193 196 197 198
2560 168 170 173 181
2294 173 177 189 192 194 198
2817 178 183 184 185 189 190 199
2247 180 182 186 188 189 190 192 194
2672 173 174 175 181
2699 176 183 191 195 199
2282 184 191 195 196
2831 192 199
2845 176 185 200
2645 178 186 189 191
2649 180 181 182
2616 187 189 190 191 195 200
2122 180 182 187 193 196
2022 181 183 184 186 191
2103 191 193
2173 190 193 194 196 197
2256 186 189 194
2895 190 191 200
2939 189 197 198 200
2707 194 198
2294 191 199
2135 197
2196 191
2895 192
2428 200
2906 195 196 200
2618 194 197
2986 197
2626 197
2836
2931
2671 199
2182
2298
