100	5	1000	10
-4	186	26
-4	120	20
-1	120	22
-3	143	15
-5	167	17
179 2 10 12 16 17 19 21 23 39 48 51 57 58 61 66 69 74 83 86 97 98 99
187 9 20 25 26 37 39 40 43 47 50 57 58 71 77 82 88 93 98
170 16 30 39 41 47 56 57 63 71 73 77 83 99 100
111 8 10 13 14 17 28 36 41 51 52 56 67 68 71 76 77 79 80 88 91 96
178 8 22 30 41 43 44 49 67 79 82 90 95 96 100
124 13 16 18 19 28 35 53 54 60 65 72 89 94 99 100
110 9 12 26 28 36 38 43 47 48 51 53 76 86 88 91 92 95 99
170 17 18 19 20 23 27 36 37 38 43 45 51 60 64 70 71 78 81 84 92 93 96 99
176 11 14 17 26 28 38 46 63 64 66 72 78 81 83 88 90
178 15 19 27 30 40 50 67 69 78 80 84 87 91 100
111 13 15 21 24 26 29 40 41 58 62 71 79 82 87 97 98
110 13 16 18 24 27 31 33 36 37 59 62 65 72 74 83 92 99
162 20 25 37 42 44 49 52 57 60 61 63 64 66 74 76 80 81 82 86 93 94
200 18 19 20 21 22 25 28 34 35 39 47 51 52 61 66 67 68 70 71 91 93 97
103 19 21 23 27 43 49 63 69 70 73 79 84 85 86 90 94 96 97
181 19 24 29 33 34 35 40 45 55 59 68 72 73 75 87 88
177 25 39 42 44 71 73 76 80 89 91 92
124 23 30 34 36 42 48 51 52 54 56 57 62 70 89 98
161 20 21 22 28 32 37 38 40 45 51 53 59 61 62 65 79 80 84 90 96 97
186 27 45 50 67 71 73 77 78 79 80 82 84 94
169 24 26 29 33 42 45 53 57 61 64 76 84 91 96 100
133 24 27 29 30 31 32 38 40 41 44 49 50 51 60 69 74 77 84 92
128 29 36 38 42 44 45 47 48 52 54 56 63 69 71 75 89 92 94
182 28 38 43 54 55 56 61 63 70 72 75 77 82 84 93 97 98 99
164 29 32 34 38 39 44 45 51 63 76 83 86
200 30 31 35 36 38 39 46 50 58 60 62 63 65 66 68 70 75 78 81 84 89
164 35 36 37 39 42 43 49 52 59 62 65 68 80 83 94 96 98
136 34 35 37 39 46 49 56 60 65 66 72 73 77 80 92 93 97
196 35 37 44 54 56 61 65 73 75 79 84 85 87 93 98 100
170 32 40 51 58 67 72 84 87 90 91 92
193 32 38 39 40 47 54 56 60 64 76 77 78 80 84 90 100
118 34 35 38 43 44 54 57 75 77 81 84 86 87
177 36 45 46 51 55 58 60 63 66 70 78 81 85 87 89 92 94
123 44 49 53 55 57 59 62 63 69 89 96 97
119 37 38 43 44 45 50 52 53 59 62 69 85 88 90 94 97 99
186 38 50 67 68 71 72 80 81 82 88 100
102 49 54 56 58 59 62 65 69 73 74 78 88 91 92 95 99 100
147 46 62 65 73 74 82 92 95 97
142 40 41 42 50 54 55 68 77 87 89 95 100
189 45 47 53 59 66 68 72 73 74 77 83 84 92 99
105 49 62 72 81 83 91 100
177 50 53 54 60 63 67 69 71 79 82 87 90 91
191 45 64 67 71 72 77 81 91 95 97 99 100
193 45 51 53 57 62 76 78 81 90 96
189 46 49 50 62 68 73 75 80 85 88 91
198 48 49 54 61 64 67 68 71 72 75 77 80 81 88 92 100
161 53 68 69 71 72 75 79 83 87 92 97 100
174 60 64 67 71 80 84 85 91 98
168 51 52 55 57 64 68 80
112 59 63 64 67 73 74 90
160 52 59 68 73 74 77 80 81 86 87 92 97 99
155 62 68 72 78 79 97 99 100
178 55 72 74 79 82 86 88 89 94 95
190 62 65 66 85 86 90 91 96 97
165 56 59 64 65 68 69 76 80 89 99 100
170 59 68 72 93 95 98 100
190 58 63 64 65 69 75 76 83 84 93 96
169 73 85 100
156 61 69 80 87 91 97
123 62 65 67 68 70 71 72 73 83 85 86 87 98 99
160 62 70 94
110 72 79 83 85 88 93 98 99
178 75 76 79 86 89 93 97
124 82 89 100
114 70 71 72 75 76 86 89 91
114 68 70 72 76 78 94 95
144 69 70 80 99
145 83 86 87 95 96 99
151 82 90 99
156 85 87 89 91 92 95
190 98
142 73 91 96 97 98 99
113 80 83 98
140 80 87 94 98
190 77 87 88 89
163 78 82 86 90 97 99 100
107 78 84
111 83 89 90 92 97 100
179 87 88 89 96
123 81 90 91 96 99
105 93 95
125 85 86 94 96 97
172 91 95 96
118 85 87 95 96
112 87 88 89 92 98
133 87 88 93 99
128 90 91 95
157 90 98
175 91 94
130 96 100
187 92 99
135 93 95
130
153 97
135 99
180
181 98 100
177
115
112
