75	5	1000	10
-2	120	9
-5	132	12
-1	167	17
-3	121	22
-1	184	15
156 8 15 17 20 26 28 31 35 39 41 44 46 51 52 53 55 61 65 66 69 74
197 9 11 35 40 43 45 46 59 66 68 71 73 75
272 19 22 26 39 51 52 62 63 68 75
191 7 14 22 28 37 40 46 60 67 74
270 20 21 24 27 29 32 42 46 49 52 71
228 7 9 11 12 15 25 28 29 39 51 54 56 57 60 68 69
168 12 17 24 28 34 36 37 43 45 52 60 62 65 68 72
154 15 16 18 19 20 22 27 32 35 44 50 52 71 72 73
192 10 13 14 17 24 29 31 33 34 46 47 64 69
174 14 23 26 28 33 35 41 46 49 52 54 56 57 63 65 66 67 75
176 23 29 45 49 50 52 58 59 69 70
267 28 29 30 34 38 42 45 59 65 69 73 75
227 16 27 36 39 50 52 53 57 60 61 65 75
253 16 26 27 35 37 38 44 51 54 57 58 63 66 67 70
278 17 27 33 39 40 41 47 53 56 60 61 65 66 70 71 72
153 20 22 30 36 37 39 50 72 74
288 23 28 31 40 41 44 50 51 54 56 57 61 65 66 67 73
282 33 43 44 49 52 57 63 67 71
279 24 33 39 43 58 59 61 71 72 75
195 25 32 33 47 48 51 52 57 61 72 73 74
173 24 26 29 35 46 52 55 58
157 27 29 34 35 38 49 56 73 74
209 35 37 39 42 52 54 56 58 60 61
155 26 30 33 38 44 48 59 60 66 68 70 72
180 39 48 55 56 64 72 75
278 28 32 35 38 44 46 57 59 65 74 75
300 38 39 45 53 56 57 59 62 69 71
290 33 35 39 43 67
172 42 45 46 51 57 64 73
275 32 36 40 41 46 50 57 60 63 65 70 71
297 32 36 39 40 42 46 53 56 58 69
267 35 48 52 71 73
290 39 46 58 61 62 63 70 73
256 35 37 41 42 50 53 59 60 65 66 69
150 41 42 44 52 53 57 62 65 72
213 37 41 65 70 71
178 38 52 55 56 58 60 61 72
224 40 44 47 48 53 60 62 65
265 40 45 48 50 52 55 57 61 71 75
247 45 52 53 55 56 62 64 65 69 71 73
157 43 46 47 48 50 59 61 75
260 50 51 62 66 72
218 48 55 56 61 64 66 74
205 65 71 72 75
157 58 61 73
276 47 49 53 56 60 63 64 72
292 49 51 53 55 56 57 75
279 51 52 55 57 60 61 62 68 72
279 50 52 55 58 63 64 69 74
300 64 71 75
194 52 53 55 56 60 67 69 70 72 74
280 56 65 66 72 73 74
193 62 64 66 67 68 69 73
281 56 58 65 66 68 73
281 63 75
164 57 60 71
243 58 65 69
274 59 62 64 68 75
157 63 64
153 63 73 75
150 66 67 69 71 72 75
152 63 68 70
206 67 70 75
209 67 69 70 74
250 73
298 70 72
209 71 72
151 70 71
202 70
291
288
234
299
215
197
