100	5	200	10
-1	11	20
-1	16	18
-3	12	16
-4	17	20
-3	17	26
57 6 11 16 18 19 21 28 29 35 45 47 67 72 73 85 94 98 100
38 6 7 10 24 25 28 31 33 36 45 49 52 53 63 66 69 74 79 86 90 93 98
54 8 17 24 26 39 40 46 50 56 69 71 75 86 92 93
48 5 6 7 15 21 24 25 28 32 34 38 39 42 44 55 62 68 82 93 97 98 99
30 7 10 11 13 19 21 24 44 57 58 60 82 85 90
43 13 21 24 26 27 35 40 46 54 61 69 71 73 81 90 94 98 99 100
59 13 29 35 36 38 40 41 42 43 50 52 53 54 65 69 75 76 78
59 14 16 18 25 27 32 47 56 70 82 93 96 97
57 13 15 16 20 30 43 46 49 54 57 62 68 82 84 86 87 89 96
53 11 16 17 18 19 20 21 23 24 27 29 35 43 45 64 67 73 81 84 97 98 100
45 22 23 36 37 38 45 56 60 63 66 83 86
37 27 29 40 41 44 48 55 58 59 69 72 76 82 92
49 39 42 45 46 50 52 53 66 77 81 88 94
60 18 31 35 41 43 50 51 53 79 80 81 84 93 94 98
49 28 30 31 32 33 35 37 43 51 55 58 63 66 71 77 88 91
35 19 21 22 35 37 40 42 48 49 53 54 59 60 63 66 67 68 71 76 77 79 80 83 93 99
31 33 37 40 52 53 66 68 77 85 87 90 91 93 98
32 27 36 39 45 55 60 64 80 81 89
44 31 33 43 46 48 49 51 52 59 63 70 77 78 82 86 94 96 98
39 32 35 43 44 45 58 67 68 83
55 30 39 40 45 46 52 65 83 86 88 92 97 98 100
38 44 45 46 48 49 53 57 59 77 78 80 81 82 83 85
51 26 30 32 40 50 55 59 70 72 75 80 90 93 98
46 29 33 37 48 51 57 59 62 76 78 80 92 94 95
47 26 27 31 46 55 60 61 67 69 71 74 77 80 84 92 93 94 96 99 100
41 30 33 44 55 63 68 69 78 82 88 90 96 97 100
51 30 35 52 54 57 62 82 86 90 91 96 97
46 31 34 36 37 38 44 47 49 54 55 70 71 74 81 91 93 97
45 31 32 35 43 44 45 53 54 56 58 60 63 68 69 70 77 100
43 33 34 38 39 40 41 61 62 63 64 66 67 68 73 76 79 82 89 99
33 34 46 48 50 59 67 74 77 78 79 82 83 87 91 92 100
42 42 47 56 58 59 62 68 80 82 84 87 93 95
54 41 45 51 52 59 61 67 71 72 74 75 79 80 82 83 85 86 90 92 95
55 39 45 47 55 74 91 93 94 99
55 37 40 41 45 46 56 59 62 71 76 78 81 89 91 94 97
50 53 67 74 89 98
35 40 48 52 69 76 77 78 79 83 86 88 93 95
60 51 52 60 62 63 76 85 100
58 42 44 46 51 53 65 67 74 76 77 78 87 96
60 44 45 48 49 53 55 60 65 81 85 91 93 95 99
35 45 55 61 64 68 72 77 79 83 90 97 100
33 51 52 64 66 69 70 74 76 78 80 85 87 98
39 49 52 53 54 56 60 62 64 65 66 67 70 72 74 76 79 83 85 89 95 96
58 50 53 61 75 76 79 92
46 46 49 55 57 59 63 65 70 73 81 82 86 92 94 95 98
59 47 74 77 79 83 90 96
45 50 56 69 70 80 83 94 99 100
56 69 86 90 99
43 51 61 64 66 69 80 83 93 100
55 51 52 59 60 96
54 53 56 58 63 65 70 80 90 94
37 54 56 63 67 76 81 87
35 56 62 63 69 70 73 76 77 86 89 94 95 98
51 61 67 69 72 73 80 81 90 91 93 97 99 100
45 59 61 68 70 72 74 77 80 83 95
45 69 70 80 81 93
33 60 68 83 95 99
30 62 65 75 77 81 84 88 91 94 95 99
52 61 66 73 75 76 77 80 82 88 95 96
30 64 65 72 74 79 81 89 93 96
54 62 73 78 89
60 64 67 69 74 75 84 96
54 81 92
59 70 72 78 84 90 91 92 95
48 67 69 70 81 85 90 92 95 100
53 67 68 72 76 79 90 97 99
32 72 73 78 82 84 87 91
46 70 74 75 76 78 86 87 97 98
41 71 76 86 87 88 94 97
37 71 72 80 88 91 93 94
41 86 88 98
36 77 82 85 86 91 92 93 95 100
43 75 82 85 87 100
40 77 86 88 94
34 76 80 89
43 77 79 86 100
30 78 85 87 88 94 95
43 79 80 81 85 96 99
58 81 83 94 100
57 81 82 83 86 88 90
42 82 83 84 86 89 93 95 96
41 86 87 98
51 90 100
39 94 97 98
48
35 92 98
47 90 93 96
60 92 95 99
51 94
42 96 97
46
48
36
30 97
47 97
55
47 99
55 99
33 100
38
