100	5	10000	10
-4	1463	23
-4	458	19
-1	127	22
-3	1065	16
-5	1495	20
2901 14 16 17 21 24 26 31 36 37 39 45 47 55 57 70 72 74 81 84
2347 4 5 7 13 15 22 23 28 35 39 52 57 62 64 68 71 74 76 80 83 99
482 4 13 15 18 20 22 31 33 34 42 51 52 59 63 68 73 74 75 76 77 78 88 89 91
2606 7 16 18 21 24 26 28 36 39 56 61 62 84 89 100
882 37 41 45 47 48 53 58 62 68 80 81 90
429 10 21 35 37 39 46 52 64 71 78 81 84 91 94 99
2342 10 15 20 25 26 29 46 51 52 54 67 74 76 77 81 84 85 87 88 89 91
2542 14 16 21 22 25 28 33 43 46 48 52 54 58 73 88 92 98
2609 19 22 24 28 38 40 45 50 56 59 63 64 67 78 87 89 94 100
467 16 17 18 25 31 36 40 52 54 59 82 86 90 99
428 14 18 26 28 30 33 34 37 44 45 49 51 54 59 60 61 64 67 68 81 82 87 91 99
2092 23 27 31 33 53 60 67 69 73 75 85
699 19 23 31 43 54 55 57 60 67 69 73 74 88 96
209 21 24 34 39 41 42 61 65 71 74 83 89 96
2700 17 19 23 26 31 41 42 49 53 54 56 60 79 80 87 94
2580 26 28 32 34 39 47 51 52 60 67 78 79 80 81 82 85 91 98 100
897 18 22 27 34 35 52 53 56 63 64 69 76 77 81
2882 28 29 32 36 37 47 58 59 66 69 86 89 91 92 95 99
2329 33 39 43 53 54 60 61 73 81 82 83 87
1164 24 25 33 36 37 41 46 47 54 61 65 67 69 70 72 77 90
1004 32 34 37 38 50 51 64 65 70 85 96 98
2749 24 28 29 32 38 44 45 49 51 59 71 72 78 85 86 88 91 93 94 97
2162 28 30 32 37 38 51 61 62 68 74 75 78 79 80 81 82 83 90 92 93
2167 32 34 38 46 61 63 71 72 88 90 92 94 99
1254 32 36 38 41 43 45 55 65 72 73 75 76 79 82 85 95
488 28 29 33 34 37 39 44 49 50 56 59 66 67 70 73 77 78 80 81 83 84 86 87 88 91 96
2363 32 42 43 51 53 56 61 66 90 91 93 94
1432 29 33 35 41 42 44 51 53 55 57 59 65 67 72 74 85 91 96 97
683 38 40 41 45 60 66 71 76 81 87 96 100
2570 31 42 51 57 66 67 74
864 34 43 46 47 48 49 55 59 63 66 70 72 82 88 97
712 34 36 43 46 48 51 64 65 66 70 71 80 95 96
2883 38 42 48 50 54 59 64 71 74 75 92 93 94 96
166 35 38 42 50 51 53 55 58 60 66 77 80 88 89 100
1623 41 44 45 46 53 55 61 63 70 78 80 83 85 96
1462 38 43 45 61 62 65 72 78 83 86 92 98
285 38 39 43 44 46 55 56 59 61 63 64 67 76 80 88 94
2583 46 49 55 71 72 76 81 82 85 86 90 91 94 95 98 99
607 41 42 45 49 51 56 57 61 64 74 87 94
2957 42 52 53 59 67 68 69 71 72 90 91
337 48 55 63 65 66 67 68 83 92
763 44 48 55 69 73 77 78 80 81 87 97
2052 61 62 63 69 71 73 79 85 87 91 93 96 99
2489 52 53 57 62 63 70 72 76 87 88 93
504 46 52 55 56 60 63 65 66 73 83 86 92 100
2033 50 52 54 56 58 60 79 81 85 88 90 92 96
1878 49 52 53 59 61 62 77 81 83 87 91 96 98 99 100
2602 51 57 78 84 87 88 96
2180 52 56 59 60 63 79 82 90 93 95 96
2357 53 58 59 62 65 67 73 76 88 98
2994 52 63 64 70 72 75 77 89 91 99
2313 58 60 61 66 72 73 78 80 87 89
1922 55 57 60 63 67 70 73 77 83 86 90 95 100
853 55 68 69 71 73 81
2051 66 67 72 75 78 80 82 84 93 98 99
437 59 66 67 79 87 92 98
2609 60 61 64 82 86 87 90
879 65 72 75 79 83 84 91 100
579 67 68 75 83 90 95 97
575 63 66 71 78 82 90 91 93 99
1534 62 65 79 88 89 93 95 98
1568 69 71 83 85 87 89 93 100
2268 71 95 96
580 68 69 71 85 86 94 96 97
1758 75 81 88 89 90 93 98 99 100
1913 72 75 81 88
2836 76 82 87 92 94
1464 70 71 73 74 80 91 92 93
546 72 74 82 86 91 96 98
1398 71 80 94
2988 82 83 93
2117 82 92 99
354 78 85 93 99
474 79 83 84 99
962 76 89 91 93 95 98 99
2641 78 93 95 98
838 80 83 92 97
261 82 85 90 95 97 98
916 83 86 87 90
2433 82 86 90 92 98
1126 84 87 88 94
2988 86 88 89 95
701 85 99
512 85 87 92
1166 91 96 99 100
1008 93 97
1934 93
2506 96
1091 90 94 97
2899 98
1228 94 97
1064 96 97 98
1817
1227 98
2681 99
2697
2566
590
513
1911
