75	10	1000	1
0	97	5
0	19	9
0	13	5
0	25	10
0	91	10
0	34	10
0	87	6
0	83	5
0	25	8
0	60	7
120 3 6 13 15 18 38 47 48 56 61 63 65 69 73
61 3 17 27 32 65 66 70
128 4 6 7 9 14 16 24 25 27 33 36 38 40 41 58 59 63 68 75
128 6 10 11 13 24 25 26 36 39 42 43 44 45 53 63 66
60 16 20 39 41 48 55 66 71 73
129 8 9 11 12 13 25 33 37 43 46 49 51 53 55 60 61
137 13 25 28 30 33 36 37 39 40 45 51 54 68 72 73
74 9 10 17 21 23 28 40 48 49 52 60 65 69 73
60 10 24 29 30 34 36 44 47 51 55 62 63 71
120 14 16 21 24 30 38 46 51 56 59 60 68 70 71
126 15 20 22 25 36 37 38 39 40 42 43 45 51 53 55 56 67 71
61 14 20 24 28 29 40 54 57 62 65 66 68 72 74 75
112 20 21 25 26 27 28 31 35 42 46 48 57 63 68 70
150 15 17 18 27 32 41 49 51 56 57 66 67
86 18 28 31 34 35 36 50 57 61 65 68
146 20 21 26 27 42 46 49 52 53 61 64 70 71
69 19 21 23 26 27 29 41 52 57 58 59 62 70 71
92 23 26 34 35 40 43 53 57 66 67 69 72
139 22 23 28 33 36 38 40 44 51 55 70 75
114 28 38 41 43 46 53 56 57 59 65 71
120 23 24 28 30 34 35 42 50 52 57 58 70 71
143 24 36 37 42 46 51 69 72
68 25 32 37 39 45 57 62
127 27 37 39 42 47 52 53 60 61 62 68
73 26 27 41 43 47 52 58 59
136 31 36 38 44 47 48 52 53 63
52 45 51 54 69 74
97 30 33 35 41 48 57 75
55 34 36 43 61 62 71
115 33 34 36 38 42 45 46 47 48 51 52 59 61 64 73
111 36 44 48 63 66 70
118 33 35 37 46 55 60 63 73
62 34 35 37 52 55 59 65
120 41 45 49 61 72
140 36 39 44 47 51 52 53
106 41 42 46 48 50 51 56 65 71 75
73 42 43 48 55 57 63 70 74
110 39 40 44 58 61 63
64 41 42 43 44 49 51 58 60 70 72 73
124 44 46 54 55 62 66
110 68 70 72
105 52 62 67 71
128 44 59 64 67 72 73
140 45 52 53 55 64 65 67 70 74
115 47 53 54 56 65 70
119 50 52 54 60 64
60 48 50 52 60
128 52 65 66 71 73
74 50 60 63 64 65 72 74
147 60
55 53 65 68 70 75
140 62 63 73
90 55 56 59 72
140 67 69 70 71 72 75
57 60 63 67 70
101 57 58 62 65 66 72
106 60 63 67 71
92 63 70
63 69
113 67 68
62 68 71
83 63 65 66 70 71 73
107 69 71
125 66
137 69 74
85 71 72
80 69 75
127 71
68 70 71
78 71
80
103 75
85 74
130
131
