50	10	10000	10
-4	1627	3
-4	1672	6
-1	1266	5
-3	1487	4
-5	1070	4
-4	1091	7
-4	1695	2
-3	1775	4
-4	1133	8
-3	1897	7
1824 12 16 21 22 29 37
1095 5 8 10 13 27 29 30 31 45 46 49
1626 12 15 17 31 36 40 43 48
1633 5 13 14 25 27 46
1747 10 12 17 19 22 24 30 35 37 43 45 49
1920 16 33 47
1195 10 20 24 31 33 34 38 41
1082 10 15 16 32 46
1560 14 15 20 21 25 26 28 30 42
1288 12 21 28 43
1773 15 20 28 42
1317 21 31 33 49
1822 20 24 25 33 38 45 47
1033 25 26 28 34 45 46
1516 17 18 28 29 30 35 38 41 45 48 50
1989 22 25 27 30 31 33 46
1822 19 20 26 27 34 41 44 45 50
1841 23 24 25 28 31 32 38 45 46
1931 23 26 28 35
1564 21 29 31 32 34 43 44 48
1723 24 27 33 35 38 40 48
1188 28 29 33 35 46
1483 28 29 30 43 46
1444 26 30 31 41 48
1625 30 34 45 46 48 49
1249 31 39 48
1720 28 30 36 37 40 42
1896 37 41 42 49
1834 36 40 41 48 50
1727 37
1324 35 48
1886 41 45
1847 36 42 45 46 49
1111 43 46
1093 44 45 46
1722 42 43 44 48
1103 38 48
1488 39 41 44 47 48 50
1266 44 48
1937 41 49
1458 42 44 46 48
1955
1208 48
1913
1923 47
1227
1560
1294 49
1817
1247
