100	10	10000	10
-4	835	6
-5	226	12
-1	590	10
-3	315	11
-1	844	9
-2	919	11
-1	162	9
-3	795	6
-3	123	13
-4	657	13
766 3 15 28 30 38 39 42 46 53 65 76 78 85 86 90 100
1437 3 8 11 26 27 38 41 48 61 62 68 69 72 74 79 83
1227 5 21 28 29 30 40 46 47 50 51 59 64 70 76 80 86 90 93 94 98
1445 7 15 16 18 20 22 26 27 34 37 43 62 75 97
748 13 16 19 23 26 28 34 39 41 44 48 54 75 93 99
1335 13 14 23 28 32 35 38 48 50 56 61 68 78 84 92 93 100
1273 18 24 28 29 30 46 50 51 55 58 59 60 73 74 75 79 81 84 87 88 90 92 96 100
817 9 12 19 24 29 38 43 45 54 55 58 63 66 70 81 87 89 93
1247 22 26 28 33 34 36 39 43 47 54 57 59 61 67 69 75 81 82 93 94 95 97 99
1220 21 24 27 30 43 44 50 60 61 70 72 81 84 89 90 91
958 14 18 29 31 32 34 35 41 44 46 53 54 57 59 61 66 76 81 83 85 87 93 96
1223 13 29 32 34 48 55 62 67 68 70 73 77 89 96 97 99
987 16 19 22 25 34 38 39 42 45 56 58 74 78 98
1362 23 25 26 43 45 54 60 70 75 77 80 82 99 100
1127 18 23 27 29 30 46 53 54 57 58 59 60 61 78 79 100
1116 20 22 31 34 48 55 58 64 66 73 78 83 87 89 94 95 96 97 98 100
527 18 19 20 24 25 40 44 46 49 50 56 57 60 61 67 84 90 91 94 97
1353 20 22 26 27 51 54 56 71 72 74 81 87 89 95
1016 20 21 23 24 47 55 64 65 73 77 83 85 92
788 24 25 26 27 30 34 42 50 52 60 61 68 70 72 77 82 87 89 93 95 96 98 100
1423 23 28 33 36 39 42 51 62 73 74 80 81 84 86 91 96 100
1322 23 25 33 35 37 46 47 50 51 58 59 61 80 90 92 99
1341 44 46 50 61 65 70 74 78 80 83 90 94 96
591 25 28 32 34 36 38 39 46 48 65 68 83 88 92 95 97
1397 38 39 50 51 56 63 65 71 81 82 83 89 91 93 99
880 31 35 37 40 43 49 57 60 69 76 84 85 93 95
603 30 32 38 39 42 45 56 57 61 63 72 75 83 92 96 100
1484 48 49 58 60 74 75 77 82 84 88 89 90 98
1413 33 41 43 48 52 53 64 67 71 74 75 79 81 82 87 98
1125 37 50 52 55 59 63 66 67 72 79 81 84 88 89 90 93 94
727 36 38 45 46 56 60 68 72 78 80 81 83 87 94
688 50 56 64 74 76 90 98
1331 34 37 39 52 58 66 76 77 79 84 85 92 94
1369 35 38 41 42 46 56 57 68 81 82 84 85 86 87 99
1365 39 46 51 55 56 64 66 67 68 74 78 83 85 86 96 98 100
619 39 42 43 44 49 52 69 74 77 78 81 84 85 91
1375 38 40 55 59 62 63 71 88 89 91 95 97
1150 40 46 50 53 57 59 60 61 72 75 79 87 89 95 96
522 42 48 50 55 60 69 70 83 91 96
541 42 43 44 51 53 54 55 56 68 72 81 84 85 87 91 95 99
1440 44 47 50 51 52 55 66 67 76 78 82 84 90
1133 43 50 65 66 72 73 74 78 90 95 97
611 44 48 53 59 62 65 71 78 80 81 90 94 97
1064 45 47 52 55 56 58 59 60 61 89 92 100
747 46 48 52 53 58 59 62 68 69 73 75 76 86 94 95 97 99
1172 49 51 55 62 65 67 68 70 72 76 78 80 83 90 96 98
1093 51 52 53 54 58 63 65 67 71 81 82 83 84 86 88 90 95 96
1249 58 63 64 77 80 86 97 98
1420 50 52 53 61 70 77 78 79 81 86 88 90 99
603 79 84 89 94
944 53 58 71 77 87 90 91
1347 59 64 65 66 68 74 79 88 89 90
749 55 56 58 64 65 66 73 74 77 78 81 83 85 91
582 58 65 66 74 75 80 84 93 99
1060 72 78 79 88 95
1176 63 72 75 86 87 88 91 96 98
584 58 63 84 89 92 95
1145 59 66 70 74 75 79 84 91 97 100
593 64 66 72 77 79 81 82 84 91 92
1364 67 71 81 83 85 86
1276 63 66 69 74 77 84 85 86 87
997 63 67 69 71 73 77 84 90 92 96 100
595 64 75 76 84
1317 72 77 90
1199 67 68 77 80 82 90 92
1345 69 73 76 82 86 97 99
840 70 73 82 85 94 98
622 69 71 74 79 81 83 84 89 91 99
1491 71 73 75 77 90
988 71 77 82 87 88
1126 73 74 78 82 84 85 89 96
1455 77 89 96
794 80 86 90 94 95 98
961 76 81 82 83 100
1488 87 88
1431 77 78 84 94 97 99 100
983 79 80 81 84 91 93 94 96 99 100
1489 91 98 100
1386 90 91
1324 82 85 87 93
1322 82 90 91
1396 83 90 92 100
1334 84 96
1419 88 95
1357 86 89 91 96 98 99
782 90 92 94 95 99 100
1149 91 97
866 91 92
1222 92 93 94 97
695 96 99
708 92 96
1060
593 96 99
824 97 100
533 97 98 100
1416
998
546
1120
537
