200	10	1000	1
0	161	24
0	114	25
0	189	16
0	163	19
0	154	24
0	104	21
0	138	16
0	142	17
0	194	18
0	187	20
270 8 22 32 38 39 44 45 47 55 62 65 67 74 77 83 85 87 95 98 104 108 114 124 136 142 147 149 158 165 176 183 190 193 199
211 4 5 8 11 20 24 36 41 45 49 51 55 65 68 73 74 76 80 83 84 92 104 119 124 128 131 136 137 142 162 163 172 173 174 175 181 186 189 190 191 195 200
278 8 9 13 18 20 23 42 55 73 84 86 87 102 126 137 138 140 146 152 153 167 170 173 182 189
278 8 9 13 20 22 25 28 50 53 54 59 61 62 69 74 79 87 101 107 119 128 129 130 131 141 145 146 148 152 153 155 161 162 163 169 178 182 190 192 193 195 197 200
210 6 7 9 11 24 34 35 47 48 53 64 68 80 102 104 106 112 118 123 128 131 132 133 136 137 139 140 142 146 153 155 159 160 167 181 186 189 190 193 196
277 12 29 37 39 41 43 59 66 67 70 73 76 77 86 104 106 108 110 117 121 127 130 152 155 158 162 171 174 180 182 186 188 189
224 9 10 12 13 16 18 19 20 24 27 28 29 32 35 40 43 44 49 60 62 67 68 77 82 83 87 89 90 91 106 113 115 116 118 121 124 125 129 136 141 147 149 150 152 165 171 173 179 181 182 187 190 198 200
286 15 25 28 37 41 50 53 83 88 94 96 97 101 114 115 118 119 123 133 134 142 144 148 155 156 173 176 178 196 198
269 12 22 28 31 38 39 45 46 49 53 65 66 72 73 77 79 83 87 94 96 98 100 105 121 122 124 128 130 139 141 146 150 155 163 167 173 174 175 176 178 182
264 11 15 29 30 35 36 44 46 53 54 56 57 74 77 79 84 87 93 99 103 105 110 120 122 124 127 131 133 134 141 148 149 153 158 166 171 174 179 189 193 195 199
300 18 19 22 24 27 29 32 39 42 46 49 52 65 66 79 84 93 99 105 108 112 120 129 130 136 145 151 161 166 178 181 188 189 199
258 14 27 29 32 40 53 58 60 70 87 88 89 90 96 103 109 114 115 126 127 132 133 136 138 139 142 143 153 170 178 183 188 190 191 200
269 14 16 36 41 46 47 53 55 57 63 67 70 82 105 114 121 127 134 141 145 147 152 157 160 162 165 166 173 176 186 187 189 191 193 197
251 20 25 27 36 41 42 44 57 62 63 64 67 72 80 94 104 111 119 124 126 127 132 134 135 144 147 149 163 168 173 178 183 184 188 200
221 22 23 27 28 32 33 43 45 53 60 81 84 87 89 110 114 122 125 130 137 140 145 148 155 162 172 173 180 187 195 196
204 18 19 25 27 32 50 53 57 62 66 74 77 79 81 82 85 86 88 107 113 119 124 126 128 133 139 156 159 160 167 170 179 180 182 183 185 188 191 200
253 19 25 28 33 36 40 42 51 59 62 70 79 82 84 86 102 103 112 120 127 130 133 135 138 148 154 156 163 164 170 177 182 188 195 197 198
227 21 26 29 47 65 66 68 69 75 78 86 91 94 98 99 100 102 111 112 114 118 121 130 138 152 154 159 163 200
291 22 23 24 26 35 39 40 41 43 45 49 51 54 56 62 69 70 78 88 99 100 102 107 111 113 114 120 129 130 132 137 148 153 156 159 163 165 166 167 172 180 182 186 187 188 189 194
286 24 25 26 27 34 39 46 57 65 66 75 79 101 107 114 134 138 139 148 158 160 166 171 174 184 185 193 195 200
205 26 31 37 38 41 49 50 52 59 66 72 74 77 80 84 91 94 95 96 98 105 106 107 118 133 136 138 139 148 152 161 162 163 166 167 169 171 184 189 192 193
226 24 25 31 39 40 45 47 53 60 61 66 69 70 77 82 87 89 90 91 97 100 101 107 108 112 129 139 144 149 151 164 166 167 171 177 182 187 189 197
217 24 27 29 30 38 40 42 43 52 53 58 68 69 73 77 87 90 105 106 108 116 117 119 127 130 132 133 137 150 160 161 162 164 167 170 186 193 194
234 29 31 36 37 41 55 72 81 82 85 87 98 116 127 133 135 139 145 146 154 161 166 175 186 195 198 200
279 29 39 42 43 46 49 57 59 61 69 78 82 86 87 93 101 103 106 114 119 130 133 134 136 145 147 148 152 159 165 166 169 171 176 177 179 182 190 199
287 30 40 41 44 46 50 55 57 58 60 61 64 76 79 81 85 87 89 91 96 106 114 129 132 149 151 154 159 160 167 178 179 181 184 186 188 189 190 192 197
224 37 40 46 50 51 52 53 57 59 60 64 65 74 82 84 85 88 89 90 94 97 113 117 121 127 133 138 141 147 154 158 161 170 172 183 186 192 193 195 198 200
210 35 41 50 52 56 60 66 68 71 73 91 99 102 112 114 123 124 125 138 147 148 158 165 172 184 186 193
270 34 40 50 63 64 65 74 79 80 95 97 105 114 117 119 122 123 128 140 141 142 145 157 160 161 163 167 168 170 172 175 176 180 183 190 191 193
276 34 35 38 47 50 51 54 55 57 65 78 94 98 99 109 115 117 124 131 136 142 151 159 164 166 168 170 175 192 196 198
211 32 34 37 41 47 48 49 55 62 66 71 73 76 78 83 86 87 88 89 95 106 107 108 116 122 129 130 132 134 143 146 149 157 159 165 169 171 172 186 194 199 200
262 36 39 40 46 47 55 59 60 62 72 74 77 78 90 91 100 104 107 110 111 128 137 141 144 148 162 164 165 172 175 178 182 183 185
300 34 36 41 43 51 53 55 58 59 61 69 75 76 81 83 85 87 91 96 97 99 101 102 104 117 119 120 127 136 140 155 158 165 175 176 185 195
203 37 40 45 47 51 57 59 81 86 90 92 95 105 110 111 117 123 126 142 151 162 167 190 194 195 199
281 42 45 46 48 54 55 58 59 60 70 72 78 79 92 93 97 103 106 108 112 118 120 124 127 128 141 143 145 156 159 167 173 177 178 186 200
261 52 56 57 64 79 80 87 89 95 97 99 100 103 105 106 111 114 122 126 127 128 132 141 143 158 161 174 179 182 194 195
233 38 47 54 56 57 65 67 68 70 75 82 83 85 86 96 97 98 107 108 109 116 117 121 125 126 138 150 163 164 174 175 184 189 193 195 198 199 200
228 48 52 70 73 77 80 88 89 93 95 104 106 107 109 111 113 114 116 134 140 142 143 147 152 154 159 162 165 175 182 183 186 188 190 195
282 40 42 49 51 54 57 98 99 100 104 106 109 113 122 128 133 134 140 147 148 152 162 163 167 171 172 174 175 177 183 184 194 195 196 197
242 46 48 51 59 64 66 75 76 78 84 90 91 92 99 109 116 121 125 131 140 150 153 157 159 166 180 187 191 192 198 199 200
200 42 43 50 59 71 74 75 78 87 94 95 97 102 109 115 120 121 123 128 134 147 150 151 157 158 161 166 168 171 177 184 194 196 197
292 43 45 51 52 53 55 57 60 61 65 72 83 85 86 88 106 115 117 128 135 136 142 149 155 158 166 173 174 182 188 191
224 51 56 64 74 75 76 79 81 82 86 100 111 118 124 130 133 144 148 166 174 178 181 185 188 194 195 196 200
277 45 58 61 68 79 87 88 94 95 96 97 111 112 115 124 125 127 129 133 136 137 150 151 158 159 161 164 167 173 174 176 178 186 187 197 200
202 51 55 56 59 63 64 67 72 80 89 95 100 103 104 107 112 132 133 139 148 159 163 164 168 169 170 171 175 176 178 180 188 191 192
232 50 59 62 63 66 69 70 72 73 75 81 92 98 100 112 115 122 129 141 149 152 161 162 168 169 175 181 183 184 186 188 192
243 48 49 51 53 61 78 80 87 91 101 104 106 112 113 114 124 131 133 143 146 160 161 162 166 178 193 194
238 49 50 62 63 70 74 79 84 88 91 95 96 100 108 109 110 114 115 118 120 126 132 133 134 136 138 142 144 145 153 157 172 175 176 179 187 198 200
212 60 62 64 68 72 74 75 76 101 103 104 106 124 132 136 138 143 155 157 164 167 168 179 182 183 184 185 195
236 56 60 62 75 82 94 98 107 115 119 121 123 125 128 129 142 143 144 150 153 162 166 168 169 171 172 173 179 181 185 188 193 196 199
296 55 62 70 76 81 85 93 94 97 101 103 106 108 112 113 117 124 133 134 135 138 140 145 152 155 164 170 173 174 175 182 184 187 189 190 195
219 53 57 60 63 65 67 75 78 87 88 99 115 116 119 120 123 125 128 133 136 148 151 152 165 169 172 181 183 186 187 188 192 193 200
242 56 60 62 64 65 66 75 80 82 85 87 88 95 100 101 106 111 114 123 124 127 132 133 151 155 156 166 168 174 177 188 197 199
289 56 59 62 70 80 81 97 98 100 101 106 107 111 122 123 124 125 132 141 144 147 155 175 177 178 193 194 200
291 65 69 73 75 76 81 83 89 98 99 107 112 119 123 130 137 144 145 147 149 150 153 161 163 165 177 178 183 185 186 192 199
289 59 60 61 72 77 84 103 110 119 127 129 137 139 140 146 159 167 168 172 175 176 177 178
220 68 82 88 93 99 102 103 106 107 116 130 140 144 147 166 167 169 181 184
201 60 64 76 79 83 93 94 97 98 99 100 101 107 118 121 124 125 133 159 163 166 178 180 184 187 189 192 196
257 64 77 82 88 99 118 124 128 145 159 161 163 169 172 173 175 176 180 184 188 198 200
201 69 73 76 82 91 100 103 105 109 112 113 118 120 140 150 163 165 167 186 199 200
212 62 66 79 88 100 101 104 111 113 114 118 119 122 124 126 134 135 141 143 151 173 176 178 191 196
283 64 66 69 78 86 100 102 106 110 123 126 135 138 145 147 152 158 159 164 169 170 171 172 174 185 188 191 194 196
235 67 69 80 88 90 91 93 94 101 105 107 112 113 115 117 127 137 139 147 152 155 162 166 170 173 174 183
234 71 77 80 82 85 88 89 91 93 94 109 119 127 128 133 134 137 139 141 142 143 144 152 159 170 171 177 180 184 185 190 194 195
219 67 68 69 85 89 114 116 122 128 131 143 157 160 172 175 177 179 181 190 191
264 72 82 83 89 95 98 104 106 107 116 117 119 128 145 147 149 150 151 157 158 164 165 169 178 179 183 195
270 68 70 80 90 99 101 102 106 107 112 130 139 142 143 151 155 158 160 164 165 168 183 198
293 71 80 89 102 107 137 141 142 146 152 153 158 159 162 168 172 178 189 197 198
218 72 76 82 95 104 106 108 111 122 123 127 129 134 135 141 148 149 150 153 159 168 171 174 175 176 177 178 197 198 200
277 81 98 100 103 108 109 111 112 117 121 134 135 137 140 157 161 162 164 171 184 187 188 189 196 199
223 72 84 90 98 101 113 114 132 134 136 142 152 159 160 172 174 177 188 190 191 192 194 198 199
286 75 77 80 82 90 96 100 103 104 108 122 125 130 133 138 151 161 169 173 181 186 193 196
202 74 78 81 82 89 91 95 97 101 103 104 107 114 116 120 128 129 131 142 145 147 151 156 157 158 164 167 174 175 180 188 194 197 199
247 76 79 82 87 92 100 104 105 110 113 115 121 125 130 141 145 150 159 161 166 176 191 193
205 78 83 88 94 97 107 112 116 117 121 122 123 131 133 134 135 137 140 146 148 153 156 158 166 168 170 171 176 179 183 184 187 193 197 200
277 102 110 121 132 135 154 156 165 169 171 173 178 183 185 188
293 78 82 86 91 92 98 102 103 107 108 114 117 124 134 149 155 157 159 160 163 166 173 178 181 184 187 188 189 191 195 197 199
298 87 89 93 95 98 99 100 109 120 123 128 129 133 139 142 144 148 149 150 161 162 171 172 179 182 186 193 195
297 84 86 87 90 93 97 98 99 100 105 107 109 113 114 117 120 121 122 134 140 150 151 154 160 164 167 172 176 178 179 192 196 198
228 86 88 95 102 103 106 111 124 126 130 132 142 147 149 151 155 162 166 167 187 188 192 193
270 82 88 94 100 105 113 116 121 126 130 141 144 148 153 157 160 170 175 180 183 188 189 200
238 89 95 101 111 112 114 116 118 128 129 131 135 141 149 160 161 163 167 169 183 187 189 192 197
248 84 102 106 112 113 124 138 140 143 146 149 153 154 167 171 177 192 193 194
206 94 97 112 113 118 120 131 141 150 152 154 159 162 163 168 171 176 181 192
265 90 106 110 111 112 115 118 121 124 132 143 147 154 156 162 166 168 175 176 178 181 183 184 186 187 188 200
261 88 91 95 97 98 108 117 118 121 126 127 132 133 134 142 144 145 157 159 162 165 168 169 170 172 176 183 187 192 198 199
268 90 93 95 100 103 108 110 111 114 125 128 130 132 133 136 137 139 144 146 165 166 170 175 184 187 190 200
212 89 90 98 102 103 105 108 110 120 127 131 132 133 138 141 143 144 151 160 162 164 167 169 185 188
270 92 94 96 105 106 108 110 112 113 114 118 120 125 135 136 142 166 171 182 185 187 190 195
290 101 108 112 114 115 127 141 142 143 152 154 163 164 165 166 169 170 175 177 180 185 192 195 199
256 95 102 108 112 124 126 127 128 132 136 143 149 155 160 162 165 175 182 183 193
223 102 105 108 111 116 123 135 146 148 153 154 157 160 161 166 180 183 184 188 191 193 196
260 98 99 115 133 139 143 157 177 199
214 97 102 103 107 108 109 115 136 138 141 143 144 160 162 172 180 181 193 199
244 99 102 103 105 108 111 114 115 118 120 121 130 138 141 142 149 166 171 173 179 180 185 189 197
245 100 101 102 107 108 111 114 115 118 120 126 127 133 137 138 143 145 147 155 159 175 184 185 192 194 199
215 101 104 108 109 115 118 119 128 129 132 135 148 155 157 161 168 177 181 185 186 195 199
219 99 106 108 112 113 116 121 126 136 139 145 147 153 158 172 178 181 192 193
217 102 123 154 157 166 168 172 174 176
249 101 102 107 112 116 128 134 138 140 144 165 169 184 188 189 193 200
289 103 106 118 123 126 128 140 143 146 148 158 162 163 164 165 174 178 183 198
259 104 112 114 128 132 136 141 146 149 155 157 160 167 168 180 183 193
288 107 114 137 142 143 147 149 151 154 157 159 162 166 168 173 176 178 183 184 185 196 197
257 106 118 121 123 126 134 138 143 146 150 151 159 164 168 169 183 190 192 197 200
271 108 111 116 119 120 122 129 139 140 151 157 159 165 166 175 177 179 195 197
214 110 118 122 123 142 145 176 178 187 188 191 196 197
222 110 114 131 136 139 144 148 151 154 156 162 170 178 179 185 192 193
253 110 114 119 125 135 137 141 142 144 152 154 160 161 164 171 173 175 176 177 178 182 185 187 188 190 192 195
274 111 112 119 120 126 134 135 136 138 148 151 157 166 181 184 185 193 196 200
260 116 126 144 149 151 154 162 163 165 166 171 178 180 181 182 189 190 192 193 194 199
255 113 114 115 120 121 123 125 131 134 143 152 166 172 183 185 188 194
278 128 132 147 149 150 172 173 181 185 194 199
290 114 115 120 128 129 138 149 151 155 163 168 177 178 182 190 198
265 128 133 136 138 149 156 162 165 167 169 172 175 178 181 183 186 187 200
269 118 120 121 124 126 127 129 134 146 158 165 168 174 175 188 192 193
210 118 124 132 135 140 141 144 153 155 156 158 174 180 183 189 190 192 198
278 118 130 132 142 148 168 173 181 185 187 188 198
224 123 126 136 142 143 152 154 161 163 167 168 173 174 181 186 189 192 200
214 120 123 124 125 130 134 137 153 156 157 161 176 179 180 184 196
267 122 124 129 130 136 144 146 154 157 166 167 171 178 179 181 187 190
249 123 125 130 133 134 142 143 145 146 149 151 164 172 175 178 179 181 184 188 191 194
275 132 141 150 152 167 172 177 183 185 198
220 125 126 129 136 142 143 153 158 164 165 168 173 176 181 189 193
214 125 130 141 143 145 154 157 159 165 166 173 184 193 195 199 200
246 130 133 134 136 138 139 145 150 158 166 175 182 185 188 189 198 199
243 135 140 147 157 160 179 195 200
291 128 131 139 141 146 148 151 157 159 165 169 174 177 197
250 135 138 139 140 142 148 152 159 176 180 181 190 199
215 136 138 140 145 150 151 160 161 164 165 167 171 183
297 134 140 142 155 157 163 166 169 175 181 183 189 190 192 196 200
205 136 138 143 145 148 149 156 160 161 175 181 182
290 133 141 152 156 177 178 179 184 186
240 134 136 138 139 146 151 155 157 166 176 182 183 187 199 200
290 137 139 141 142 146 153 154 163 172 173 175 181 183 186 190 191 192
207 153 156 158 169 175 185 197 199
211 140 142 144 148 152 157 158 159 160 161 172 175 177 181 182 185 190 193 194 196 198
279 140 154 161 167 168 173 175 178 183 185 191 198 200
223 140 147 152 155 159 162 170 185 188 189 195
225 141 144 147 148 149 150 155 158 166 167 174 176 177 181 193 198
272 145 147 148 149 160 168 170 172 176 178 185 186 190 198
283 144 147 156 158 159 164 166 167 168 170 171 188 193 198
286 147 163 164 166 167 168 170 178 185 190 193 200
240 148 153 165 169 173 175 184 186 192 200
247 148 155 156 157 165 168 171 187 188 189 191 198 200
242 148 149 157 158 163 164 167 168 170 173 179 183 187 188 189 190 192
251 157 159 167 172 179 183 185 188 191 192
256 156 169 171 173 175 184 193 194
242 151 152 153 156 157 159 164 165 177 179 182 183 186 187 188 192 195 198
213 150 155 156 158 163 165 172 176 179 184 186 192 194 199
263 152 164 173 175 178 184 186 187 189 199
205 155 156 167 177 180 181 182 183 188 194 198
272 162 168 171 179 181 185 186 187 188 190 193 197 200
287 156 166 179
245 161 162 164 165 169 170 171 174 176 188
248 160 161 162 165 172 176 178 184 189
208 158 172 176 181 184 186 190 191
241 166 167 168 171 172 176 190 194
250 165 173 175 178 180 181 182 184 185 189 195 197
291 167 173 174 186 187 191 194 199
281 165 168 175 177 186 193 196 197
293 164 166 167 174 181 185 188 191 192 193 194 196 198 200
243 166 172 174 181 188 194 199
212 167 173 176 181 184 187 191 192 195
233 174 179 181 186 196 197
257 167 173 176 177 178 182 200
275 168 176 181 188 192 194 196 198
287 168 171 175 179 181 183 184 186 190
235
230 170 171 173 180 186 192 196 200
277 174 182 183 188 192 193 198
239 174 179 181 186 188 190 193 195
288 174 180 185 188 196
262 178 180 184 186 199
277 175 188 191 197
278 185 191
283 180 184 199
222 195
216 179 190 191 196
293 188 193 195 196 197 199
261 183 191 200
218 190 196
228 183 188 197 198
230 184 191 193 195 197
253
235 195
280 191 192 193
281 193
215
212 192 193 197
256 197 198
236 194
216 197
224 195
253
253 196 198 200
205 197
283
237 200
204
237
