200	10	200	10
-4	24	19
-4	9	27
-1	6	14
-3	3	17
-5	35	22
-4	30	18
-4	14	18
-3	9	22
-4	33	17
-3	27	26
57 2 9 13 15 17 30 31 34 50 55 59 70 74 76 88 90 98 99 108 112 113 118 120 123 129 138 150 158 166 167 169 186 189 194 195 198
42 3 8 10 12 15 16 24 27 28 33 35 36 53 55 56 59 63 65 66 67 76 80 89 91 92 95 98 102 103 106 114 116 118 119 123 127 128 137 141 151 152 155 157 161 165 169 180 188 199
59 5 12 16 17 18 24 25 26 35 38 55 58 61 62 63 70 72 75 78 81 82 86 99 101 108 132 135 157 173 174 190 196
59 5 7 9 15 16 20 26 29 30 32 35 43 46 49 50 55 61 68 75 83 87 88 101 103 107 109 110 114 118 120 122 127 131 133 138 141 142 147 152 157 159 160 162 164 165 167 169 171 176 182 188 192 195 197 199 200
46 8 9 15 19 23 28 31 32 49 53 57 67 69 78 81 89 97 102 106 108 114 121 122 134 139 140 145 151 153 158 160 161 166 168 170 172 173 180 181 188 196
40 19 24 28 32 35 39 40 41 45 47 50 51 63 70 78 88 100 103 104 108 111 118 120 123 124 131 132 135 136 137 140 150 159 167 170 178 180 192 197 199 200
56 13 20 21 27 33 35 38 40 45 46 48 51 62 65 70 79 81 85 89 99 103 105 108 114 115 121 127 140 142 143 145 154 158 163 166 167 168 173 182 189 195 196
45 13 18 39 41 43 44 47 51 59 67 76 77 81 85 86 92 97 104 106 114 125 128 129 145 149 150 151 156 159 160 165 178 182 188 195
55 14 17 21 22 27 28 29 35 36 38 43 53 61 71 79 85 89 95 108 111 112 123 132 133 137 147 155 159 163 174 185 187 193 198
52 11 14 18 19 26 37 41 44 51 55 57 65 81 86 89 92 95 97 104 109 135 136 143 145 148 151 155 158 159 160 166 168 170 179 185 186 197
45 17 21 29 31 32 33 36 39 43 48 49 50 54 57 64 76 80 90 95 106 109 115 123 138 143 156 159 172 186 194 197
55 17 18 23 32 33 40 46 48 51 55 56 61 63 66 69 71 74 77 86 90 93 96 105 113 136 162 165 166 171 174 175 179 190 191 196 200
52 19 26 27 28 35 36 39 40 44 45 51 52 58 74 82 89 97 99 107 111 116 120 123 124 127 133 134 135 148 154 172 174 176 184 191
46 19 20 23 33 34 40 45 46 47 49 52 53 56 62 63 67 68 93 97 105 111 113 117 120 124 125 133 136 150 151 152 159 160 163 164 168 173 174 182 189 195
40 17 19 20 28 30 33 36 39 44 45 47 49 52 70 71 76 78 87 94 100 102 104 111 112 118 120 121 122 123 125 126 132 134 138 139 140 142 148 151 153 156 166 171 172 180 187 200
41 21 27 28 30 51 53 55 60 69 76 78 79 86 89 98 100 105 111 124 133 135 137 156 165 171 182 187 190 198 200
46 28 35 36 37 44 46 50 54 57 64 70 96 99 102 107 109 110 112 117 124 126 129 150 157 160 162 173 177 178 185 189 192 195
44 20 37 38 41 43 48 54 56 58 72 75 80 82 83 86 90 93 98 109 117 121 124 131 133 134 143 149 157 159 169 174 177 178 180 183 186 188
41 20 26 27 38 42 46 50 51 54 62 66 68 79 80 82 85 93 97 101 103 105 117 126 133 136 138 142 144 147 153 154 158 162 165 170 171 173 175 177 178 194 196 198
59 22 31 32 34 41 43 49 54 68 70 73 76 82 93 108 109 113 114 119 121 122 135 150 156 157 164 171 173 179 181 184 186 192
50 25 36 38 41 50 55 62 70 74 81 85 102 103 104 107 112 117 123 124 125 129 132 133 136 139 140 152 155 163 169 172 176 177 178 186 190 192 196 197
51 24 26 39 42 45 53 56 57 60 64 66 83 84 90 91 97 98 99 101 104 110 118 119 121 123 124 132 135 142 146 149 151 161 175 182 187 196
46 27 29 38 40 50 55 60 62 69 71 72 75 82 83 84 96 97 99 104 105 108 112 117 124 127 130 131 132 134 136 146 150 163 165 180 182 183 193 195
42 26 28 40 45 51 53 54 56 61 69 70 72 86 88 89 91 92 103 106 107 115 121 123 125 131 138 140 144 146 147 158 161 165 166 169 181 183 185 192
44 36 53 81 85 86 89 100 105 106 107 109 113 120 123 127 128 130 134 139 158 160 163 167 189 190 197 199
57 35 37 38 40 41 46 68 70 75 76 90 92 97 101 116 122 131 139 141 151 157 159 160 161 164 168 170 171 173 178 193 195 200
55 28 58 63 64 67 68 73 81 84 86 90 92 96 97 103 129 130 134 140 144 145 153 158 161 166 172 174 175 188
44 34 35 42 64 70 74 77 80 82 85 89 95 101 113 114 115 116 118 120 124 126 130 132 140 142 144 145 148 149 152 153 155 160 161 163 177 185 186 187 191 194 195 197
40 30 45 56 59 66 74 75 80 81 85 87 90 91 97 105 112 114 130 136 139 144 145 147 149 157 158 162 166 167 171 174 175 176
60 32 35 42 47 49 56 60 76 88 89 90 91 93 103 109 117 120 132 140 149 152 160 163 173 174 176 189 193 197
59 40 42 47 48 52 58 64 65 67 69 72 74 76 77 80 81 83 89 95 101 107 111 113 123 124 134 138 139 147 152 159 161 164 165 170 179
40 36 45 52 61 62 66 69 90 95 108 109 110 117 123 124 128 132 135 136 143 163 165 170 179 184 188 197 199 200
44 38 39 45 48 55 56 58 60 65 66 88 89 90 93 99 102 103 105 108 128 137 138 139 140 146 148 149 155 164 170 172 174 175 177 179 184 188 190 197
46 35 44 49 56 60 68 71 76 78 79 80 89 92 98 105 108 109 118 121 128 130 134 138 140 142 143 148 153 156 157 158 159 160 169 170 174 180 181 182 185 192 193 199
59 46 51 52 54 69 70 71 74 77 87 89 95 104 106 111 115 117 119 120 122 139 140 141 147 171 174 175 179 190 192 194 196 199 200
55 40 41 58 62 70 77 78 85 92 97 99 102 107 108 110 115 123 125 126 129 133 134 136 137 140 142 145 151 154 155 158 161 165 166 168 170 176 179 182 184 190 200
40 46 47 49 50 56 57 62 72 75 79 81 84 91 93 96 102 104 109 110 117 119 128 129 139 140 142 143 151 152 153 154 158 159 160 178 191 193
48 43 57 59 62 63 80 83 84 89 92 103 110 116 117 118 127 128 129 136 137 153 155 158 163 166 168 170 172 176 177 179 181 187 200
55 42 43 54 58 62 69 74 76 77 82 87 91 96 102 104 112 114 116 123 124 126 132 134 139 142 155 157 159 168 170 171 175 177 186 188 198
57 43 49 67 73 82 87 99 108 118 124 125 130 132 145 147 154 160 161 164 171 177 178 181 186 196
55 43 44 52 53 58 60 68 72 74 77 78 80 82 96 99 100 107 111 119 121 131 136 137 140 147 150 151 154 157 165 172 182 189
55 43 49 56 58 63 66 69 79 81 90 92 93 94 96 99 107 124 136 138 140 142 144 145 149 152 157 161 165 166 169 171 172 173 180 183 194 195
42 44 47 55 57 60 67 68 73 74 78 84 89 91 92 96 99 105 109 117 127 129 161 164 165 181 182 187 195 198
46 45 63 68 77 78 79 85 86 88 93 94 101 110 115 117 118 128 133 139 143 146 150 172 177 184 188 192
52 47 49 57 64 66 69 72 74 81 96 100 102 104 113 115 117 129 133 135 138 142 146 152 158 161 171 175 180 182 183 192 194 199
51 51 53 55 56 72 77 78 81 82 98 100 111 117 118 119 122 129 135 136 140 141 151 166 176 177 182 184 188 190 191 197 198
46 52 57 60 61 62 67 69 70 71 77 79 89 93 95 99 108 113 121 128 131 132 136 138 148 152 169 170 176 191 193
41 54 60 61 66 74 77 81 82 84 95 112 118 147 149 150 160 161 163 165 166 173 178 179 185 186 187 188 193 194 196 197
41 50 54 58 59 63 65 72 80 84 87 96 102 109 119 120 121 122 125 130 131 138 144 146 147 152 164 171 173 174 179 180 184 190 199
50 51 58 60 72 73 78 80 83 92 94 97 100 106 107 119 122 124 138 141 144 145 146 150 156 159 160 163 166 175 176 182 183 186 192
43 52 55 56 57 68 70 71 74 85 90 93 99 100 111 112 113 114 118 124 128 129 137 143 146 151 152 159 169 170 181 184 186 197 199
46 63 76 78 89 100 101 112 123 124 127 131 132 133 134 137 145 151 158 165 166 167 168 172 173 176 181 185 187
50 56 59 61 64 66 77 81 82 83 86 89 104 110 116 120 121 123 138 144 147 164 174 177 186 188 190 195 198
47 60 64 81 84 87 90 94 106 118 119 121 122 125 126 135 146 153 154 158 164 172
60 58 65 72 73 89 97 102 108 119 122 123 124 137 138 139 144 150 156 160 162 168 178 190 195 196 197 198
48 67 70 77 80 81 83 84 97 122 125 128 129 134 136 139 140 141 144 172 175 176 182
48 61 65 76 80 82 87 88 89 92 96 98 109 113 118 123 127 134 135 136 142 143 146 160 177 180 182 188 191 198
58 63 64 75 77 78 85 94 109 115 118 120 124 133 135 139 141 142 145 151 155 175 182 184 187 189 191 194 195 199
49 61 65 66 68 69 70 71 76 82 88 91 96 97 100 102 104 106 107 111 112 113 134 135 140 149 154 162 167 170 180 199
45 62 63 69 82 86 89 100 110 111 113 116 117 120 125 126 129 133 134 135 142 153 159 161 169 181 195 199
57 67 68 69 76 79 81 88 95 98 109 111 126 127 135 144 145 150 165 167 169 178 184 187
50 69 70 74 78 88 103 105 107 108 115 118 121 124 128 130 133 135 142 152 157 160 167 171 173 183 189 192 194
44 64 71 73 74 121 122 130 132 150 153 159 172 175 191 198
49 65 71 80 83 84 85 87 92 98 102 106 110 111 120 121 125 127 136 137 138 142 151 157 169 177 180 181 182 189 192 194 196
46 67 72 76 80 83 89 90 92 101 103 120 122 131 141 143 152 160 162 171 174 176 179 181 182 186 190 196
40 71 79 88 90 95 100 110 115 116 117 125 127 128 147 148 150 171 176 177 180 181 198 200
51 68 69 72 74 86 89 100 103 104 106 108 110 119 125 129 142 143 146 155 165 167 169 184 192 198
41 77 79 80 82 95 101 102 107 110 116 118 123 125 127 131 135 151 154 155 169 176 178 195
59 72 73 77 79 83 91 92 96 105 106 108 117 118 119 125 135 140 150 155 159 168 174 179 183 186 193
42 76 79 82 88 89 94 95 110 111 114 116 119 122 135 136 151 162 167 168 170 173 176 180 181 187 188
47 72 74 75 76 77 83 100 101 107 114 120 130 133 136 141 150 153 159 160 162 165 170 176 177 183 188 191 195 198
49 77 89 99 108 109 121 127 132 142 145 148 160 164 168 174 181 182 183 191 192 195 196
52 74 82 88 90 91 112 114 119 120 125 128 129 131 133 134 136 151 153 161 169 175 176 177 186 192 198
41 86 89 92 94 105 107 110 115 119 120 121 127 138 140 145 151 154 155 156 161 164 167 170 174 178 179 180 185 187 188 196
41 76 80 89 95 96 99 105 106 107 112 118 122 125 133 137 141 146 147 156 165 167 181 187 188 192
53 83 85 94 95 101 102 107 108 110 112 114 115 116 122 124 132 134 153 154 167 170 171 178 181 182 188 195
48 85 101 110 113 117 122 129 131 134 136 142 152 155 161 174 180 190 197 200
44 80 88 93 95 96 100 112 119 122 142 143 144 145 147 149 151 156 158 173 176 193 199
57 81 86 102 104 112 113 114 115 118 122 126 127 131 134 139 141 143 146 155 172 173 181 184 192 195 198 199
43 81 82 87 93 97 101 106 107 112 127 131 132 139 145 155 166 167 168 170 173 178 181 182 188 191 192 195 199
57 87 88 96 97 99 101 102 103 105 107 114 116 117 123 125 127 134 136 139 140 141 144 147 150 156 158 159 160 161 163 168 170 177 179 189 191 192
43 84 91 93 94 99 102 103 106 110 111 120 121 122 124 130 141 144 153 156 159 160 167 168 175 183 184 189
56 86 87 88 94 107 109 112 119 138 143 144 150 153 155 159 169 173 177 179 181 182 183 185 186 193 196 199 200
43 87 89 92 100 109 112 115 118 123 126 128 132 146 147 158 161 162 165 167 177 178 179 180 193 200
42 91 101 114 129 135 137 139 140 144 147 159 162 164 166 176 178 180 186 193 196 198 200
51 91 101 103 107 110 118 123 130 144 151 152 155 159 164 165 173 181 182 183 187 190 199
51 89 90 93 95 98 106 113 118 122 133 135 136 137 143 152 172 182 184 185 189 190 192 197
44 97 102 106 116 120 125 128 135 141 146 147 154 155 159 162 164 170 171 176 177 183 184 186 191 195 200
52 94 108 114 116 117 128 130 135 148 150 152 154 158 178 187 193
45 94 95 107 117 119 120 122 127 128 132 137 139 150 152 157 158 161 181 185 188 193 200
45 95 98 101 103 107 117 119 123 124 137 138 141 148 151 153 166 170 175 176 180 183 186 193 195 199
54 94 103 108 113 124 126 130 134 137 155 159 162 163 168 174 175 179 183 190
57 97 100 106 107 121 127 129 130 136 138 150 152 156 157 159 160 163 167 171 179 188 192
45 100 102 103 105 129 130 134 138 141 155 156 161 164 165 169 191 196 199
51 99 102 108 112 113 121 122 124 127 140 143 150 155 157 158 163 164 165 172 176 193 198
45 106 124 125 135 136 142 144 151 153 158 159 162 163 164 166 167 169 170 175 187 189 197 199
52 99 101 111 112 120 124 140 142 143 146 150 152 154 159 164 168 170 172 180 200
50 101 103 110 119 120 127 134 137 140 142 155 162 167 171 173 175 185
54 102 106 107 111 115 118 121 123 125 127 129 131 132 138 143 145 156 165 169 170 179 196
56 108 109 117 119 125 128 130 135 137 140 141 142 146 148 155 159 166 170 171 172 180 195
58 109 110 115 116 118 125 126 131 139 156 159 160 162 170 175 176 177 185 189 191 199
42 103 104 105 109 111 115 118 123 125 129 133 139 141 142 146 148 149 152 155 165 167 172 173 174 179 185 187 189 198
59 107 114 115 116 118 125 127 130 132 134 145 147 151 152 157 161 165 166 177 186 188 189 190 192 196 200
46 109 129 137 141 158 159 162 165 167 177 185 191 197 199
43 109 110 112 113 117 128 136 138 143 153 157 158 162 172 175 177 183 191 196 199
52 109 111 112 115 118 121 122 124 134 135 137 140 144 151 157 162 165 171 178 179 180 186 194 196 198
41 108 120 129 131 132 134 137 147 156 178 180 181 182 184
58 120 121 122 123 124 126 128 134 138 141 151 160 161 165 177 186 189 191 198
45 112 117 126 129 133 135 140 141 146 147 151 152 156 164 173 178 192 197
49 113 116 121 124 125 128 131 134 136 143 150 153 154 159 161 168 177 178 179 197
43 115 116 128 139 144 145 155 164 167 169 176 177 179 192 195 199
51 116 119 121 123 124 133 138 139 147 167 169 176 182 186 189 190 198
50 117 130 138 143 145 149 152 153 156 164 175 176 177 182 190 191 192 197 200
42 117 121 137 139 141 142 147 152 159 161 165 174 177 185 187 188 191 192 195 197
59 118 132 137 140 161 162 165 167 170 175 195
49 120 136 140 144 148 152 156 170 178 193 196
50 120 124 127 128 136 138 139 147 166 167 169 172 176 177 181 183 185 194 197 200
50 121 133 138 143 163 164 165 167 173 175 180 181 184 188 191 192 197
60 123 147 149 152 161 162 167 171 184 185 190 193 196 199
56 127 130 138 140 143 146 153 154 166 168 173 175 178 181 186 189 191
41 126 127 129 132 147 151 157 162 165 168 169 170 173 174 179 190 199 200
42 123 124 131 134 140 148 151 159 160 165 170 174 178 185 186 191 195 199
45 125 127 129 130 131 132 141 148 152 153 155 158 160 161 175 181 183 195 196 197
46 127 144 145 147 158 161 166 171 175 177 178 182 189 191 192 198 200
58 127 132 139 143 144 153 154 160 164 170 187 188 191 197 198
60 129 133 138 139 141 144 165 169 170 171 178 183 185 191 195
46 130 133 145 147 150 165 166 168 171 184 193 195 197
50 134 140 143 144 157 161 165 172 173 175 177 190 193 198
60 145 158 166 168 172 180 187 193 194 195
51 131 134 136 137 140 142 145 147 161 164 170 173 191 196
57 134 151 158 163 168 171 174 178 182 184 192 194
43 134 137 143 154 157 162 165 168 169 182 191 197 198
41 136 140 147 150 155 168 185 188 189 194 198 199 200
40 135 136 141 148 154 164 168 169 173 178 179 188 189
46 139 174 175 183 189
57 137 149 154 156 165 168 169 172 181 184 192 193 195
54 140 145 151 155 156 157 158 160 163 165 168 175 181 182 185 187 191 194 197
50 139 140 148 155 156 158 168 171 192 197
43 140 143 147 156 157 163 165 171 172 177 181 184 186 190 192 193 199 200
42 142 164 167 170 174 176 177 178 182 198 200
42 155 156 166 167 180 182 184 191 200
55 151 152 159 160 169 171 176 177 199 200
46 145 148 151 163 166 167 170 178 179 199
41 152 180 181 192 199 200
58 148 149 150 151 154 171 177 185 191 194 195 197 198 199
45 149 151 154 166 169 175 180 188 189 190 196
42 162 166 171 180 181 182 183 186 189 193 195 200
51 150 151 155 161 167 170 175 176 182 187 191 195 196
52 151 157 162 167 168 169 179 181 182 190 194 198
42 152 158 160 164 165 167 170 171 176 179 181 184 185 186 187 189 191
56 152 155 160 164 167 169 173 192 193 196 199 200
57 164 172 178 182 190 191 193 198
41 157 159 164 172 184 188 192 193 198 200
60 162 165 166 167 173 174 176 189 196 199
60 158 161 163 174 187 189 194 198
55 164 170 173 176 181 184 193
58 173 174 176 185 186 187 193 199
44 161 167 172 180 181 184 192 198
48 161 164 166 172 174 179 181 186 188 193 194 197 200
54 162 164 170 173 176 180
50 164 170 172 173 174 176 177 192 194 195
46 172 173 176 182 186 189 199
59 166 167 170 183 185 193 194 195 198
53 166 174 175 176 191 195 197
48 173 175 181 186 187 188 194
49 168 175 177 187 188 192 193 195
40 170 177 180 181 185 198 200
48 174 181 183 187
60 170 179 180 184 189 194 195 200
59 174 175 185 186 188 193 194 196
60 174 180 193 196 198
45 175 177 182 184 186 188 190 192 195
42 175 176 179 188 193 195 198
56 178 180 182 185 186 198
46 179 186 192 197
44 178 180 182 191
60 180 182 185 186 190 192 195 198 199 200
47 183 187 188 190
57 186 194 199
49 200
52 186 188 190 193 194 198
48 185 187
53 188
48 188 192
60 186 188 189 194 196 197 200
60 191
43 193 195 196 197 198
43 189 191 196
43 190 192 194 199
49
44 195 198
46 200
53
53
40 197 198
41 197
60
49 199 200
52
45
