50	10	1000	10
-5	68	4
-2	44	2
-4	94	1
-1	80	7
-4	87	4
-3	10	8
-5	59	9
-5	75	7
-2	26	5
-5	76	3
157 6 8 9 19 23 24 27 29 34 39 46 47
300 13 17 21 24 28 36 39 48
275 12 18 21 22 23 33 34 41 42 45
270 5 9 10 16 19 26 29 36 37
292 6 8 19 21 23 42 49
280 11 12 13 15 18 19 21 31 37 40
193 9 21 24 30 31 35 40 49
247 9 11 12 14 24 27 28 30 39 42 43 45
218 10 16 17 34 37 41 46 49
209 18 19 21 27 28 36 39 44 47
279 16 20 33 43 44 45 47
272 16 28 29 35 50
278 27 28 38 39 48 50
153 18 19 21 22 27 31 36 45 48
166 20 27 28 34 44 49 50
267 19 24 27 28 33 34 37 40 49
197 18 26 32 34 35 49
227 29 30 39 48 50
176 26 27 37 46
209 23 30 35 36 38 39 46
180 23 30 31 35 46
194 23 27 32 33 37 38 42 47 48 49
290 27 30 33 34 36 39
250 30 31 32 45 47
281 28 31 35 40 44 46 47 50
297 35 45 49
157 30 31 35 48 50
152 42 44 45 47 49
205 30 43
155 35 36 43 44 49
278 47
279 33 37 41 44 48
253
298 35 37 38 41 46 48 50
209 39 47 48 49
180 41 43 47
265 46
174 41 43 45 46 50
150 46
206 45 48 50
300 48
172 44
156
157 45
276 50
191 48 49
288
184 49
260 50
228
