50	10	10000	1
0	1191	2
0	1033	7
0	1627	3
0	1672	4
0	1266	5
0	1487	8
0	1070	4
0	1091	4
0	1695	7
0	1775	6
924 3 4 6 16 19 24 27 29 34 43 48 49
726 4 5 15 20 22 26 31 33 34 35 42 47 49
733 13 19 22 26 30 32 34 36 37 38 39 42 46
970 9 14 22 32 41 48
836 8 15 16 18 23 30 31 32 40 43 45
295 8 10 11 13 15 18 20 26 36 40 41 48
182 15 19 29 35 41 50
408 10 15 24 31 43
660 13 19 35 39 43 45
388 18 31 33 35 41 48 49
873 14 24 29 39 40 42 46 47
922 13 16 17 28 31 41 44
616 22 24 25 33
665 16 17 25 37
922 30 33 34 42 43 47 48 49
941 19 21 28 31 38 42
623 36 38 39
588 26 27 36 40
645 26 27 33 35 41 42 46 48
201 23 34 35
288 23 33 35 47
697 29 32 34 35 41 46 48 49
583 26 27 29 32 33 36 37 38 39 40
544 28 31 36 39 49
725 27 35 39 40 44 50
349 29 34 45
820 28 49
996 32 47
934 32 33 35 39 44 45 47
876 32 35 36 40 46 47
141 34 36 39 40 48
827 44
424 45
514 37 39 42
553 44 45 50
947 39 50
193 39 43 46
203 42 46 47 50
366 47 50
114 46 49 50
558 43 47
601 43 50
398 47
308
250 46 50
327 48
660 50
394 49 50
917
347
