100	10	1000	1
0	42	11
0	25	14
0	86	5
0	66	11
0	95	11
0	32	10
0	11	10
0	70	8
0	97	10
0	62	10
43 12 13 15 18 25 30 35 46 48 60 65 67 68 74 76 80 85 90
80 4 6 19 30 32 38 47 48 52 60 64 66 76 86 91 95 98
21 4 6 10 12 15 25 27 36 47 54 55 60 71 84 87 88 89 100
88 15 17 29 32 39 43 49 59 63 66 71 81 84 99 100
88 10 11 18 20 21 26 28 35 42 50 57 63 64 65 69 84 87 88 89 90 92 95 96 97
20 8 26 31 33 42 46 67 81 90 97
87 8 17 18 29 35 45 46 47 49 57 58 62 65 70 82 89 97
34 11 13 18 19 20 22 28 35 46 49 60 61 68 71 86 94
96 13 19 25 28 29 34 36 42 46 60 66 72 78 85
79 15 23 27 29 30 39 40 57 58 59 64 68 73 74 75 78 82 87 88 90 97
74 12 15 16 20 24 26 30 31 36 40 46 53 59 60 63 74 75 79 81 91
89 24 30 32 34 37 41 42 52 58 60 63 66 71 86 88 100
97 15 18 19 21 32 40 49 50 67 69 72 73 74 75 76 81 82 100
34 36 46 51 53 73 74 76 81 83 90 95 98
20 16 21 23 25 29 38 40 41 46 49 68 71 74 75 88 94 96 99
80 17 21 33 35 41 42 48 52 59 62 63 67 69 74 76 78 79 81 82 84 87 93 96 98
86 21 22 23 28 33 34 40 44 59 65 77 89 90 94 96
21 24 25 37 38 51 56 72 78 81 90
72 36 38 40 47 51 67 68 85 86 92 94
28 21 32 35 39 42 47 53 58 68 70 79 85 86 91 93 100
13 23 24 28 39 49 59 62 68 69 76 79 80 89 96 97 98
91 26 32 34 43 46 47 48 52 57 58 64 65 66 76 77 82 88 89 95 97
43 28 30 44 45 47 53 54 55 57 61 63 66 68 77 82
38 25 28 30 35 36 47 50 53 54 57 61 67 78 79 82 91 95 98
92 29 32 44 53 63 65 67 69 72 76 85 86 87 90 98 100
29 27 47 49 50 66 67 73 74 78 86 89 93 99
52 30 31 33 34 36 41 42 44 48 49 66 67 70 72 73 78 79 82 83 89 100
25 29 31 33 55 68 70 71 74 76 78 86 88 89 96 99 100
99 30 34 35 39 41 60 72 73 76
30 33 38 39 50 54 56 57 74 92
80 34 49 60 63 66 71 74 79 82 94 97 99
51 35 56 62 64 69 71 79 82 92 95 96
28 42 49 56 58 67 69 73
87 39 42 47 55 62 74 80 81 89 91 95 100
33 40 42 46 48 56 57 58 61 62 65 67 70 82 95
96 53 54 56 58 62 63 69 76 77 87 89 90 91
12 38 40 41 49 57 76 79 87 89 95 100
57 41 42 43 44 46 47 48 57 63 79 88 89 90 91 94 99
15 41 44 45 49 61 66 73 77 84 86 88 93
87 42 45 55 59 60 64 65 69 79 84 89 90 91 92 99
17 45 51 54 56 60 63 64 68 71 72 82 91 94 95
27 44 46 50 57 58 77 81 87 88
78 47 51 57 62 63 66 67 69 73 96
22 49 64 78 82 87 88 89 90 95
80 52 55 58 64 66 68 70 78 82 90 96 97 99
100 51 55 64 68 73 77 86 88
66 49 50 51 55 66 72 76 77 95 99
33 53 62 64 74 75 81 83 91 93 94 100
70 52 55 56 57 58 77 93 95 98
24 54 59 64 74 75 80 96 99
54 53 63 68 74 79 92 94 96
55 61 63 67 69 71 72 75 89 98
70 54 56 57 61 66 71 75 97
65 55 59 60 61 66 73 78 81 82 86 94 100
88 57 65 71 91 92 93 94 95 96 99
75 58 61 64 70 71 76 77 78 80 82 84 95 96 98
79 59 66 72 74 83 84 100
20 59 62 65 73 77 86 88 98
88 80 88 93 95 97
34 69 72 77 81 83 87 97 100
24 64 80 81 82 93 94 97
77 64 67 69 71 97
63 64 77 79 83 96
48 68 71 74 81 88
100 80 83 89 95
50 69 83 89 90 98
100 68 70 71 76 78 87
17 71 80 82 98
21 75 77 78 85 86 91 92
89 79 83 85 98
33 76 87 88
35 75 77 83 88 89 92 100
55 76 77 84 94 98
66 89 91 96 98 100
52 77 87 89
23 80 81 84 92 94 98
73 79 82 83 91 96 97
36 86 95
15 85 88
82 86 88 90 100
72 84
27 90 92 100
22 84 91 95 97 98
43 86 97 100
67 89 92 97
85 92
97 100
45 91 92 93
40 93 100
87 91 92 97 98
37 93 96
28
38 95
40
63
45 97 99 100
90 99
91 99
25
22
