100	5	10000	1
0	772	20
0	379	18
0	763	15
0	828	21
0	401	26
1367 2 18 22 24 25 30 37 39 43 47 50 53 54 60 61 65 84 95 99
761 3 7 13 16 31 38 42 61 62 73 77 83 84 86
1280 8 26 28 37 40 42 49 50 53 55 56 60 67 70 73 74 78 79 89 92 98
1105 7 9 13 18 20 22 30 34 42 43 47 53 55 57 62 65 67 72 75 77 79 84 87 93 98
531 11 19 23 25 30 31 34 39 48 57 62 63 68 80 84 93 98
1243 14 16 20 25 28 36 37 40 43 47 52 64 68 77 79 84 89 95 98 100
1448 10 12 14 18 21 22 24 25 34 37 46 52 55 60 69 71 81 84 85 88
1444 9 18 19 21 31 33 37 41 44 55 60 64 65 69 70 74 82 85 87 96
1373 14 23 30 32 41 45 49 66 67 68 77 80 83 95 99
1250 15 16 18 26 29 34 44 50 54 57 58 60 61 64 67 68 71 74 84 92 96
980 17 27 30 34 39 43 46 53 54 58 59 62 65 80 82 84 88 90 94 96 99
732 16 19 29 31 32 33 34 37 41 43 45 47 55 57 59 71 72 73 78 79 81 82 83 84 100
1123 14 16 19 21 31 33 45 51 52 60 63 73 79 80 82 83 85 89 91 92
1472 35 40 43 44 53 75 76 80 86 94 96 100
1114 17 18 21 23 34 42 43 53 66 71 72 73 85 86 87 94 100
685 18 19 20 39 40 41 44 46 48 50 51 55 56 67 76 81 82 87 92
533 21 27 35 45 53 60 66 68 69 73 77 81 82 90 93 100
585 19 23 28 30 34 35 37 39 50 52 54 58 59 60 62 79 91 94
963 23 27 32 34 37 38 39 43 44 45 56 60 66 72 73 75 76 79 83 85 88 89 93 96 97 98
797 21 22 26 29 30 41 48 55 57 63 71 75 78 84 87 88 98 99
1307 22 25 27 46 49 58 59 62 66 68 69 75 92 93 95 96
772 28 31 34 35 41 48 53 55 56 59 60 61 63 64 65 67 73 78 80 81 83 84 86 90 93 94 96
1202 29 43 46 47 51 66 72 74 76 78 85 86 87 89 93 95
1040 25 31 32 38 40 42 43 55 57 63 65 69 71 74 75 78 84 87 88 89 97
1066 30 33 53 55 58 59 61 76 80 82 84 94 100
853 27 28 32 34 48 53 61 62 67 68 70 72 73 74 75 77 83 89 92 93 98
1193 38 40 53 58 59 65 68 72 74 77 78 81 93
1019 38 49 50 67 70 84 97 98 100
991 32 34 38 41 43 48 52 53 67 75 76 82 85 89 91 94 97 99
924 44 50 51 62 71 75 76
610 33 44 56 61 72 79 85 92 94 99
903 38 42 46 48 50 52 53 60 62 67 68 69 78 84 85 89 91 94 95 96 100
1289 42 44 48 49 50 54 69 71 74 76 78 84 86
1328 36 37 42 46 47 48 50 55 58 62 63 64 65 71 81 95
1323 36 55 60 62 65 67 74 76 80 83 87 88 91 100
1150 43 62 68 70 78 86 87 89 94
671 42 43 49 55 87 97
1474 40 45 53 54 57 60 72 76 80 90 92 97
1423 40 45 50 62 79 86 89 90 99
1475 41 43 45 54 56 64 67 73 78 88 91 92
690 55 68 72 77 90 94 98
623 43 64 66 70 82 84 85 91 93
810 44 52 55 56 66 67 68 71 73 82 87 89 90 91 92 93
1403 49 50 62 68 70 79 83 86 87 88 89 90 93 97 98
1026 57 62 64 72 73 77 79 83 84 85 90 91 95 98
1431 47 61 82 88 97
992 49 70 74 78 81 85 86 88 89 97 98 99
1332 59 63 70 71 74 80 83 100
924 50 53 57 58 63 79 83 86 87 88 89 91 96
1316 51 59 60 65 69 79 83 88 89
1272 63 64 67 76 82 100
755 57 66 72 73 75 77 86 91 94 97 98
689 54 55 62 74 75 78 79 97 99
1007 56 57 71 75 79 80 82 85 89 90 91 93 94
983 60 62 68 72 75 77 81 88 98
596 66 85 87 88 91 100
529 60 68 72 73 76 80 81
1212 62 69 71 72 73 75 81 83 88 92 99 100
509 66 67
1492 67 70 72 79 88 90 91 100
1282 67 68 76 77 83 84 95
1461 73 79 83 88 94
1279 64 83 86 90 91 94 98 99
1458 73 80 88 90 93 95 98
1101 66 70 78 93 94
1261 69 76 77 80 82 86 89 93 96 97
588 68 72 79 85 86 87 91 93
1033 88 90 95 96
879 70 71 76 77 81 84 88 92 100
737 76 80 84 86 93 97
861 77 85 92
710 83 90 93
923 82 85 89 90 92
839 77 84 87
637 79 83 84 93 95 96
943 82 85 96 99
526 84 90 94
926 87 93 97
1417 84
1366 87 88 95 96
902 90 95 97
875 91 99
1179 88 95 96
815 90 94 99
1107 91
672 95
1052 91 95 97
1475 90 91 93 98
1175 90 91 93 99 100
892 91 96 100
1031 92 94 100
1083 96
704
501
1053 98 100
1305
1063
1317
612 100
761
