50	10	200	10
-4	34	3
-4	35	7
-1	40	3
-3	31	5
-5	22	6
-4	30	2
-4	39	3
-3	23	6
-4	35	5
-3	38	10
57 10 16 32 35 47
42 3 5 9 12 15 21 26 27 42 48
59 15 18 19 21 25 29 34 36 41 46
59 7 8 11 12 14 17 23 25 26 32 35 38 43 47 49
50 13 15 17 18 21 23 27 32 37 40 41 42 46 47
51 9 12 17 28 35 36 37 42 44 50
46 13 19 22 23 26 28 30 34 36 38 40 41 46 47 50
42 10 12 13 15 17 25 27 30 34 37 40 41 42
44 13 15 17 29 33 35 40
57 11 16 27 32 41
46 12 13 14 18 29 34 35 37 38 48 49
41 19 33 44 47 48
41 16 32 37 41
57 27 29 35 40 42 46
50 21 24 25 27 33 34 39 50
44 18 22 23 34 37 48 49
49 20 33 35 39 45
46 21 28 31 33 36 43 45 47 50
44 22 27 31 34 49
57 22 24 40 44 49
43 22 23 24 28 34 39 40 46 47 49
57 24 31 33 39 41 45 48
43 25 26 27 30 35 39 43 45
56 30 39 44 45 47
56 35 38 46 50
58 27 28 31 32 37 38 40 43 48 49
50 34 39 44
60 29 41 42
56 31 33 34 48 50
57 31 39 42 43 48
54 32 37 44 46 50
50 33 36 38 39 50
43 37 42 45 49
42 37 38 42 45 46
42 40 45 46 48
44 40 45
48 39 49
54 46 47 50
50 42
46 48 50
46 46
44 43
60
47
57 47
49 47
52 49
48
53
48
