50	10	1000	1
0	96	4
0	26	7
0	29	2
0	14	6
0	20	9
0	99	7
0	79	4
0	97	4
0	60	4
0	100	3
270 6 11 13 16 31 33 35 36 43 47 48
211 3 10 13 22 34 36 44 50
278 14 31 32 33 35 40 42 45
278 13 17 21 33 37 40 49
279 15 17 19 27 29 33 37 38 45 47
287 11 14 16 17 18 19 32 34 38 46
224 20 25 29 33 34 39 40 42
210 27 45 47
270 10 24 25 32 46 50
276 12 14 20 34 36 47 49
211 26 37
236 13 14 17 24 30 33 43 46 50
296 16 21 22 23 26 40 44 45 46
264 15 27 28 29 34 41 47
270 17 20 22 33 38 39 42 46 47
293 19 21 22 23 27 28 30 33 37 38 39
218 37 42
277 19 21 25 30 33 34 35 37 41 44
223 20 26 28 29 37 43 46
265 23 25 26 46 47 49
261 26 28 35 36
268 27 30 39 48
212 26 32 34 37 41 46 48 49
270 29 33 39 45 49
290 31 33 34 37 38 39 40
256 29 30 41 47
223 28 38 39 41 45 46 48
260 30 40
274 32 35 36 40 42 44
260 33 34 35 39 48
255 33 36 37 39 40 44 45 47 49
278 40 42 43 47 48
290 42 44 50
265 46 47 48
269 38 39 44 50
297 41 48 49
205 42 47 48
290 41 45 46 47
240 41 42 43 45
251 43 45
256
242 43
213 45 49
212
233 47
257 47
275 48
218
228
230
