50	10	10000	10
-4	1862	2
-4	1082	8
-1	1919	4
-3	1716	3
-5	1945	5
-4	1849	7
-4	1553	2
-3	1699	3
-4	1400	8
-3	1857	8
924 2 4 9 12 14 15 26 28 36 41 46
726 16 25 33 36 40 43 46 49 50
733 4 6 12 22 33 44 46
970 11 19 27 35 37 41 49
836 7 10 14 19 26 30 34 35 44 47
295 7 12 17 27 28 34 40
182 17 24 32 40 41 44 47
408 18 23 25 28 38 39
660 13 15 17 22 23 29 32 33 36 43 44 50
191 17 44 46 48 50
922 12 31 40 43 45 49
133 19 31 33 35 44 48 50
997 16 17 19 22 29 35
139 17 24 27 28 40 42 44
665 17 18 22 26 27 30 35 37 41 43 45 48 49
922 26 30 41 43 45 50
941 24 26 27 32 38 50
243 22 25 29 30 33 40 41 44 45
645 31 33 34 37 43
201 21 38 39 48
288 26 29 34 35 46 47 49
587 31 34 35 40 46
583 27 30 32 44 45
544 27 28 32 40 41 43 45 48
725 30 33 36 38 39 41 50
349 39 44 45
820 30 36 39 43 45 48 49 50
996 29 30 41 46
934 45 47
827 31 32 34 35 37 44 45 50
424 37 42 45 46 47
553 44 46 50
947 34 44 47 49 50
193 39 43 44 45 47
242
203 44 46 50
366 39 40 43 44 47
114 39 44 48
558 49
601 50
398 46
308 48
323 46
250
327 46
660
394 50
917
347
772
