75	10	1000	10
-4	155	3
-4	123	14
-1	107	5
-3	164	12
-5	159	7
-4	105	7
-4	176	4
-3	112	7
-4	189	6
-3	150	10
276 4 13 17 26 29 31 44 45 52 58 59 62 65 68 71 75
181 4 5 9 13 14 15 22 24 26 29 40 46 50 53 55 67 68 74
289 8 11 13 16 18 26 32 38 40 41 44 51 52 57 59 62 64 70
214 18 33 38 45 51 60 63 65 72 73 74
234 10 14 15 19 21 28 33 41 45 50 53 61 62 65 70 75
240 8 11 18 22 46 48 49 50 54
252 18 19 27 29 31 34 35 36 59 60 61 64 68 71
231 9 14 20 22 29 32 47 62
227 12 15 20 21 25 35 37 41 44 45 49 51 52 61 62 63 66 68
290 28 38 39 49 53 56 58 73 75
183 16 18 20 26 31 35 40 41 47 53 66 67 72
288 18 24 25 32 34 39 42 46 50 57 59 60 62 64 67 74
187 20 26 30 31 36 40 45 51 52 63 64 66 67
250 16 19 24 29 32 34 36 38 46 51 52 65 73 74
244 18 30 36 37 45 48 62 69
159 17 20 24 40 57 62 72
272 19 25 38 40 41 47 57 60
289 32 40 44 46 58 62 65 66 73
198 23 28 31 35 40 41 42 45 48 51 54 57 64 65 66 72 73
158 23 30 32 39 50 52 58 62 63 70 71 72
159 24 27 29 36 44 56 59 62 69 70 73 74 75
235 36 52 59 69
295 26 32 33 44 46 47 49 52 55 60 65 74
211 29 31 36 38 39 44 47 50 56
290 38 42 44 48 52 60 63
224 34 39 42 43 52 53 57 58 60 63 65 70 74
205 28 29 48 52 55 57 62 66 68 70
154 30 31 40 47 51 66 68 70 73 75
245 30 36 37 46 50 51 52 57 62 70 73 74
161 36 38 39 42 45 53 54 65
297 32 35 44 46 47 63 64 66 67 75
197 37 42 45 66 67 69 71 73 75
165 39 40 41 62 64 66 67 75
168 36 43 48 52 55 62 64 66 74
185 45 48 51 56 57 65 74
175 40 52 55 56 69 72
165 44 45 46 49 54 57 59 69
283 40 41 42 46 48 49 51 59 68 70 73 74
179 41 44 48 53 59 60 70 73
167 49 51 53 55 61 68 72 75
239 42 49 51 56 58 61 69 70 73 75
212 54 60 63
166 53 60 70 71
288 52 63 65 71 73
297 46 52 55 59 70 72
171 49 56 66 73
179 53 62 65 66 68 73 74 75
198 51 56 59 62 64 67
230 51 58 62 64 65 68 71
284 54 58 67 69 73
165 62 63 65 68 70 71 72 73
175 55 60 68
293 56 57 66 68 70 71
283 57 59 64 70
173 57 63 73
173 62 64 66 68
167 59 65 66 72 74 75
276 60 61 65 71 72
300 60 65 69 70
185 66 75
187 69
272 66 75
153 67
275 66 75
224 66 67 69
205
202 75
223 73
248 71 74
216 74
257 73 75
220
286
168
155
