100	10	1000	1
0	31	10
0	99	15
0	96	6
0	36	12
0	17	12
0	96	11
0	30	10
0	30	7
0	53	8
0	77	9
170 5 9 11 12 19 22 23 29 32 34 42 48 49 50 56 58 62 63 64 73 79 80 84 85 90
111 6 15 21 22 24 26 28 35 36 38 47 49 51 52 61 62 63 68 71 72 73 75 76 77
178 4 7 10 12 20 38 41 45 46 47 48 53 54 57 61 63 68 74 81 86 87 91 93 94 98 99
178 8 11 12 14 16 17 18 19 20 24 31 35 37 40 42 49 61 65 66 78 81 83 96 99
110 8 10 11 19 21 22 25 32 46 47 49 50 60 68 70 77 81 85 95 100
177 14 16 20 45 48 50 51 58 60 70 73 75 90 98
124 11 17 18 21 27 32 37 44 58 60 64 66 71 75 90 93 99
186 13 14 20 29 30 33 35 40 41 42 43 49 75 77 81 87 95 97 99
169 13 16 17 19 20 21 24 28 36 38 43 45 51 53 65 68 70 73 79 80 83 87 98 100
164 12 16 28 33 34 51 52 53 56 58 61 69 71 72 83 91 92 94 96
179 23 25 29 39 40 48 49 50 52 56 59 61 70 76 80 81 86 88 89 91 94
187 41 54 56 62 63 65 70 88 91 95 97 98
124 30 33 35 41 42 52 53 55 63 64 69 73 74 75 77 86 89 100
110 20 22 33 49 52 63 64 72 77 80 81 83 90
170 16 19 26 29 31 45 50 52 58 59 60 69 70 78 84 88 90 98
176 17 23 24 27 29 30 34 35 38 41 42 51 58 60 64 74 86 87 88 93
111 25 30 37 41 45 48 52 53 58 60 64 67 70 83 91 99
162 24 30 35 37 41 45 50 53 71 87 88
200 21 28 38 42 52 54 55 56 60 61 64 67 71 78 80 81 82
103 30 31 36 39 46 52 59 60 62 64 74 75 78 84 86 87 92 97
181 23 34 37 40 51 54 60 61 63 65 68 69 71 77 80 82 85 87 95
161 31 47 48 49 58 75 76 79 81 88 89 93
133 29 32 44 46 53 58 61 67 70 71 79 81 95 98
128 25 30 31 35 42 46 47 56 58 59 60 63 64 68 72 83 85 93 97 99
182 27 34 37 38 63 64 65 66 70 73 76 77 87 92 93
136 28 29 30 31 34 42 45 56 63 66 71 78 87 90 92 100
196 51 53 59 67 69 70 76 78 80 87 88 91 97 100
119 32 40 41 43 45 47 48 53 75 81 84 88 90 92 94 100
142 31 36 37 39 44 45 48 57 59 65 74 77 78 81 84 90 93 94 99
189 33 37 39 40 42 48 49 63 67 69 77 82 83 84 87 96 99
191 40 42 43 58 62 63 84 90 94 96
164 35 45 48 54 55 60 62 72 73 81 92
170 44 47 48 51 53 54 65 68 71 72 75 81 93 96 98
193 35 41 47 51 55 61 65 66 68 72 77 79 83 90 91 94 95 98
118 38 41 42 50 52 55 59 61 69 77 85 91 94
177 37 40 41 42 44 45 49 50 54 59 64 65 66 72 75 91
123 38 39 40 43 47 50 53 57 67 68 70 72 81 82 83 86 87 99
186 41 45 47 56 62 63 64 68 82 83 88 94 96 98
102 44 46 50 57 61 69 73 75 80 84 89 92
147 42 46 61 66 70 71 74 79 87 88 89 93 97
105 52 55 61 63 64 71 78 83 90 95 98 99
177 43 47 55 62 63 73 78 83 84 88 97 98
193 46 47 54 57 66 68 69 74 78 81 84 85 88 99 100
165 48 52 61 66 67 69 71 73 74 76 78 80 86 88 95 96
161 50 52 56 61 62 67 72 75 78 89 93 95 96
168 48 54 70 78 81 89 90 94
112 59 61 63 65 69 72 79 81 82 84 87
170 59 61 68 75 78 88 95
190 71 74 79 80 82 90 91
156 51 58 59 60 62 63 65 66 69 70 72 73 75 78 82 87
123 61 72 74 75 77 86 95 96 98
160 55 61 63 68 69 78 81 82 84 86 87 89 90 91 97 98
114 55 68 71 73 75 83 86 87 96 100
144 66 67 76 80 90 94
145 58 59 65 69 70 71 73 75 76 78 83 90 92 95 100
174 60 71 72 74 87 93 94
160 62 64 65 69 70 75 81 86 96
155 59 66 68 74 78 82 87 90
178 61 63 70 85 91 95 96
190 61 69 76 84 86 88 89 92 99 100
165 75 88 93
169 65 66 77 84 85 87 90 92 95 96 97 100
110 66 67 70 72 86 92 96
178 65 66 67 74 81 84 85 86 96
124 71 75 80 86 89 93 99
114 74 75 79 84 89 91 93 94 98
197 71 77 80 91
105 81 86 87 92 93
190 70 74 86 87 88 92
140 71 79 85 86 91 93 96 97 99
190 76 78 82 92 93 94 97 99
107 75 79 81 90 91 95 96 100
111 74 84 85 91 94 97 99
179 76 77 78 81 91 92 94 95 97
123 79 80 81 84 87
125 79 81 86 89 99
151 78 80 87 95
156 92 95
142 80 82 89
113 81 82 83 100
163 82
105 85 88 92 93
172 89 92 98
112 87 88 90 91 93 95 100
133 86 87 92 93 96 99
157 90 94
175 88 89 90 91 99
187
135 93 97
130 97
177 92 94 96
118 93
128 100
130 96 99
153 96 98
135
180
181
115
112
