200	5	10000	1
0	661	44
0	232	35
0	400	40
0	217	37
0	589	44
733 3 18 33 36 38 39 45 50 51 57 62 65 67 74 75 76 77 80 83 86 87 92 95 110 115 116 118 122 137 145 154 156 157 159 163 165 176 188 190 191
970 4 7 10 11 12 13 14 18 20 22 23 32 34 37 40 41 61 64 72 76 82 85 88 91 96 97 99 109 113 119 120 135 138 139 156 158 162 166 168 170 172 183 190 192 193 197 199
924 4 12 18 20 21 23 25 31 36 49 53 54 64 66 68 72 82 88 101 102 105 112 118 119 123 126 129 134 140 144 148 158 161 173 175 176 182 183 185 188 189 191
836 8 9 24 27 32 33 45 48 49 52 54 55 56 58 60 66 72 84 85 88 89 96 102 118 119 126 129 130 131 137 142 144 162 166 170 176 178 183 188 189 190 193 200
726 7 21 31 34 37 40 41 42 45 46 48 54 56 58 59 65 69 70 75 76 77 91 99 109 110 113 117 118 121 125 152 161 167 168 171 176 178 187 188 199
295 18 21 22 24 25 30 44 51 52 58 66 68 69 75 76 77 78 80 86 87 96 97 98 104 105 115 125 134 136 138 151 159 160 166 173 176 178 185 188
182 10 14 18 19 20 23 25 28 32 34 37 41 61 65 72 73 83 95 101 105 108 110 115 121 138 142 146 148 161 164 165 167 168 170 172 189 190 195 196
408 10 20 26 34 37 39 43 53 61 62 67 70 77 81 87 92 96 99 107 112 114 118 122 138 141 143 145 162 163 165 167 170 176 177 180 183 184 193 195 196
660 10 13 17 22 27 33 44 48 50 52 53 55 63 65 67 82 89 97 99 104 105 111 118 124 128 132 133 134 138 144 145 146 147 159 162 163 168 175 176 179 180 181
191 12 21 29 31 37 39 44 45 51 52 54 58 60 63 68 74 75 80 81 84 85 99 102 103 104 108 111 116 127 139 142 145 146 153 155 159 162 163 165 167 168 194 195 196
816 15 38 57 64 67 77 79 80 82 86 89 92 93 95 103 104 114 118 120 128 132 134 136 137 148 149 161 168 183 185 194
598 13 15 22 24 34 38 41 44 47 48 49 52 57 63 66 80 87 92 102 107 109 112 115 118 122 126 128 150 151 153 154 156 157 158 166 169 171 173 174 181 184 191 194
849 27 31 42 43 47 50 53 57 60 75 90 91 97 99 105 110 123 127 135 139 141 144 153 155 158 164 167 168 174 188 190 192 193
203 22 24 33 38 40 47 50 55 61 64 72 89 90 94 96 104 105 112 126 132 139 140 143 147 154 158 165 168 170 178
127 20 22 28 37 38 43 45 47 56 66 79 82 86 87 94 96 98 108 113 131 134 147 150 154 158 159 166 174 182 183 195 198 199
750 21 24 27 44 57 61 70 74 77 86 87 101 105 108 110 112 113 115 122 136 138 151 163 168 175 189
137 23 35 42 50 56 70 71 77 92 99 104 118 124 131 143 147 158 174 180 183 189 192 193 196 198
590 19 22 26 35 38 42 45 58 63 70 75 90 91 104 109 113 120 126 131 139 141 151 153 160 161 163 168 171 174 177 181 184 185 187 190 193 195 197
795 20 22 25 26 45 53 60 61 63 69 71 78 84 88 97 100 103 117 118 127 133 135 145 146 149 154 156 159 167 168 170 171 181 183 185 188 196 199
657 22 31 40 44 47 49 55 56 69 72 75 79 96 106 111 112 122 125 126 128 140 142 146 147 152 156 160 161 165 172 183 184 190 194 195
955 22 30 36 41 46 47 55 65 71 73 74 78 84 85 107 111 117 121 126 133 136 148 149 150 151 153 161 163 165 169 170 179 180 181 185 192 196 200
615 29 33 38 41 51 53 63 65 75 86 93 94 95 98 109 119 125 128 130 149 163 166 169 176 181 182 190 192 196
907 28 31 32 42 44 48 53 54 55 64 67 69 75 78 85 86 98 99 100 108 123 135 151 154 157 159 162 163 165 166 170 173 175 176 188 189 196
711 27 28 39 46 48 53 61 66 75 76 79 81 82 84 89 93 98 108 110 114 117 119 120 125 139 144 148 153 155 165 170 175 176 179 200
568 27 34 36 39 41 42 50 51 55 56 71 72 74 76 86 88 90 91 99 101 104 106 110 118 120 125 134 135 136 138 140 141 157 158 163 165 175 181 185 188 193 194 198 199 200
443 31 35 36 37 40 41 60 66 70 71 73 81 84 92 100 101 104 122 125 131 135 137 142 149 150 152 159 165 169 170 174 179 189 190 191
657 28 29 33 38 44 53 54 61 68 73 74 76 81 83 100 105 110 115 116 118 123 130 132 134 135 136 137 138 144 158 159 164 167 169 170 172 174 177 178 183 192 194 200
101 29 35 39 49 50 67 68 76 81 88 90 95 102 113 125 128 133 147 153 154 155 157 160 164 173 174 176 182 186 194
269 32 36 38 40 46 47 51 65 74 82 84 87 92 96 98 101 108 109 123 133 137 139 151 156 164 166 170 172 179 180 185 187
139 31 35 40 67 71 82 83 85 87 98 101 104 111 137 150 152 155 170 175 176 182 196 197 198
957 34 39 40 47 48 49 50 54 56 60 64 70 80 88 89 99 112 133 143 144 149 150 154 191 196 198 199
318 34 36 44 49 53 59 63 66 73 75 76 77 81 86 88 92 99 106 108 112 116 122 124 128 129 135 138 139 144 147 148 154 166 169 170 174 191 194
834 34 44 50 51 52 56 76 77 82 85 95 104 111 117 124 125 129 141 142 159 162 164 167 168 173 177 181 185 192 194 197 198 199
942 36 37 45 46 50 53 61 62 73 79 91 95 117 118 121 125 129 161 163 165 166 171 175 176 177 187 190 191
295 52 55 57 62 65 72 77 79 83 89 90 98 107 112 117 120 134 139 143 146 151 156 169 174 175 188 190 192
722 45 47 48 50 51 55 60 61 68 69 70 75 76 86 87 90 95 99 101 115 120 125 129 130 153 157 158 161 162 167 169 177 178 181 182 184 191 198
122 46 63 70 79 81 84 89 93 105 112 117 119 125 127 130 136 141 145 150 151 157 159 166 167 175 177 183 191 192 195 197 200
982 44 50 61 62 78 85 88 89 93 97 100 105 107 111 112 117 118 123 126 127 130 133 147 148 149 151 157 176 179 197
143 41 52 53 60 66 67 71 79 86 90 91 93 98 106 117 119 120 123 124 125 131 132 133 137 138 143 153 155 156 159 161 170 177 182 191 195
310 49 50 57 58 68 72 73 75 76 77 86 90 91 98 110 118 120 128 130 131 135 136 138 145 154 156 157 159 168 179 181 188 190 197
966 51 55 63 67 72 76 77 83 89 96 97 106 113 115 121 129 144 151 155 157 161 163 165 167 168 169 175 181 187 194 196
241 50 59 64 74 75 80 81 85 98 100 105 111 114 116 120 121 122 138 144 148 152 156 158 163 165 175 187 197 198
446 46 49 50 51 52 56 57 60 71 76 83 90 98 102 103 110 116 117 137 148 152 154 159 166 167 177 184 185 186 187 188 195
376 46 50 52 53 68 79 86 91 94 99 100 101 108 115 128 142 150 151 154 163 166 178 179 188 193 199
616 51 59 71 72 75 85 86 90 96 97 106 110 117 119 130 131 133 138 139 144 150 153 158 163 167 185 190 195 196
388 47 48 53 54 56 59 73 81 84 85 101 119 127 135 137 139 144 146 158 165 168 172 174 185 187 194
873 49 62 66 72 73 75 79 85 93 96 103 114 123 124 128 130 132 133 134 141 151 152 162 165 171 192 193 198
665 49 58 62 64 65 71 72 79 81 83 88 93 94 97 102 108 113 123 131 134 135 140 147 153 158 159 160 174 177 181
922 52 53 54 60 62 67 73 78 86 90 92 95 100 111 112 113 123 140 143 145 146 147 159 164 168 178 188 189 197 200
922 60 61 64 65 69 72 73 74 79 81 84 85 93 94 101 107 111 118 120 121 126 131 135 136 143 145 148 150 151 162 169 179 183 190 200
941 52 53 62 64 71 73 75 80 84 91 101 112 113 114 116 117 118 119 126 127 135 138 139 151 154 160 175 178 184 187 190 194 197
133 58 59 60 68 78 79 80 82 84 90 93 98 106 107 108 121 127 130 133 138 139 144 145 147 153 159 161 162 164 166 176 179 180 186 199 200
997 54 55 59 60 63 75 79 85 90 93 94 101 102 111 115 116 118 119 125 134 135 148 169 174 179 180 181 183 189 197 199
139 62 64 65 68 73 79 90 92 95 97 104 105 114 126 128 134 161 165 168 178 189 194 197
969 58 60 67 68 78 90 94 100 102 104 106 122 123 124 129 132 135 141 148 169 175 179 180 192 193 196
795 59 61 63 68 73 76 78 80 82 86 103 107 114 115 118 122 130 132 148 150 151 152 153 154 159 164 166 171 172 191 194
348 63 65 79 82 88 90 94 95 98 101 105 106 109 124 126 127 142 158 160 161 164 177
480 59 61 66 71 74 80 87 88 89 91 94 103 106 110 119 124 134 137 143 150 156 162 163 167 177 194
440 64 70 75 79 84 92 98 109 115 120 124 129 135 146 150 152 156 159 168 184 186 194 198
975 65 66 68 91 94 96 99 102 112 125 126 127 132 150 165 170 175 176 186 191 193 196
146 66 71 74 76 80 81 88 102 105 107 111 115 116 117 119 125 133 135 137 138 139 161 163 171 184 187 189 191
720 64 65 70 72 86 96 99 101 103 112 115 117 123 140 149 150 151 152 154 165 173 177 181 187 189 196 197
289 69 70 71 73 87 92 107 111 116 125 126 135 136 139 141 151 152 164 166 170 175 182 187 189 192
844 79 82 84 87 89 91 99 101 102 110 117 118 119 123 130 139 145 147 148 150 159 172 189 190
173 72 83 89 90 92 102 104 110 112 116 117 120 123 127 131 132 133 142 144 148 159 160 162 164 170 174 176 178 181 182 188 194
885 69 74 75 77 79 82 96 99 108 112 116 122 124 126 127 133 135 138 142 147 148 153 155 163 176 177 179 194
965 70 73 76 81 82 92 99 112 122 124 130 134 147 150 155 156 158 162 163 167 169 172 174 175 178 182 183 185 193 200
450 74 79 81 89 91 97 105 106 115 117 119 132 135 145 148 159 162 163 164 170 171 179 182 187 189
113 71 72 87 102 106 107 111 114 117 125 129 145 150 151 152 164 168 181 187 189 195 196 197
880 72 75 88 89 105 108 109 116 129 133 135 148 151 170 173 198
328 81 82 83 84 86 97 99 102 106 107 109 124 125 133 137 144 146 166 169 172 178 185 191 193
557 84 96 98 101 106 111 115 139 140 146 155 158 159 162 173 179 181 184 191 199 200
115 74 86 90 91 92 99 109 112 115 118 129 133 134 135 153 160 161 180 182 185 190 193 200
994 78 84 88 98 100 101 104 105 113 122 128 130 148 154 157 159 166 170 172 176 182 185 191 200
202 77 106 107 111 116 119 123 130 141 147 178 190
385 84 87 95 100 103 109 110 113 115 121 131 136 140 145 148 149 161 169 174 175 179 184 185
484 80 84 90 105 106 109 110 113 120 124 131 132 133 134 137 142 150 153 157 160 161 164 168 169 171 175 179 182 192 197 200
377 79 82 99 104 105 106 107 108 121 122 126 128 133 138 143 151 158 160 163 166 172 181 182 184 186 193 197 198 199
253 81 83 85 87 107 122 124 132 141 145 146 147 150 155 156 161 165 172 176 179 180 187 193 197 198 199
623 82 86 91 97 99 103 109 110 114 115 117 121 124 126 137 139 140 144 170 172 173 176 179 181 183 185 187 191 193 197
588 88 105 108 113 128 132 133 137 141 142 147 158 159 167 169 170 175 194 199
697 85 87 93 94 97 99 103 112 115 128 132 133 137 141 142 148 156 160 170 189 193
645 85 87 88 89 97 98 99 102 103 109 120 126 150 160 161 162 165 169 176 186 190 199
201 102 110 118 123 127 139 155 170 175 183 190 191 193 194 195
583 97 98 99 101 104 107 109 118 121 122 124 126 128 147 148 154 156 157 160 162 165 181 183 184 186 193 200
544 90 95 102 103 107 108 111 116 125 129 132 135 145 152 164 172 176 179 192 193 198 199
725 89 103 106 109 113 115 116 118 126 129 138 139 141 142 146 147 152 156 157 159 169 171 175 186
349 93 101 104 113 116 117 119 121 129 130 132 137 138 141 145 156 157 159 165 166 168 170 179 184 189
820 90 92 103 109 112 114 130 133 140 142 161 163 164 166 168 170 176 177 184 191 192 196
996 93 94 96 105 106 110 112 117 120 132 136 140 147 149 150 156 158 161 162 163 166 171 173 180 183 186 198 199
934 97 101 111 112 115 134 139 147 156 162 164 166 168 170 174 176 177 185 188 191 195 199
288 93 94 98 101 114 118 124 130 133 134 141 147 148 150 157 173 176 185 190 193 198
587 94 102 103 112 115 126 128 131 135 138 146 148 149 150 152 154 155 159 160 169 170 171 176 183 186 195
561 95 104 107 110 114 115 118 127 128 144 145 147 150 153 156 161 165 168 183 185 191
184 99 105 117 122 124 125 130 135 141 146 157 180 182 184 190 191 192 196 198 200
727 99 103 105 113 116 122 132 134 138 141 142 146 168 173 190 192 200
965 102 108 109 112 141 151 153 159 160 164 170 174 180 182 197 199
219 99 102 103 105 111 124 129 132 141 154 156 160 163 166 167 170 172 182 185 189 190 192 198
953 104 107 113 114 119 127 142 143 144 146 166 178 179 186 199
171 108 109 119 120 128 133 134 138 151 152 163 165 178 184 189 192 197 198
458 119 120 123 131 145 152 157 160 161 162 164 166 170 174 175 179 181 183 186 187 190 200
467 105 113 117 118 120 122 135 139 146 148 158 161 163 167 171 173 174 177 191 192
497 111 118 121 123 125 126 131 136 138 141 143 146 148 150 160 162 163 165 167 174 178 181 193 194 200
257 111 115 119 122 125 126 132 138 146 151 153 155 156 157 160 162 163 164 175
238 111 112 113 123 129 138 148 151 153 157 158 159 172 174 183 185 192 195 197
704 107 113 117 126 128 136 141 145 155 162 169 178 185 198
497 110 111 113 115 124 130 134 135 137 138 140 142 144 146 150 151 152 157 163 166 183 184 193 198
263 121 128 131 138 139 142 148 149 154 156 158 159 170 174 185 188 191
818 110 114 116 117 118 125 130 148 149 156 165 166 167 173 174 182 185 190 191 195
957 120 124 127 130 132 151 162 163 169 185 187 188 195 200
386 115 120 121 123 136 146 147 165 168 171 189 194
563 123 126 137 138 144 150 154 157 166 168 178 181 185 191 194 196
236 120 125 127 132 145 148 155 157 161 166 181 195
217 122 128 139 144 153 158 178 182 185 189 192 194 200
671 116 117 121 127 130 136 141 143 149 150 161 167 172 177 183 184 192 195 200
475 124 128 129 130 131 138 141 143 146 147 150 159 166 180 188
445 118 127 130 134 139 160 161 174 186 189 192 199 200
835 119 121 124 128 134 147 153 157 167 171 173 174 184 190
504 123 128 134 138 140 141 142 145 153 155 163 165 169 193 194 198
876 127 130 137 140 149 154 157 171 172 173 178 184 185 190 194
141 125 128 132 143 147 156 167 177 179 193
514 126 132 134 136 147 152 155 162 173 177 180 181 183
553 127 128 130 141 145 161 165 173 178 181 199
827 126 129 131 133 135 138 148 149 152 153 162 173 179 184 187 191 192 197
947 130 131 132 134 136 138 142 160 167 168 170 180 185 186 194
193 147 151 164 165 171 176 182 183 186 187 198
424 131 135 138 139 146 150 152 153 154 162 164 166 167 176 185 186 188 191 192 193 198
957 134 136 138 145 146 150 153 156 171 174 180 184 193 194 197 200
693 130 131 139 145 149 153 154 157 168 169 174 178 180 187 188 191 197 198 200
776 132 138 151 153 157 165 171 176 181 192
935 138 139 142 148 152 157 158 173 179 182 191 193 197
193 145 148 162 164 169 178 181 186 190 193 198
735 135 136 137 144 150 157 166 171 175 177 187 189
284 143 150 153 155 158 160 168 169 170 173 184 188 192 199
140 139 140 142 160 168 169 172 177 178 185 188 190 197
304 137 138 148 155 156 172 184 189 197 198 199
958 142 155 160 162 164 165 170 175 182 196 197
781 139 148 151 154 159 165 166 172 176 190 200
797 150 167 173 189 194 196 198
682 141 142 143 145 147 156 162 167 186 189 198
460 151 156 160 161 168 170 174 183 184 192 195 196
948 143 144 145 151 159 164 173 177 181 183 200
487 146 148 153 157 172 174 181 183 184 189 190 197
132 157 166 168 177 184 192
992 148 151 152 155 156 163 168 173 174 175 181 182 187 188 192 195 197 200
165 147 161 170 174 179 183 189 195 196 198 199
433 148 157 158 163 170 179 187 189 190 197 200
151 150 153 157 166 174 175 179 181 187 189 190 197
292 165 167 175 179 180 191 192 193 195 196 199
794 153 156 161 173 174 175 180 183 184 189 197
423 159 164 180 182 183 190 197
974 153 155 157 165 172 190 194 195
742 157 160 163 175 178 194 196 198
829 163 164 166 176 179 180 188 194
755 156 158 161 166 168 174 179 181 190 196
481 158 161 168 178 179 181 189 192
250 158 166 174 176 179 180 193 195 196
203 159 178 183 187 191 197 198 199
366 174 179 180 185 187 190 194
114 161 163 184 187 193
327 168 169 188 189 190 196
558 163 165 175 176 180 185 193 199
601 165 174 176 187 188 193 194 195 200
398 165 169 174 183 184 188 193 199
308 166 168 176 182 186 191 193 197
660 168 174 181 191 197 198
394 174 180 197 199
917 175 178 192 195
347 171 176 177 184 186 188 189 192 195 197
772 172 174 176 187 188
799 172 176 177 178 179 196
382 173 176 177 183 186 188 190 191 193 196
931 174 186 187 190 193 195
945 179 183 200
745 182 195 197 200
749 193
716 182 192 193 194 195 199
222 183 192 194 196
122 184 193 195
203 186 191 193 197
273 184 185 190 193 200
356 185 189 192 197
418 194 200
807 187 194 196
394
235 187 191
296 188
995 196
528 190 193 194
598 196 197
718 195 198 200
748 198 200
726 198
936 198
969 198 200
771
282
398 200
136 200
396
