100	5	200	1
0	40	20
0	29	18
0	34	16
0	30	20
0	35	26
57 2 3 8 12 15 18 23 29 33 42 45 51 59 61 82 85 89 100
38 6 14 15 19 32 39 41 53 54 55 57 61 63 68 70 82 85 86 89 91 95 97
54 10 12 28 31 35 40 46 48 52 53 58 59 64 69 71 74 75 78 80 81 84 85 86 91 92 94 95
48 5 8 9 10 11 12 19 29 32 34 36 41 45 50 52 54 59 67 69 75 76 82 83 84 92 98 99 100
30 9 10 11 17 19 22 23 27 29 30 32 33 43 52 54 55 59 63 65 75 80 90 96 97 99
43 10 14 15 16 17 49 51 52 53 54 55 57 60 66 69 77 81 94 99
59 14 19 24 28 29 42 46 59 66 70 81 87 88 93 95
59 13 16 18 23 31 34 43 45 46 51 53 61 66 68 71 73 75 76 82 85 89 91 92
57 12 14 16 18 19 24 27 30 35 37 38 39 44 54 59 60 68 69 70 75 85 91 96 99 100
53 11 18 19 20 21 28 52 55 62 64 67 68 70 75 77 81 89 91 93 98
45 14 19 21 22 27 29 40 57 58 61 65 66 67 76 82 87 89 90 93 95 96
37 19 22 24 25 29 32 34 38 39 43 44 55 56 58 70 72 84 86 99
49 15 25 26 36 43 45 60 70 83 86 93 94 99
60 27 31 34 35 37 40 45 48 59 66 71 73 76 81 82 85 91 96 100
49 16 34 42 55 60 77 84 91 97
35 20 21 39 48 49 51 52 53 54 56 57 59 62 64 71 77 81 85 93 96 97 98 100
31 20 27 30 31 41 52 61 63 67 84 85 89 92 93 100
32 20 30 38 43 46 49 52 58 60 65 72 78 91 99
44 20 26 27 31 41 42 48 50 52 57 64 65 73 83 85 90 96 98 99
39 26 30 49 50 51 54 56 68 77 88 89 91 93 95 96
55 24 25 28 32 44 47 48 50 54 66 72 74 76 82 83 88 92 94 95
38 26 35 49 50 60 67 68 70 74 80 81 83 86 92
51 33 36 42 44 46 51 58 64 75 90 92 93 96
46 30 44 52 61 68 71 79 93
47 31 46 49 55 65 83 92 93 95 99
41 33 36 38 39 40 44 48 51 63 75 77 79 89 98 99
51 35 39 41 44 49 55 60 76 90
46 29 36 39 52 54 57 62 63 67 69 78 80 85 87 100
45 39 40 43 54 55 59 62 74 79 87
43 38 43 44 57 60 79 95 96 97
33 36 38 40 44 48 54 59 67 75 85 86 95 98 99
42 44 46 53 63 67 68 70 76 85 87 90 92
54 49 51 55 77 79 89 92 95 97 98
55 36 37 44 54 56 58 62 63 70 73 74 79 82 83 84
55 36 40 48 49 50 51 52 57 59 80 84 85
50 42 43 53 55 56 57 62 74 78 87 88
35 43 51 52 60 61 65 78 89 97 100
60 39 40 46 49 56 57 59 66 68 69 76 77 81 82 83 88 93 95
58 43 46 54 63 65 66 82 87 90 92 95 97 100
60 42 49 58 59 71 76 82 84 94 96 98
35 45 46 51 61 86 88 91 94 95 98 99
33 46 59 61 62 65 66 72 73 78 82 83 84 85 90 97
39 47 49 60 63 64 69 73 75 77 91 93 100
58 45 46 58 66 72 74 77 78 79 92 98
46 49 54 55 57 76 91 92 95 97
59 55 60 61 63 65 66 70 77 81 82 85 90 91 92 96 99
45 50 61 65 66 69 71 83 88 94 96
56 49 50 53 56 60 61 62 65 67 73 75 76 77 78 84 95 96 98
43 50 53 59 64 70 75 81 88 89 94 97
55 67 71 72 81 91 99
54 52 53 55 56 64 66 73 75 80 93
37 58 59 61 74 75 77 78 80 82 84 90
35 57 72 77 84 88 100
51 68 71 78 79 82 100
45 62 76 99
45 65 76 83 98
33 59 61 71 72 82 84 89 93 94 95
30 62 63 69 76 80 83 88 89 97
52 60 67 69 74 75 78 80 83 86 90 93 95
30 64 65 70 79 87 88 89 93 94 97 98 99
54 69 75 76 80 81 85
60 71 77 79 82 94
54 73 74 75 80 90 94 98 100
59 71 75 80 81 94 95 97 99
48 69 76 78 81 87 91
53 74 76 79 82 84 85 88 94 100
32 72 75 77 79 91 92 98 99
46 70 75 83 88 94 97 98 99
41 73 79 80 85 86 93 100
37 76 81 87 88 91 92 95 100
41 78 80 86 87 89 90
36 80 89 91 92 93 95 96
43 79 83 92 94 98
40 78 93 94
34 76 83 86 88
43 85 90 93 98 99
30 78 79 80 81 86 93 95 99
43 85 87 90 92 93 94 95 97 98
58 83 92
57 81 92 98
42 85 86 89 92
41 89 90 94 96 100
51 90 94 97
39 88 89 92 94 100
48 87 91 92 96 97 100
35 88 91 93 94 96 98
47 95 97 100
60 95 96 98
51 93 94 99
42 97 100
46 94
48
36 94 98
30
47 100
55 99 100
47
55
33
38
