50	10	1000	10
-5	119	4
-2	104	7
-2	110	3
-5	189	6
-4	169	9
-5	187	7
-3	150	3
-4	190	4
-4	167	4
-3	135	3
83 2 14 24 32 34 37 39 44 48
120 3 7 8 13 22 26 28 30 32 36 41 42 43
140 8 11 17 18 29 35 46 47
73 6 22 34 40 42 43 45 46
146 6 7 12 17 26 32 33 34 36 40 41 44 46 49
62 11 22 34 35 36 41 50
140 15 16 19 30 31 39 47 50
107 9 21 29 32
140 16 18 21 38 42
106 12 14 19 24 30 40 50
110 14 17 19 24 29 45
114 24 26 27 28 30 31 43 49
86 15 28 31 35 36 44 46
61 17 23 31 38 39 40 41 50
124 22 25 32 48 49
128 17 26 32 35 44
92 23 25 34 38 39 42
78 35 46 47 49
119 20 26 34 36 38 46
73 41
55 23 36
101 23 24 27 33 45
129 25 26 31 34 37 45 50
68 26 27 30 40
63 32 34 36 43
120 34 36 47 48
125 29 49 50
80 31 32 34 36 41 42
128 30 38 41 42 45 49
111 31 34 36 45 48
137 32 34 39 40 43 49 50
62 35 36 39 40 42 43
105 36 48
143 36 38 46 50
60 44 45 47
120 38 39 44
99 40 41
61 42 45 48 50
126 40 44 46 47 50
115 42 45 47
120 48 49
128 43 50
115 46 47 48
110 47
106 50
68 50
127 48 50
118
74
90
