75	5	10000	10
-4	294	13
-4	348	13
-1	116	17
-3	849	11
-5	377	21
1133 2 3 6 16 21 28 35 49 65 71 72 75
1247 8 9 11 14 15 18 21 37 40 42 48 64 65 70 73
1420 8 9 10 13 20 24 28 34 36 39 54 57 60 68
1324 10 19 20 22 23 27 31 33 41 56 69 71 72 73 75
595 12 13 21 23 31 35 37 40 50 51 52 53 59
1126 9 23 29 34 39 42 43 44 47 59 65 75
695 15 17 18 22 29 33 40 49 54 62 68 69
582 14 15 23 25 29 34 36 46 50 54 71
1060 13 15 19 22 23 29 33 54 63 65 73
591 12 15 20 23 28 34 39 46 53 56 60 63 64 69
1362 13 14 17 19 26 30 32 42 49 51 66 68 73 74 75
1419 13 22 27 33 36 39 40 45 47 49 52 56 68
998 14 17 22 23 28 32 33 34 43 53 62
1016 15 20 30 34 36 38 42 47 48 52 60 65 69
788 20 21 22 26 31 32 41 42 46
1273 22 24 30 35 36 39 43 46 54 62 74
817 30 31 34 45 50 51 52 55 71
1489 19 20 22 26 28 33 38 39 42 46 47 49 50 55 62 63
1322 20 22 29 43 47 48 51 54 63 65 69 70 72
1322 22 28 36 37 40 44 50 51 54 55 68 70
1341 23 28 30 32 38 42 44 46 74
533 29 31 33 34 36 37 41 42 45 47 48 50 53 56 58 60 64 65 67 68 69
1397 40 47 54 55 56 58 60 62 63 73 74
1445 27 29 31 35 38 51 56 58 62 64
1369 26 28 29 30 34 35 54 55 63 71 73 75
1416 29 37 40 49 50 54 59 64 66 67 69 71
1491 28 34 36 37 40 43 44 51 59 62 74
1431 29 49 50 52 53 57 58 62 66 72
983 30 32 45 47 52 53 55 59 64 66 75
944 31 32 33 36 40 43 60
1125 33 35 40 43 45 58 59 60 64 65 69
749 37 43 46 49 51 57 60 63 70 73 74
1220 35 37 38 41 44 45 48 49 54 57 67 73
1396 37 44 47 51 71
1064 36 40 48 50 52 55 61 65 67 73
1223 50 54 55 59 66
1334 38 41 43 46 48 64 69 71 73
688 54 59 72 73
987 41 50 60 65 66 67 74
961 41 42 47 53 71 73
584 44 52 60 66 67 73 74 75
1127 46 51 56 59 69
1365 44 46 55 61 64 65 68
914 52 58 60 62 70 72 73
866 48 51 62 68 70 74
1386 50 53 56 58 64 70 75
1227 51 57 67 70
1347 49 51 60 61 63 65 68
611 51 52 61 64
593 68
824 60 62 75
1357 57 63 72 73 74
1093 59 60 61 65 67 68
1176 55 56 63 67 75
1413 57 58 63 66 67 73 74
1222 57 63 64 65 67
1423 58 60 61 66 69 74 75
603 59 62 66
988 68
766 63 74
1437 66 71
727 66 71 73
958 64 70
1455 66 75
708
1060
794 69 70
1317 75
747
1172 73 75
1199 72
782 73 74
1331 74 75
1345
1145
