100	5	1000	10
-2	75	21
-1	36	14
-4	87	19
-2	65	22
-1	12	24
147 3 9 16 19 20 23 29 30 34 41 44 46 47 51 58 61 63 68 75 80 84 85 91 95 98
82 3 5 11 15 19 24 25 28 29 40 41 46 49 54 62 67 73 74 80 88 94 100
147 12 13 15 20 35 39 44 49 62 71 72 74 87
125 6 11 15 20 23 36 38 46 47 50 53 60 61 62 63 67 69 75 76 80 84 98
90 6 7 11 12 22 28 45 46 57 59 63 67 68 73 75 82 88 93
52 7 21 28 36 44 52 62 68 70 81 85 93 97
104 11 16 20 27 34 45 46 50 54 66 74 77 78 85 88 90
87 9 28 36 38 40 42 45 59 60 61 69 72 78 79 82 91
132 10 13 14 26 27 31 40 44 47 50 53 54 62 64 65 66 67 77 79 85 89 90 93 96 98 100
125 14 18 27 28 42 54 55 58 65 67 69 72 74 80 87 90
143 12 16 17 18 28 34 40 41 42 44 53 54 55 58 66 68 83 88 95 97
110 14 15 25 34 36 44 49 55 56 66 78 80 87 88 94 98
79 14 15 19 21 23 25 30 35 37 39 40 56 64 70 74 87 90 91 99
127 17 23 30 34 42 49 57 61 66 69 72 77 83 85 86 90 96 99
126 19 21 25 29 30 34 35 36 41 48 50 58 61 63 66 80 88 90 99
73 17 18 29 31 47 51 55 57 62 64 72 80 85 86 87 89 96 100
54 26 29 40 47 55 56 59 61 72 85 87 89 91 93 94 98
60 19 21 23 24 27 28 30 32 44 48 53 55 57 61 67 69 75 87 89
107 21 36 40 44 45 51 56 59 60 61 70 77 78 80 82 85 91 92 93 94
87 22 24 43 46 47 49 51 59 69 74 75 77 78 81 87 89 93 98
64 22 23 32 36 45 49 50 53 54 73 77 79 87 90 91 93 94 95 99
150 28 35 41 42 44 45 49 50 53 56 65 68 69 74 76 82 87 89 98
84 27 31 33 44 45 49 60 74 78 85 88 91 92 95
137 32 37 40 48 49 68 90 91 93 95 99
117 32 37 42 44 46 48 64 72 82 83 84 87 88 90 94 96
79 29 38 45 48 53 54 64 65 66 69 71 76 79 86 87 90 94 95 97 98
135 31 40 50 51 53 55 57 59 63 72 84 92 95 99
111 29 31 32 33 43 47 63 65 70 73 81 96 98
103 31 36 38 41 52 59 65 69 70 73 82 88 89 97
63 34 38 42 43 44 65 68 70 71 75 78 79 85 87 89 94 99 100
100 37 45 49 64 67 72 81 83
148 35 38 45 46 47 48 50 58 65 69 71 75 81 90 91 98
120 40 42 43 46 50 51 52 57 58 59 64 66 67 75 79 88 94 95 98
79 43 45 65 68 71 74 82 86 87 90 96 100
71 51 56 57 62 64 71 84 87 89 95 97 98 99 100
79 39 54 55 58 62 65 77 78 79 83
73 39 42 44 49 50 56 57 58 63 65 66 70 82 95 99 100
65 39 43 51 58 61 64 67 76 84 91 99
88 47 48 53 54 55 57 58 64 68 72 87 94
139 41 46 50 68 71 72 73 75 79 82 89 93 95 99
115 45 52 55 61 62 70 73 80 81 85 89 94 95 96 97
123 69 71 73 74 84 89 96 100
108 45 48 60 61 62 64 70 72 77 81 88 94 96
112 57 62 64 71 73 75 78 79 82 87 92
103 49 53 65 71 86 90 94 97
120 48 52 66 71 83 84 85 90 93
146 58 62 66 71 76 80
81 53 57 65 67 80 82 87 89 90 100
73 55 68 69 73 78 79 80 87 89 90 91 97
71 52 66 68 76 80 81 84 96
132 55 80 87 93 98
108 57 60 64 69 72 74 77 78 84 92 96 97
74 57 65 70 79 82 85 87 89 99 100
63 56 63 79 86 95 99
113 73 79 81 87 90 91 92 97 98 99 100
110 63 65 74 84 91 94 97 99
62 58 59 69 78 79 80 84 87 88 94 95 96
53 60 63 65 77 78
139 61 68 74 75 77 81 83 92 93 96
51 64 66 69 70 71 79 80 81 90 92 93
147 65 68 71 74 79 86 91 100
147 68 71 75 91 96 100
125 68 71 74 81 84 85 92 95 96
114 66 67
145 72 75 76 83 85 91
61 75 76 78 82 85 91
116 80 81 84 86 92 98
97 78 86 98
79 70 74 76 81 83 85 90 91 97 98
76 71 72 74 76 78 80 88 91 92
57 73 76 77 80 91
114 73 85 91 92 93 95 96 97
92 74 85 88 96
113 76 77 78 86 99
89 79 81 84 85 88 95 98 99
93 80 86 90 95
67 78 79
105 85 88 90
133 87 88 93
113 83 95 99 100
103 83 92 94
142 87 89 96
104 86 87 96 97 98
96 94
134 88 92
89 88 94 97 98 99
125
71 89 96 97
119 96 100
134 94
99 92 94 96
66 97 100
149 94
96 95
50
119
150 98 99
120 100
64
82
