200	10	1000	10
-4	137	25
-4	172	19
-1	181	17
-3	61	17
-5	148	20
-4	166	28
-4	66	17
-3	12	24
-4	97	12
-3	190	21
262 2 4 17 18 21 24 27 29 30 32 35 43 44 46 53 61 62 67 71 73 75 77 82 88 89 90 92 101 104 105 116 117 118 128 135 140 144 146 153 159 162 163 171 177 184 198 200
143 13 15 18 20 21 22 24 27 28 35 39 40 42 43 49 57 58 62 64 66 67 75 76 77 79 82 83 86 88 96 100 102 118 121 123 128 133 136 140 144 145 153 156 160 161 162 164 171 176 190 193 197
148 6 10 14 17 20 27 29 31 33 40 44 45 51 55 61 65 68 73 80 87 92 96 98 101 120 125 132 138 144 147 149 154 163 165 168 170 172 176 180 181 183 185 196 199
61 5 24 33 40 41 48 50 55 56 59 63 68 85 89 90 91 95 101 105 111 112 116 120 124 126 152 163 166 167 168 172 180 185 190 194
283 7 9 11 14 20 25 33 36 42 44 49 50 51 53 56 59 63 67 70 72 73 82 84 86 88 94 101 103 105 112 119 125 130 135 138 139 141 142 145 148 150 152 163 170 173 176 185 191
73 13 15 21 22 25 28 31 34 36 39 42 46 52 54 59 66 71 92 94 95 98 101 104 106 108 109 110 114 117 128 135 142 143 150 151 156 159 160 178 180 183 185 191 196
21 8 11 12 17 26 29 32 34 37 41 43 51 54 63 64 74 79 85 91 93 104 105 107 108 112 113 120 126 135 140 143 145 155 160 162 163 166 168 173 175 176 181 184 187 189 197 199
288 9 10 14 15 19 29 33 39 45 51 53 55 56 59 64 65 78 79 87 89 105 106 108 111 120 132 133 137 143 145 159 166 168 179 186 195
267 10 12 14 18 21 22 23 24 27 30 31 34 41 51 52 59 65 68 71 72 74 90 93 95 96 100 103 117 119 128 132 135 138 139 141 143 149 161 166 169 173 174 178 179 181 183 184 187
244 12 17 20 21 30 33 35 44 46 48 49 51 59 61 63 65 73 83 87 90 94 96 110 111 114 122 129 130 134 140 141 148 152 154 156 159 162 172 185 192 197
288 14 16 22 25 34 38 45 50 54 56 66 69 70 81 85 87 94 95 98 108 111 114 117 126 135 136 147 151 158 162 169 175 184 185 190 196 198 200
108 17 28 35 40 43 45 46 54 55 62 64 70 86 89 91 92 94 95 100 103 107 110 128 130 132 133 139 143 144 160 162 163 165 173 174 177 178 180 181 182 189 191 193 200
215 15 18 19 23 24 27 31 32 34 37 41 43 47 51 55 57 58 59 68 70 72 77 78 103 106 109 119 121 122 139 140 164 167 180 181 185 190 193
94 15 23 24 39 50 56 57 66 69 73 75 76 77 86 91 105 111 114 116 122 125 129 132 135 136 137 145 151 152 161 162 168 173 175 181 188 193 195 197 199
263 17 19 25 26 29 31 32 34 35 39 55 60 61 63 64 66 82 87 88 92 103 105 113 117 122 124 126 133 138 144 146 155 158 165 166 176 192 194 198 199
280 18 21 25 44 46 57 63 67 75 77 87 88 94 96 98 117 120 121 123 129 131 133 137 144 146 147 152 156 158 163 164 165 186
31 31 35 39 43 46 52 59 61 69 71 73 78 81 82 83 87 106 107 109 111 114 117 135 148 157 158 159 166 174 175 176 178 190 194
115 24 27 34 36 39 44 45 48 49 56 58 61 62 66 73 75 76 77 88 89 91 92 93 95 96 98 99 106 120 128 145 149 154 169 179 187 191
80 24 27 28 36 38 42 48 49 52 67 68 71 72 74 79 91 92 93 94 95 101 102 105 106 108 119 120 123 124 125 126 136 138 141 142 148 149 151 154 155 158 160 163 177 181 184 185 187 189 196 198
148 21 23 30 32 45 49 53 62 71 72 74 86 94 95 98 99 105 113 119 125 128 135 138 141 149 157 159 163 166 167 168 172 186 187 192 199
167 23 30 31 32 36 41 43 44 51 54 59 61 64 70 87 95 98 108 111 113 117 124 126 127 130 135 140 141 145 148 159 160 161 163 166 167 170 174 178 186 194 199
164 24 25 29 36 37 38 42 44 47 48 53 57 78 81 83 87 89 95 101 103 112 113 115 117 119 123 124 125 126 133 139 162 164 169 173 181 184 190 192 199
207 24 28 30 34 35 48 50 58 66 67 69 77 82 84 87 98 100 101 103 104 109 115 132 134 139 144 148 158 160 163 168 171 183 200
60 27 32 38 40 60 66 71 72 75 82 85 87 89 99 100 102 106 111 118 120 136 137 140 148 151 162 170 184 192 198 199
120 26 31 32 33 41 47 48 49 56 62 76 79 81 83 87 90 96 109 112 125 132 134 137 138 142 145 154 170 178 184 189 193
138 33 34 37 45 46 49 50 68 69 73 79 80 83 90 93 97 98 99 110 129 131 134 135 136 140 143 146 147 148 149 152 158 159 175 185 187 195
179 36 40 44 47 62 68 77 84 90 91 95 96 100 111 119 123 126 136 139 143 144 160 161 164 165 168 170 184 186 196
191 32 39 40 53 54 56 57 59 65 68 69 71 76 77 85 92 95 99 106 111 115 120 124 144 149 150 152 164 167 168 173 174 177 186 196
214 36 40 41 43 47 50 55 57 62 74 81 84 86 87 89 93 97 102 107 114 117 118 119 122 129 131 133 134 135 137 147 149 159 166 175 187 188 194 197 199 200
173 32 38 49 56 57 64 71 80 81 88 104 107 113 115 116 123 126 130 131 132 138 139 144 156 167 172 173 176 184 186 189 193 194 199 200
164 32 34 48 50 55 57 67 72 77 84 90 97 102 103 110 116 123 124 125 126 134 137 139 140 143 146 152 156 158 159 165 172 173 174 175 190 193 196
290 33 37 38 40 56 75 76 78 79 82 87 92 98 99 106 109 115 117 128 135 145 149 150 153 157 158 162 167 171 173 190 193 197
76 35 40 41 42 51 53 55 59 75 78 81 83 85 92 97 98 101 105 112 134 137 138 153 166 168 172 187 188 193
286 40 44 54 60 81 83 85 88 105 106 108 109 119 122 127 128 133 142 146 149 159 162 173 177 188 190 193 194
122 37 47 48 52 54 58 59 64 68 72 73 74 75 76 77 79 83 88 91 92 96 97 105 106 117 126 130 136 148 149 158 159 162 163 165 166 172 173 178 182 184 186 192 194
255 41 42 45 50 64 69 74 88 90 107 108 123 131 136 141 142 145 154 160 163 164 178 188 200
181 45 48 49 55 56 62 72 74 83 86 87 92 94 106 107 119 123 128 132 141 146 147 148 151 153 154 158 161 163 167 172 174 176 181 189 190 191 195 198 199 200
21 40 41 47 50 66 68 73 82 84 93 95 101 103 107 109 113 115 116 120 121 122 124 126 128 130 131 136 142 150 170 171 173 182 183 184 191 195 196 197 199
141 40 44 51 53 58 68 74 82 86 88 96 98 100 101 107 108 117 123 129 139 141 147 153 155 156 159 171 179 184 188 189 191 192 195
164 52 56 57 60 64 67 68 69 72 74 84 87 89 92 95 98 105 107 113 123 125 139 150 154 156 159 161 163 168 170 174 184 187 190
60 44 52 55 57 61 62 63 67 72 84 86 90 91 98 99 104 111 119 128 129 134 137 142 148 151 163 179 187 193 195 196 198
53 43 49 57 66 67 73 76 77 80 92 93 97 101 104 107 111 119 125 127 128 143 151 152 153 154 157 166 183 185 189 193 199
24 44 47 51 52 54 55 57 70 72 78 81 85 86 87 93 98 104 105 106 110 113 114 138 145 153 157 160 161 166 168 190 192 194 196
111 54 56 63 64 65 69 87 89 98 108 111 118 129 148 152 154 155 157 161 169 172 180 182 188 190 193 199
288 51 56 61 62 72 78 91 94 96 101 103 111 118 126 130 139 140 145 149 151 153 155 161 166 171 176 178 181 185 186 200
29 47 59 61 62 63 65 67 80 85 96 97 98 102 103 109 133 139 140 143 153 155 162 165 169 173 174 176 177 178 189 197 199 200
122 55 62 72 87 92 98 100 106 113 122 128 130 131 133 139 142 144 155 158 160 165 168 173 174 176 180 183 185 194 198
92 49 52 54 56 60 63 64 73 77 82 87 97 99 101 107 108 112 115 118 120 123 126 147 152 158 163 168 169 172 174 177 181 183 193
16 52 54 61 66 67 83 85 90 91 93 96 119 124 125 131 132 139 147 149 150 154 162 163 164 198 199 200
297 52 53 56 64 66 81 84 89 96 107 115 135 137 140 143 152 155 166 168 183 187 189 190 196 197 198
17 72 73 79 84 87 110 115 119 120 121 122 126 129 138 154 156 162 163 165 167 168 169 175 179 186 193 196 197 198 200
61 57 58 63 71 76 80 83 95 97 98 112 113 115 129 130 138 141 151 160 174 175 187 189
276 58 61 66 77 79 86 90 91 92 93 98 106 107 119 132 138 142 146 149 152 156 157 167 179 181 185 187 189 190 195 200
152 61 63 69 70 87 91 96 100 102 103 106 107 108 109 124 126 127 132 133 135 145 154 158 169 174 175 182 186 196 197
116 75 79 81 83 86 89 94 95 97 104 109 112 113 116 132 138 143 144 145 148 150 151 152 157 162 177 197 200
148 59 74 75 84 85 89 90 95 97 99 103 112 122 131 137 142 143 145 150 152 153 165 169 173 174 178 183 189 192
86 60 66 72 78 79 80 81 83 84 87 100 107 112 113 117 122 128 132 133 140 144 145 147 159 160 169 170 181 184 189 197 199
277 60 64 69 71 74 76 77 85 88 95 97 100 105 109 110 111 112 124 134 138 147 158 166 169 176 200
299 69 75 77 81 84 88 91 97 101 106 107 113 115 121 123 128 130 134 135 137 138 140 143 148 150 154 156 163 167 170 171 187 188 196 199
63 62 71 81 86 89 94 99 104 106 127 129 130 131 133 143 154 165 168 170 172 176 189 190 192 194
298 62 65 68 69 72 75 78 80 92 95 96 97 119 122 130 139 146 148 150 158 162 167
300 64 68 80 83 87 92 97 98 101 104 106 114 116 117 130 138 140 141 152 160 163 164 165 171 190 194 200
132 69 72 81 92 107 113 115 131 136 137 142 143 147 152 160 164 166 177 179 182 190
290 65 76 81 84 90 92 93 96 97 98 115 116 119 122 134 138 140 147 150 159 161 168 171 172 174 176 181 185 186
105 80 84 87 92 100 103 106 113 125 128 133 137 142 155 160 163 165 170 185 195 198 199 200
120 70 82 83 96 101 106 107 110 114 125 126 135 138 141 143 150 160 164 167 168 169 175 179 186 189 191 192 195
134 74 82 84 88 89 90 94 102 103 104 106 118 123 125 136 137 138 141 153 156 162 165 185 189 190 197 198
71 70 84 87 94 98 102 105 107 108 120 121 124 128 132 138 144 154 161 162 187 189 192 194 198 200
104 72 77 83 84 91 99 101 105 107 118 119 125 133 134 136 140 141 154 155 161 163 167 169 177 184 186 194 196 199
41 77 79 82 83 90 92 95 98 100 101 102 104 106 108 118 119 121 122 125 132 135 140 148 149 156 161 167 171 181 182 189 199
46 75 80 82 92 93 101 104 106 107 113 119 121 123 140 143 148 149 152 157 160 161 162 166 168 171 175 176 180 182 184 185 192 197
39 82 84 89 103 115 121 125 128 132 135 138 144 145 146 157 159 160 161 168 171 172 175 184 186
256 76 84 92 95 117 119 123 127 128 135 141 145 146 151 153 155 164 166 168 186 190 192 196 200
124 77 81 88 89 92 95 103 109 112 120 126 127 128 138 142 146 149 153 159 161 164 175 176 177 179 180 182 183 184 185 190 192 196 199 200
17 82 85 94 96 97 103 107 108 110 117 126 128 133 142 153 155 156 159 175 182 191 196
70 84 86 95 97 112 115 117 118 126 129 130 131 132 133 154 157 158 159 168 171 173 181 189 194
123 78 82 87 89 91 92 94 98 99 100 115 116 119 121 144 147 152 170 173 176 177 180 187 190 192 198
70 81 96 101 105 106 110 113 114 115 124 126 129 145 147 157 158 163 164 174 175 177 181 186 187 194
81 84 87 90 93 105 111 117 133 137 140 148 151 157 158 159 170 181 184 194
60 89 93 100 105 111 112 113 116 117 125 148 153 155 156 157 174 188 189 193 194 198 200
41 87 89 93 94 101 109 110 111 112 122 124 125 137 140 158 161 180 185 187 188 195 196
104 84 93 95 96 104 105 107 113 119 121 126 130 136 137 144 145 147 154 155 159 160 164 168 171 188 192 193 198
277 88 90 91 95 104 110 130 137 139 140 142 144 153 161 173 185 197
45 92 94 97 98 103 107 108 110 120 121 124 129 136 145 150 152 158 163 165 175 176 179 181 183 188 191 196 197
189 91 106 114 118 119 124 132 136 139 143 158 159 162 164 167 170 176 177 178 184 187 194 199
193 89 90 91 92 94 95 101 108 113 118 119 159 160 161 165 170 177 178 180 183 189
70 93 100 102 103 105 113 123 128 133 134 138 140 141 143 144 152 153 154 163 165 168 170 171 174 176 181 186 191 196 199 200
192 90 91 94 97 100 114 121 124 125 137 138 139 146 149 150 152 156 165 169 172 173 174 175 183 186 187 190 193 195
79 95 97 102 104 113 114 127 132 133 134 135 137 141 142 146 161 168 172 179 180 188 194 196 199
208 107 111 115 116 117 119 123 124 131 141 150 159 161 162 172 176 180 185 186 192 197 198 200
90 102 108 113 115 122 127 128 133 144 151 152 157 159 171 176 178 181 185 187 189 193
153 96 104 108 110 111 113 129 130 139 141 149 151 154 155 159 160 161 163 174 181 184 198 199 200
241 94 100 105 114 124 133 141 150 153 157 171 179 183 185 199
295 96 106 117 123 124 134 143 148 159 166 167 168 169 170 189 193 196 197 199
68 97 99 102 106 109 112 118 139 145 147 153 155 156 160 168 169 172 176 183 187 189 190 192 196 198
222 98 100 102 104 107 108 112 116 140 149 152 156 157 158 163 166 168 170 172 177 179 182 184 191
95 99 101 104 110 113 120 129 131 133 140 143 150 152 160 161 164 166 168 169 174 180 181 189 199
116 102 103 104 107 118 123 136 143 145 147 151 152 154 156 161 162 170 174 176 177 178
134 101 108 111 124 130 141 145 147 153 154 155 160 191 198 199 200
42 106 118 119 122 133 144 145 149 155 157 161 164 172 173 176 178 189 200
286 128 142 151 157 164 167 176 177 183 187 195
133 106 108 114 117 124 128 140 141 142 145 146 149 150 151 161 162 166 170 183 185 193 198 200
52 105 109 112 118 123 124 134 142 143 153 159 160 161 164 165 169 170 176 180 181 184 190 195 199
69 106 108 123 132 153 156 161 164 167 169 170 177 185 188 191 197 200
97 106 122 126 127 132 136 141 142 146 147 152 154 156 157 158 160 164 179 186 187 190 193 200
228 108 111 116 120 128 134 140 145 151 152 157 160 163 168 170 171 182 186
69 108 110 113 118 119 124 128 135 137 144 150 156 158 163 180 184 191 200
281 115 119 125 127 130 131 133 145 152 160 161 166 168 180 181 182 193 198 199
157 112 116 118 128 139 142 146 149 158 160 162 170 176 178 191
77 113 118 128 132 138 139 148 150 165 171 175 176 183 185 188
91 118 124 128 131 135 140 146 158 159 167 168 174 176 180 187 189 192 195
169 115 116 119 120 121 132 141 142 146 152 164 165 171 176 178 180 182 183
11 114 117 119 121 126 128 141 144 146 148 149 153 156 168 181 187 190
68 119 122 137 142 144 147 151 161 165 171 173 175 176 181 189 190 193
197 117 118 122 125 153 166 179
285 117 123 138 147 152 154 156 166 169 175 181 198
182 118 126 130 136 142 150 164 165 172 173 181 182 187 188 196 198
57 120 121 124 138 140 143 149 151 154 157 163 164 172 177 187 188
28 125 127 134 152 159 169 178 180 189 190 195 197
212 138 146 169 188 194 197 198
73 124 133 144 148 152 153 156 157 165 167 178 183 187 191 192 196
89 124 129 136 137 139 143 160 161 165 168 170 171 172 175 180 185 200
122 136 144 146 155 157 171 187 188 193 196
68 126 129 133 134 135 137 138 155 158 162 165 166 171 180 184 185 186 194 196
289 134 140 141 143 146 149 156 165 172 175 176 180 182 200
265 127 135 137 149 150 154 158 172 184 187 190 192 193 196
171 133 139 145 153 163 167 172 173 175 182 184 185 186 189 197
278 130 132 137 143 150 155 159 172 175 177 178 183 184 194
56 132 135 144 146 151 154 159 160 166 169 170 175 188 192 193 198 199
61 131 133 139 143 150 160 161 165 171 172 185 189 194 197 199
102 134 136 139 146 148 158 160 167 179 188 189 190 195
112 140 158 166 167 170 174 178 184 193
138 139 143 149 153 155 162 165 170 173 176 179 182 184 190
51 144 146 152 157 166 171 172 174 176 182 192
106 137 147 148 152 155 158 162 175 183 192 194 200
223 137 138 146 147 150 156 157 160 167 179 181 184 185 189
159 138 141 147 151 155 156 157 158 171 172 179 184 186 193 194 199 200
178 139 147 148 150 151 156 157 159 162 164 172 173 174 179 185 189 191 197 198
54 146 150 159 161 167 169 180 189 190
294 143 156 158 164 168 176 179 184 191 195
52 148 149 154 160 161 166 167 170 171 174 181 193 194 200
108 143 147 150 151 154 156 163 171 174 185 187 196
226 144 150 151 153 163 166 168 181 187 196
296 146 149 155 156 159 162 168 183 188 194 196 197 200
276 148 149 167 172 173 178 190 200
56 147 148 152 153 161 170 174 180 183 189 199
56 158 161 163 166 168 169 174 176 180 185 188 190 191 193 197
45 149 154 157 169 180 182 186 189 193 196
262 151 156 162 166 168 178 181 183 184 187 194 197 198 199
181 151 160 162 166 170 181 183 188 191
30 160 167 171 178 182 183 187 189 193 197
96 158 161 166 179 183 192 199
219 157 172 174 181 186 194 195
203 159 160 162 163 164 171 177 179 180 183 185 189
42 157 160 162 170 178 184 186 190 196
280 163 165 168 169 170 174 177 178 180 184 185 193 198 200
297 160 166 168 169 170 178 183 184 192
35 162 165 169 179 181 182 190 191 193 194 199 200
213 161 164 176 178 185 187 189 191 193
232 162 168 177 181 182 197 199 200
132 165 166 175 177 178 181 184 191 195 197 198 199
182 163 164 167 170 173 176 180 184 186 189 196 197
69 170 171 178 179 184 193 196 197
228 166 167 169 182 183 191 195 200
260 173 175 181 187 197
213 176 181 182 185 186 191 192 198
203 170 171 172 174 185 194
81 179 190 192 198
85 181 184 187 191 195
254 171 176 177 178 180 181 194
17 175 176 183 190 191 192 196
260 178 186 193 200
159 176 177 180 187 193 194 195
52 177 183 184 189 190 192 198
76 177 180 185 187 189 194 196 197
256 177 183 185 186 189 197 199 200
158 187 188 191
241 180 182 188 198
263 186 187 196 197
121 192 193 194 197
114 186 191 199
157 186
207 185 188 195 197 199 200
224 188 191 193
150 188 190 195
47 193 197
61 193 197
236 194
270 190 196 198 200
222
224 197
10 193
60 194
111 195 196
31 200
263
158 198
121 200
84
259
