100	10	1000	10
-4	165	10
-4	139	14
-1	183	6
-3	145	11
-5	149	12
-4	184	10
-4	132	9
-3	119	8
-4	171	9
-3	188	11
80 10 12 18 24 25 41 46 48 52 55 59 65 66 67 69 75 77 84 93 96 99
21 10 12 24 27 29 31 33 34 35 37 47 48 63 70 71 81 88 90 99
88 16 17 21 32 34 37 40 41 46 51 52 54 57 61 63 71 82 83 89 100
88 13 14 23 24 25 26 27 28 34 40 41 42 49 50 52 54 58 60 64 66 80 84 86 87 93
20 7 28 33 55 56 58 62 66 69 73 77 84 87 90 92 93 96 97
87 9 17 22 36 37 41 44 57 59 64 79 80 83 86
34 16 32 33 41 42 50 54 56 68 82 84 87 97
96 10 21 24 25 45 47 49 54 63 64 66 71 77 86 97
79 10 12 13 17 18 20 23 24 31 38 52 53 55 60 61 62 65 72 78 80 83 84 91 98
74 16 18 20 29 32 33 36 44 46 54 57 58 61 67 73 78 80 82 83 85 90 91 100
89 12 14 28 31 35 40 50 54 56 59 69 82 88 90 92 94 95
97 22 24 37 40 47 54 64 80 82 86 94 96 97 99
34 17 26 30 32 36 37 39 45 46 50 55 56 62 67 68 74 77 78 85 99
20 18 19 20 22 24 26 46 51 59 74 78 86 91 96
80 21 22 26 28 35 44 47 58 62 69 74 85 90 91 96
86 18 21 22 28 30 31 36 37 38 42 44 53 61 63 65 85 92 98 100
21 19 22 24 32 34 36 40 46 49 69 71 72 76 77 84 86 87 89 98 99
72 21 28 29 30 31 39 45 47 51 56 60 61 63 67 72 78 80 82 86 94
28 20 21 33 36 37 38 41 47 59 66 67 73 80 82 88 100
13 26 28 32 43 50 51 52 65 68 74 77 79 82 91 93 97
91 28 29 34 35 44 56 60 64 70 75 78 80 81 85 87 88 96 97
43 26 28 29 31 38 50 57 67 70 71 72 74 78 81 83 100
38 24 28 30 41 43 47 52 67 78 79 86 87 95 96
92 30 31 37 39 44 47 50 60 62 65 75 76 82 83 89
29 36 37 38 40 42 46 49 62 70 73 75 87
52 28 33 36 37 40 47 48 49 53 55 67 75 76 79 84 89 91 93 94 97 98
25 33 35 37 38 39 42 45 46 47 51 54 56 62 68 69 74 76 80 82 86 91 92 95 96 97
99 34 50 53 62 66 67 75 84 85 98
30 30 51 57 63 64 69 70 74 80 82
11 32 33 39 41 52 53 56 58 72 79 85 90 97
80 33 41 45 49 50 54 56 78 83 84 85 86 92 93 95 99
51 38 43 51 54 60 63 70 71 74 83 92 95 97
28 34 44 46 54 57 59 62 67 68 69 74 75 79 80 83 84 95
87 35 37 38 50 54 57 58 60 64 69 70 74 84 87 93 95 98 100
33 39 45 47 51 54 58 63 74 78 81 93 95 99
96 40 43 49 51 55 58 71 72 74 79 84 85 88 91 100
12 40 47 54 56 59 62 70 72 77 88 90 92 94
57 45 49 50 55 56 74 78 81 83 89 94 96 99
15 41 43 52 55 63 65 72 74 82 84 86 88 95 100
87 48 55 61 63 64 65 68 75 76 84 87 89 90 92 97 98 99
17 43 44 54 55 60 66 68 74 85 93 96
27 44 59 60 69 71 74 76 83 88 94
78 45 54 61 66 83 85 94
22 50 53 58 59 62 71
80 55 56 67 85 92 94 99 100
100 48 49 61 67 72 73 80 84 87 90 98
66 51 57 58 60 85 100
33 55 77 90 95 98
70 54 59 64 68 71 72 74 84 85 90 94 96 97
24 53 55 62 63 65 67 74 82 92 98 99
54 54 61 64 74 77 87 89 94 98 100
55 64 65 66 70 78 82 98 99 100
25 59 65 66 70 78 83 86 87 97 98
70 61 65 68 70 87 93 99
65 65 66 77 80 84 87 88 96
88 63 64 66 70 99
75 63 64 65 70 80 86 93 97
79 63 65 73 80 87
20 62 63 65 68 72 75 80 84 86 88 98 99 100
88 71 84 87 89 100
34 65 67 80 87 89 92 96
24 82 84 87 89
77 64 65 68 77 99 100
100 72 79 82 88 89 92
50 70 74 75 76 77 83 84 87 90
100 72 87 88 89 92
17 73 77 79 81 84 87 97
21 75 76 95 97 99
89 71 79 81 82 95 98 99
33 76 86
35 78
82 75 82 84 85 87 95 97 100
66 81 88
52 75 76 81 85 89 95 96 97
23 77 79 83 88 100
73 78 81 87
36 82 85 91 98
15 85 94
82 90 96
97
27 84 90
22 83 84 87 88 91
43 98
67 85 90 91 92 94
85 87 88 89 90 94
97 89 93 96 99
45 89 90 92 93 94 100
40 92 98
87 91 93 97
37 94 98
28 97 100
38 95 98
40 95 100
63 97 99 100
45 98 99
90
91
25
22 100
66
