200	10	200	1
0	29	23
0	27	16
0	30	14
0	23	21
0	37	25
0	39	20
0	38	25
0	39	16
0	22	20
0	27	20
25 4 7 9 14 23 24 26 27 31 33 34 43 52 53 54 79 81 82 86 88 100 103 104 106 115 117 141 143 144 146 152 159 171 178 182 187 188
29 5 9 10 14 15 16 20 23 28 30 33 40 43 44 49 51 54 55 57 61 69 72 74 78 79 80 89 107 117 132 135 147 150 153 154 155 163 165 174 182 184 186 188 196 198
10 4 6 7 13 15 19 22 26 31 48 50 52 55 76 83 91 96 97 104 115 116 120 133 134 135 141 143 153 155 160 169 183 190 194 196 198 199
28 9 33 39 41 47 49 55 66 67 80 83 85 86 87 88 94 95 111 112 117 123 126 129 132 135 137 142 146 147 150 152 154 162 166 168 177 189 191 193 196
25 6 7 9 14 17 18 31 37 39 47 49 50 51 55 86 91 97 99 102 103 106 108 110 111 117 122 124 129 131 137 142 146 147 150 155 159 160 161 162 166 167 172 182 193 199
25 13 18 23 28 34 35 36 38 40 49 53 55 57 58 69 73 82 88 89 94 96 104 105 116 121 137 140 141 144 146 156 163 165 174 178 185 187 198 200
17 10 13 15 16 21 28 40 47 48 72 89 95 99 103 112 118 121 129 133 136 146 158 161 180 188 189 199
29 11 12 13 24 39 47 49 54 55 56 60 68 76 77 90 91 93 94 95 100 103 123 127 136 145 158 160 162 165 185 195 198
23 10 20 24 27 30 31 33 40 42 51 62 68 75 78 84 87 89 91 94 95 96 105 106 113 117 121 123 127 132 135 138 153 156 158 163 168 171 173 174 178 185 189
21 12 38 39 42 49 50 61 63 69 70 75 77 82 84 86 92 102 103 106 110 111 116 118 124 135 141 144 146 152 156 158 161 167 168 170 186 187 192 196
29 16 17 23 27 30 32 36 41 56 60 61 62 63 65 66 74 80 81 84 88 90 91 92 94 98 112 117 138 142 148 149 152 153 158 160 162 164 196
12 20 26 28 30 31 39 42 43 46 51 55 57 64 76 77 79 80 87 88 90 97 100 111 118 119 123 138 143 148 149 151 152 154 156 162 165 167 169 178 187 191 199 200
24 17 20 22 25 26 31 36 38 40 43 50 51 58 59 63 69 81 82 86 87 96 97 98 104 109 120 122 123 128 130 132 135 139 147 150 167 171 173 183 192 194 197 200
13 16 25 27 31 32 33 41 52 66 67 80 84 85 87 91 99 107 108 110 111 115 116 118 123 133 139 141 148 150 155 160 161 162 166 172 173 175 178 179 180 181 198
14 32 42 43 44 49 50 52 53 54 61 64 69 77 79 90 92 93 94 100 105 125 128 133 137 146 149 150 153 158 160 162 167 178 180 188 191 192 199 200
26 19 21 24 31 42 53 55 56 60 64 71 72 73 74 75 78 95 98 100 103 104 119 140 143 145 153 156 162 166 177 182 186 191 195 199
14 19 30 37 43 49 51 60 61 63 69 72 73 84 88 89 108 111 112 122 130 137 139 143 147 160 165 168 169 170 173 174 181 189 198 199
27 26 29 32 34 35 41 42 45 52 55 64 66 72 74 76 78 80 81 82 93 94 96 108 109 110 114 115 119 139 153 159 162 169 174 176 186 189 197
26 22 23 28 31 33 34 35 36 37 40 47 48 60 74 77 82 83 88 94 96 111 115 131 142 143 146 153 163 169 182 183 184 191 192 198
25 23 30 34 35 36 64 84 85 88 89 90 92 93 97 100 107 111 121 123 124 128 131 150 154 157 168 172 174 177 184 188 199
12 28 29 32 36 40 43 45 46 52 61 64 65 72 83 85 89 95 101 104 107 110 116 118 121 125 127 131 132 135 139 144 146 147 149 158 166 167 171 173 178 179 180
11 30 36 44 46 49 57 69 84 87 90 93 95 97 98 99 102 110 121 124 128 132 133 135 142 143 151 152 178 180 181 186 187 195 200
19 25 26 29 31 33 36 42 43 44 56 62 64 66 69 70 74 79 81 86 90 96 107 108 112 113 122 133 143 157 158 164 167 174 176 187 190 191 193 194 198 200
16 28 29 31 37 46 48 50 62 65 67 94 100 123 125 126 136 140 142 147 151 156 159 165 167 169 177 178 182 183 187 189
27 27 31 40 43 47 48 51 52 54 58 60 72 77 80 92 97 107 118 123 132 138 146 148 149 151 154 159 165 168 170 174 175 183 184 187 188 190 196
26 29 34 40 53 55 60 65 72 73 78 94 101 107 109 110 111 129 131 132 139 147 149 150 157 177 178 184 186 187 191 193 198
15 29 31 47 48 50 51 53 65 67 83 85 93 105 116 120 135 137 138 139 147 149 151 156 160 163 166 167 174 175 177 184 185 190 193 195
11 32 34 41 47 49 55 56 64 70 74 87 88 90 92 95 96 99 108 118 121 126 129 143 148 149 150 154 156 164 165 173 182 185 191 192 199
18 32 34 39 43 44 50 61 64 70 71 75 78 81 83 100 103 110 111 112 115 124 125 129 131 139 149 154 158 167 176 177 178 181 184 186 195
12 32 39 49 50 51 54 57 58 61 65 67 71 74 80 91 103 106 107 108 109 118 123 124 125 129 131 141 142 147 150 152 153 154 157 161 167 172 176 185 187 188 189 192 193
21 34 38 40 42 51 57 59 63 65 66 73 79 81 88 91 92 98 99 102 104 106 112 123 124 129 133 136 141 144 147 150 155 157 161 163 166 171 176 179 180 188 199
20 43 45 49 58 64 67 73 78 84 88 93 103 106 107 108 117 122 124 125 132 133 138 151 155 158 159 164 167 172 177 179 187 190 195 196 199 200
22 38 45 54 57 60 61 66 68 70 74 82 85 89 96 98 105 107 111 114 116 122 127 128 132 139 140 142 147 149 151 152 153 156 173 180 181 184 190 191 193 199
18 47 51 57 58 66 67 68 72 76 77 80 84 85 96 98 99 107 109 114 130 134 135 142 145 152 157 166 177 179 184 188 190 197 199
10 40 42 45 47 48 50 57 59 68 81 83 86 87 89 95 100 101 106 122 134 139 141 142 143 144 145 146 148 150 153 158 160 161 163 164 173 180 181 193 194 199
23 38 50 52 54 56 57 65 84 88 89 93 96 99 104 105 108 110 114 121 122 138 140 141 143 146 150 151 152 157 164 165 170 178 179 182 190 197
15 38 41 43 44 50 54 56 62 64 72 75 76 84 85 87 92 95 102 103 109 110 116 118 123 125 132 134 135 141 144 145 149 161 164 165 170 172 174 176 191
12 43 54 56 64 65 71 86 89 103 109 121 122 125 136 147 149 154 165 167 170 173 184 187 196
24 41 45 46 48 49 51 52 57 60 65 80 87 95 96 102 105 109 110 125 127 128 139 147 165 173 174 178 184
22 43 45 53 63 71 72 76 77 87 90 91 93 102 108 111 115 118 119 129 130 132 134 139 146 147 149 150 153 173 175 181 189 197 198 200
17 47 48 52 54 57 72 88 90 93 94 97 100 102 106 113 116 134 135 145 149 152 161 172 189 193 195 198
29 43 46 47 48 49 54 63 67 70 81 83 90 91 96 98 99 100 104 107 112 115 122 125 147 151 152 153 162 167 168 173 176 179 182 186 187 192 198 199
12 47 50 51 58 62 65 71 73 74 76 78 90 95 101 103 106 113 118 121 134 137 148 151 156 158 162 166 170 171 172 174 175 176 178 180 187 188 194 196 198
26 46 49 51 53 54 56 64 71 72 81 82 96 98 102 107 117 119 120 130 131 138 139 140 142 158 159 180 188 192 197 200
10 54 55 57 59 61 68 82 84 99 113 118 125 128 133 145 148 158 160 172 176 178 179 181 185 191 195
28 53 58 59 60 64 65 71 75 91 94 100 101 106 109 110 111 112 113 114 117 120 124 151 160 161 164 173 175 177 182 191 194 197
12 53 54 59 61 64 70 74 85 91 96 105 108 122 131 142 143 144 145 146 149 152 153 157 158 159 160 169 170 171 176 184 187 188 193 196 199
15 55 63 65 66 67 84 86 97 103 105 108 116 118 119 122 124 126 129 132 136 145 159 164 167 171 182 190 196 197 198 200
25 60 62 63 64 68 71 77 84 86 87 89 91 92 93 97 110 126 128 137 149 158 164 174 186 189
14 51 53 54 57 61 63 70 75 81 86 88 93 99 102 115 120 129 135 140 153 155 156 161 165 166 173 190 193 196 200
23 53 62 64 66 71 75 81 83 91 96 102 105 106 110 113 119 128 137 147 153 155 162 164 175 178 181 191 198
18 56 68 69 71 80 88 89 90 94 98 99 101 113 119 125 133 134 137 142 148 149 159 160 165 174 182 196 197
20 66 69 71 84 92 98 100 103 110 113 120 121 123 125 129 132 135 137 141 145 150 151 164 171 174 177 185 188 190 191 194 195 198 200
17 55 61 62 69 75 78 81 82 83 84 85 96 98 99 102 104 112 117 118 119 121 126 128 130 136 138 139 140 147 157 158 163 167 175 176 178 179 182 187 191 198 200
26 57 60 64 78 79 81 85 87 88 89 95 100 102 105 109 115 117 119 130 131 138 140 141 143 158 159 168 169 173 175 182 186 187 193 197
25 58 59 60 65 66 85 86 99 100 110 114 124 131 136 141 147 156 162 165 170 172 173 178 182 186 196
27 59 60 62 63 65 67 68 69 71 72 73 77 80 82 85 86 91 95 98 100 101 103 118 122 124 125 130 137 138 139 149 152 155 159 161 163 167 170 172 174 175 176 180 183 186 187 196 198
27 59 66 72 79 91 92 105 108 112 116 123 126 137 140 141 144 145 153 158 162 169 171 172 174 179 188 198
18 60 61 64 70 75 76 79 82 97 99 103 104 106 117 118 123 134 137 139 140 145 146 149 150 151 161 169 176 182 184 186 191 198 200
26 63 65 70 75 78 85 89 91 94 102 107 109 118 119 121 125 127 128 139 142 150 156 168 171 172 174 176 179 180 186 188 190 193
10 63 64 71 75 77 85 89 90 91 99 110 118 120 123 126 128 138 139 147 148 153 159 160 165 170 173 187 189 190 192 195 197
27 66 73 77 81 89 93 94 97 105 113 120 121 122 123 126 129 136 139 141 143 145 150 151 153 157 173 177 180 184 188 190 192
24 70 71 79 93 94 97 101 109 112 114 116 118 128 135 141 154 156 157 162 163 167 172 179 183 184 185 192 193 194
14 80 81 96 101 103 105 107 108 114 117 121 128 132 146 153 167 168 172 174 175 176 178 179 184 191 192 194 198
28 70 72 74 76 84 92 93 97 98 101 103 104 105 122 123 129 130 132 141 142 144 145 150 155 157 164 167 177 179 180 181 187 189 197 198 199 200
22 72 80 91 97 101 109 114 126 129 141 143 145 146 149 151 152 169 175 182 187 192 194
27 69 80 83 93 94 98 99 106 109 110 114 125 127 129 134 135 136 139 144 145 150 155 158 159 169 170 172 173 185 190 193 195 196
27 72 75 78 84 88 99 105 113 119 124 126 129 135 139 140 144 153 156 164 172 179 183 188 200
11 76 90 91 92 101 102 106 107 108 109 110 116 122 123 135 138 159 163 178 192 200
15 71 75 78 80 88 94 97 98 99 104 107 111 113 121 122 134 136 137 141 150 154 156 162 172 175 182 184 187
13 73 77 83 84 85 100 106 107 112 116 120 122 126 130 133 136 138 140 141 144 160 164 169 173 176 179 183 191
18 73 77 78 83 90 93 95 101 105 106 120 121 131 134 138 150 151 153 166 171 175 179 182 189 198
27 78 80 81 96 98 101 114 118 121 128 131 138 151 152 153 159 160 161 162 164 165 171 172 186 189 194 197
19 78 84 85 92 94 96 101 105 108 115 118 122 123 142 147 149 150 153 154 163 175 185 187 190 191
12 78 80 83 89 103 110 126 155 158 164 166 167 170 173 174 181 185 189 192 198 199
24 92 95 100 122 123 129 133 134 145 146 147 150 153 155 159 166 169 170 172 174 178 180 186 193
24 81 92 94 100 104 115 116 122 127 130 131 137 138 141 144 146 158 161 164 174 188 195 196
15 80 84 85 90 94 100 101 108 112 113 117 119 123 127 133 134 135 144 149 161 177 179 195
19 80 86 88 96 101 102 105 111 126 127 128 136 141 147 148 159 162 163 173 174 178 179 180 185 188 192 194 200
27 82 84 85 92 117 119 130 138 140 145 154 156 160 162 164 165 168 169 174 182 185 191 196 199
21 91 97 99 105 111 120 121 129 133 134 140 142 143 145 146 153 164 166 171 172 176 183 189 190 191
15 85 87 89 94 100 102 113 116 117 119 122 124 126 139 145 147 153 157 160 169 172 173 175 189 193 197
18 91 96 103 113 115 119 121 123 130 131 136 138 142 145 153 154 159 167 168 172 180 185 186 189 193 199
16 87 93 100 106 107 108 109 117 122 124 125 130 132 134 139 140 142 145 146 149 153 156 180 181 195 198 199 200
13 86 88 96 112 113 129 134 135 139 146 165 166 175 179 181 186 195 197
11 87 98 99 100 101 120 129 136 139 141 145 149 151 167 170 173 175 178 180 188 189 193
11 91 92 103 105 106 118 131 143 150 158 166 168 178 182 183 185 186 194 195 198
19 95 109 112 114 123 129 130 135 138 145 148 154 156 158 161 165 166 168 180 188 192 193 194
28 95 103 116 117 129 133 138 145 150 152 158 160 163 169 172 186 194 197
22 93 94 96 105 115 120 127 131 134 135 140 152 154 156 162 165 169 185 186 188 195 200
16 110 123 126 130 143 152 154 162 165 166 168 176 178 181 187 195 197 198
13 99 105 119 123 132 133 145 153 155 161 176 199
12 97 98 100 101 104 106 114 118 120 121 123 137 139 148 149 150 154 163 164 179 194 197 198 199
21 97 99 109 115 117 119 120 125 128 133 137 139 140 141 155 158 162 167 168 175 180 186 187
11 99 102 104 105 111 114 116 120 121 127 138 174 185 197
27 102 109 110 118 125 131 141 160 161 170 171 173 174 181 185 186 194 195 198 199
27 98 103 104 106 110 112 116 117 126 132 141 142 145 148 165 169 170 173 176 183 184 186 188 189 191 192
10 99 103 105 107 109 115 123 127 139 145 150 152 157 158 168 174 184 185 193 194
12 106 108 110 111 125 126 129 139 145 154 155 156 165 173 183 187 188 189
13 102 104 106 107 112 113 115 116 117 118 120 122 139 144 152 157 162 164 170 177 179 181 182 184 190 192 193
17 103 107 109 112 119 120 121 123 131 136 137 138 141 143 145 161 162 168 174 175 186 191 194
13 105 113 116 126 127 132 139 140 159 162 163 164 174 176 187 200
15 104 114 118 119 120 133 149 154 155 168 169 172 193 197 198
27 113 118 138 140 143 145 150 151 161 165 173 178 186 192 198
22 108 113 117 120 121 122 126 128 129 137 143 154 180 188 192 198
25 109 114 117 118 128 130 134 141 145 146 148 151 158 169 175 176 181 192 197 199 200
24 110 113 122 124 130 141 144 149 156 158 161 166 175 179 196
16 121 172 177 182 183 192 196
27 110 111 114 125 132 137 154 175 186 199
18 124 126 129 139 141 146 152 153 162 168 173 190 193 194 195 197 199
18 115 120 133 136 138 143 146 156 161 167 168 170 173 185 186 187 192 197 198
20 114 118 120 124 126 142 152 155 161 165 170 171 172 179 180 182 187 193 194
13 117 118 124 125 130 132 137 139 142 144 153 154 155 160 165 168 173 175 180 186 193 197
25 116 120 121 123 138 147 149 160 162 163 167 170 173 174 184 187 191 198
30 117 118 120 144 153 159 165 167 190 197 198
29 122 126 128 129 139 141 142 149 152 153 154 160 161 162 165 172 173 183 185 193
25 119 122 130 131 146 152 165 166 180 184 185 186 196 200
17 122 127 130 137 143 157 159 164 168 172 179 186 189 191 194 198
30 123 130 139 141 149 151 152 153 158 159 161 167 172 180 191 194 196
30 125 133 136 141 149 150 152 156 169 177 180 181 196
22 123 128 129 130 136 138 139 142 156 161 167 168 179 182 184 186 187 189 191 194 195 200
10 126 132 142 145 150 151 162 163 164 173 176 178 179 187 191 193 195 197
16 125 127 133 139 140 142 143 152 162 163 170 179 183 191 199
10 125 126 129 131 138 140 144 151 154 159 161 167 171 178 185 187 193 197
26 127 129 130 139 142 148 152 154 160 166 169 176 190 192 199
26 128 129 136 139 143 144 155 156 164 165 166 168 171 180 181 183 191 197 200
22 131 134 136 143 144 145 146 147 153 158 159 167 169 173 175 181 189
21 130 133 134 137 143 154 162 163 166 175 189 197 200
19 132 133 140 146 148 150 151 154 161 163 164 165 167 169 174 178 179 181 182 184 192
20 134 135 137 139 143 147 165 174 179 181 183 189 194
29 144 148 153 154 155 162 165 169 180 181 185 188 194 197 199
10 134 140 146 149 153 163 166 175 179 185 191 195
26 146 147 151 153 154 155 165 166 167 169 172 175 183 187 189 193 195 200
20 136 157 167 170 172 175 187 194 195 196 198
15 140 148 152 155 161 164 171 177 178 180 190 192 194 195
13 139 143 146 163 171 188 193
20 142 149 152 160 162 165 167 175 179 185 187 192 193 196
13 140 142 143 146 157 160 166 169 180 184 185 188 192
11 144 150 153 159 167 169 178 182 183 184
12 146 147 148 151 154 155 158 159 175 176 178 190 191
23 143 144 152 160 163 164 166 169 173 200
24 144 162 168 196
20 159 164 170 173 177 178 189
17 150 152 154 177 178 185 187 190 192
13 146 148 150 157 159 174 178 187 193 200
24 149 158 161 162 163 177 191
17 163 177 178 196 198
28 149 158 168 169 181 182 187 188 193 194
12 163 165 166 172 173 175 179 180 188 189 193 199 200
21 155 160 164 178 180 189 193 195 197
23 160 162 166 173 174 180 183 190 193 196 198
20 158 161 163 164 167 168 170 179
25 159 163 183 186 187 189 192 193 194 197 200
15 156 159 161 168 169 170 171 196
28 156 158 159 165 167 172 181 187 188 193 196 197 200
16 160 161 163 170 173 177 180 182 184 187 188 189 190 197
27 158 159 163 167 169 176 186 191
13 160 163 170 178 183 185 186 189 191 193 196 197 199 200
13 164 165 176 179 183 184 187
12 167 168 178 188 195 199 200
10 164 170 175 183 190 199
10 168 170 174 188 190 193 200
25 171 178 184 187 192 195
15 170 177 181 198
15 168 169 170 183 189 191 195 200
16 168 170 174 177 180 184 186 189 195
22 173 174 175 177 179 180 185 188 193
18 169 183 190 193 199 200
22 170 182 184 186 195 196 200
14 171 177 187 188 193 195
28 174 192 195 196
16 181 182 187 191 194 196 198 200
27 179 182 185 190 193 194 198 199 200
30 186 188 191
19 176 177 179 180 189 194 195
29 179 180 195
28 188 192
28 180 181 186 195
28 180 181 183 186 199
29 181 186 189 192 196 197 199
14 182 190 194 196 197
17 192 194 196
19 190 192 193
28 186 190 197
21 192 194
29 193 196 198 199 200
27 193
22 199
15 190 191 194
16 191 197 198 200
23 192 193
20 196 197
17
29 199
17 196 197
10 197 200
17
20 199
12
20
