200	10	10000	1
0	1892	21
0	1550	22
0	1182	17
0	1212	17
0	1384	21
0	1601	18
0	1298	21
0	1009	19
0	1141	21
0	1154	23
1824 6 10 23 41 46 47 51 60 61 69 73 77 79 94 97 102 103 104 107 110 114 121 126 128 131 132 137 141 147 149 150 162 165 168 170 177 187 193
1095 9 13 15 17 26 29 42 45 52 55 57 58 71 73 75 76 82 90 98 105 112 122 136 140 146 156 158 159 162 166 173 179 180 181 188 190 195 197
1626 4 11 24 28 53 56 62 66 70 90 114 123 135 144 145 159 166 167 169 174 192
1862 5 6 8 11 13 22 28 34 40 47 53 54 56 58 74 76 81 84 88 91 93 97 98 100 105 108 124 125 127 132 137 146 147 167 168 173 178 186 190 198 199 200
1749 6 8 12 17 19 42 44 55 75 96 100 101 105 106 107 109 117 121 140 147 149 174 175 176 177 179 185 186 187 190 192 194 197 199
1103 7 9 15 18 20 21 22 25 30 31 35 36 39 48 50 56 65 71 77 78 92 100 108 115 121 122 130 132 136 137 149 158 159 160 172 176 177 186 189
1959 8 9 11 21 23 26 28 31 35 37 41 44 51 52 53 62 63 67 73 74 75 82 93 95 99 100 106 112 114 126 130 133 140 141 152 154 156 164 166 170 184 186 199
1557 26 27 43 45 55 56 60 62 66 68 73 75 84 86 97 100 110 113 116 129 130 132 148 155 170 171 172 174 179 192 194 195 197
1515 10 11 13 30 38 45 46 47 50 54 57 59 62 76 77 93 103 104 121 129 134 139 140 155 159 170 178 179 181 193
1807 16 35 37 42 51 54 55 57 67 70 74 77 78 80 85 92 106 107 108 110 113 114 120 123 144 146 147 148 149 150 151 155 168 173 179 186 187 194 195 200
1468 12 13 15 25 26 27 29 32 38 40 54 55 62 71 77 86 94 100 103 105 112 116 118 119 133 135 150 156 157 165 169 170 182 183 184 188 195 197
1557 19 21 24 29 36 37 44 50 55 59 70 76 86 88 90 91 106 108 112 124 128 135 139 141 145 147 148 152 157 161 162 166 170 173 174 178 179 180 192
1169 14 19 25 26 27 33 34 45 48 58 59 60 64 68 70 74 88 89 92 102 106 116 123 125 128 136 145 166 178 182 183 187 190 195
1905 21 22 23 26 28 40 46 48 51 52 54 60 63 71 77 83 84 89 91 97 99 101 105 106 108 122 125 136 139 144 153 169 170 175 177 187 188 192 198
1506 16 19 23 25 27 30 34 39 44 49 59 65 66 67 69 75 76 77 78 82 83 88 90 92 93 111 120 122 127 132 141 153 159 161 168 175 176 180 198
1218 21 23 41 42 71 72 73 92 96 97 101 102 108 110 114 124 138 141 150 158 170 173 174 179 181 187 197 198 200
1734 19 20 23 24 27 28 33 39 43 50 51 57 58 65 68 70 76 80 82 110 116 124 128 131 140 141 145 151 162 165 178 183 185 187 188 191 194 196
1842 33 50 54 57 68 73 97 102 104 111 113 117 121 123 126 127 128 130 138 146 147 153 155 156 158 164 166 181 191
1043 21 27 28 38 44 52 57 82 84 89 93 100 104 107 108 114 118 122 128 131 134 137 142 148 152 178 183 191 195 197
1210 21 25 32 43 44 47 53 55 63 65 72 73 77 79 90 91 100 102 103 111 112 114 115 124 127 129 130 133 143 148 149 155 165 167 170 173 174 176 199
1866 29 33 49 54 56 57 64 65 66 69 74 76 77 79 80 81 89 91 92 103 108 112 113 116 118 121 128 146 150 151 160 162 163 168 172 176 177 189 194 198
1633 25 26 36 57 61 68 83 87 98 107 117 122 127 129 137 146 149 154 159 162 163 164 165 172 173 178 180 182 183 186 190 191 192 195
1747 26 31 34 35 36 37 39 45 46 57 69 72 77 83 88 91 97 99 101 103 107 109 111 115 120 125 129 137 138 139 142 149 151 153 157 158 165 166 167 172 175 176 177 181 187 190
1920 25 34 36 38 39 45 49 55 58 62 65 69 70 74 76 78 79 82 84 96 98 100 103 106 118 120 123 124 125 135 147 149 151 155 157 160 165 170 172 174 177 179 180 191 196 199
1195 35 36 43 45 51 59 67 70 87 93 94 95 97 99 105 109 110 124 127 133 134 138 147 149 150 155 156 158 161 170 172 180 183 189 193 194 195 196 199
1082 27 29 30 35 53 57 66 69 81 83 84 89 93 94 99 103 116 117 119 120 131 136 140 142 148 149 156 161 183 186 191 194 196
1560 32 34 38 39 42 47 53 58 74 76 78 79 87 90 92 96 97 110 114 119 124 130 135 140 143 145 154 159 162 163 164 171 173 178 179 180 181 188 193 196 197 198 199
1091 30 34 37 38 48 51 55 58 64 65 66 70 71 72 76 79 87 102 105 109 112 119 123 127 133 142 143 147 160 161 165 169 170 173 175 186 191 192 200
1919 32 33 37 42 46 47 52 53 62 63 65 70 71 80 84 98 102 105 111 114 138 143 145 147 148 154 157 158 170 176 182 185 186 197 198 200
1498 34 38 40 41 46 49 50 55 59 62 68 83 84 87 91 92 98 108 114 115 118 132 134 140 142 143 144 146 151 153 154 164 167 168 173 175 176 178 184 185 191 199
1027 34 39 40 46 51 56 72 74 77 83 88 90 94 100 102 114 120 124 125 137 140 142 151 157 158 161 165 183 189 195 198 200
1650 33 35 46 61 63 73 77 87 98 104 106 108 115 119 140 141 147 152 153 156 157 176 188 190 193 197 198
1037 37 40 49 50 56 59 60 62 66 75 80 87 94 100 101 102 108 110 114 121 125 141 143 154 159 161 173 174 175 177 178 191 192 198
1490 40 55 57 63 64 71 75 82 84 90 92 95 100 107 116 119 120 123 136 140 142 145 147 157 161 166 168 178 183 186 187 193
1855 46 69 73 75 78 89 91 100 104 105 121 124 125 138 141 146 148 154 156 160 164 173 178 185 189 191 192
1611 51 53 56 59 64 74 76 78 85 92 93 94 101 104 110 124 131 135 138 151 159 164 165 175 176 177 178 181 183 191 193
1343 40 46 50 51 53 55 58 62 64 69 77 84 86 94 97 103 114 131 136 141 152 157 158 160 173 174 181 187 196 200
1001 55 61 77 90 94 103 108 116 119 120 123 137 140 142 147 151 154 167 172 192 194 196 197 199
1857 40 42 47 58 74 77 78 82 89 95 112 117 121 122 123 132 136 142 144 152 167 173 176 182 197 200
1195 42 52 55 60 62 66 68 78 87 89 93 94 97 99 102 105 112 115 118 119 124 127 128 133 138 139 146 156 160 162 163 170 174 178 181 188 193 195 198
1622 57 66 78 85 91 95 99 102 107 113 114 123 133 139 147 150 162 165 167 180 182 189 190 196
1022 54 61 64 72 80 84 85 86 90 91 94 96 99 100 104 106 107 108 142 144 152 154 155 157 159 165 175 178 179 184 185 188 196
1882 44 45 64 65 66 69 84 97 106 110 116 118 123 128 131 133 142 149 152 168 172 183 192 193 200
1288 45 56 61 65 66 67 74 83 84 86 87 101 103 104 112 117 120 124 125 128 131 137 139 142 145 151 156 157 163 169 180 185 197
1773 54 62 66 67 77 78 87 90 92 96 99 100 108 110 113 118 121 123 131 133 138 143 151 154 159 162 164 168 179 190 191 193 194
1317 47 49 56 62 63 69 72 82 89 93 105 108 110 115 119 125 130 134 149 159 163 169 174 176 178 184 185 189 190 196
1822 49 53 54 61 66 76 80 82 83 87 89 94 99 101 110 112 122 134 136 141 142 144 153 154 168 174 175 179 189
1033 51 55 58 68 70 75 84 86 89 97 100 107 108 119 122 146 149 157 161 163 165 171 172 177 190 191 199
1897 52 56 60 64 69 75 84 88 89 91 97 100 101 102 106 108 110 120 122 135 137 144 145 146 149 157 159 166 172 173 176 178 183 191 193 195
1945 55 62 63 67 75 77 78 79 80 86 89 93 101 102 103 104 109 118 119 122 126 128 135 136 137 151 152 154 160 175 177 183 185 189
1340 61 62 63 67 68 72 78 80 82 85 93 94 97 98 99 100 105 110 113 129 131 140 149 170 178 181 188 197 200
1875 59 60 65 80 82 87 88 93 95 101 108 114 117 118 149 151 155 173 179 182 183 200
1735 66 67 71 77 78 82 96 97 99 107 113 116 119 126 129 132 138 146 149 152 154 159 164 173 177 178 179 183 193 198
1865 72 92 95 96 108 111 113 123 125 127 128 141 144 147 150 155 159 170 171 172 173 183 186 188 192 196
1350 72 73 76 77 80 83 92 95 96 100 108 112 115 116 126 130 132 134 137 141 142 145 148 151 155 158 167 170 175 179 182 185 191 192 194 198 200
1013 60 66 67 69 71 75 91 95 97 102 106 109 111 117 118 119 126 127 128 159 160 184 189 195
1457 58 65 69 70 72 79 81 82 96 102 109 118 122 127 139 147 151 157 165 169 170 175 176 182 183 187 192 193 194
1015 62 65 69 70 78 81 84 108 115 120 121 123 130 136 142 145 157 169 170 171 176 178 179 180 190 200
1102 60 71 74 84 90 106 107 110 112 121 124 129 134 135 136 145 148 152 154 158 162 166 168 178 179 180 181 183 184 186 189 193 197 198
1285 63 64 65 70 74 75 79 82 83 90 99 109 111 112 116 118 121 123 124 139 142 144 147 162 165 184 198 199
1516 69 72 74 85 102 105 106 109 112 113 117 129 135 143 144 146 147 148 153 157 161 171 172 177 185 188 191 193 199
1989 66 74 76 79 82 84 87 93 105 109 112 129 131 132 137 142 152 153 158 165 166 176 177 179 181 183 185 186 195
1822 69 77 78 84 85 91 105 109 113 119 124 127 129 131 139 143 145 146 150 151 152 161 166 167 173 185 186 198
1841 67 70 76 85 94 106 118 119 132 134 138 143 145 148 158 163 167 168 180 181 182 188 194 198
1869 66 72 76 78 85 90 91 98 99 103 109 118 139 146 147 148 151 152 153 154 155 162 163 164 172 189 192 197
1916 81 85 89 90 97 102 114 120 125 133 135 136 139 140 156 158 159 179 182 188 190 193 197 198
1248 71 74 78 82 85 89 90 93 100 105 106 108 112 115 116 122 123 124 139 143 144 148 150 154 165 175 177 188
1380 69 71 76 78 82 93 117 120 124 128 129 136 141 145 154 161 167 168 169 181 188 191 194 196 200
1046 73 83 89 95 100 113 115 119 134 138 145 157 158 165 166 176 178 183 189 194
1620 75 95 99 103 104 106 111 116 118 121 125 134 140 143 149 151 161 164 174 177 178 181 182 190
1984 72 73 74 76 83 85 86 89 90 98 105 109 111 112 114 116 126 130 131 139 145 146 148 152 156 162 163 165 169 173 175 184 187 191 193 194
1744 73 75 87 90 93 96 97 99 104 106 107 117 121 122 126 127 135 140 141 144 155 157 159 179 183 184 200
1073 77 81 85 87 89 92 94 101 105 110 112 116 123 127 136 137 145 151 156 161 168 172 174 176 182 183 186 193 194
1989 75 76 79 86 87 89 93 104 117 119 142 146 147 148 149 152 156 166 167 177 178 182 189 198
1780 77 79 84 86 91 101 104 108 110 122 128 131 135 138 149 150 158 168 172 179 181 188 200
1228 87 90 96 107 114 122 124 126 133 136 139 149 151 153 154 167 169 177 178 179 185 187 190
1894 80 82 85 93 94 96 100 108 110 113 118 140 143 149 152 160 164 165 172 173 184 188 198 199
1988 80 82 84 87 90 92 93 95 102 104 109 111 124 126 130 140 152 155 157 159 165 168 169 170 172 174 176 185 189 194 195 198
1991 82 84 91 95 101 111 132 133 139 140 141 143 146 150 156 157 159 162 164 171 184 193 196 197 199
1931 81 93 96 98 100 105 107 110 123 133 154 173 179 189
1564 83 89 90 99 101 106 112 119 123 126 136 137 139 153 154 170 175 176 177 188 198
1723 85 90 91 96 109 110 113 116 118 132 136 140 148 150 153 161 164 169 170 174 176 177 178 185 188 200
1188 94 97 101 106 109 132 135 136 138 142 147 151 155 162 165 168 169 177 179 181 190 194 198
1487 85 86 98 109 114 117 123 135 139 140 151 156 161 178 191
1461 90 93 98 105 108 110 113 118 119 120 122 137 143 146 151 153 154 157 158 160 170 171 174 183 185 189 192 195 199
1119 87 91 93 94 102 107 112 117 128 130 131 133 136 139 142 143 145 147 148 163 178 184 189 191 195
1071 90 115 126 129 130 134 135 144 148 164 175 180 181 182 185 187 188 193
1358 99 104 107 109 111 112 137 139 144 148 151 152 153 171 174 177 180 182 188 190 191 192 193 194 195 200
1367 94 98 100 104 108 109 113 117 124 126 128 130 137 140 142 144 145 147 164 168 199
1664 101 103 106 117 124 127 129 135 136 137 142 156 157 159 164 165 169 179 183 188 190 195
1157 94 97 102 104 106 109 112 116 124 125 126 135 138 143 149 151 154 159 160 165 166 167 171 182 183 194 197
1138 96 106 108 111 112 120 123 126 127 129 141 144 146 149 154 155 156 160 165 167 169 174 185 187 191
1397 94 96 115 116 118 120 125 127 130 135 137 138 154 158 159 166 171 174 179 181 184 186 193 196
1718 96 97 101 108 116 127 129 133 140 144 145 147 150 157 159 160 161 178 184 189 193 194 200
1286 110 112 115 116 124 127 131 135 143 144 157 160 165 167 170 171 174 176 194 198
1935 111 120 126 135 140 148 151 153 154 155 157 160 171 172 184 191
1136 99 100 103 120 126 130 133 134 138 142 143 144 149 153 180 184 189
1571 101 114 115 120 124 127 129 130 131 134 136 140 149 151 158 166 169 173 174 175 178 181 191 194 195 200
1483 101 102 107 111 117 119 129 130 135 136 137 139 140 150 160 164 172 175 179 183 186 193 194 199
1444 103 106 107 108 111 112 113 115 125 142 144 152 156 159 168 174 177 182 186 188 190
1625 110 119 126 128 129 130 140 148 149 150 153 156 158 166 170 174 179 193 194
1249 104 107 111 114 116 122 131 132 133 143 147 149 151 153 157 158 166 171 180 185 187 191 195 196
1720 118 120 123 125 126 127 128 133 146 147 157 164 173 182 186 189 190 193
1896 112 122 125 133 137 139 155 159 160 162 170 171 178 184 194 199 200
1834 109 119 134 137 139 146 152 159 160 162 180 181 184 185 197 198
1084 108 118 119 134 139 149 152 153 157 161 177 179 180 181 193 199
1627 110 118 130 133 136 139 141 150 152 155 158 170 184 192 194 198 200
1865 119 120 121 127 131 144 146 153 172 174 175 177 178 182 187 189 194 200
1853 110 117 119 120 128 136 140 141 145 146 153 162 167 174 190
1397 119 120 121 125 127 131 133 137 149 161 165 166 172 178 185 191 193 200
1604 114 115 120 122 126 144 157 161 167 180 183 193 196
1163 126 132 135 139 144 145 149 150 153 168 169 171 172 186 187 189 192 199
1319 116 117 118 119 120 130 134 135 137 142 144 149 155 158 166 169 173 184 198
1117 115 127 133 143 145 150 159 176 177 179 186 188 194 195 197 199
1969 119 126 130 143 144 149 152 155 156 157 165 171 173 179 181 182 183 184 188 195 198
1960 120 126 129 130 137 138 140 142 145 153 160 163 166 168 173 174 178 193 195 197 199
1776 125 130 138 140 144 146 152 153 165 172 178 189
1041 122 125 129 136 148 154 156 160 170 172 173 175 177 182 186 190
1940 120 123 124 130 133 137 141 145 150 163 168 176 181 182 184 188
1727 131 133 136 138 143 156 157 165 170 171 174 176 181 184 186 192 193
1324 123 130 135 144 151 162 163 165 167 168 175 180 186 190 193 194
1857 130 131 136 139 143 144 154 156 170 172 179 184 192 196 198
1593 131 137 139 140 141 166 167 173 179 191 195 197
1835 129 130 132 137 139 140 147 148 160 171 173 176 180 186 194
1093 132 136 141 149 151 155 161 164 169 176 179 181 184 194 200
1635 129 130 131 132 139 145 152 154 160 170 172 173 176 185 186 191
1184 144 146 150 164 191
1204 133 143 151 167 176 180 185 186 189 195
1921 134 143 148 154 155 159 166 174 181 184 186 192 193 197
1848 135 136 137 138 139 144 145 148 150 159 161 174 180 183 185 190 191
1032 140 144 146 155 160 163 168 169 186 192 198
1892 136 137 139 141 144 154 158 163 166 167 175 181 185 190 191 192 193 197
1192 142 148 155 162 167 171 174 175 180 189 190 199
1972 143 145 148 156 163 168 170 180 184 187 191 197
1323 142 144 148 150 153 155 157 166 170 173 174 177 181 186 187
1642 141 143 148 149 150 157 166 167 168 176 192 195 197
1381 140 143 147 148 150 152 160 169 182 189 195
1366 139 150 155 157 160 166 168 170 174 176 178 179 195 200
1886 153 154 162 164 166 176 183 193 194 198 199
1847 145 154 180 181 190 198 199 200
1111 142 144 152 155 156 159 160 175 179 182 186 190 194
1093 145 146 148 155 160 163 165 167 179 191 200
1676 145 146 148 150 163 166 169 173 181 182 184 196 197 200
1040 145 162 163 165 167 180 188 190 193 194 200
1858 148 150 156 159 164 168 171 172 174 175 183 188 191 193 198
1681 147 154 157 160 170 173 185 189
1697 149 150 151 154 158 163 164 166 168 179 189 193 197 199
1360 156 170 171 173 177 178 189 190 192 198
1387 152 153 157 164 171 191 196 200
1065 152 154 159 161 169 173 174 179 185 186 188 189 190 200
1929 154 157 162 182 183 189 192 195 197
1051 159 160 166 172 180 182 191 193 194
1874 165 169 175 178 181 183
1819 156 158 171 172 173 175 176 187 192
1729 157 158 164 171 180 193 194 197 198
1655 160 169 172 174 178 185 188 191 192
1497 159 163 166 167 168 171 173 176 179 189 195
1722 164 170 180 183 188 196 197 199
1103 160 173 177 178 180 184 187 194 200
1488 161 166 168 169 182 186 187 188 193 195
1266 165 169 170 183 187 188 189 190 196 198
1937 164 165 183 190 192 193
1458 164 167 171 181 192 194 195 197
1955 175 176 178 182 193
1208 167 173 177 178 181 186 188 193 196
1699 170 174 177 186 187 188 193 195
1282 171 175 184 186 191 195 199
1831 174 189
1616 177 179 180 181 192 195
1256 172 173 176 177 180 188 189 193 200
1939 175 192
1707 174 180 184 191 198
1906 174 175 180 182 189 197 198
1618 176 177 185 193 196 198 200
1986 183 189 195 198 199
1626 183 185 188 193
1836 179 180 183 187 194 195
1913 179 183 189 191 193 197
1923 181 190 191 198
1227 185 188 191 197 198
1560 184 190
1294 187
1817 193 194 196 199 200
1247 186 188 192 193 197 198 200
1672 192 193 197
1845 194
1645 197
1649 189 192
1122 199
1022 193 195 199
1103 195 198 200
1173 193 194 197
1895
1294
1135 196
1196 200
1895 200
1428 199
1931
1671
