100	10	10000	1
0	1989	10
0	1785	14
0	1059	6
0	1807	13
0	1692	11
0	1162	11
0	1865	9
0	1165	7
0	1350	9
0	1542	10
2033 10 27 31 37 38 40 42 44 51 52 58 60 62 64 65 68 70 78 79 92 97 98
2623 9 13 18 20 22 28 40 45 49 52 61 79 82 87 90 92 98 99
2954 26 28 29 33 36 53 54 66 67 75 80 87 89 90 94
1882 5 8 12 19 22 23 32 35 42 44 46 47 48 51 60 68 69 77 85 93 95
1806 6 9 10 14 33 35 58 59 65 66 72 73 74 76 77 78 81 85 92 93 94 95 96 100
1737 10 22 29 35 38 45 48 51 56 60 61 68 76 83 85 91 93 96
2740 10 24 25 26 33 44 50 58 70 71 77 81 93 97
2989 13 14 16 24 26 31 34 37 44 48 52 66 67 68 72 78 84 90 91 92 93 95
2891 14 20 28 29 33 37 41 51 62 68 73 74 75 92 94 98 100
1869 21 25 36 39 44 46 48 57 78 86 87 90 92 93 96 97
1702 13 17 18 22 24 30 37 40 41 43 49 56 57 58 69 82 85 86 95 96 98
2941 13 15 37 54 57 59 73 76 77 86 88 97 100
2417 14 16 21 24 27 29 30 33 38 40 41 42 43 44 50 59 60 62 65 69 75 90 92 98
2947 15 19 20 21 23 28 40 44 52 63 68 69 70 76 81 82 84 87 89 90 100
2411 28 37 38 41 54 59 68 72 75 89 97 99
2475 17 24 29 32 41 44 54 55 62 72 84 88 93
2754 21 26 40 43 47 52 53 56 60 66 71 74 91
1627 24 25 29 38 39 43 45 50 57 79 83 84 91 98
2733 25 26 36 37 46 50 53 54 55 57 64 65 70 72 73 79 80 85 86 94
1554 21 24 27 30 35 41 42 49 53 55 56 67 68 69 75 83 86 88 91 96
2970 26 28 32 35 36 47 52 56 60 64 67 73 78 79 80 85 97 98
2770 25 38 44 56 60 61 64 68 76 80 84 97 100
2032 46 47 64 68 75 78 79 81 85 97
1952 26 40 42 49 50 51 55 59 67 71 72 76 77 79 80 84 92
2533 33 38 44 52 53 58 60 61 66 67 76 81 84 87 89 96
2077 28 33 40 50 52 56 66 76 81 83 86 93 95 96
1683 29 36 38 43 46 53 60 65 67 69 71 82 89 93 94 96 99
2261 29 38 43 45 46 61 64 72 75 76 79 80 82 89 90 97 99
1898 32 43 47 49 50 51 53 60 61 62 63 68 75 84 85 94 99 100
2666 31 32 33 34 49 56 58 62 66 75 83 85 87 89 92 99 100
2694 36 39 41 52 57 58 68 72 81 85 88 97
2751 34 42 47 50 51 60 61 63 65 72 73 86 87 91 97 99
2182 36 45 48 57 60 63 67 70 81 82 83 85 88 93
1954 40 42 47 49 55 61 62 64 73 90 93 100
2606 37 47 50 53 56 60 64 67 76 77 78 81 83 84 86 89 90 91 93 95
1876 37 39 53 61 75 79 82 85 88 92 95 96
1982 38 41 57 62 63 76 82 84 89 91 92 95 98
1889 60 61 62 65 73 74 84 88 90 100
1739 42 44 48 49 51 52 56 60 63 65 68 70 72 82 83 87
1799 47 49 51 57 61 65 66 69 81 82 86 87 88 89 92 94
2800 47 61 62 75 77 79 88 100
2481 43 48 51 54 55 56 62 70 77 80 84 87 88 95 97 99
2928 60 61 64 71 81 85 86 91 93 97
1582 53 55 63 69 77 78 83 88 89 92 97 98
2329 50 54 55 56 62 63 70 71 73 79 82 84 87
1800 48 50 51 56 59 62 66 69 70 72 76 78 83 85 92 93 94 99
1723 50 58 59 63 86 89 95 97
2628 52 53 65 66 67 71 75 83 84 88 95 96
2703 54 57 59 68 71 72 73 80 84 86 91 93
1995 59 66 76 80 91
2754 56 57 59 73 74 94 96 97 100
1533 54 67 68 69 70 79 85 94 96 98
2824 59 69 83 88 90 95
1908 59 63 66 67 75 76 78 89 90 92
2476 58 69 72 73 78 82 90 98 99
2900 68 71 76 77 82 91 99
1706 58 62 71 79 80 88 90 93 94
2389 60 62 65 69 73 74 79 82 86
2995 71 73 74 78 84 99
1664 65 66 72 73 75 82 87 90 91 92 95
2621 67 70 73 74 76 78 86 89 96 97
2508 67 69 72 73 75 80 89 92 95
1668 68 72 74 76 78 79 92 95
2790 68 80 81 83 86 87 89 94 95 98
1687 71 73 78 82 86 91 93
2288 70 73 76 80 84 85 88 90 92 98
1691 71 76 83 85
2721 69 71 74 76 79 82 83 86 89 92 93 99
2899 72 77 78 80
2181 71 72 82 83 86 91
1745 78 86 89 92 96 98 100
2614 75 76 77 81 82 93 97 99 100
2217 86 94 98
1706 78 82 85 89 99
2547 83 87 91 97 98
2631 77 78 80 89 91
2753 86 90 99 100
2540 80 82 83 84 85 94
2063 81 83 84 94
2531 90 92 93 96 97 99
2234 83 86 87 89
2013 83 90 91 97
2466 87 94 96
2406 87 88 90 96 97 100
1791 87 91 95 98
2735 97 100
1664 90 91 94 95 98 100
2944
2064 90
2798 91 98 100
1694
2944 94 99
1891
2149
2891
2358
2496 98
1592 100
2741
1580
