50	5	1000	1
0	68	6
0	44	8
0	94	12
0	80	16
0	87	8
157 9 11 15 17 18 21 25 27 30 33 45
292 6 23 26 28 33 35 47 48
300 14 22 27 30 31 33 41 42 46
280 5 6 14 27 41
275 6 8 17 18 24 30 35 36 38 39 46 48
270 7 12 20 21 23 45 46 49
247 19 20 37 45
218 10 12 25 27 35 37 40
209 11 18 20 32 42 49
279 31 38 42
272 18 23 26 29 31 32 33 40
193 14 22 42 44
278 18 21 28 34 36 38 48 50
153 18 26 30 37 45 48
166 21 22 23 39 45 48
176 17 29 37
209 20 21 28 31 33 46 48
267 20 24 35
197 21 31 39 41 42 46 50
180 23 31 49
227 27 31 33 40 41 47 49
194 27 36 42
290 26 27 31 32 34 37 39 40 42
250 28 29 31 34 35 39 43 44
281 26 28 39 44
297 42 46
180 39 44
265 31 34 35 36 42 46
174 30 34 35 37 40 42 44 46
157 42
150 32 34 35 44 50
152 41
205 38 40 47
206 40 43 48 50
155 46 50
278 42 46
300 39 42 47
279 39 45 48 49
253 42 45 46 50
172
298
209 46 47
184 44 46
260
156 47 49 50
157 50
276 50
191
228 50
288
