50	5	10000	1
0	272	11
0	614	11
0	332	6
0	112	14
0	889	8
1929 9 14 15 27 29 43 47
2499 3 4 8 10 19 27 29 38 39 42 44 48
2744 5 6 13 14 25 31 38 44 46
2710 9 14 15 21 27 30 38 39 40 46
2150 17 24 25 35 38 39 41 42
1545 8 10 11 28 29 37
2364 9 19 22 23 29 35 37 38 47 48
2639 10 26 31 39 43 45
2706 22 23 32 36 39 40 45 46 47 48 50
3000 13 14 16 19 37 42 44
2461 14 20 21 26 27 29 37 39 43
2045 14 15 34 38 44 50
2905 14 20 22 23 24 25 31 33 35 36 41 42 47
2580 19 33 42 46 48 49
2632 24 27 33
2207 22 26 33 37 38 41 43 47 48
2886 24 29 31 38 46
2872 20 31 36 37 40 45 47
2483 23 27 33 36 38 46 47
2861 22 25 28 43 50
1721 22 26 29 30 42
2306 25 32 33 35 37 45 47
1629 29 31 35 48 49
2441 32 36 39 42
1880 33 39 45 48
1747 31 35 36 38
2121 30 31 34 46
2939 31 35 36 37 47
1741 33 34 40 41 42 43 44 45
2420 35 42 46
2834 36 37 40 41 43 47 49
2298 36 41 43 46 48 50
2925 34 41 47 48
1518 35 43 49
2396 37 41 45
1544 40 46 47
2703 38 39 47 48
2534 46
2327 43 44 46 47 48
1677 48 50
2566 48
2258 45 47 49
1775 46
2830 45 48
2977
2364
2251 49
2859
2131
2714
