200	5	10000	1
0	1767	52
0	1226	31
0	1062	47
0	1394	33
0	1008	37
1160 3 4 7 28 31 35 39 41 46 64 67 75 80 81 84 92 96 97 103 104 110 112 117 123 135 142 146 147 152 164 165 171 175 180 181 188 199
2632 3 22 31 34 36 38 46 47 55 79 90 91 93 96 97 99 103 108 118 120 123 125 128 133 143 144 145 156 167 168 177 181 182 185 191
2901 5 9 12 20 21 23 27 29 31 33 38 41 45 51 53 58 61 78 80 87 90 93 96 100 111 116 119 123 125 133 138 142 147 149 154 155 165 166 175 180 183 184 192 200
2347 5 18 19 31 33 35 39 41 43 50 59 61 75 80 87 88 91 97 100 102 109 120 121 122 124 131 135 148 150 151 152 157 159 173 174 183 184 185 186 188 190 195
482 12 27 36 41 42 43 45 46 62 72 75 83 86 88 96 103 105 107 108 114 121 129 130 132 142 154 159 160 161 162 186 187 191 195 196 200
2606 8 10 20 31 35 42 47 52 53 56 62 66 71 72 77 84 86 88 102 103 105 113 121 124 131 132 140 151 157 158 175 177 178 185 193
882 8 24 26 32 43 44 45 46 47 48 53 56 57 60 61 64 70 71 75 77 86 88 91 94 99 105 116 117 119 129 133 141 148 150 162 172 173 184
429 9 10 15 22 26 45 53 61 62 64 71 72 76 77 79 88 96 103 107 117 118 119 120 122 123 131 139 146 147 148 149 154 156 162 167 186 188 198 199
2342 10 14 16 27 36 43 44 54 55 58 59 62 64 66 71 76 78 80 83 85 98 113 120 121 128 134 143 144 148 160 170 173 186 198 199 200
2542 13 16 25 32 33 34 38 41 53 60 65 74 78 80 82 87 89 91 92 93 94 95 104 109 110 111 115 118 125 129 136 139 151 155 156 161 166 168 169 173 174 185 187 196
2609 16 29 34 40 41 42 46 67 68 71 73 75 78 85 87 93 100 102 106 114 118 120 129 140 148 152 154 159 167 168 170 175
467 30 31 42 44 50 60 61 67 72 73 85 90 91 95 96 100 101 115 124 128 134 136 139 140 154 161 163 166 188 193 196
428 16 19 20 32 35 37 44 46 50 58 60 66 74 80 83 85 87 89 91 92 93 96 99 100 104 132 133 135 136 149 162 166 168 169 173 176 178 182 190 196
2092 19 27 30 41 45 51 56 65 68 70 87 91 93 105 106 113 115 125 128 141 148 150 154 165 169 171 175 184 192 197
699 18 22 25 30 33 40 61 64 69 78 80 84 87 91 103 104 105 117 120 123 132 135 136 137 152 156 161 162 165 172 176 185 189 194 196
209 17 20 26 29 33 35 37 47 51 57 66 73 83 86 94 101 103 107 110 123 134 136 139 141 146 147 148 155 160 172 174 175 190 191 193 194
2700 18 30 37 53 56 59 64 67 70 74 75 78 80 81 84 85 94 97 98 101 102 107 114 116 128 132 134 138 144 145 147 159 173 176 180 183 190 195 200
2580 21 24 27 37 46 53 55 57 58 64 66 68 74 79 83 84 88 91 109 118 126 127 128 129 132 141 154 155 157 158 161 168 169 175 180 187 193 194
897 24 30 36 42 53 62 63 70 71 76 85 86 90 97 105 111 123 130 133 136 137 148 170 171 172 176 177 180 182 189 191
2882 24 25 30 34 37 39 42 44 45 48 50 51 52 57 60 61 62 66 69 87 89 95 98 105 106 116 117 120 123 134 136 141 143 148 153 155 157 161 165 167 169 172 173 177 181 184 186
2329 23 31 35 42 43 45 56 57 61 74 87 91 93 98 99 100 101 116 129 130 132 133 135 147 154 161 169 171 174 186 191 195
1164 28 38 45 50 52 57 59 63 65 67 69 70 71 75 81 93 102 108 125 127 130 137 143 144 145 146 152 156 158 161 165 166 171 175 177 185 195 197
1004 24 33 40 47 52 59 63 64 65 74 77 78 81 91 94 95 98 100 101 106 120 124 141 142 144 146 149 155 173 179 184 185
2749 31 34 38 45 55 59 62 69 71 76 84 85 89 95 96 101 108 111 113 115 118 124 129 136 140 141 144 146 159 161 169 176 181 186 199
2162 27 31 32 39 44 46 49 54 57 58 64 67 70 72 75 77 81 93 94 96 100 123 129 130 140 147 151 161 166 169 182 183 187 195 197 199
1975 27 28 31 32 52 62 66 73 80 82 86 89 91 97 107 115 116 122 124 128 136 139 141 142 151 154 156 159 165 185 193 194 195 196 197 200
1475 38 47 51 52 56 61 64 72 79 90 93 94 109 111 118 126 128 131 141 144 152 154 157 166 179 180 181 183 185 191 197 199
2329 37 50 56 57 65 66 88 90 98 99 101 107 109 110 124 126 127 134 141 145 153 160 165 180 181 185 189 193 196 197 198
106 32 34 38 43 47 56 59 66 68 76 77 85 98 100 111 113 114 117 121 127 128 131 135 151 153 161 164 175 177 179 180 186 189 197 200
1747 37 39 43 54 55 60 63 65 68 77 78 79 80 88 91 92 93 95 96 106 107 110 111 112 122 128 129 134 136 138 140 143 144 145 149 160 166 169 183 185 188 192 193 198
778 34 37 42 60 68 73 85 87 88 92 95 96 102 106 109 111 123 146 150 156 157 166 167 171 173 174 181 189 194 198 200
259 37 42 45 63 66 72 76 78 80 91 96 112 114 115 125 126 130 151 164 167 171 183 187 196
1800 36 41 43 55 60 65 69 76 78 80 85 91 95 96 104 107 115 117 127 128 131 147 149 151 171 177 196 197 199
634 35 37 44 45 46 47 52 60 64 70 78 80 89 106 109 110 114 121 125 135 141 144 145 160 171 173 180 184 187 195 199
1745 39 49 54 57 58 59 72 73 76 78 83 87 89 93 98 99 105 125 129 137 142 146 147 158 160 168 169 178 186 196
974 38 45 67 69 75 78 82 89 90 99 101 103 111 129 131 132 135 136 143 159 161 167 169 171 177 192
109 39 40 44 49 54 59 63 67 85 87 92 95 98 102 106 108 110 117 120 121 122 124 129 132 133 141 146 151 153 159 160 182 187 193 195
880 39 41 51 54 58 63 68 71 72 75 79 86 93 95 99 102 111 112 117 118 130 133 136 140 145 154 164 167 168 169 173 177 178 179 184 188 195 196
2591 45 57 62 77 84 89 91 104 120 125 127 130 137 140 166 167 169 170 181 185 192 198
189 41 42 44 57 62 65 71 72 73 75 76 77 81 83 88 91 94 99 105 111 113 117 119 121 124 131 139 147 148 150 154 155 160 162 164 169 179 183 187 194 196
1150 45 49 51 54 62 64 65 67 75 78 85 90 91 93 94 101 103 104 110 113 117 118 120 130 131 134 141 142 145 150 151 154 159 177 180 198 200
273 49 50 51 54 56 60 67 68 75 83 91 94 100 110 111 122 138 140 143 150 151 164 167 169 171 178 181 182 188 189 196 199
942 45 55 58 67 69 75 77 87 88 96 99 107 110 117 125 127 144 148 149 151 153 155 157 159 165 177 194 197 199
667 54 55 56 59 60 64 66 70 76 77 78 79 85 90 104 113 117 119 123 127 130 132 135 138 142 157 160 165 167 168 176 177 180 187 188 192 195 198 199 200
268 46 49 57 59 69 71 81 84 92 93 94 96 100 107 114 115 117 121 125 126 136 144 145 156 165 173 175 187 188 192 198
2058 48 52 69 74 79 85 86 87 89 94 106 108 109 119 124 125 127 135 137 139 159 165 169 170 173 175 178 181 190 197
2397 49 51 56 58 61 66 69 72 79 85 86 98 106 108 110 117 121 124 137 145 148 168 169 171 185 186 187 198 200
2062 50 60 65 66 69 75 105 119 120 122 127 128 132 145 147 155 163 165 169 174 175 182 189 192 193 196 197 200
2965 53 57 61 72 73 84 88 91 101 102 104 107 110 112 117 120 132 139 140 143 148 149 154 156 159 162 164 173 175 179 181 182 191 193 194 195 199
1336 51 54 62 64 70 77 83 90 91 107 110 112 119 135 141 142 146 151 156 162 184 194 195 196
369 56 59 62 63 65 67 68 74 77 81 84 87 91 94 100 114 122 123 127 131 134 135 143 150 151 153 159 161 168 179 186 195 196 199 200
911 54 56 58 68 77 80 99 100 110 114 120 122 127 129 133 140 143 146 156 161 162 163 171 173 176 178 182 193 194 195 197 199 200
2363 59 67 68 69 70 71 80 90 97 105 112 114 119 124 126 132 133 134 138 142 144 148 150 153 156 157 171 174 181 185 190 195
1432 63 66 70 71 82 84 88 93 96 100 101 105 113 117 133 134 137 141 146 148 155 162 164 174 181 185 190 191
683 67 69 90 91 96 101 106 113 114 120 124 135 136 140 141 147 151 152 156 161 165 173 174 177 181 186 187 193
2570 64 65 70 71 72 73 84 89 90 91 94 96 100 103 105 106 107 108 118 126 141 146 148 155 157 160 164 170 172 177 180 196 197
864 59 63 70 75 88 89 99 102 108 123 129 130 147 148 159 161 171 176 185 193
712 64 65 81 91 92 93 104 106 108 110 112 113 118 119 120 135 139 144 148 149 150 155 160 164 170 174 185 187 198
2883 63 65 67 69 70 78 86 87 92 101 105 106 108 109 110 111 122 123 126 130 133 138 140 148 149 151 152 157 166 174 176 179 180 182 183 184 191 194 200
166 69 72 80 85 96 102 120 126 139 148 149 150 152 155 171 177 178 179 182 184 186 189 195 196
1623 67 69 81 90 94 104 111 117 127 129 146 150 154 155 174 181 184 198
1462 63 65 70 77 79 80 97 101 102 121 122 132 136 142 148 150 151 155 164 169 172 173 174 177 191 192
285 65 66 79 80 99 103 106 112 114 120 121 134 139 141 143 154 156 157 165 167 168 169 171 176 178 181 187 199
2583 65 73 84 86 97 106 107 117 130 133 138 142 143 147 149 150 157 164 166 167 173 188 190 192 193
607 68 73 77 82 83 84 93 97 103 119 125 126 130 133 137 145 149 151 152 155 167 168 179 181 183 187 192 196 197
2957 74 84 95 97 105 107 116 118 127 131 135 137 150 151 155 161 165 169 175 184 194 197
337 69 79 81 83 86 97 102 103 105 107 108 111 114 118 119 124 127 130 139 147 148 159 160 161 166 167 176 184 194 195 199
763 70 73 74 76 77 85 88 89 94 100 102 116 118 122 123 137 139 144 147 150 151 153 155 166 170 172 181 191 196 199
154 79 84 107 109 114 125 129 132 144 148 160 162 172 174 177 182 186 190 191 195 200
2073 72 80 82 83 85 94 97 99 106 112 120 131 144 147 148 150 159 164 165 170 171 174 178 195 197 200
1013 76 95 96 97 101 106 107 113 122 126 129 130 133 135 137 138 143 147 152 176 180 184 188 193 199
1928 74 86 94 111 113 116 120 121 124 130 131 133 148 151 152 157 158 173 177 178 182 185 187 190 191 193 196 200
2346 74 75 76 77 78 81 82 89 92 103 113 120 123 126 129 134 146 147 148 149 166 169 172 181 183 185 187 188 195 199
1338 81 85 87 89 90 91 94 104 109 118 123 146 147 153 155 157 158 163 165 166 181 190 198
510 102 123 125 142 145 162 170 173 176 188 190 191 197
2777 78 83 93 96 97 98 104 108 116 117 119 127 130 131 133 134 149 161 170 186 187 195 196 198
1240 78 85 86 87 88 94 96 98 102 110 116 122 142 145 149 152 162 167 174 177 180 187 192 193
1638 80 93 98 105 111 112 114 117 120 121 123 125 126 127 133 135 136 137 138 145 148 154 161 165 170 176 179 184 188 193 197
1211 89 90 92 98 101 112 114 122 125 131 136 139 144 145 146 147 149 157 165 172 173 176 177 187 190 193 195
2489 88 90 105 123 128 131 139 142 145 146 147 159 167 169 173 178 182 190
1301 89 96 98 99 104 106 107 109 110 114 120 121 128 129 138 142 147 148 152 154 155 160 162 164 174 176 177 179 183 185 187 190 192 193 194 200
297 83 89 94 96 99 102 106 107 112 119 120 122 130 134 136 141 147 148 157 160 164 168 173 177
782 86 92 95 99 110 111 120 121 122 125 128 138 148 165 169 174 178 179 180 192 197
672 86 94 109 112 113 114 135 139 149 160 164 178 182 187 188 191 194 197 198 200
2281 87 88 90 91 92 94 98 99 100 101 106 112 118 119 131 132 137 141 146 159 166 171 177 182 187 189 193 194 196 199
504 87 91 93 107 112 115 121 129 136 138 146 153 156 158 159 160 162 168 169 174 176 179 186 197
2033 91 97 100 106 117 121 132 133 139 140 144 158 161 167 169 171 175 185 186 193 199
1878 95 97 101 106 109 110 111 112 114 120 122 125 127 128 133 143 150 152 160 161 163 167 168 171 185 186 188 194 195 196 200
2602 90 95 97 98 101 102 105 116 127 128 130 141 145 146 155 158 165 166 170 171 172 177 181 183 184 196
2180 92 93 94 97 98 105 110 112 116 131 139 140 141 152 154 166 168 175 180 182 183 189 190 195 197
2357 95 97 107 113 116 117 121 124 125 128 130 139 140 148 151 152 157 158 163 164 165 167 175 178 182 183 184 187 191
2994 94 96 97 98 99 100 103 104 105 115 123 126 128 139 151 158 165 166 177 179 186 188 196
2313 111 113 121 126 139 158 159 165 167 170 174 180 181 185 188 193 199
1922 101 109 116 136 150 154 165 167 168 170 177 178 184 185 186 188 194 199
853 104 124 132 137 139 142 146 148 152 153 155 157 158 159 172 173 174 177 189 190 197 198
2051 102 103 106 107 109 113 114 132 133 136 137 138 145 150 151 164 167 170 193 198
437 99 102 105 115 118 124 132 140 141 143 147 148 153 159 169 171 174 190 195
2609 111 115 126 136 137 145 148 150 151 157 170 172 175 176 180 183 188 190 192
879 101 104 105 108 110 116 118 121 124 137 138 139 143 167 168 178 180 182 192 198
579 106 108 109 112 117 120 130 138 157 170 173 179 182 185 191 193
575 110 154 157 161 163 172 184 192 193
1534 108 115 116 117 124 138 141 142 145 150 154 159 160 169 171 172 173 176 178 179 182 189 190
1568 109 112 117 118 125 127 130 133 145 148 165 167 182 183 194
2268 106 107 111 134 142 147 154 158 161 163 165 167 170 175 180
580 109 112 113 119 124 125 130 138 150 151 153 154 155 185 186 196 200
1691 115 116 128 131 138 141 145 146 154 160 161 166 167 179 195 197
728 117 118 119 120 127 128 133 160 167 169 175
652 116 128 137 144 150 152 157 163 172 174 175 184 185
2599 119 121 126 141 146 156 157 169 173 183 188 189 195 198 199
2858 112 115 119 121 127 133 137 141 144 147 149 150 153 162 175 184 189 195 200
2517 134 140 151 155 162 163 168 176 183 199
1689 121 124 137 143 148 153 158 171 173 178 183 186 190
755 116 120 125 127 130 144 153 154 157 167 170 171 172 173 175 181 183 186 189 192 195 197
2973 127 130 131 138 141 180 185 189
2012 119 122 125 130 131 134 145 146 148 155 167 168 187 192 199
2920 120 122 132 133 139 140 142 144 154 155 156 158 160 161 164 171 175 181 182 186 188 194
1955 121 130 131 132 138 142 143 150 166 171 182 184
571 125 133 140 144 149 150 152 155 156 171 175 183 185 188 197
2387 124 130 133 135 136 137 142 150 165 175 178 179 185 200
1602 125 126 128 130 132 147 155 167 168 170 182 186 189 196 200
1482 134 137 138 145 149 160 165 167 169 182
483 125 132 138 140 150 158 163 168 169 171 176 180 181 182
2641 125 128 136 137 138 147 148 156 159 166 169 173 176 183 186 190
771 133 135 137 138 139 149 151 157 159 170 179 185 188 189
1578 131 133 135 143 145 155 157 158 163 183 184 189 194 195 198 200
835 128 129 130 132 135 140 145 151 153 155 156 176 188
1751 128 129 135 144 155 164 167 168 174 181 182 185 188 195
1325 130 135 138 144 158 165 166 169 174 182 186 188 190 191 193 195 198 199
1507 130 131 135 146 163 169 170 179 188 192
2914 135 140 143 147 153 161 162 173 175 176 181 186 189 195 196 198
1822 136 143 150 154 157 164 167 175 176 195
1342 136 143 145 149 150 154 158 166 167 168 172 177 179 194 196 197
1566 141 147 155 156 159 163 170 175 179 186 191
1913 135 138 143 145 147 149 150 162 168 170 180 182 190 197
2836 140 145 148 151 152 161 168 177 185 195
1464 140 143 145 155 160 162 167 172 178 181 188 193
546 138 140 142 149 156 157 159 160 167 168 169 171 173 174 187 188 195
1398 140 147 149 171 182 185 188 197
2988 141 147 148 152 155 162 166 169 172 179 180 185 197
2117 144 145 153 154 156 164 170 171 174 181 197 199
354 145 157 158 159 166 176 177 181 183
474 149 150 164 176 177 178 191 199
962 151 152 158 160 162 166 167 170 172 175 177 186 188 189 193
2641 145 149 152 153 157 161 162 168 169 179 180 185 190 195 196 198
838 151 154 158 159 160 166 169 174 182 183 191 197 199
261 148 162 171 178 192 193
916 150 151 161 165 166 167 168 173 174 176 184 198 200
2433 150 160 163 164 170 172 173 178 183 185 186 191
2890 151 154 155 156 159 162 169 170 171 190 198 200
2431 165 177 179 192
2765 154 155 161 164 167 176 179 183 189 190
1650 153 155 162 169 172 177 178 199
361 158 159 162 168 169 184 186 191 192
1435 164 168 169 172 173 175 186 187 189 194
1395 156 159 163 165 170 175 187 188 191 193 195 198
1724 163 175 177 182 183 189 198 199
2738 166 169 173 181 182 187 188 190 197 198
2722 164 172 186 188 191 194 197
1625 162 165 170 176 181 183 184 185 189 192 194 198
2346 165 184 186 187 188 189 199
545 164 165 166 171 178 181 182 183 186 192 194 196
2041 166 187 189 190 196
1847 164 166 179 180 181 186 189 190 193
2090 172 178 179 196 199
994 167 186 191 194 195 196 200
670 169 176 182 183 189 191
701 170 174 177 179 198
512 169 176 178 179 188 191 193 200
1166 178 183 190 193 196 197
1008 177 181 192 195
1934 175 178 185 189 192 193 200
2506 175 176 177 179 181 185 190 192
1091 191 194 195
2899 185 188 196 198
1228 177 184 194 198
1064 177 181 182 187 192 199
1817 178 179 183 191 193
1227 180 182 188 195 198
2681 183 186 189 190 194 196 199
2697 187 198
2566 190 191 194
590 200
513 187 189 191 196 198
1911 185 186 199
1375 186 188 190 191 197 199
2929 192 198
642 198 199
887 195 200
1797
1813 194
2095 197 200
2573 194 196 197
2607 196 200
2765
272 196
2784 198 199
830 198
1292 199
390
1638
