200	10	200	10
-4	31	19
-4	23	27
-1	22	14
-3	20	17
-5	36	22
-4	34	18
-4	26	18
-3	23	22
-4	35	17
-3	32	26
37 4 8 9 15 19 25 35 38 45 46 48 50 58 62 66 67 68 71 72 75 82 86 88 90 93 95 99 100 105 108 111 114 118 121 131 132 136 137 139 141 144 148 153 158 164 171 173 174 177 178 179 197 200
22 5 9 20 22 26 36 43 49 66 67 70 73 82 86 87 88 93 98 102 103 105 108 109 112 123 135 140 141 142 152 156 169 172 173 175 190 193 198
39 5 13 17 20 21 35 36 37 38 52 55 68 73 78 79 82 84 86 88 90 92 93 97 106 109 111 118 124 134 138 145 146 149 153 158 159 163 164 166 172 173 183 188
39 11 22 24 30 36 39 40 47 48 52 53 54 56 57 66 68 71 75 79 90 91 92 98 102 103 106 111 112 116 117 119 121 125 134 151 163 169 180 182 185 190 191 192
26 7 12 15 23 25 32 40 57 74 76 78 79 80 95 102 105 118 123 129 132 135 138 148 152 157 159 179 185 186 189 198
20 7 9 13 21 26 27 41 46 55 58 64 66 68 72 79 88 90 95 99 101 105 106 110 112 118 119 123 126 127 133 137 141 143 149 161 162 166 171 173 174 181 185 196 197
36 17 18 23 26 29 36 38 42 47 58 60 70 78 92 94 96 97 108 109 118 119 122 126 134 153 165 175 179 187 194 196 199
25 18 32 33 36 40 42 43 44 45 53 56 63 70 73 74 75 78 89 90 93 96 110 117 121 137 143 148 152 154 171 173 176 181 196 198
35 21 28 40 42 45 50 66 76 82 88 91 92 93 96 100 101 109 114 119 121 123 132 142 143 148 152 153 160 164 170 175 178 180 194 198
32 12 15 18 20 27 28 29 51 53 56 66 71 73 79 87 91 96 97 98 100 102 108 111 121 124 127 128 133 148 151 154 155 165 167 169 177 182 185 199
25 15 21 26 34 39 41 47 52 53 54 59 66 68 71 72 73 87 95 96 97 112 122 126 129 131 137 139 143 157 166 170 173 184 190 200
35 14 18 30 31 34 45 51 58 61 63 65 80 83 93 102 105 127 130 132 134 145 151 156 158 160 161 170 174 178 186 192
32 16 20 28 29 32 37 40 59 66 67 68 77 81 85 94 96 98 99 106 108 110 120 126 134 139 140 142 147 165 184
26 19 20 24 26 28 29 32 35 36 37 45 57 60 61 71 84 91 92 95 96 98 99 107 108 110 111 112 118 121 124 129 130 131 138 141 144 152 165 175 183 195 198 199
20 16 18 24 25 31 33 35 42 45 46 50 52 56 58 63 74 79 82 83 87 92 101 102 116 119 128 138 140 150 151 156 163 176 182 187 188 189 190 193 195
21 23 24 36 42 53 56 65 67 71 72 73 78 95 97 102 103 104 114 125 136 140 158 162 167 170 172 173 185 192 194 196
26 24 33 34 37 38 39 45 47 52 57 60 64 71 80 84 89 99 118 124 136 137 139 149 158 163 165 170 198
24 20 24 30 34 35 38 50 54 57 59 60 63 75 78 85 91 93 97 98 103 114 122 126 133 134 138 156 160 170 171 178 179 181 188 192
21 27 30 39 46 49 53 66 71 81 88 90 112 123 124 130 136 139 140 142 150 151 153 160 169 173 178 179 182 183 188 191 193 194
39 28 44 48 50 56 59 62 68 69 72 76 82 84 88 96 99 100 115 119 121 138 145 149 167 174 175 184 192 199
30 22 23 30 32 33 43 48 50 62 83 104 111 112 116 123 127 131 134 144 147 152 170 179 181 184 187 194 195
31 23 26 37 45 46 50 52 54 63 70 71 77 78 88 93 99 100 105 116 117 120 121 125 127 135 141 146 147 151 152 155 158 162 170 179 181 182 188 193 194 197
26 35 36 49 53 54 60 64 65 66 68 72 82 92 97 100 103 105 106 107 108 118 121 122 125 144 146 154 156 192 200
22 30 33 34 37 41 44 55 61 63 66 67 71 74 76 84 88 91 93 105 106 111 113 114 121 122 126 130 133 139 142 151 154 158 162 164 165 174 180 187 190 192
24 32 37 47 52 59 61 63 65 68 72 73 75 80 83 86 87 117 125 127 138 144 153 162 167 170 171 176 177 181 187 193 198 200
37 31 36 39 55 58 59 60 65 74 77 78 81 84 88 95 100 110 118 129 131 133 149 155 160 162 168 169 173 175 176 177 184 188 193 198 200
35 31 33 36 38 39 46 55 61 65 70 73 75 77 81 84 119 122 123 124 125 139 140 142 145 146 147 148 154 167 174 181 182 183 184 187 197
24 31 32 33 41 44 47 50 59 61 64 66 75 77 81 83 92 93 96 97 102 106 109 130 133 135 143 148 150 153 159 162 163 172 175 176 180 181 182 183 186
20 30 34 40 41 49 60 69 71 76 79 86 87 89 101 105 107 112 115 116 119 120 125 139 143 150 153 157 170 182 192 195 197
40 32 33 36 43 44 47 50 55 58 63 71 73 76 80 96 97 108 114 116 117 127 141 143 153 160 163 166 167 171 172 173 176 179 184 199 200
39 32 40 51 52 56 59 66 74 80 83 84 93 97 98 102 104 105 114 130 131 134 135 142 148 154 158 172 182 185 195 199
20 34 35 36 40 41 45 48 60 62 68 82 97 100 113 117 118 119 121 131 132 133 137 147 152 159 163 175 177 189 193 194 195 196
24 36 37 38 46 52 57 61 62 63 65 66 72 73 74 80 81 82 89 90 104 107 109 119 122 126 128 133 150 154 160 167 176 178 183 185 200
26 40 52 55 59 65 66 77 81 93 96 98 100 114 117 120 121 127 129 131 134 135 140 144 145 171 172 173 176 177 179 181 184 188 191 197
39 44 60 61 63 64 65 73 76 79 83 87 90 98 101 107 111 113 117 121 125 129 132 136 138 139 146 147 155 174 175 176 183 186 189 192 197 198 199
35 39 44 47 54 62 73 75 79 83 88 92 97 102 108 110 119 121 132 134 136 149 164 170 172 183 194 197 199
20 39 54 55 59 60 61 64 74 78 79 95 101 103 110 112 122 127 139 153 155 159 175 176 177 179 180 185 188 192 195 197 199
28 62 64 66 75 79 101 106 115 131 133 140 141 154 159 160 161 166 175 182 183 184 185 191 194 196
35 48 52 53 54 55 64 69 70 75 78 79 86 89 92 94 98 100 109 110 119 122 126 127 132 134 140 141 142 144 155 162 176 193 195
37 43 46 54 57 61 75 82 86 94 95 97 100 103 105 112 123 139 141 153 155 157 168 170 176 178 180 188 190
35 45 50 53 58 68 79 84 88 89 92 95 101 103 105 109 113 122 123 139 140 158 160 163 174 182 185 187 193 196 197
35 51 53 63 70 73 80 85 86 87 99 118 123 126 135 138 140 149 152 153 171 172 176 177 185 186 198
22 45 55 66 70 74 77 82 89 94 97 101 105 106 109 110 123 124 128 130 131 139 140 142 146 155 164 176 178 190 192 196
26 51 56 60 63 65 68 83 92 94 97 102 110 118 119 123 130 131 134 139 145 147 155 156 157 159 171 172 173 174
32 46 56 59 62 64 68 69 79 84 94 108 112 117 133 135 142 151 153 161 163 169 170 177 179 196 198
31 57 67 74 76 78 83 89 92 95 103 104 105 106 108 111 120 122 123 124 125 132 140 141 142 145 146 147 152 154 155 162 163 173 174 175 178 196
26 49 52 54 55 61 64 68 70 75 80 100 107 110 114 118 134 135 136 137 138 148 149 151 157 165 174 176 182 183 189 190
21 50 51 54 64 65 67 70 72 76 81 83 96 99 100 107 108 111 112 114 119 123 133 134 138 147 151 152 153 157 161 179 189 199 200
21 55 58 72 77 89 95 97 101 103 106 114 115 121 128 130 135 136 143 172 173 176 185 192 193 199
30 55 57 63 65 70 71 79 81 85 92 100 114 115 116 117 118 122 134 136 140 147 154 160 164 170 171 182 183 195 196
23 55 61 67 68 73 75 76 88 95 98 100 105 107 110 122 123 132 133 134 135 139 142 150 154 156 162 164 165 167 181 183 185 187 193 194 195 196 197
26 54 57 62 69 70 75 76 81 91 93 104 120 122 127 141 143 147 169 175 176 181 182 185 186 189 190 191 200
30 54 60 64 76 77 88 92 96 99 107 112 117 118 120 121 127 135 139 140 143 145 151 156 166 177 179 193 195
27 68 87 92 101 103 104 110 113 115 118 127 128 129 131 136 142 143 152 153 156 158 159 166 170 173 174 183 190 198
40 59 60 64 75 78 81 82 85 88 91 96 98 100 104 111 113 117 121 127 136 140 142 143 151 157 162 172 177 188 189 199
28 60 66 70 75 79 80 84 91 93 98 100 103 104 108 111 112 120 122 126 132 133 143 149 156 163 167 168 173 183 190 194 195 197 198
28 61 66 73 82 83 85 89 100 107 108 112 113 116 119 121 123 142 144 149 153 159 171 179 184 198 199 200
38 60 76 79 81 84 90 98 104 107 113 115 116 122 151 158 161 166 181 184 185 188 189 191 195
29 60 61 68 74 79 80 81 82 108 111 114 127 128 130 139 143 145 147 148 151 155 157 168 172 191 193 194 199
25 66 67 70 76 79 85 89 96 99 103 104 107 111 117 126 129 132 135 136 142 155 158 167 169 171 186 187 195 196
37 62 66 67 75 78 87 95 98 103 109 110 112 117 120 124 130 132 133 143 145 149 150 152 159 162 179 181 189 191 196
30 64 71 73 76 79 83 88 89 95 103 107 109 111 114 116 118 147 149 150 151 153 156 158 162 164 167 173 199 200
24 64 79 83 90 98 99 102 109 117 118 124 126 130 136 138 142 152 159 161 164 165 168 173 177 179 184 185 190 191 196 198
29 76 79 81 82 86 87 91 93 94 96 98 99 104 105 107 111 113 118 119 122 126 131 135 142 147 153 154 173 174 183 189 192 197
26 66 71 72 77 81 91 102 104 105 107 109 110 116 120 125 131 136 152 157 161 164 169 170 171 172 174 176 177 180 182 184 187 189 191 196 197
20 71 87 104 105 116 117 123 130 133 134 136 138 148 156 158 166 172 176 177 181 191 197 199
31 68 74 80 83 89 90 96 97 100 102 105 120 122 125 128 138 146 159 172 174 177 191 196
21 72 80 86 89 96 121 128 132 141 142 144 145 146 147 156 163 164 165 167 172 173 175 188 191 195 198
39 72 75 87 88 89 94 95 98 109 111 118 121 128 135 137 139 141 146 150 158 163 171 179 180 181 182 184 185 188 197 199
22 72 73 74 82 83 89 92 98 113 118 121 123 124 126 129 133 142 146 149 152 155 161 191 194
27 72 74 76 80 88 89 109 110 117 118 125 134 143 144 148 150 153 157 160 168 170 173 190 193
29 74 78 107 109 112 114 116 126 133 134 137 144 150 155 157 174 178 182 185 187 190 194
32 78 79 80 81 82 86 91 92 94 100 102 110 112 114 123 142 155 157 160 161 170 173 178 189 190 191 192 197 198 199
21 75 82 85 87 89 96 98 109 128 146 164 167 171 177 183 192 196 198
21 76 79 88 94 100 101 107 108 109 110 115 117 119 126 130 135 137 143 150 152 153 154 157 165 167 184 185 188 189 196 197
33 78 80 88 93 95 97 98 105 106 109 111 113 122 130 134 137 147 148 160 166 199 200
28 79 80 87 98 101 107 110 112 116 118 124 136 138 143 146 156 159 172 174 177 179 195 199 200
24 80 82 88 102 109 111 122 131 133 134 141 144 145 151 155 171 177 181 190 194
37 84 91 93 98 101 107 108 123 128 133 142 145 147 152 157 158 163 166 169 172 173 175 176 183 184 188 193 197 198
23 81 86 89 94 96 99 103 108 131 138 144 158 164 184 189 197 200
37 89 101 104 106 108 111 122 123 135 138 141 143 149 151 161 172 179 187 200
23 88 92 95 102 105 107 118 119 120 133 146 147 150 151 152 158 161 163 165 166 175 179 188 194
36 87 102 110 112 114 116 118 126 152 158 163 164 165 174 175 185 187 191 193 196
23 87 90 92 93 98 105 107 108 112 117 123 136 138 140 152 153 154 156 161 171 180 186 189 193 200
22 87 90 92 105 107 110 115 118 124 127 131 133 136 142 152 154 155 160 162 167 174 178 180 181 196 197
31 88 89 90 92 96 97 100 101 103 106 112 125 129 137 156 161 171 180 181 182 183 184 189 191 196
31 94 102 107 110 113 117 147 149 155 167 183 189 197
24 89 97 98 104 112 119 125 126 128 136 149 150 161 163 169 177 186 189 192 193 200
32 91 97 101 106 108 113 114 115 118 127 132 133 136 138 141 145 150 156 162 163 169 171 184 188 194 195
25 93 101 105 111 114 120 121 126 129 135 144 164 171 176 179 183 196 198
25 92 96 100 110 120 127 128 139 152 163 169 185 186 188 190
34 93 111 124 125 127 128 132 137 142 143 154 156 171 173 174 178 179 183 184 193 198
37 95 97 100 102 110 113 118 122 126 132 133 135 140 142 166 168 171 172 175 178 180 191 194
25 96 103 109 112 113 116 120 122 136 141 143 146 156 164 170 187 191
31 99 100 110 116 123 126 129 130 135 141 144 146 165 167 183 185 188 193 199
25 107 108 112 127 132 138 139 150 151 160 161 174 176 183
32 100 101 107 112 115 116 125 130 131 132 133 142 143 144 149 152 160 165 171 172 174 175 178 186 195
30 107 109 112 113 120 121 123 127 131 137 141 156 159 164 166 179 197
34 111 112 114 119 120 122 126 133 140 141 166 176 179 192 193
36 102 105 108 110 131 144 146 147 153 163 175 178 186 187 191 193 194
38 111 112 114 121 122 131 132 134 136 138 141 143 144 150 155 157 162 164 178 179 181 182 185 186 188 195 199 200
22 114 115 120 124 125 127 128 138 145 154 157 168 176 199
39 105 111 118 121 123 129 131 133 135 138 142 149 150 158 166 168 181 199
26 105 108 111 118 132 145 153 160 177 180 197 198
23 106 108 112 122 133 134 138 141 144 152 155 158 168 169 175 182 192 193 197
32 108 110 116 119 120 125 130 131 141 143 146 150 161 162 164 170 173 176 187 196
21 115 120 121 122 131 132 134 144 153 154 158 161 167 171 174 177 179 194 199
38 111 122 131 157 162 163 166 170 171 189 191 193 199
25 114 123 130 140 143 144 155 163 165 171 178 185 196 197
29 111 113 122 130 133 137 139 156 157 159 171 173 180 195 199
23 116 119 125 130 133 139 144 150 152 155 160 164 165 167 186 188 197 198
31 114 130 133 142 144 145 146 148 152 158 159 160 176 185 194 196 197
30 115 118 120 122 123 126 128 136 146 147 149 157 161 170 179 181 184 193 195 197
22 120 127 131 132 141 150 164 165 178 183 190 194 196
39 116 118 122 123 126 133 134 139 146 156 158 160 161 164 167 175 181 182 184 187 193 196 198 199
29 117 123 136 138 141 142 147 149 152 155 158 166 190 192 195 200
30 130 132 134 138 147 148 150 151 156 160 162 165 176 180 183 188 194 195 196
30 120 121 123 125 129 135 136 143 144 149 154 158 160 166 168 169 174 180 183 184 197 198 200
40 123 136 142 143 144 146 147 152 154 157 160 169 170 187 189 190 191 195 198 199 200
36 123 131 135 140 141 148 153 157 161 164 175 177 183 190
21 123 125 132 133 135 136 139 141 143 148 150 152 153 155 159 170 174 178 179
22 126 128 136 137 138 140 146 154 157 160 163 167 169 189
25 125 128 136 139 141 151 154 164 166 172 180 183 184 189 200
26 127 135 146 151 154 163 167 184 186 192 193 195 198 199 200
38 133 143 145 147 148 157 166 175 180 189 196
40 132 134 137 141 156 161 167 175 184 185 186 190 191 192 194 197 198
26 135 137 138 144 145 149 153 167 170 175 178 184 198
30 130 131 133 141 143 144 153 157 160 163 164 168 177 182 196 198 200
40 134 139 147 152 155 159 160 161 165 168 174 180 184 186 187 191 199
31 141 144 145 147 151 165 173 174 178 179 194 198
37 137 139 140 141 143 145 153 155 156 158 176 185 199
23 134 135 137 148 150 166 168 173 182 183 189 195 198 200
21 138 139 146 148 150 153 171 183 185 188 192 193 194 196 200
20 148 149 150 152 162 176 178 190 194 196
26 136 137 138 139 140 143 151 153 158 160 161 172 189 193 196 197
37 139 140 141 146 153 154 156 164 170 199
34 148 152 162 169 173 181 196 197 199
30 139 140 153 156 157 164 165 168 171 172 180 183 185 190 195
23 141 150 152 159 164 167 172 178 183 184 186 187
22 145 149 154 162 166 169 175 180 181 189 196 198
22 142 144 145 149 157 164 166 174 175 178 184 192
35 154 163 179 186 187 188 190 198
26 145 149 153 159 162 172 174 179 181 182 192
21 150 161 169 177 179 191 194
38 155 164 167 170 172 174 185 186 187 190 193 199 200
25 149 151 153 154 158 159 162 163 164 168 172 173 174 177 179 180 200
22 148 149 153 156 158 164 169 182 187 188 199
31 152 158 159 161 175 183 185 186 200
32 150 179 180 181 182 183 186 195 198
22 151 152 156 159 160 161 162 165 170 171 172 176 180 184 197
36 157 159 163 175 188 195 200
37 156 166 167 168 181 182 188
21 155 174 187 188 191 192 193 195
40 163 165 179 186 199
40 156 164 167 173 178 189 190 191 197
35 163 164 170 186 189 192
38 163 168 171 172 178 192 193 195 197 199
24 170 174 189 191 192 193 194 197
28 160 161 163 165 168 172 177 180
34 166 169 176 179 194
30 167 172 173 174 175 178 190 193 195 197
26 170 174 179 182 184 186 193 197 198 199
39 170 173 175 177 179 183 192 196
33 167 170 179 183 195
28 173 182 183 187 193 195 197
29 167 170 179 180 184 188 193
20 169 171 172 176 179 187 196 198
28 175 184 189 193 194 196
40 175 180 187
39 173 182 183 184 189 194 195 199
40 179 183 187 194 196 197 199
25 173 174 175 184 187 188 189 196
22 179 194 197
36 184 195 198 200
26 185 187 197 200
24 180 189 195
40 185 186 192 197 200
27 183 185 190 194 195 198
37 191 193 194 200
29 181 183 189 193 196 199
32 184 186 191
28 184 193 199 200
33 199
28
40 191 195 196
40 188 190 191 195 198
23 190 199
23 194 200
23 198 200
29
24 194 199
26
33 194 199
33 197
20
21
40 200
29 200
32
25
