50	10	10000	1
0	1012	6
0	1789	5
0	1204	4
0	1552	8
0	1942	4
0	1880	2
0	1561	8
0	1237	7
0	1414	4
0	1526	2
1696 6 14 22 25 34 36 38
2950 4 7 12 20 22 27 30 34 37 40 41 43 46 50
191 6 10 14 15 31 38 39 47
2760 5 6 10 18 22 31 36 48
2261 8 17 26 33 44
2067 7 14 18 24 32 34 38 50
1144 16 25 40 43
2129 16 17 18 21 22 32 38 42 47
2098 11 15 18 29 32 34 35 42
1400 11 12 13 16 21 39 42 45
861 19 22 25 26 28 30 38 41 45 50
2431 22 26 29 33 41 42 44 47 48 50
1603 16 23 26 27 32 44
2233 15 18 22 26 44 47 48
790 16 20 38 44 46
2521 17 18 19 26 34 43 50
1828 25 27 28 35 37 46 47 50
1893 19 20 22 24 28 31 33 37 39 41 44
1515 24 35 49
2872 21 25 27
1982 28 42 45 49
1342 24 26 29 31 37 46 48
1755 24 30 33 34 41 46 47 48
188 25 33 34 43 44
595 31 40 43 48 49 50
2506 27 43 44 47
2981 36 44 45 49
2151 31 33 34 37 39 41 45
454 33 50
959 31 32 41 45
2588 39 42 44 49 50
2911 34 36
2379 39
2179 44 49
2512 37 38
2822 39 50
1617 39 42
2034 40 44 47 50
1190 40 41 43 45 49
2364 41 47
2169 45 46 47 48
2818 47
221 44 45 46 48 50
278
137 48 50
2979
542
1029 49
2529
1712
