50	10	10000	10
-5	479	5
-5	601	4
-4	850	2
-2	130	9
-2	580	3
-5	144	3
-2	415	7
-1	820	8
-2	968	6
-5	729	3
1280 5 10 12 13 25 36 47 50
531 12 25 28 31 32 34 42 45
1243 15 19 29 36 37
1448 12 14 17 30 35
1373 15 21 37 39 46
1367 15 20 21 34 37 42 46
761 12 15 18 21 34 36 37 48
1105 10 12 14 18 28 30 32 33 34 41 44 50
1444 11 15 21 35 45 50
924 14 15 24 31 45 46 49 50
610 14 15 22 27 28 31 34 36 37 45 47 49
1307 13 20 21 22 25 30 32 33 34 40 43
772 18 25 31 37 44
1202 23 27 31 33 38 41
1040 17 20 25 42 45 46 47
1066 17 18 25 30 32 38 44
853 20 21 33 35 36 40 43 45
1193 26 33 41 49 50
1019 21 23 42 46 49
991 22 25 27 31 33 36 49
1475 27 33 34 38 39 41 50
690 35 37 46
810 28 40 49
1423 25 30 48 49
623 26 28 33 37 38 42 43 49
1403 27 30
983 28 29 31 35 46 48
529 40 41 45 46 47 49
509 31 33 34 36 37 41 44 47
1492 38 39 40
1458 35 36 37 39 40 47 50
1261 33 36 39 42 47 49 50
1033 36 44 45 46 47 49
1007 44 47
596 42 48 49
1212 39 46 47
1282 39 41
1461 41
1279 44 50
1101 41 48
588 48
526 45 47
926 47
1417
1366
875 48
1179
637
943
902
