100	10	200	1
0	18	15
0	2	6
0	14	5
0	20	10
0	12	11
0	15	8
0	3	14
0	11	10
0	6	14
0	8	7
25 3 4 5 6 8 10 13 18 21 34 53 56 60 65 70 80 81 84 85 86 88 91
29 9 10 25 27 33 37 40 52 63 71 76 77 79 89 93
10 5 6 8 12 33 47 55 71 72 73 80 93
28 13 16 21 23 29 38 46 47 51 58 63 72 74 79 91 94 96
25 7 16 22 23 26 30 31 37 40 42 54 55 59 60 61 65 67 74 75 81 82 85 88 96
25 12 14 15 20 23 28 30 41 51 53 54 59 65 82 93 94
17 10 15 23 24 26 33 35 38 39 45 48 49 51 56 59 64 68 76 79 82 88 90
29 9 10 18 22 24 30 39 45 48 50 67 69 73 76 79 81 87 89 91
23 13 16 19 26 31 36 37 40 41 51 54 56 61 76 77 93 97
21 11 12 29 36 39 42 54 60 63 64 73 75 76 77 82 83 88 93 98 100
29 32 40 45 46 55 64 65 69 71 73 76 80 86 87
12 17 18 20 21 23 28 33 37 46 47 51 54 60 68 80 83 86 95 100
24 15 18 20 22 24 30 33 34 52 59 67 78 87 90 94 99
13 16 19 22 25 28 36 37 40 42 53 55 71 78 79 81 87 89 92 94 99
14 20 25 32 33 34 37 40 42 43 45 49 57 59 68 79 91 92
16 20 23 25 27 30 35 38 39 44 47 53 67 71 75 78 79 87 90
27 19 21 22 29 30 38 46 49 58 63 64 66 69 70 94
26 20 44 48 52 53 56 63 68 73 75 78 79 81 83 94 96
15 22 23 31 34 46 56 63 64 66 77 78 80 86 87 91 94
11 22 26 31 40 46 47 49 52 62 71 76 77 80 85 90 97
18 23 33 35 38 39 40 45 52 53 54 62 65 67 69 72 73 75 83 87
22 25 26 29 32 35 50 53 54 57 58 64 76 88 91 97 98 99
17 30 31 33 34 36 37 44 49 55 56 57 58 64 67 80 81 82 87 90
29 25 26 33 34 35 52 53 64 66 68 74 75 87 89 92 99
12 33 34 39 40 42 44 46 48 55 61 63 64 66 70 72 80 83 93 97
26 27 32 36 38 40 45 47 48 49 57 58 63 65 67 73 80 83 84 85 86 87 91 95 98 99
17 28 29 41 42 49 56 57 58 61 65 68 72 76 77 80 82 84 99
26 34 35 50 58 59 60 61 70 80 81 82 87 93 97
25 31 37 40 42 48 57 59 60 76 81 86 93 95 100
27 40 41 55 56 61 72 83 87 89 90 94 95 96
27 40 43 46 51 54 66 67 70 74 75 76 93 99
18 38 43 44 48 50 53 54 59 60 63 64 69 70 71 73 79 82 86 87 88 89 90 92 96
26 43 46 47 53 54 58 60 70 86 87 96
10 37 39 42 48 52 76 80 81 87 90 91 92
27 43 47 48 51 55 61 65 73 79 84 89 95
24 41 43 54 58 60 67 72 75 80 95 99 100
12 44 49 51 54 58 59 63 64 66 68 70 72 76 77 80 88 90 94 98 100
24 39 46 48 56 65 76 79 80 88 96
24 55 58 61 72 77 84 92 93 95 96
15 49 53 62 66 73 74 76 78 81 96 99
19 42 49 50 51 57 60 71 72 82 84 91 94 96 99
27 44 46 47 48 56 61 66 70 81 92 95 96 97
21 44 52 67 69 71 85 87 95 99
15 51 61 84 86 90 99
18 48 49 50 51 52 56 59 67 70 75 81 86 88 94 95
16 51 53 58 72 73 89 90 94
13 56 58 63 66 68 72 78 79 82 83 89 90 98
13 49 54 71 80 83 87 92 93
17 52 55 56 58 67 73 81 83 84 85 89 90 94 96
13 52 57 59 62 66 74 77 82 91
15 53 54 63 69 70 74 81 86 94
27 54 60 69 72 73 87 90 95 98 100
22 58 62 64 73 77 86 89 92
25 56 77 80 85 87 88 90 94 97 98
24 56 57 63 64 70 72 75 82 87 95 96 97 98
30 59 72 74 75 83 85 90
22 99
10 72 74 85 94 95
16 65 70 75 76 86 97
10 62 65 66 76 79 86 94 95 97 100
26 63 67 68 73 74 78 81 86 89 90 98
26 75 80 82 94
22 66 74 76 88 93
21 68 72 75 79 85 88 90
19 66 75 78 90 92
20 67 68 69 72 75 76 79 84
29 77 83 92 98 99
10 69 74 77 80 82 84 98 99
26 72 82 89 93 97
13 71 77 85 99 100
24 79 81 99
17 74 81 86 87 92 96
28 84 90 92 95
12 78 79 82
21 81 86 91 97 99
23 77 79 90 97
20 82 84 93 96
25 81 88 92 93 94
15 83 93
10 82 100
10 86 91 93 100
25 85 88 89 94 96
15 84 87 92 95
15 92
16 87 95
22 87 89 91 94 96 100
18 90
22 91 100
14 92 93 94 100
28 91 98 99 100
16
27 95
30 95 98 99
14 100
17 97 99
19 99
28
21 99
29
27
