100	5	10000	10
-4	535	21
-4	735	22
-1	203	19
-3	955	13
-5	366	25
1633 2 3 6 8 9 10 12 13 14 17 18 20 22 24 25 27 28 31 34 36 37 38 41 42 43 46 47 48 51 52 53 54 55 56 57 58 60 62 63 67 68 70 71 73 74 75 76 79 81 82 84 85 87 88 89 91 92 93 94 95 96 97 98 99 100
1747 3 4 6 7 8 9 10 11 14 15 16 17 18 20 21 22 23 24 25 27 28 29 31 34 35 36 37 38 41 44 45 51 52 53 54 55 57 59 60 61 62 64 67 68 71 72 73 74 76 77 78 79 80 82 83 85 86 87 88 89 90 91 92 94 95 97 98 100
1920 4 5 6 7 8 9 10 13 14 16 20 21 24 25 26 28 29 30 31 33 34 35 36 37 38 39 40 41 42 43 44 45 46 47 48 49 51 54 55 58 59 61 62 63 66 68 69 70 71 72 73 75 76 77 78 79 80 82 83 85 86 89 90 91 92 93 94 95 96 97 99 100
1824 5 7 8 10 11 12 13 14 15 16 19 20 21 22 23 24 25 26 28 29 30 32 33 34 35 37 38 40 41 43 44 48 50 52 53 55 56 58 59 60 61 64 65 66 69 70 71 72 74 75 76 77 78 80 81 82 83 85 86 87 91 92 93 94 95 97 99 100
1095 7 9 10 11 12 13 14 16 17 18 19 21 23 27 28 29 31 32 34 35 36 38 39 43 44 46 47 48 49 50 52 53 56 57 59 60 61 62 63 65 66 67 68 69 70 72 73 74 75 76 77 79 80 81 83 85 86 87 88 89 90 91 95 96 97 98
1626 7 9 13 14 15 16 17 18 19 21 22 25 26 28 29 30 31 32 33 34 35 36 39 42 44 46 47 49 50 52 53 54 57 59 60 63 66 67 69 70 71 72 73 74 75 77 78 79 80 81 82 84 85 86 88 89 92 94 95 96 98 99 100
1195 8 10 11 12 14 15 16 17 18 20 21 22 23 24 25 26 27 28 30 31 32 33 34 35 37 38 39 40 43 46 47 49 50 51 52 53 54 56 57 58 61 62 63 65 67 70 71 72 73 74 75 76 77 78 79 82 83 85 88 89 91 92 94 95 96 99 100
1082 9 11 13 14 15 16 17 18 19 23 24 25 27 28 29 30 31 32 33 34 35 36 37 38 39 40 42 43 46 47 48 49 50 51 52 53 54 55 56 59 60 61 64 66 67 68 71 73 74 77 78 80 83 84 86 88 89 90 91 93 94 95 97 98 100
1560 11 14 16 17 18 19 21 22 25 27 28 30 31 32 33 34 35 37 38 39 40 42 46 48 49 50 51 52 53 55 56 57 60 62 63 64 65 67 68 69 70 71 72 73 74 76 77 79 83 85 89 91 93 94 95 97 100
1091 11 13 14 15 16 17 18 20 21 23 24 25 26 27 28 29 31 32 33 34 35 36 37 39 40 41 42 43 44 45 46 47 48 51 52 53 54 55 56 58 61 62 63 64 66 67 68 70 71 74 75 77 78 79 80 83 84 86 87 90 91 92 93 96 97 98 100
1862 12 13 15 17 18 20 22 23 24 25 27 29 33 34 35 37 38 39 40 41 42 43 45 46 47 49 50 51 52 57 58 59 60 63 65 67 68 70 71 72 74 75 76 77 80 81 82 83 84 85 86 87 88 89 90 91 92 93 94 95 96 98
1919 13 14 15 16 18 19 20 21 22 23 24 25 26 27 28 29 30 33 34 35 36 38 40 41 42 44 45 47 49 50 51 52 53 55 56 57 58 60 61 63 64 65 67 69 70 71 73 74 75 77 78 79 81 86 87 88 89 90 91 92 93 96 100
1498 15 17 18 19 21 22 23 26 32 33 34 35 36 38 40 41 42 46 48 49 50 54 57 58 59 61 62 63 64 65 66 67 68 69 70 72 74 76 77 78 79 80 81 82 83 84 85 86 87 88 90 91 92 98
1749 15 16 17 18 19 20 21 24 25 27 29 30 31 32 34 35 37 39 40 44 45 46 47 49 50 52 54 58 61 62 63 64 65 66 69 70 71 72 73 74 75 79 80 82 84 86 87 88 89 90 91 92 93 94 95 96 98 100
1103 16 21 23 27 30 31 32 34 37 38 39 41 42 43 45 48 49 51 52 53 54 55 56 57 58 59 60 62 63 64 65 66 67 68 70 72 73 75 76 77 78 81 86 87 88 90 91 93 94 95 96 97 99 100
1027 17 18 19 20 22 23 24 26 28 29 32 33 36 37 38 39 41 42 43 44 45 46 47 48 49 50 52 53 57 58 60 61 67 70 74 76 78 79 80 81 82 83 84 85 88 90 91 93 94 95 96 100
1650 18 21 23 24 25 26 27 28 29 30 33 34 35 36 37 38 41 42 43 46 47 48 49 50 51 53 54 55 57 59 61 65 67 69 71 72 73 74 75 78 79 80 81 82 83 85 86 87 89 90 91 92 93 94 95 96 97 98 99 100
1037 19 20 22 23 24 27 28 30 31 32 33 34 35 36 37 38 39 41 44 46 47 52 53 55 56 60 62 63 64 65 66 69 70 71 72 73 74 75 76 78 80 81 82 83 84 85 86 88 90 91 94 95 97 99
1490 20 29 30 31 32 33 34 35 36 37 38 39 42 43 44 45 46 50 51 53 55 56 57 58 59 60 61 62 63 64 66 67 68 69 70 72 73 74 77 78 79 80 81 83 84 85 86 88 90 91 92 93 94 96 98 99 100
1959 21 22 23 24 25 26 27 30 32 33 34 35 36 37 38 39 41 43 44 45 46 47 48 49 50 51 52 53 54 55 56 57 58 62 63 64 67 68 69 70 73 74 76 78 79 80 83 84 87 88 89 91 92 94 96 97 98 99 100
1557 24 26 27 28 29 30 32 34 35 36 37 39 40 41 42 43 44 45 46 47 48 49 50 51 52 54 55 58 59 60 61 62 63 65 66 67 68 69 71 73 74 75 76 77 78 79 80 81 82 83 85 87 89 91 92 95 96 97 98 99 100
1516 23 24 26 28 30 31 32 33 35 36 37 42 43 45 46 48 50 51 52 53 54 55 56 57 60 61 62 63 64 65 66 67 68 69 70 71 73 74 76 77 78 79 80 81 82 84 85 87 88 89 92 94 95 97 98 99 100
1288 24 25 28 29 30 32 33 34 35 38 39 40 42 43 44 45 46 47 48 49 50 51 53 54 56 57 58 59 60 61 62 63 64 65 66 68 69 72 73 74 75 77 78 79 80 81 82 84 85 86 88 90 94 95 96 97 98 100
1773 25 26 27 28 29 30 32 34 35 36 37 38 39 40 43 44 45 46 48 50 51 52 53 54 55 56 57 58 59 60 61 62 64 65 66 67 68 70 71 73 74 76 77 79 80 83 84 85 86 87 89 90 92 94 96 97 98
1317 26 29 30 33 35 36 37 38 40 41 42 43 45 46 47 48 49 50 51 52 57 58 59 60 61 62 63 64 65 68 69 70 71 72 73 75 77 80 81 82 84 85 86 87 88 92 93 94 96 97 98 99 100
1989 27 28 29 30 32 33 35 36 37 38 39 42 43 44 45 46 47 48 49 50 51 52 53 54 55 56 57 60 62 63 66 67 68 78 79 80 81 82 84 86 87 89 90 91 93 94 97 98 99
1822 28 31 32 33 34 37 38 39 40 41 42 44 45 46 47 48 49 50 51 52 54 55 57 60 62 64 65 67 68 69 70 71 72 73 75 76 77 79 80 82 83 85 86 88 89 90 91 92 95 97 98 100
1822 29 30 31 33 34 37 38 40 41 42 43 44 48 50 51 52 53 54 55 56 57 58 59 60 61 62 63 65 66 67 69 70 71 72 74 75 76 77 78 79 80 81 82 83 84 85 86 87 89 90 91 92 93 94 96 97 98 100
1841 30 32 34 36 38 39 40 41 42 43 45 46 47 48 51 52 53 54 55 56 57 59 60 61 62 63 64 65 67 68 69 71 73 74 75 76 78 80 81 83 84 85 87 88 89 90 92 93 96 99
1033 32 33 37 38 39 40 41 42 43 49 52 53 55 56 57 58 59 60 61 62 63 64 65 66 67 68 69 70 71 72 73 74 75 76 78 79 81 82 84 93 94 97 98 99 100
1897 34 35 38 40 41 42 45 46 48 49 50 51 52 53 55 56 57 59 61 64 65 66 67 68 69 70 71 72 74 75 76 78 79 82 83 84 85 86 87 90 91 94 96 98 99 100
1945 33 34 35 37 39 40 41 43 44 45 46 47 48 49 50 51 52 54 56 57 58 61 62 63 64 65 66 67 68 69 71 72 73 74 77 78 79 82 83 87 88 91 92 93 94 96 98 99 100
1869 34 35 36 37 40 42 43 45 46 47 49 50 51 52 55 56 57 58 59 62 65 66 67 70 71 72 74 78 79 80 81 83 85 87 89 91 93 95 96 98 100
1916 35 36 37 38 39 40 42 43 44 46 47 48 49 50 51 52 54 55 56 57 58 60 62 63 64 65 66 68 71 75 78 79 80 81 82 83 84 86 88 89 90 91 92 93 95 96 97 98 99 100
1248 39 40 41 42 46 47 49 51 52 53 54 55 56 61 62 64 65 66 67 69 70 72 73 74 75 76 77 78 82 83 84 85 88 90 92 96 97 98
1380 37 38 39 41 43 44 45 46 47 49 50 51 52 53 54 59 62 63 64 65 67 68 69 70 72 73 74 75 76 78 79 80 82 83 84 86 88 89 90 92 93 94 95 97 99 100
1340 38 39 40 41 43 44 45 46 48 49 51 52 53 54 55 56 58 59 60 62 63 64 65 66 67 70 71 72 73 74 77 78 79 80 81 82 83 85 86 87 88 89 90 91 92 94 95 96 97 99
1875 39 40 41 42 43 44 45 46 47 48 50 51 52 53 55 56 57 58 60 61 63 65 66 67 68 69 70 71 73 74 75 76 77 80 82 85 88 94 95 96 98 99 100
1046 40 42 43 44 46 47 49 51 52 53 54 57 58 59 60 62 64 68 69 71 72 73 74 76 77 80 85 86 89 90 91 92 93 94 96 97 99
1620 41 43 44 46 47 48 49 50 51 52 54 55 56 57 58 59 60 61 62 63 64 65 66 67 69 70 72 74 75 76 79 80 81 82 83 85 87 88 89 90 91 93 94 95 96 97 99
1984 43 44 45 46 47 50 51 52 54 55 57 59 60 61 62 64 67 69 72 75 76 77 78 79 80 81 82 83 85 86 87 88 89 91 92 93 94 95 96 98 99 100
1735 43 44 47 48 49 51 52 54 55 56 57 59 61 62 63 64 65 66 67 69 70 71 72 73 74 75 76 77 79 86 87 88 89 90 91 92 93 94 95 96 97 98 99
1744 44 45 46 47 48 50 51 52 53 55 58 59 60 61 62 64 65 66 67 69 72 73 74 75 76 77 78 80 82 83 84 85 86 87 88 89 90 91 92 94 96 97 98 99 100
1991 46 48 52 53 54 57 59 60 61 65 67 70 71 75 77 78 79 80 81 82 83 84 86 88 89 90 92 93 94 95 96 97
1931 46 47 48 51 53 54 55 56 57 58 59 60 61 63 65 66 67 68 69 70 72 75 76 77 80 82 85 86 87 89 91 93 94 95 97 98 99 100
1483 47 48 49 51 53 54 55 57 58 60 64 65 68 70 71 72 74 76 77 78 79 80 81 82 83 84 86 87 88 89 90 91 92 94 96 97 99 100
1444 48 49 50 51 54 56 57 58 60 62 64 65 66 67 68 69 70 71 72 73 74 75 76 77 78 79 80 81 82 83 86 87 88 89 90 91 92 93 94 95
1625 49 50 52 53 54 55 56 58 61 63 65 66 68 69 71 72 73 74 75 76 77 79 81 83 85 87 88 91 92 95 96 97 99 100
1249 50 51 52 54 56 57 58 60 63 64 65 68 69 70 71 72 73 75 76 77 78 80 81 83 85 89 90 91 92 93 94 95 100
1720 51 53 54 55 56 57 58 59 61 63 64 65 67 69 70 71 72 75 77 78 79 80 81 83 84 85 86 87 88 89 90 93 96 98
1896 52 54 56 60 61 62 63 66 67 68 70 71 72 74 75 77 80 82 84 86 88 90 91 92 94 95 98 99
1564 53 54 55 56 57 58 59 60 63 64 65 67 68 69 70 71 74 75 77 78 79 81 84 87 88 89 90 91 92 93 94 95 96 100
1723 54 55 57 58 59 61 62 65 66 67 68 69 70 71 72 74 75 77 81 82 83 84 85 86 87 88 89 90 91 92 93 94 95 96 97 98 99
1834 56 62 63 64 66 68 72 73 74 75 76 77 78 79 80 81 82 83 84 87 88 89 91 93 95 96 97 99 100
1188 58 59 60 61 63 64 65 66 68 69 70 71 72 73 74 75 77 79 80 81 82 83 84 85 86 87 88 89 90 91 92 94 95 97 99
1487 57 59 60 62 64 66 69 70 71 72 73 77 79 80 81 83 84 85 86 87 89 90 93 94 95 96 97 99 100
1461 58 59 60 61 62 64 65 66 67 68 69 71 72 73 74 75 76 77 78 79 80 81 82 83 84 86 87 88 89 90 91 95 96 97 98 100
1084 60 61 62 66 67 68 69 70 71 72 73 74 75 78 79 81 83 85 86 88 89 90 91 93 94 95 97 98 99 100
1627 61 63 64 66 67 68 69 70 71 72 75 76 77 78 79 80 81 82 83 86 87 88 89 90 93 95 96 100
1865 65 66 68 69 72 73 74 75 76 77 78 80 82 83 85 86 87 89 90 91 92 94 95 96 97 98 99
1119 62 63 64 66 67 68 71 72 73 74 75 76 77 78 79 80 81 82 83 84 86 87 88 89 90 93 94 95 96
1853 64 65 67 68 70 72 74 75 76 77 80 81 82 84 85 86 87 88 89 90 92 93 94 95 96 98 99 100
1414 64 66 67 70 72 73 74 75 77 78 79 81 82 83 86 88 89 90 91 93 94 96 97 98 100
1366 66 67 68 70 71 72 74 77 78 79 80 81 82 83 84 85 86 87 88 89 91 92 93 94 95 99 100
1886 66 67 68 70 71 73 74 75 76 79 80 82 83 86 87 88 91 94 100
1727 69 71 72 73 74 75 77 78 80 81 82 83 84 87 88 89 90 91 92 93 95 96 97 99 100
1847 69 70 71 73 74 75 77 78 79 81 82 84 85 86 88 89 90 92 93 94 95 96 97 98 99
1111 69 70 71 72 75 76 78 79 80 81 82 83 84 85 86 87 89 91 93 94 96 99
1093 70 71 72 73 76 77 78 79 80 81 82 83 84 86 87 88 90 91 92 96 97 98 100
1324 71 72 75 76 77 78 85 88 89 91 93 97 99 100
1857 72 76 77 78 82 83 84 85 86 87 88 89 90 91 93 94 95 96 97 98 99 100
1593 73 74 75 77 78 79 80 81 82 84 85 86 87 88 89 90 93 94 96 97 98 99 100
1676 74 77 78 79 80 81 84 85 86 87 90 91 94 95 96 97 98 99 100
1835 75 76 78 79 80 81 82 83 84 85 86 87 88 89 90 91 93 94 95 97 98 99 100
1093 76 78 79 80 81 85 87 89 91 93 95 97 98 99
1913 77 79 83 86 88 89 90 91 92 93 94 95 96 97 98
1722 78 79 80 82 86 88 89 91 92 94 96 97 99 100
1923 80 81 82 83 85 86 87 90 91 94 96 98 99 100
1103 80 81 83 85 86 88 90 91 92 93 94 95 96 97 98 99 100
1488 81 82 83 85 86 87 88 91 93 94 95 96 98 99 100
1266 84 85 86 87 88 89 91 92 93 94 95 97 98 99 100
1937 83 84 86 88 90 91 92 94 95 96 97 98 99 100
1227 84 88 89 90 91 92 93 94 95 96 97 100
1458 85 86 89 92 96 97 98 100
1955 88 89 92 93 94 96 97 98 99 100
1208 87 88 89 90 91 92 93 99 100
1560 88 89 92 93 94 96 98 99 100
1294 89 92 93 94 95 97 100
1817 90 91 92 93 97 98 100
1247 91 92 93 95 97 99 100
1672 92 93 96 97 98
1699 93 94 96 98 100
1282 94 95 96 97 100
1831 95 96 97 98 99 100
1845 96 98 100
1645 97 99 100
1649 98
1616
1122 100
1022
