200	10	200	1
0	15	19
0	4	24
0	13	17
0	9	17
0	10	21
0	20	22
0	7	17
0	15	22
0	8	18
0	13	23
18 2 3 6 7 8 9 10 11 12 13 14 15 16 18 19 20 21 22 25 26 27 28 29 32 34 36 37 38 39 40 42 45 46 48 49 53 55 56 57 58 59 60 61 62 63 64 66 69 71 72 73 74 75 76 77 78 79 80 81 82 83 85 86 90 92 94 96 97 99 100 101 102 103 104 105 107 108 109 110 111 112 113 114 115 117 122 123 124 126 127 132 133 135 136 137 138 139 140 141 143 144 145 146 147 148 149 151 152 153 156 157 160 161 164 166 168 170 171 172 173 174 175 177 179 181 182 183 185 186 187 188 190 191 193 195 196 198 199
27 5 7 8 10 11 12 14 15 16 18 19 20 24 25 26 27 28 31 32 33 35 38 39 40 41 42 43 44 45 47 48 49 51 52 53 54 55 57 58 59 61 63 65 67 68 69 73 74 75 76 77 78 79 80 81 82 83 85 88 89 92 94 96 97 98 99 100 103 106 107 108 109 110 114 116 117 118 120 121 123 124 125 126 129 132 133 134 137 138 141 142 143 144 145 147 149 151 152 153 154 155 156 157 162 164 165 166 167 170 173 174 175 176 179 180 181 182 186 187 188 189 190 191 192 193 195 197 198 199 200
30 5 6 7 9 11 12 15 16 17 18 20 23 24 25 26 27 28 29 31 33 35 36 37 38 39 41 43 44 46 47 49 50 51 52 53 55 56 57 58 60 62 65 66 67 71 72 73 74 75 76 77 78 80 84 85 86 87 88 90 91 92 93 94 97 98 99 100 101 102 103 104 108 109 111 112 114 117 118 119 121 122 123 124 125 126 127 128 129 131 132 133 135 136 139 141 142 144 145 146 148 149 150 151 152 153 154 157 159 160 161 162 164 166 169 171 173 174 175 176 178 179 180 181 182 184 185 186 187 188 191 192 193 194 195 196 197 199
13 5 6 7 8 11 12 13 14 17 18 19 20 21 24 27 28 30 31 32 34 35 38 39 42 43 45 47 48 50 51 52 53 54 55 56 58 59 61 62 64 65 66 68 70 71 73 74 75 76 77 78 79 81 82 83 84 85 86 88 91 92 94 95 96 97 100 102 103 104 105 107 112 113 115 116 117 118 119 121 122 123 124 125 126 127 129 130 131 132 134 135 137 138 140 143 145 146 149 150 151 152 153 154 156 157 161 162 164 167 170 172 173 174 177 178 179 180 182 183 185 186 187 189 194 195 196 197 198 199 200
29 9 12 14 15 17 21 22 23 24 25 26 30 31 32 33 34 35 36 37 38 41 43 44 45 46 47 48 50 51 53 55 57 58 59 60 61 63 66 67 70 72 73 75 76 78 80 81 84 85 86 88 92 94 96 97 98 100 101 103 104 105 107 108 109 110 111 112 114 115 116 117 118 119 120 123 124 125 126 127 128 130 133 134 136 137 139 142 143 144 146 148 149 150 151 152 154 157 158 159 160 161 163 164 167 168 169 170 171 173 175 176 177 178 179 180 182 184 186 189 190 191 193 194 195 196 197
16 7 8 9 11 12 13 15 16 17 19 20 21 22 24 26 27 28 29 30 32 33 34 36 37 39 40 41 42 44 46 47 48 49 50 51 52 55 57 59 60 61 62 63 65 66 67 69 70 71 72 74 75 76 77 78 79 80 82 83 84 85 86 88 89 90 91 93 95 97 99 100 102 103 104 106 107 110 111 112 113 114 115 116 117 118 119 122 125 126 129 131 132 133 135 137 138 139 141 143 144 145 146 148 149 150 151 154 155 156 157 158 159 162 163 164 165 167 168 170 172 173 174 175 176 178 179 180 181 182 185 187 191 192 194 196 197 198
15 8 10 12 13 14 15 16 18 19 20 22 24 26 28 29 30 31 32 33 35 36 38 39 41 42 43 44 45 46 47 48 49 50 51 54 55 56 57 61 62 63 64 65 66 67 68 69 70 71 73 74 76 77 79 80 81 82 83 84 87 90 91 93 95 98 100 101 102 103 105 106 107 109 111 112 120 121 122 123 124 128 129 130 131 133 134 136 137 139 140 141 142 143 144 147 148 150 154 155 157 158 159 160 161 162 163 166 168 173 175 176 177 179 181 183 184 187 188 189 191 192 193 195 197 198 199 200
16 9 10 11 13 14 15 16 17 18 21 23 27 29 30 31 32 33 34 35 36 37 38 39 40 42 43 44 47 48 50 51 52 54 55 56 57 58 59 60 61 62 63 64 65 67 69 70 71 74 75 77 78 81 83 84 88 89 91 92 93 94 95 96 99 100 101 102 103 104 105 106 108 109 112 113 114 116 117 118 119 121 122 123 124 125 126 127 129 130 131 132 133 134 135 136 138 139 144 146 148 149 151 153 154 156 157 160 161 164 165 168 170 171 172 173 174 176 178 179 180 181 182 183 185 186 187 188 191 192 194 196 197 198 199 200
15 10 12 13 15 16 17 20 21 22 23 24 29 30 31 32 33 35 36 37 42 43 44 45 47 48 51 52 53 54 55 56 57 59 60 61 62 63 65 66 67 70 71 74 75 76 77 79 81 83 84 85 87 90 91 92 93 94 95 97 98 99 100 101 103 105 107 108 109 112 114 115 116 117 119 121 122 123 125 126 127 128 129 130 131 134 136 137 138 139 140 142 143 144 146 147 148 149 151 152 153 154 155 157 158 162 163 164 167 168 169 170 171 172 173 174 175 176 177 178 179 181 182 184 185 186 187 189 190 191 192 194 195 196 197 198 199 200
23 11 12 13 14 16 20 21 23 26 27 35 36 37 38 39 40 41 43 44 47 48 49 50 51 52 54 59 60 62 63 64 65 66 69 70 71 72 74 76 78 79 80 81 85 86 88 89 90 91 93 95 96 97 99 100 101 102 104 105 108 109 111 115 117 118 119 120 121 122 123 124 125 126 130 131 132 133 134 135 136 138 139 140 141 142 143 145 147 148 149 150 151 152 153 154 155 157 159 161 162 163 167 169 170 171 172 175 176 177 178 179 182 183 184 186 187 188 189 193 195 196 197 198 199 200
23 13 14 15 16 17 18 19 23 24 25 28 29 30 31 32 34 35 36 39 41 43 44 45 48 49 50 51 52 54 55 56 59 61 63 64 65 66 67 68 70 71 73 74 76 77 78 80 83 84 85 86 87 88 89 90 91 95 96 99 100 102 103 105 106 107 111 112 113 114 116 117 118 119 120 121 122 123 124 126 127 128 129 130 131 132 134 135 136 137 138 141 145 147 148 149 151 152 153 154 155 156 158 159 160 161 162 163 167 168 169 171 172 173 174 175 177 178 179 180 181 184 186 188 189 190 191 192 193 194 195 199 200
10 14 15 16 17 18 19 22 23 24 28 29 30 31 33 34 35 38 39 40 43 44 45 47 48 49 50 51 52 53 56 57 59 60 62 63 66 68 70 72 74 75 76 77 82 84 85 86 87 89 90 91 92 93 94 95 98 99 100 101 102 103 105 106 107 108 109 110 111 112 113 114 117 118 120 121 124 125 126 128 129 131 132 133 134 135 136 141 142 144 146 147 148 149 150 152 153 154 155 161 163 164 165 166 167 170 171 172 173 175 177 178 179 180 181 184 185 187 188 190 191 193 195 196 198 199 200
14 14 15 17 18 19 20 21 22 23 24 25 26 28 30 31 32 33 34 35 37 38 39 40 42 43 45 47 48 49 50 51 52 53 55 56 57 58 59 60 61 62 63 65 66 67 70 71 74 75 76 77 78 79 81 82 83 84 85 88 89 90 91 93 94 95 96 97 98 99 100 101 102 103 104 105 106 108 109 110 112 113 114 115 116 117 118 119 120 121 122 123 125 126 127 128 129 134 136 137 138 139 141 143 144 145 146 147 150 152 153 154 157 158 159 162 163 165 167 168 171 173 175 176 179 180 182 183 187 188 189 190 191 193 194 195 199 200
20 15 17 19 20 21 22 24 25 26 30 33 34 35 36 37 39 40 42 43 44 46 48 49 50 51 52 53 56 58 59 60 62 63 65 66 67 68 69 70 71 72 73 75 78 79 82 83 84 85 86 88 90 91 92 93 96 97 98 99 101 104 105 106 108 109 110 112 113 114 115 117 119 121 123 127 128 129 130 131 132 133 134 136 137 138 139 140 141 142 143 145 146 147 148 150 151 152 154 157 158 159 160 162 163 164 165 166 167 169 170 171 173 174 175 176 177 178 179 180 182 183 187 188 189 191 192 193 194 195 196 197 199 200
16 17 18 19 20 21 22 23 25 26 27 28 29 30 32 34 35 36 37 39 40 41 42 48 49 50 51 52 56 57 59 60 61 62 63 64 65 66 69 70 72 73 74 75 77 78 79 82 87 89 90 91 93 95 96 97 98 99 101 102 104 107 109 112 113 114 116 119 120 122 124 125 126 128 129 132 133 134 135 136 137 139 144 145 146 147 148 150 151 154 155 156 157 158 159 160 162 164 166 167 169 171 173 174 175 177 179 181 182 183 184 185 188 189 190 193 194 197 199
18 18 19 20 23 28 29 30 32 33 36 37 39 40 41 42 43 45 47 48 51 52 53 56 58 61 63 64 65 67 68 69 70 72 75 76 77 78 79 81 82 83 84 85 87 88 89 91 92 93 94 97 98 99 100 101 104 110 113 114 116 119 121 122 123 124 125 126 127 128 130 131 132 134 135 136 137 139 140 141 142 143 144 145 148 149 150 151 152 154 155 156 160 162 165 166 168 169 171 172 174 176 179 180 181 182 183 184 185 187 188 191 192 193 194 195 196 199 200
11 18 23 25 26 27 29 30 31 33 34 35 36 37 38 40 41 42 44 45 46 48 49 51 52 53 54 56 58 59 61 62 64 65 66 67 68 69 70 71 75 77 78 79 80 81 86 87 88 91 92 94 100 101 102 103 104 105 106 108 110 111 113 115 116 117 118 119 121 124 125 126 127 128 129 130 132 134 135 136 140 142 145 146 147 149 150 151 152 153 155 156 157 158 159 160 161 163 164 166 167 168 169 170 172 173 174 176 177 178 179 181 183 184 185 187 191 192 193 194 195 198 199
19 19 20 21 22 23 24 25 26 27 28 29 30 34 35 36 39 40 41 42 43 45 47 48 49 50 51 52 53 54 55 58 59 60 63 64 65 66 67 68 69 70 71 75 76 77 79 80 81 83 84 85 86 87 88 90 94 95 96 99 100 102 104 105 106 107 110 111 113 114 115 116 117 120 121 122 123 125 127 128 129 130 132 133 134 135 136 137 138 141 142 143 145 147 148 150 156 157 158 160 161 162 164 165 166 167 169 170 171 172 174 175 176 178 179 180 182 183 184 186 187 188 190 193 194 196 197 198 199 200
29 20 21 23 25 32 34 36 37 39 40 41 42 44 45 46 49 50 53 54 55 56 61 63 65 66 67 68 69 71 72 73 74 76 77 78 79 80 82 84 85 86 87 88 91 92 93 94 95 98 99 100 101 102 104 105 106 107 108 109 110 112 116 117 118 119 120 122 124 125 126 128 130 132 133 135 136 137 139 140 141 142 143 144 145 148 150 151 154 155 157 158 159 161 162 163 164 165 166 167 168 169 170 171 172 173 174 175 176 178 180 181 182 183 190 191 192 193 196 197 198 200
19 21 23 25 27 30 31 32 33 34 35 36 37 38 39 40 42 43 44 46 47 49 51 54 55 56 57 58 59 60 61 63 64 65 66 67 71 74 75 77 79 80 83 84 85 86 88 89 92 93 94 95 96 97 98 100 101 103 105 107 110 111 113 114 116 118 119 120 121 123 124 125 126 127 128 129 130 131 132 137 138 140 141 142 143 144 146 147 148 149 150 151 152 153 154 155 156 157 159 160 162 166 167 168 170 171 172 174 175 176 179 180 182 184 185 186 187 188 191 192 194 196 197 198 199
20 22 23 24 26 29 30 31 32 33 34 35 36 40 42 43 46 47 48 49 50 51 52 53 57 58 59 61 62 63 67 68 70 71 73 75 77 78 80 81 82 85 86 87 88 90 91 92 93 94 95 96 97 98 100 101 102 103 104 105 107 108 109 110 111 112 113 114 116 117 118 120 122 123 124 125 126 127 130 131 132 133 134 135 136 139 140 143 145 147 148 150 151 153 156 157 158 161 162 163 167 168 169 170 171 172 174 175 177 178 179 180 181 183 184 185 186 188 191 192 193 195 196 197 198 199 200
24 23 25 26 27 29 30 31 32 33 34 35 36 37 38 39 40 41 42 43 45 46 49 50 51 52 53 54 56 57 58 59 62 63 65 67 68 70 71 72 73 74 76 77 78 79 80 81 82 83 84 85 86 87 88 89 91 93 94 95 97 98 99 100 101 102 103 104 105 106 107 108 109 110 112 114 115 116 118 119 121 123 124 125 126 129 131 132 133 134 135 137 138 139 142 143 144 145 146 148 150 151 152 153 154 156 158 159 160 162 163 164 165 168 170 171 173 174 176 177 178 182 183 184 185 186 187 188 189 190 191 192 193 195 196 197 198 200
12 24 25 27 28 29 30 33 34 35 36 37 38 40 41 42 43 44 45 47 48 50 52 53 55 56 57 59 60 62 63 65 66 68 69 71 73 75 77 78 79 80 81 82 84 85 86 87 88 89 90 91 92 93 94 98 99 100 101 102 103 104 105 106 107 108 109 110 111 112 113 114 115 116 120 121 123 124 126 127 128 130 132 134 136 140 141 142 143 144 145 147 148 149 150 151 152 153 154 156 158 159 163 164 165 168 170 172 173 174 175 176 177 178 181 182 183 184 185 186 187 188 189 190 192 193 195 197 198 200
11 25 26 27 28 30 31 32 34 35 36 37 39 40 41 42 44 45 47 48 49 50 51 52 53 54 55 56 59 60 61 62 64 65 66 70 72 73 74 76 78 82 83 84 86 87 88 90 93 95 96 98 99 103 104 106 109 110 111 112 113 114 115 117 118 119 121 122 123 125 126 127 128 129 131 133 135 137 139 140 141 142 144 145 146 147 148 149 150 151 152 153 154 155 156 157 159 161 164 166 167 168 169 170 171 174 176 178 179 181 183 184 185 186 188 190 192 193 196 197 198 200
29 27 28 29 30 31 32 33 35 37 38 40 41 42 44 45 46 50 51 52 55 57 58 59 60 62 63 64 66 67 68 69 73 74 75 76 77 78 79 82 83 84 85 86 88 89 90 93 94 95 96 97 98 99 100 103 104 105 108 109 110 112 113 114 117 120 122 125 126 127 129 130 131 132 133 134 135 137 139 140 141 142 143 145 146 147 149 151 152 153 156 158 160 161 163 164 165 166 167 168 170 171 176 178 180 181 182 183 184 185 186 187 188 189 190 191 192 193 194 196 197 198 200
11 27 29 34 35 36 38 40 42 43 44 46 49 50 51 52 54 57 59 60 61 62 64 65 68 70 71 74 76 77 78 79 80 81 83 85 86 88 89 90 91 92 94 96 97 98 99 100 102 104 105 106 107 110 112 113 114 115 116 118 119 120 121 122 125 126 128 130 135 136 137 138 139 141 142 143 147 151 152 153 154 155 156 160 161 162 163 164 165 166 169 170 171 172 176 178 181 183 184 185 186 188 190 192 196 197 198 199 200
29 28 29 30 31 33 35 37 38 40 41 42 43 45 49 51 52 54 55 56 58 59 60 61 62 63 64 66 67 68 69 70 74 77 78 79 81 83 84 86 87 88 90 91 92 94 95 96 97 98 99 100 102 103 105 109 110 111 112 114 115 117 121 122 123 125 127 128 129 130 131 132 133 134 135 136 137 138 139 140 141 142 144 148 149 150 152 153 156 157 158 159 160 161 163 164 165 166 168 169 170 171 172 173 175 176 177 178 179 180 181 182 183 186 188 189 190 191 193 194 195 196 197 199 200
10 29 30 31 34 35 36 40 41 43 44 45 47 48 49 50 52 53 54 55 57 58 59 60 61 62 63 65 67 68 69 71 72 73 74 75 76 77 79 81 82 83 84 85 86 87 88 89 90 91 92 93 94 95 96 98 100 101 102 103 105 106 107 108 110 112 113 114 115 119 121 123 125 126 128 129 133 134 135 136 137 139 140 141 142 144 145 149 150 151 152 153 155 157 158 160 162 163 164 165 169 170 171 172 174 175 176 178 179 180 181 182 183 184 187 188 189 190 193 195 196 197 198 200
18 31 32 34 36 41 42 45 46 47 49 51 52 53 54 56 57 58 61 63 64 65 66 68 75 76 77 78 79 80 84 86 87 88 89 90 91 92 97 98 99 100 101 102 103 104 106 108 109 110 111 113 114 116 118 121 122 123 126 127 128 129 130 131 134 135 136 137 138 139 142 143 145 147 148 149 151 154 155 156 158 159 161 162 163 164 165 166 167 168 169 170 171 172 173 177 179 180 182 183 184 185 186 187 188 189 191 192 193 194 195 196 197 198 199 200
30 31 34 36 37 38 39 41 42 43 46 48 49 53 55 57 58 59 61 62 63 64 65 66 67 68 69 72 73 74 76 78 79 80 81 82 83 84 85 86 87 88 89 90 91 92 94 95 97 98 100 101 102 103 105 106 107 109 110 111 113 114 115 116 120 121 122 123 124 125 128 129 130 131 132 133 134 135 136 137 140 142 145 146 147 148 151 152 154 155 157 158 159 160 161 163 164 165 166 168 169 172 173 174 175 176 177 178 182 184 185 186 188 190 193 195 196 198 199
30 32 33 37 39 40 41 43 44 45 46 47 48 49 52 53 54 55 56 57 59 60 61 65 67 68 69 70 73 74 75 76 77 78 80 81 82 83 84 85 87 88 89 91 92 93 94 96 97 98 100 101 102 105 107 108 109 110 111 113 115 116 117 118 119 120 121 122 124 126 128 129 130 131 132 133 134 135 136 137 138 140 142 143 144 148 149 150 152 154 155 156 157 159 160 161 164 165 166 167 169 171 172 173 174 175 176 177 178 179 180 182 184 185 186 187 188 189 190 191 192 193 194 196 197 198 199 200
29 33 35 36 37 39 40 41 42 47 48 49 51 52 53 54 55 56 57 58 59 60 62 64 66 68 69 70 71 73 74 75 77 78 79 80 83 84 87 88 89 90 91 92 94 95 97 98 99 100 101 102 103 104 105 106 107 109 110 111 115 116 117 119 120 121 122 123 125 127 128 130 132 134 136 137 138 139 140 141 142 143 149 150 151 152 153 154 155 156 158 159 161 162 163 164 165 168 169 170 171 172 173 174 175 176 179 180 181 184 186 188 189 190 191 192 193 194 195 196 197 199
16 34 35 37 40 41 43 44 46 47 49 50 51 53 54 55 56 57 60 62 65 66 67 68 69 70 71 72 74 75 77 78 79 82 85 87 88 90 91 94 95 96 97 98 99 101 102 104 106 108 109 110 111 112 114 116 117 118 119 121 123 124 125 127 129 131 132 133 134 135 139 141 142 143 144 145 146 147 148 149 150 151 152 154 157 158 161 162 164 165 166 167 168 169 170 171 172 173 174 176 177 178 179 180 182 183 185 187 188 189 190 192 195 196 198 199 200
15 36 37 38 42 43 44 45 47 48 53 54 55 56 58 59 61 62 63 64 65 66 70 71 72 73 75 77 78 79 83 84 87 88 89 90 91 92 94 95 96 100 101 102 103 104 105 106 108 110 112 114 116 117 119 122 123 124 125 128 129 130 131 133 134 135 137 138 139 140 141 142 143 144 146 147 148 150 152 153 154 155 156 157 158 160 161 162 163 165 166 168 169 170 171 173 178 179 180 181 183 184 185 188 192 193 194 195 196 197 198 199 200
30 36 37 38 39 40 41 44 46 49 51 53 54 55 56 57 59 60 62 63 64 65 68 70 71 73 74 75 76 77 79 80 81 83 84 86 87 88 91 92 96 97 98 99 100 102 103 104 105 106 107 108 113 114 115 116 118 119 121 123 124 126 127 128 130 131 133 134 135 136 137 138 141 142 143 144 145 146 147 149 150 151 153 154 155 156 158 160 161 163 165 166 169 170 171 173 174 175 176 178 179 180 181 182 184 185 186 187 188 191 193 195 196 197 198 200
24 38 40 41 42 43 44 45 48 50 52 54 56 57 58 59 60 62 65 66 67 68 70 71 72 73 77 79 80 82 84 85 88 89 90 91 93 97 98 102 103 104 106 107 108 110 111 112 114 115 116 117 120 121 122 123 124 125 126 127 128 129 132 134 135 137 138 139 140 142 143 144 145 146 147 148 150 151 152 154 155 158 159 160 164 165 166 167 170 171 174 175 176 177 178 181 182 183 184 185 187 189 190 191 193 194 195 200
19 38 39 40 43 44 45 46 48 50 53 54 55 56 57 58 59 60 61 62 63 64 65 66 69 70 71 72 73 76 78 80 81 82 83 84 85 86 87 88 89 90 92 94 95 97 98 99 101 102 104 105 106 107 112 113 114 115 117 120 122 123 124 127 128 129 130 132 134 136 140 144 145 146 147 148 149 150 151 152 153 154 155 156 158 159 160 161 162 163 164 165 166 167 168 169 170 171 172 173 175 176 177 178 179 180 181 183 184 185 186 188 189 190 191 192 194 196 198 199 200
13 40 42 43 44 46 47 48 49 50 52 53 54 55 56 58 60 61 62 65 66 67 68 69 72 73 74 75 76 77 78 79 80 82 83 85 86 87 89 91 92 93 96 97 98 100 101 102 103 104 105 106 108 109 110 111 112 114 116 117 118 121 123 128 129 130 131 133 134 135 136 137 138 139 142 144 145 146 147 148 149 150 151 152 153 154 155 156 157 158 159 161 162 165 168 169 170 171 172 174 175 177 178 180 186 187 189 190 191 192 194 195 196 197 198 199 200
20 40 41 43 44 46 47 48 49 50 51 54 56 57 58 60 61 62 63 66 67 68 69 71 72 73 75 76 78 79 81 83 85 87 88 89 91 92 95 97 98 99 101 102 103 104 106 107 108 109 112 114 115 117 118 120 121 122 125 126 127 130 132 133 135 136 137 138 141 142 144 145 147 148 149 150 151 152 153 156 158 159 160 161 162 163 164 165 167 169 170 171 174 176 177 178 180 183 185 186 187 188 189 191 194 195 197 199 200
25 42 43 44 47 50 52 54 55 57 58 60 61 62 63 65 66 67 68 70 72 73 74 75 79 80 81 82 83 86 88 90 91 93 94 95 96 98 99 105 106 107 108 110 111 112 114 115 118 119 121 122 125 126 128 129 130 133 134 136 138 139 140 141 142 145 146 147 148 149 150 152 154 156 157 158 159 163 164 165 166 167 168 169 170 171 174 175 176 177 179 180 181 182 183 184 186 187 188 189 191 192 193 195 196 197 198 199 200
22 42 43 44 45 49 50 55 56 57 59 62 63 64 65 66 67 68 71 73 74 76 77 78 80 82 83 85 86 87 89 90 91 92 95 96 97 98 99 100 101 102 106 107 109 110 111 112 114 115 116 117 119 120 121 122 123 124 126 127 128 129 132 136 138 139 140 141 144 145 146 147 148 149 150 151 152 153 155 157 158 159 160 161 162 163 164 165 166 168 169 170 171 172 174 178 179 180 181 182 183 184 185 186 187 188 190 192 194 195 197 199 200
12 44 45 46 50 51 54 56 59 60 61 62 63 65 66 67 69 70 71 72 73 74 75 77 79 82 83 84 86 87 88 91 92 95 96 98 99 100 102 104 106 108 109 110 111 113 115 117 118 122 124 125 126 128 132 133 134 135 138 140 143 144 146 147 148 149 152 156 157 159 160 162 163 164 166 167 168 170 172 173 174 179 181 182 183 184 186 188 189 191 192 196 197 198 200
10 44 45 46 47 48 49 50 51 52 53 54 55 56 58 59 61 62 63 64 65 66 67 68 69 70 71 72 73 75 76 77 79 80 81 85 86 87 88 89 90 92 94 95 96 97 98 99 100 101 102 104 105 106 107 108 109 110 111 112 113 114 115 116 117 119 122 123 125 126 127 128 129 130 131 135 136 137 138 139 140 141 142 143 144 145 146 147 148 149 150 152 154 155 157 158 159 161 162 163 164 165 166 168 169 170 171 172 173 174 176 177 178 179 180 182 185 186 187 188 190 191 192 195 197 198 199 200
26 46 47 48 49 50 51 53 56 57 58 59 60 61 62 63 64 65 67 69 70 73 76 78 79 80 82 83 84 86 87 88 91 92 93 94 95 96 97 98 101 102 104 105 107 108 109 111 112 113 115 116 118 119 120 121 123 125 128 129 130 131 133 134 135 136 137 139 141 142 143 145 146 147 148 149 151 153 157 158 159 160 161 162 164 165 166 168 169 170 171 172 173 174 175 176 177 179 180 181 182 183 184 186 187 188 189 190 191 193 194 195 197 199 200
19 46 49 50 51 52 53 55 56 57 58 59 60 61 63 64 67 68 69 70 73 75 77 78 80 81 84 85 86 89 90 91 93 94 95 97 98 100 101 102 104 105 106 107 108 109 110 111 112 113 115 116 117 118 119 121 122 125 128 131 133 134 135 138 140 141 142 143 144 145 146 149 150 151 152 154 155 158 161 162 163 165 166 167 171 172 173 174 175 176 178 179 180 181 182 184 185 186 187 188 190 191 192 193 194 196 197 198 199 200
29 47 48 49 51 53 55 56 58 60 63 64 65 67 68 72 73 74 77 78 79 80 82 83 86 89 90 95 97 99 100 101 102 105 107 108 109 111 112 113 116 117 118 119 120 122 125 128 129 130 132 133 136 137 138 139 140 141 143 144 145 146 148 149 150 151 152 153 155 156 157 158 161 162 163 164 165 166 168 170 171 173 176 177 179 180 181 183 184 186 187 188 191 192 193 195 196 197
19 48 51 54 55 57 58 59 60 62 63 64 65 66 67 68 69 71 74 75 76 78 80 82 86 87 88 89 90 91 92 93 94 95 96 97 99 101 103 105 106 107 108 109 111 112 113 114 115 116 117 118 121 123 124 125 126 127 129 130 131 132 133 134 137 139 140 143 144 145 146 147 148 149 150 151 152 153 155 156 157 158 159 161 162 164 165 167 168 170 171 174 175 176 177 178 179 180 185 186 187 188 189 190 191 193 194 195 197 198 199 200
16 49 50 52 53 54 55 56 57 58 59 60 61 62 64 66 67 68 69 70 71 74 75 78 79 80 81 82 83 84 85 86 87 89 91 92 94 95 97 98 100 102 103 104 106 107 108 109 110 112 113 114 116 119 122 123 125 127 128 129 132 133 134 135 136 137 138 139 140 141 142 144 145 146 147 148 149 150 152 153 154 155 156 157 158 159 160 162 163 165 166 167 170 171 174 176 177 179 182 183 185 186 187 190 192 194 198 199 200
14 51 53 54 55 57 58 59 61 63 64 66 68 72 74 75 78 79 80 83 84 86 87 88 89 91 92 93 94 97 98 99 100 101 102 105 106 110 111 112 113 115 116 117 118 119 120 121 122 123 125 128 129 131 133 137 138 139 140 141 142 143 145 146 148 151 152 153 154 155 156 158 161 162 164 166 167 168 170 171 173 175 176 177 178 181 182 183 188 189 190 192 193 195 196 197 198 199
21 51 52 53 54 55 58 59 60 61 63 64 65 66 67 68 70 71 72 74 77 78 79 80 81 82 83 84 86 88 89 90 91 92 96 98 99 100 101 102 103 104 105 106 107 108 109 110 113 114 116 117 118 120 121 124 127 128 129 130 132 133 135 136 137 138 139 141 142 144 147 148 149 150 151 152 153 154 155 156 157 158 159 160 161 164 165 166 167 168 169 170 171 174 175 176 177 178 180 181 183 184 185 187 188 191 192 193 196 198 199 200
16 52 54 55 56 58 59 60 61 62 63 64 66 67 69 70 71 73 74 75 79 80 82 83 84 85 87 89 90 91 93 94 96 97 98 99 100 101 103 104 105 106 107 109 111 112 113 114 115 116 117 119 120 122 123 125 126 130 132 133 134 136 137 138 139 140 141 142 144 148 150 151 152 153 154 155 157 158 159 160 161 162 163 164 165 166 167 168 169 170 172 173 174 175 176 177 178 179 182 185 186 187 188 189 192 193 194 195 197 200
28 53 54 56 59 61 62 63 64 65 66 69 70 71 72 76 77 78 79 80 82 83 84 85 86 87 88 89 90 91 93 94 95 96 97 99 100 102 103 104 105 106 109 111 112 113 114 115 116 117 118 119 120 121 122 123 125 128 130 131 132 133 134 135 136 137 138 139 140 141 142 143 144 146 147 148 150 151 152 153 154 156 157 158 161 163 165 166 169 170 171 172 174 175 176 177 179 180 181 183 184 185 187 188 190 191 192 194 198
15 54 55 56 57 60 61 63 65 66 67 69 70 71 72 73 74 75 76 77 78 79 80 81 82 83 84 85 87 88 89 90 91 93 94 95 97 98 99 100 101 102 103 104 106 107 108 109 110 112 114 117 119 121 122 124 125 126 127 128 129 130 131 132 134 135 139 141 142 143 145 147 148 149 151 153 154 155 157 158 161 164 166 167 169 170 171 172 174 175 176 177 178 179 181 183 184 185 186 187 189 191 192 195 196 197 198 199 200
18 56 57 58 59 60 62 65 66 67 68 70 72 73 74 75 76 77 79 81 82 84 85 86 87 89 90 92 93 94 95 98 100 101 104 105 108 111 113 114 115 116 121 122 123 124 125 126 127 129 132 134 135 136 137 138 139 141 142 143 144 145 146 148 149 150 153 154 156 157 158 162 163 164 165 166 167 169 170 171 172 173 174 175 179 180 181 182 183 184 185 188 189 192 194 195 196 197 199 200
18 58 59 60 61 62 64 65 66 68 69 72 73 74 75 76 78 83 84 86 87 88 89 92 94 95 98 99 100 101 102 103 104 106 107 108 109 111 112 113 114 115 117 119 124 125 126 127 128 131 132 133 134 135 136 138 140 141 143 144 146 147 153 154 155 156 157 159 160 161 163 165 166 167 168 169 170 171 172 173 174 175 176 177 179 182 184 185 187 191 192 194 195 196 197 198 199 200
13 57 59 60 61 63 64 65 66 67 68 70 71 74 75 76 77 78 79 80 81 82 83 84 85 87 89 90 91 93 94 95 98 99 100 101 102 103 104 105 107 108 110 111 112 113 114 116 117 119 121 122 124 125 126 127 128 129 134 137 138 141 142 145 146 147 148 149 150 151 152 153 154 157 158 159 160 163 165 167 169 171 173 174 175 176 177 178 179 180 181 182 183 184 185 186 188 189 191 192 193 195 196 198 200
14 58 60 61 62 63 64 65 66 67 68 70 72 73 75 77 78 80 82 83 84 86 87 88 89 90 92 93 94 97 100 102 103 108 110 111 115 117 118 120 123 124 125 127 129 130 131 133 134 135 136 137 138 139 140 141 142 143 144 145 147 148 149 150 151 152 154 155 156 157 158 160 162 163 164 165 166 167 168 169 170 174 175 177 178 180 181 183 185 186 187 188 190 191 193 194 195 196 197 198 199 200
15 59 60 61 62 63 65 69 70 71 73 75 77 79 80 81 82 84 86 87 88 89 90 91 92 93 94 95 96 97 98 100 101 103 104 105 106 107 110 111 113 115 117 121 123 124 126 128 130 132 135 137 138 139 140 142 143 147 148 149 150 151 152 153 154 155 156 157 158 159 160 162 163 165 166 167 168 174 177 178 179 180 181 183 185 186 187 190 192 193 194 195 196 197 198 199 200
27 60 61 62 63 64 65 66 69 70 71 72 74 75 76 78 80 81 82 84 85 86 87 88 90 91 92 93 95 96 97 99 101 102 103 104 105 106 107 108 109 110 111 112 113 114 117 119 122 123 124 125 126 127 129 131 132 133 134 136 137 138 139 140 142 144 146 147 149 150 151 153 154 156 158 160 161 162 163 164 165 167 168 172 173 174 175 177 178 179 181 182 183 184 185 186 187 190 191 192 193 194 195 196 197 198 199 200
20 61 62 64 66 68 70 71 72 73 74 75 77 78 79 80 82 83 84 85 86 87 89 92 93 94 95 98 100 101 103 104 105 108 109 111 113 114 115 116 117 118 120 122 123 124 125 126 127 128 129 131 133 135 136 137 141 142 143 144 146 147 148 150 151 152 153 154 155 156 157 159 160 161 162 163 164 166 167 168 169 170 171 172 173 174 175 177 178 180 182 183 184 186 188 191 192 194 195 196 197 198 199
28 62 63 64 65 67 70 71 72 74 75 76 79 80 81 82 83 85 86 87 89 91 92 94 95 96 97 98 99 100 102 103 105 106 107 108 111 113 114 115 116 118 119 120 121 122 124 125 127 129 131 132 133 134 135 137 139 140 141 142 144 145 147 148 149 151 152 153 154 155 156 157 158 161 162 163 164 166 167 168 169 171 172 174 176 178 179 180 181 182 184 185 186 188 189 190 191 194 195 197 198 199
29 63 64 65 66 67 68 69 70 71 72 74 75 76 78 79 80 81 82 83 84 85 87 88 89 90 91 92 94 95 96 97 99 100 101 102 103 104 106 107 108 110 111 112 113 114 116 118 120 121 122 123 125 127 132 138 139 140 141 142 143 145 146 149 150 151 152 153 154 155 156 157 159 160 161 162 165 167 168 170 171 172 178 179 181 182 183 184 185 186 187 188 190 191 192 194 195 198 199 200
20 64 65 66 68 69 70 71 72 74 75 76 77 80 82 83 85 86 88 89 90 91 93 94 95 96 97 98 99 103 104 105 106 107 108 109 110 112 113 114 115 116 117 118 120 121 123 125 128 131 132 135 136 137 142 143 144 147 149 150 152 153 154 156 158 159 160 161 164 165 166 167 169 170 172 174 175 176 177 178 179 181 183 184 185 186 187 189 190 191 194 196 200
17 67 68 69 70 71 72 73 74 76 77 78 79 81 82 83 85 86 88 90 93 94 95 96 97 98 100 101 103 104 106 107 108 109 110 111 112 113 114 115 116 118 119 120 121 122 123 124 125 126 127 128 130 131 132 133 135 137 138 139 140 141 142 143 145 149 150 152 153 155 156 157 158 159 160 161 162 163 164 165 166 169 171 173 174 175 176 177 178 179 180 183 184 185 186 188 189 190 191 192 193 194 195 196 197 198 199 200
28 67 68 69 71 72 73 74 75 76 77 78 80 84 85 89 90 92 93 94 95 96 97 99 100 101 102 106 108 111 112 114 116 117 118 119 120 123 124 126 127 128 129 131 132 133 134 137 138 140 141 142 143 145 146 147 149 150 151 152 153 154 155 157 158 159 163 165 166 168 169 171 172 173 174 175 176 177 179 180 182 183 184 185 186 187 188 189 190 192 193 194 196 198 199 200
26 68 69 70 73 76 77 79 80 83 84 85 86 87 89 90 91 92 93 94 95 97 98 99 100 102 103 104 107 108 109 110 112 114 118 121 123 125 126 127 128 129 133 136 138 139 140 141 142 143 145 147 148 149 150 151 152 153 156 158 159 160 161 162 163 164 166 167 169 170 171 172 174 175 178 180 181 184 186 187 188 189 190 191 192 193 194 195 197 200
16 68 72 73 74 75 76 77 82 84 85 86 87 88 90 91 92 95 97 98 99 103 104 105 108 111 112 114 115 116 117 119 120 122 123 126 132 138 139 140 141 142 145 146 147 148 150 151 152 153 155 156 159 160 163 165 166 167 168 171 173 175 176 177 178 179 180 181 182 183 184 185 186 187 188 190 196 197 199 200
13 69 70 71 73 74 75 76 77 78 80 84 85 86 87 88 91 92 93 95 98 99 100 102 104 106 107 108 109 110 113 114 115 117 118 120 121 123 124 125 127 128 129 130 132 133 134 135 137 138 142 143 144 145 147 149 151 152 154 155 157 159 160 161 163 164 165 168 170 171 172 176 177 180 181 184 185 189 190 191 193 195 196 197 199 200
14 70 71 72 74 75 77 78 80 81 82 83 84 85 86 87 89 90 91 92 93 95 96 97 99 101 102 104 105 106 107 108 109 110 111 112 113 114 115 119 120 121 122 123 124 125 127 130 131 132 134 135 137 140 141 145 146 150 151 153 154 155 156 157 159 160 161 162 163 165 166 168 170 171 173 174 175 177 178 182 183 184 185 186 189 190 192 193 195 196 197 198 199 200
30 71 72 74 75 77 78 79 80 81 82 83 86 88 89 92 93 94 97 98 100 102 103 105 106 107 108 109 113 114 115 118 119 120 123 124 125 128 130 131 132 133 134 135 137 138 141 143 144 145 146 147 148 149 150 152 153 156 157 158 159 160 161 162 163 164 166 167 168 169 170 171 172 173 175 176 177 178 181 182 183 185 186 187 188 189 190 191 193 195 197 198 200
12 72 73 74 77 78 79 80 81 82 83 84 86 89 90 91 95 96 97 98 99 102 104 105 106 107 108 109 110 112 113 115 116 117 119 120 121 122 123 124 125 126 128 129 131 134 135 136 137 138 139 141 143 145 146 148 149 150 151 154 155 156 157 158 159 160 161 162 165 166 167 168 169 170 173 174 176 178 181 187 188 189 191 193 194 196 198 199 200
15 74 75 76 77 78 81 82 84 85 86 87 88 89 90 91 92 93 94 95 96 97 98 101 103 104 105 108 109 110 111 112 113 114 115 116 117 118 121 123 124 125 126 127 128 129 130 131 133 134 135 137 139 140 142 144 145 146 147 149 150 152 153 154 155 157 158 159 160 161 162 163 164 165 167 168 169 171 172 174 176 178 179 180 181 185 188 191 193 195 196 198 199 200
29 74 76 77 78 82 83 84 85 86 89 90 92 94 97 99 103 105 107 109 112 113 114 115 116 118 119 120 121 123 124 126 128 129 130 132 135 136 137 138 141 144 145 148 149 150 151 152 153 154 155 156 157 158 159 162 163 166 167 169 171 174 175 176 177 178 180 181 182 183 185 187 188 189 190 191 193 194 195 197 199 200
15 75 76 79 80 81 83 86 87 89 90 91 92 93 94 95 96 97 98 99 100 101 102 103 104 107 108 109 110 112 114 115 116 118 121 124 125 126 128 129 130 133 134 136 137 140 141 142 143 144 146 151 154 156 157 159 160 161 162 164 165 166 167 168 169 171 172 174 179 180 182 185 186 187 189 190 193 194 197
25 76 79 80 81 82 83 84 86 87 88 90 91 94 95 96 97 98 99 100 101 103 104 107 108 109 111 112 113 114 115 117 118 119 120 121 122 123 124 125 126 127 128 130 131 134 135 136 137 139 140 141 143 144 145 146 148 149 150 151 153 154 158 159 160 161 162 163 164 166 167 168 170 171 172 173 174 175 178 179 181 183 184 185 186 187 188 189 191 192 193 194 195 197 198 200
16 77 78 80 81 82 87 88 89 90 91 94 95 96 97 98 99 100 101 102 104 105 106 107 108 109 112 114 115 116 117 118 120 121 122 123 125 128 132 133 137 138 141 142 143 144 145 146 147 148 149 150 151 152 153 154 155 156 157 158 159 162 164 165 167 168 170 172 173 174 176 178 179 180 182 183 184 185 186 188 189 190 191 194 197 198 199 200
28 78 79 81 83 84 86 87 90 91 93 94 99 101 103 105 106 107 108 111 112 113 115 116 117 118 119 121 122 123 124 125 126 127 129 131 133 136 137 138 140 141 142 144 145 146 148 149 150 151 152 153 154 155 157 159 161 162 164 165 166 167 168 169 170 171 173 174 175 176 178 179 180 181 182 183 184 186 187 188 189 190 191 193 195 196 197 198 199 200
11 79 80 83 85 87 88 90 92 93 95 96 97 98 100 101 102 103 106 107 108 110 111 114 115 117 118 119 120 121 122 123 124 125 126 127 128 130 133 134 135 136 139 140 141 142 143 144 145 147 148 149 150 152 153 154 156 158 159 160 161 163 164 166 167 169 171 172 173 175 176 177 178 179 180 181 183 187 188 189 191 197 199 200
22 80 81 83 85 86 87 88 90 92 93 94 95 96 97 98 99 101 102 103 107 109 110 111 113 114 115 116 117 118 119 120 122 123 126 127 128 129 130 131 132 133 135 136 137 139 141 142 144 145 146 147 148 149 151 152 154 155 157 158 159 160 162 165 166 168 169 170 174 175 176 177 178 179 180 181 182 183 185 186 187 189 190 192 195 196 197 199 200
13 82 83 84 85 86 88 89 90 92 93 95 96 97 100 102 103 106 107 109 110 111 112 113 115 116 117 118 119 120 124 125 126 127 129 131 133 135 136 137 138 140 141 142 144 145 146 147 148 149 150 152 153 154 155 156 159 161 162 163 164 165 166 168 170 172 173 175 176 177 178 180 181 182 183 185 186 187 188 189 190 191 192 193 194 195 196 197 198
27 83 84 85 87 88 90 91 92 93 94 95 96 98 99 100 101 102 103 105 106 107 108 111 112 114 115 117 118 123 125 126 127 128 129 131 132 133 134 135 136 140 141 142 145 146 147 148 149 150 152 153 154 155 156 157 159 160 162 163 164 165 166 167 168 169 170 171 174 175 176 177 178 179 180 182 183 184 185 187 190 193 194 195 196 197 198 199
26 84 85 86 87 89 90 92 93 94 95 96 97 98 100 102 104 105 106 107 109 111 112 113 115 117 119 122 123 124 125 126 128 129 130 131 133 134 135 136 138 140 141 142 143 144 145 146 147 149 150 153 155 156 158 159 160 161 163 164 165 166 167 168 169 170 171 172 173 174 175 177 178 179 182 183 184 185 186 189 191 192 193 195 197 198 199
10 85 87 88 89 90 91 92 93 94 95 97 98 99 100 101 102 103 104 105 107 111 112 113 114 115 116 118 119 121 122 123 124 125 126 129 130 131 132 133 134 135 136 137 141 142 143 144 145 147 149 151 152 155 156 157 158 159 160 161 162 167 168 172 174 176 178 180 181 183 185 186 187 188 192 193 194 195 196 198 199
13 85 86 88 89 90 91 92 93 98 99 102 103 104 105 107 108 111 112 114 115 116 118 119 121 123 125 127 128 129 130 131 133 134 135 136 137 138 139 141 142 143 144 145 146 147 148 151 152 154 155 156 158 159 162 163 164 165 167 168 169 171 172 173 174 175 178 181 183 184 185 187 191 192 193 194 195 196 198 200
12 86 87 88 89 90 92 93 94 95 96 97 98 99 100 103 104 105 106 107 108 110 111 112 115 116 117 118 119 120 121 122 123 124 125 126 127 128 129 130 131 132 133 134 135 136 137 139 142 143 144 145 146 149 152 153 154 155 158 159 160 162 164 166 169 171 173 176 177 179 180 181 182 183 184 185 186 187 188 190 192 193 195 196 197 200
16 87 88 89 92 93 96 97 98 99 101 102 103 106 109 110 111 114 116 117 118 120 121 122 123 124 125 129 130 132 133 135 138 139 141 142 145 146 147 148 149 150 151 152 153 154 155 156 157 158 159 161 162 163 164 165 166 167 170 172 174 176 177 178 182 183 184 188 189 190 191 196 197 198 199 200
22 88 89 91 94 96 97 98 99 100 101 104 107 109 110 111 112 113 114 115 116 117 119 122 123 124 126 131 132 133 134 135 136 137 139 140 141 143 144 146 147 149 151 153 154 155 156 157 158 161 162 164 166 167 168 169 171 172 173 176 178 180 181 183 184 185 186 187 190 191 192 194 195 197 198 200
14 89 90 91 92 94 95 96 98 99 101 102 103 104 105 106 107 108 109 111 112 113 115 116 117 120 121 122 123 125 128 129 135 136 137 139 143 145 146 147 148 149 151 152 154 155 156 157 158 159 160 162 163 164 166 167 168 169 171 172 173 174 175 176 177 179 181 182 183 184 188 189 191 192 193 194 196 197 198 200
12 90 91 92 94 95 100 101 103 105 107 110 111 113 114 117 118 119 120 122 124 126 127 129 130 132 133 135 139 140 142 143 144 145 147 149 152 153 154 155 156 158 161 162 163 164 165 167 170 171 172 173 175 176 177 179 180 182 184 185 186 188 190 192 193 194 196 197 198 199 200
19 91 93 95 97 100 102 103 105 106 107 109 110 111 112 113 114 115 117 118 121 123 124 125 127 128 129 130 131 132 133 135 137 139 140 141 142 143 144 147 148 151 153 158 160 162 164 167 168 169 170 173 174 175 176 178 180 181 182 184 185 187 188 189 191 192 193 194 196 197 198 199
10 92 93 94 95 97 98 99 100 101 102 103 104 105 106 107 108 111 112 113 117 118 122 123 125 126 127 130 131 133 134 135 136 139 140 144 147 148 149 152 154 156 157 158 159 160 161 162 164 165 166 167 169 170 171 174 175 176 177 178 179 181 182 184 185 186 187 189 190 191 192 194 197 198 199
16 94 95 97 98 100 101 102 105 106 107 108 110 111 112 113 115 117 118 119 120 122 124 125 126 127 128 129 130 131 132 133 134 135 136 137 138 139 140 141 143 144 146 147 148 151 152 153 154 155 156 157 158 159 160 163 164 165 166 167 169 170 171 172 173 174 175 176 177 178 179 180 181 182 184 185 186 187 188 189 190 191 193 194 195 196 197 198 199 200
11 94 95 96 97 100 101 102 103 104 105 106 108 109 110 112 114 116 117 122 123 124 125 126 127 128 130 131 132 135 136 137 138 139 141 142 143 144 146 147 148 150 151 152 153 154 155 156 157 158 159 160 163 164 165 166 167 169 170 171 172 173 174 175 177 178 180 181 182 183 185 186 187 189 192 193 195 197 198 199
28 95 96 97 99 101 103 105 106 107 108 109 110 111 112 114 115 117 118 119 120 121 122 123 124 127 128 129 130 131 132 133 135 136 138 139 140 141 142 143 146 147 150 151 152 153 155 156 159 160 161 162 163 165 167 168 169 170 172 173 175 179 180 182 184 187 189 190 191 192 193 195 196 197 198 199
11 97 98 99 100 102 103 106 107 108 109 110 111 112 113 114 115 117 118 119 122 123 124 125 127 128 129 132 133 134 136 137 139 140 142 145 147 148 150 152 153 154 156 157 158 160 163 164 165 166 168 169 171 172 174 175 176 177 178 179 181 182 183 184 185 186 187 188 189 190 192 193 194 196 198 199 200
12 97 98 99 102 103 104 105 106 107 108 110 111 112 113 114 115 116 117 118 119 120 122 123 124 125 128 129 131 132 133 134 139 141 142 143 144 145 146 147 148 149 150 153 154 156 160 162 163 164 165 166 168 169 170 171 173 175 176 177 178 180 183 184 185 186 187 188 190 191 192 193 194 195 196 198 199 200
11 98 99 100 101 102 103 104 105 106 109 111 112 113 114 116 117 118 119 120 121 122 123 124 127 129 130 132 133 134 135 136 137 140 141 142 143 144 145 147 148 150 151 152 155 157 159 160 162 165 166 168 170 171 175 176 178 179 181 182 183 184 186 187 189 191 194 195 196 197 199
26 99 100 102 104 105 109 110 111 112 114 115 116 117 118 121 122 123 124 125 126 127 129 130 132 134 135 136 138 139 141 142 143 144 145 147 148 154 155 156 161 162 163 164 165 166 167 169 170 172 173 175 176 177 178 180 181 183 184 185 187 188 189 191 192 193 195 196 197
25 100 102 103 104 105 106 107 108 109 110 111 112 113 114 116 117 118 119 120 122 123 124 125 129 130 131 132 133 134 135 136 137 138 139 140 141 142 144 146 147 148 149 151 152 153 154 155 156 157 158 159 161 163 165 166 167 168 169 170 171 172 174 176 178 179 180 181 182 183 184 186 187 188 190 191 192 193 194 195 197 198 200
12 101 102 104 105 107 108 110 111 112 113 114 115 116 118 119 120 122 124 125 126 127 128 129 130 131 132 133 135 136 137 138 139 140 143 144 145 147 150 153 154 155 157 158 159 160 161 162 164 165 166 167 168 169 170 171 173 174 175 177 178 179 181 182 183 184 185 186 187 188 190 191 193 195 197 200
13 103 105 107 110 112 113 114 115 117 119 121 122 123 125 126 127 130 132 133 134 135 136 137 139 141 142 145 146 148 150 151 152 153 154 158 159 161 163 164 165 167 171 172 173 174 177 178 179 180 181 182 183 184 185 186 187 188 189 191 192 193 194 195 197 198 199 200
23 103 106 107 108 110 111 112 113 114 115 116 117 119 120 121 122 123 125 126 127 128 129 130 131 132 133 136 137 139 140 141 142 144 145 146 147 148 149 150 152 153 155 156 157 159 161 162 163 166 168 169 170 171 172 175 177 178 180 181 182 183 184 185 186 187 188 189 191 192 193 194 195 196 197 198 199 200
12 104 105 107 108 109 110 112 113 114 115 116 118 120 122 124 125 126 127 128 129 131 132 133 134 135 136 137 138 140 142 143 144 145 146 147 148 150 152 153 154 155 156 158 159 160 162 164 165 166 169 172 174 175 176 177 178 179 180 181 182 184 187 188 189 190 191 192 193 194 196 199 200
22 106 107 108 109 110 111 112 113 115 116 117 119 120 121 122 123 125 129 130 131 132 133 135 136 137 138 140 142 143 144 145 147 148 149 150 151 152 154 156 157 158 159 161 162 163 164 166 167 170 171 172 173 174 175 176 177 180 181 182 184 186 187 191 192 194 195 196 197 198 199 200
25 108 109 110 112 113 114 115 116 117 118 119 120 121 122 123 124 125 127 128 130 132 133 136 138 139 141 142 144 145 146 147 148 149 151 154 155 156 159 162 164 166 167 168 169 170 172 173 174 175 176 178 179 180 182 184 185 186 187 188 190 191 192 195 196 197 198
12 108 109 110 111 115 116 117 118 119 120 121 125 126 129 130 131 132 133 134 135 136 137 141 142 144 145 148 149 151 152 153 154 157 158 160 161 162 163 164 166 169 170 171 172 173 174 175 176 177 178 179 180 182 183 184 186 187 189 191 193 194 197
30 108 109 111 112 113 114 115 116 119 122 123 126 127 128 129 131 132 134 137 139 143 144 146 147 148 149 150 151 153 154 155 156 157 159 160 162 164 170 171 173 174 176 178 180 183 184 185 187 188 190 191 192 193 194 195 196 197 199 200
12 110 111 112 113 114 115 117 118 119 120 121 125 126 130 132 134 135 136 137 139 140 141 144 146 148 149 151 153 154 155 156 159 161 162 163 164 167 168 169 170 171 172 174 176 177 178 179 180 181 184 185 187 189 192 193 196 197 198 199 200
19 110 112 114 115 116 118 120 122 123 124 125 126 127 128 130 131 132 133 135 136 137 138 139 140 142 143 144 146 147 148 149 150 151 152 153 154 155 156 157 158 161 163 164 165 166 167 168 169 170 173 174 175 176 178 180 181 183 184 185 187 189 190 191 192 195 196 198 199 200
12 111 113 114 115 116 118 119 128 129 130 132 133 134 135 136 137 138 139 140 141 142 145 146 147 149 150 153 154 156 157 158 162 164 167 169 170 171 173 179 180 181 183 186 187 192 194 196 197 199
19 113 115 117 118 119 120 121 122 124 125 126 127 129 130 132 133 134 137 139 140 141 142 144 147 148 149 150 151 152 154 156 157 159 160 161 162 164 165 167 169 171 172 173 174 175 177 180 181 182 183 184 185 186 192 193 194 195 199 200
16 113 114 118 121 124 126 129 130 131 132 135 136 137 138 140 142 143 145 147 148 150 152 154 155 156 158 159 160 162 163 164 165 167 171 172 174 175 178 179 181 182 183 185 186 187 190 191 192 193 194 198 199 200
25 114 115 117 119 121 122 123 126 127 128 129 131 134 136 137 138 139 141 142 143 145 147 149 151 152 153 155 158 159 161 162 163 164 165 166 167 168 169 170 172 173 174 175 176 180 183 184 185 187 188 189 190 191 192 194 195 196 197 199
30 115 116 117 118 120 122 123 125 126 127 129 130 131 132 133 134 135 136 137 138 139 140 141 142 143 144 146 147 149 153 154 155 156 157 158 159 160 162 164 166 167 169 170 171 172 174 175 176 179 180 181 182 183 184 185 187 188 190 191 192 194 195 196 197 198 199 200
27 117 118 120 121 122 124 127 128 129 130 131 132 133 134 135 136 139 140 141 143 145 146 149 150 151 152 155 156 158 160 161 162 163 165 167 168 170 171 172 173 174 176 177 180 182 183 184 185 186 187 188 190 191 193 194 195 196 197 198 200
18 119 121 122 124 125 126 127 129 133 134 135 136 140 141 142 143 144 145 146 147 148 150 151 152 154 156 157 159 160 161 162 164 165 166 167 168 169 170 171 172 175 176 177 179 181 182 183 184 185 186 187 189 191 193 195 196 198 199 200
20 122 123 124 125 126 127 128 129 131 132 135 136 137 138 139 140 141 142 143 145 148 149 150 151 154 155 156 158 159 162 164 165 167 168 169 170 171 175 176 177 178 179 181 184 185 186 187 190 191 193 194 195 196 198 199 200
12 120 122 123 125 126 127 128 129 130 131 132 135 136 137 139 140 142 145 146 147 149 150 151 152 155 156 158 159 161 162 163 164 165 167 169 170 171 172 173 174 175 176 177 178 179 180 182 183 185 187 193 194 195 196 197 198 199
22 120 121 122 124 125 126 129 132 133 135 136 138 139 140 142 143 144 145 146 148 149 150 151 154 155 156 158 161 162 163 164 166 167 168 169 170 171 175 177 178 179 180 182 183 185 186 187 188 191 193 194 195 196 199 200
25 122 125 126 128 129 130 131 133 134 135 138 139 140 141 142 143 144 145 146 147 148 149 150 152 153 154 155 156 157 161 163 164 166 168 169 170 171 172 173 174 175 176 178 179 182 185 188 190 191 192 193 195 197 198 199
22 122 123 124 125 126 127 128 129 130 132 133 135 136 137 139 140 141 143 145 146 147 148 151 152 153 154 156 158 159 160 162 163 164 165 166 168 169 170 173 175 178 180 181 183 185 186 187 189 190 191 192 194 195 196 197 199
12 123 126 127 128 129 130 131 132 133 134 135 136 137 138 139 140 141 142 143 144 145 146 148 149 150 153 154 155 156 158 162 163 165 166 167 168 169 170 171 172 173 174 176 178 179 180 181 182 184 185 186 187 188 189 190 192 194 197 198 200
27 124 126 127 128 130 133 135 137 138 139 140 141 143 144 145 147 148 149 150 151 152 154 155 156 157 158 160 162 163 164 165 166 167 168 169 170 171 174 175 177 178 179 180 181 182 184 185 186 187 189 190 191 193 195 196 197 200
20 125 126 127 128 129 130 131 132 134 135 139 140 141 142 143 144 145 146 148 149 150 151 158 159 160 161 163 165 166 167 168 170 172 173 174 176 178 179 180 181 182 183 185 186 188 190 192 193 194 195 196 197 198 199 200
13 126 127 128 129 130 132 133 135 136 140 141 142 143 145 146 147 148 149 150 151 153 156 157 158 160 161 162 163 165 167 168 169 171 172 173 174 175 176 177 178 179 180 183 185 187 189 190 193 194 195 196 197 198 200
21 128 129 130 131 132 133 134 135 137 138 139 140 141 143 145 146 147 148 149 150 151 152 154 156 157 158 159 160 161 162 163 164 166 167 168 170 171 172 173 174 175 177 178 179 182 183 184 185 186 188 189 191 192 195 196 197 198 199
13 128 131 132 133 134 137 138 139 143 145 146 149 150 151 152 153 154 155 156 157 158 159 160 162 163 164 165 168 169 170 172 173 174 176 177 178 179 180 181 182 186 187 188 192 193 194 195 196 197 198 199 200
25 129 134 136 137 138 139 141 142 145 146 147 148 149 150 151 153 154 155 156 157 158 159 160 161 162 163 164 165 166 167 169 170 171 172 173 175 176 177 179 180 181 182 183 184 185 186 187 188 189 190 193 195 196 197 198 199 200
22 131 132 133 134 135 136 137 138 139 140 141 142 143 146 147 149 150 151 155 156 157 159 160 164 165 167 168 169 170 172 173 175 176 177 178 179 180 183 184 185 187 188 190 192 195 196 197 198 199 200
11 132 135 136 137 138 139 141 144 145 146 148 150 151 152 153 154 156 157 158 160 164 165 166 167 168 169 172 173 174 176 177 179 180 181 183 184 185 186 189 190 192 193 194 195 198 200
22 132 133 134 136 137 138 139 142 143 144 145 146 147 149 151 152 153 154 156 157 158 161 162 163 164 166 169 170 171 172 173 174 176 178 179 180 182 184 185 187 188 189 192 193 194 196 197 198 200
25 133 134 136 137 138 139 141 144 145 147 149 151 152 154 157 159 161 163 164 165 166 167 170 171 172 173 174 175 176 177 178 180 181 184 185 186 188 189 190 191 192 194 195 196 197 198 199
30 136 137 138 139 140 141 142 143 145 146 147 150 151 156 159 161 164 165 166 168 169 170 172 173 174 176 178 180 181 182 187 188 190 191 192 193 194 195 197 199 200
21 137 140 141 142 145 146 147 148 149 151 152 153 154 155 156 158 159 160 161 162 164 166 167 168 169 170 171 173 177 179 180 181 183 184 185 187 188 189 190 191 192 195 196 197 198 200
19 136 137 139 140 142 143 148 152 153 155 156 157 158 160 161 162 165 167 168 169 170 171 172 173 174 177 178 180 181 182 183 186 187 191 192 194 196 197 198 199 200
25 138 139 142 144 147 148 149 150 151 156 157 158 159 160 161 163 165 166 167 168 170 172 173 174 175 176 177 178 181 182 183 184 185 186 187 188 189 190 191 192 193 194 195 196 197 198 199
11 138 141 142 143 146 147 148 150 151 153 155 156 158 159 161 162 163 164 166 167 169 171 172 173 174 175 177 178 179 180 181 182 186 188 190 191 192 193 197 199 200
26 139 141 143 145 146 147 148 150 151 152 153 154 155 156 157 158 159 160 161 162 163 164 165 166 167 169 170 171 175 176 178 179 180 182 184 185 186 188 190 191 192 194 196 198 200
27 140 142 143 144 145 146 147 148 149 151 153 154 155 156 158 159 160 161 163 164 166 168 169 170 171 172 173 174 175 176 177 179 180 181 182 183 188 189 190 191 193 194 195 196 197 198 200
29 141 142 144 145 148 149 150 152 153 154 155 159 160 163 164 167 168 169 172 173 174 175 177 178 179 180 181 182 183 184 185 186 187 188 189 190 194 196 197 198 200
26 143 144 145 146 147 149 150 151 152 153 154 155 156 158 160 164 166 169 171 172 173 174 175 176 178 179 180 182 183 184 185 187 188 189 190 191 193 194 195 196 197 199
19 143 144 145 146 147 148 149 150 151 152 153 154 156 157 158 159 160 161 162 164 165 167 168 170 171 172 173 175 176 177 180 181 183 184 185 188 190 192 193 194 195 196 197 198 199 200
18 144 145 146 147 148 149 152 154 155 156 157 158 159 160 163 165 166 167 168 169 171 172 173 175 176 177 178 180 181 182 183 184 185 187 188 189 191 192 193 194 196 197 198 199 200
18 147 148 149 150 151 152 153 154 155 156 158 159 161 162 163 164 165 166 167 168 169 170 171 173 174 175 176 177 178 179 180 181 184 185 186 187 188 189 190 191 192 193 195 196 197 199
13 146 147 149 150 151 152 155 157 158 159 160 162 163 164 165 166 168 169 171 173 174 175 176 177 178 180 182 183 186 188 189 191 193 194 195 196 199
26 147 148 150 151 153 154 156 158 159 160 161 162 163 164 165 166 167 169 170 171 172 173 175 176 178 179 180 182 183 184 186 187 189 190 192 193 195 200
21 148 149 150 153 154 156 158 160 162 163 164 165 166 167 170 173 174 175 176 177 178 179 180 181 182 187 189 191 193 195 197 198 199 200
29 149 150 151 154 155 157 158 159 160 161 163 164 165 168 170 172 173 174 175 176 177 178 180 181 183 184 185 186 187 188 189 190 192 193 195 196 198 199 200
10 150 151 152 153 154 155 156 157 159 160 162 165 166 167 169 171 172 174 175 176 177 178 179 181 182 186 187 188 189 191 192 193 194 196 198 199
17 151 153 154 155 156 158 159 160 161 162 163 165 167 169 171 172 173 174 175 177 178 179 180 181 182 184 187 188 189 191 193 196 197 198 199 200
17 152 153 154 157 160 161 162 163 164 166 167 169 172 174 175 176 177 179 180 181 182 184 186 187 188 189 191 192 194 196 197 198 199 200
15 153 154 155 156 157 159 161 162 163 164 165 169 173 174 175 176 177 178 179 180 181 184 186 187 188 190 191 192 193 194 197 198 199
15 154 155 156 158 159 161 162 163 165 168 170 171 172 179 180 181 184 185 188 189 191 193 195 198 200
26 156 157 158 161 162 163 164 166 167 168 171 173 174 176 179 180 181 183 185 186 187 188 189 191 193 194 196 197 198 200
19 156 159 160 163 164 166 167 168 169 170 173 176 177 178 182 183 184 186 187 188 189 190 192 193 194 195 196 197 198 199 200
30 158 159 160 161 162 163 164 165 167 170 171 172 174 175 177 178 179 180 181 182 183 184 185 186 187 188 189 190 194 195 197 198 199 200
30 158 159 160 161 162 163 164 165 166 169 170 172 174 176 177 178 179 180 181 184 185 186 187 189 190 191 192 193 194 195 196 197 199 200
27 161 163 164 165 167 168 169 171 172 173 174 175 176 177 181 182 183 184 185 186 187 188 189 191 192 193 194 196 197 198 199
24 160 161 163 164 165 166 167 168 170 171 172 174 175 176 177 179 181 182 183 184 185 186 187 188 190 191 192 194 195 196 197 198 199 200
18 161 162 163 165 166 167 168 169 170 172 174 177 179 180 181 182 183 184 185 187 188 192 193 194 195 196 197 198 200
25 162 164 165 168 169 170 171 172 175 176 177 178 180 181 184 185 187 188 189 190 192 193 196 197 198 199
24 164 166 167 168 169 170 171 172 173 174 175 176 177 178 179 180 181 183 184 185 186 187 188 190 191 192 193 194 195 196 199 200
14 164 165 166 167 168 171 172 173 174 175 178 179 180 182 184 186 187 188 189 190 191 192 193 195 196 197 199 200
13 165 166 167 168 172 173 174 176 178 180 181 184 185 186 187 188 189 190 191 192 193 194 195 196 198 199 200
20 166 167 169 170 171 172 173 174 176 177 178 179 180 181 183 185 186 187 188 189 190 191 192 193 194 195 196 197 198 199 200
30 167 168 169 170 171 173 176 177 178 182 183 184 185 186 188 190 191 192 194 195 196 197 198 199
10 168 170 171 172 174 178 179 182 183 184 185 190 192 193 195 196 199 200
20 169 170 171 172 173 176 177 178 180 181 183 184 186 187 188 189 190 191 192 194 196 197 198 200
28 170 171 172 173 175 176 177 179 181 182 183 184 185 187 191 194 195 196 197
14 172 173 174 176 178 179 180 182 183 184 186 187 188 189 191 192 193 194 195 196 199 200
11 172 176 177 178 179 181 182 183 186 188 189 190 191 192 193 195 196 198 199 200
16 174 175 176 177 178 179 180 182 183 187 189 191 193 196 198 199 200
10 174 175 176 178 181 182 183 186 188 191 192 193 194 196 197
30 175 176 177 178 179 182 183 184 185 186 187 191 192 193 194 196 197 199 200
21 176 177 181 182 184 185 187 188 189 191 194 195 197 198 199
15 179 181 182 184 185 187 188 189 190 191 192 194 195 196 198 199 200
22 179 180 181 183 184 185 186 187 188 191 192 193 194 195 196 197 198 200
13 179 180 181 182 184 185 188 190 191 192 193 194 195 196 197 198 199 200
16 180 181 183 184 185 186 187 190 191 193 195 196 197 200
16 182 183 184 185 186 187 190 191 192 193 195 196 197 198 199
27 182 183 185 186 189 192 194 197 200
12 184 187 188 190 192 194 195 196 197 198 199 200
11 186 188 189 190 192 193 194 196
16 185 186 188 189 190 192 193 194 195 197 198 199 200
23 186 187 190 191 192 194 196 197 198 199 200
25 187 188 189 190 192 193 195 197 199 200
11 188 190 191 192 193 195 196 198 199 200
29 192 193 194 195 196 198 199 200
23 190 193 196 197 198 199 200
11 191 192 193 195 196 197 198 200
21 192 194 196 197 200
28 193 194 195 196 197 198 200
10 194 196 197 199 200
22 196 197 198 200
22 198
27 198 199 200
21 198 199 200
11 200
22 200
15
