200	10	1000	1
0	66	25
0	25	27
0	108	14
0	12	17
0	35	25
0	110	22
0	152	16
0	142	17
0	84	18
0	124	19
43 2 3 5 6 7 8 9 10 11 13 15 16 17 18 19 20 21 22 23 24 25 26 27 30 31 32 34 35 36 37 38 40 41 43 44 45 47 49 51 52 53 56 57 58 59 61 62 63 64 66 67 69 70 71 72 73 74 75 76 77 78 79 82 83 84 85 86 88 89 90 95 97 98 99 100 104 105 107 109 110 111 114 116 117 118 119 120 121 123 124 125 126 127 128 129 130 132 133 135 137 139 140 141 142 143 144 145 146 147 148 149 150 152 154 155 156 157 158 159 161 163 164 165 166 169 170 173 174 175 177 179 180 181 182 183 184 185 186 188 189 190 191 192 193 195 196 197 198 199 200
80 3 5 6 7 8 9 15 17 18 19 20 22 23 24 25 26 27 32 33 38 39 40 41 42 43 46 48 49 50 51 52 53 54 55 56 57 58 59 60 61 64 65 68 69 73 74 75 76 77 78 79 80 81 83 84 85 86 87 88 89 93 94 95 96 97 99 100 101 102 103 104 105 106 108 109 110 111 113 115 116 117 118 119 120 122 124 125 126 127 128 129 130 131 132 133 135 138 139 141 142 143 144 145 148 151 154 156 157 159 161 163 167 169 172 173 176 178 179 180 181 182 183 186 188 190 191 192 194 195 197 198
21 4 6 7 8 9 10 12 15 16 17 18 20 23 24 26 27 28 29 31 32 35 37 38 42 43 44 45 46 47 49 50 51 53 54 56 59 60 61 62 63 64 67 68 69 70 72 74 78 80 81 83 84 85 88 89 90 91 92 93 94 95 97 99 100 101 102 105 106 107 108 109 111 112 113 114 115 116 117 118 119 122 123 124 125 126 129 135 136 137 138 140 141 143 144 145 146 147 148 150 151 152 153 154 155 156 157 158 160 161 163 167 168 170 171 172 175 176 177 178 179 180 181 183 185 186 187 189 190 191 192 193 194 195 196 197 198 199 200
88 5 6 7 10 11 12 13 14 15 18 19 20 22 23 25 27 28 29 32 33 34 35 36 39 40 42 43 45 46 47 48 49 50 53 54 55 58 62 63 65 67 68 69 70 71 72 73 75 78 79 80 81 82 83 84 85 86 89 91 95 96 97 99 100 101 102 104 105 107 108 109 111 113 117 118 119 120 121 122 123 124 125 127 129 130 131 132 133 134 135 137 138 140 143 144 145 146 147 148 149 150 152 153 154 155 157 162 163 164 166 167 168 169 170 171 172 174 176 177 178 180 181 184 185 186 187 188 189 191 192 193 194 195 197 199 200
88 7 8 9 12 13 14 15 19 20 21 23 24 25 28 29 30 31 32 33 34 35 37 39 41 42 43 46 48 49 50 51 53 54 55 56 57 60 62 63 65 66 67 69 70 71 72 73 75 76 77 78 79 80 81 82 83 85 87 90 91 94 95 96 97 98 99 101 102 103 104 106 107 108 110 112 113 114 115 116 118 119 120 121 123 125 126 128 130 134 135 138 139 141 143 144 145 146 148 149 150 151 152 153 154 155 156 157 158 160 161 163 166 167 169 170 171 172 174 175 176 177 179 181 182 183 184 186 187 189 190 192 193 194 195 196 199 200
20 7 8 10 11 13 14 16 17 18 19 21 24 25 26 27 28 29 30 31 34 36 37 39 40 41 42 43 45 46 47 48 49 51 52 53 54 55 56 57 60 61 62 63 65 67 68 69 70 72 73 74 75 78 79 81 82 83 84 87 89 90 91 93 95 96 97 98 99 101 103 104 105 109 112 113 114 116 117 120 121 122 123 124 125 127 128 129 131 132 136 137 138 139 140 141 144 145 146 148 149 150 151 152 153 154 156 157 158 162 163 164 165 166 169 171 172 173 174 177 181 183 184 185 186 187 188 189 190 191 192 195 196 200
87 8 9 10 12 13 14 15 17 18 19 20 22 24 26 27 28 29 31 33 35 36 38 39 41 42 44 45 49 51 54 56 57 59 60 61 62 63 64 66 68 69 72 73 75 78 79 81 82 83 84 86 87 88 90 92 98 100 101 102 103 106 108 109 111 112 113 114 115 116 117 118 119 120 121 122 123 124 125 126 127 128 129 131 132 133 135 136 137 138 139 141 142 143 144 145 147 148 149 151 152 153 155 156 157 158 159 160 162 163 165 169 170 171 172 173 174 175 176 177 178 179 180 182 183 185 186 188 189 192 195 196 197 198 199 200
34 9 10 12 13 14 16 17 18 20 22 23 24 25 26 27 29 30 31 32 33 35 36 37 38 40 41 42 43 44 47 50 57 58 61 62 63 64 66 68 69 70 71 72 74 75 76 77 78 80 82 83 84 85 86 87 88 89 90 91 92 93 94 95 97 98 99 100 101 102 103 104 105 106 107 108 109 110 111 112 113 114 117 118 119 121 122 124 126 127 131 132 134 137 138 139 140 141 142 143 145 146 148 151 152 153 154 155 156 157 159 162 164 165 166 167 170 171 173 174 176 178 179 180 181 183 184 186 188 190 191 192 194 195 196 197 198
96 11 14 21 25 26 28 30 31 32 33 34 35 36 38 39 41 43 44 45 48 49 50 51 52 53 54 55 57 58 59 60 61 62 64 66 68 69 71 72 73 74 75 76 77 78 79 81 82 83 84 85 86 87 90 92 93 94 96 97 98 99 100 101 102 103 104 105 106 107 108 109 110 112 113 114 115 117 119 120 123 124 125 128 129 130 132 133 134 135 136 137 138 139 142 143 144 145 148 149 150 152 153 154 155 156 157 159 161 162 164 167 168 169 170 173 174 176 177 178 179 180 182 185 188 189 191 193 194 195 197 198
79 11 12 13 14 15 16 19 23 24 25 28 29 31 32 34 35 36 37 38 39 40 41 44 45 46 48 50 51 52 53 54 55 57 58 59 60 62 64 65 66 67 68 69 72 73 74 75 76 78 79 81 82 83 84 85 86 87 89 90 91 92 93 94 95 97 98 100 101 102 103 104 105 108 109 110 111 112 113 114 115 116 117 119 120 121 122 123 126 127 128 129 130 131 132 133 135 136 138 139 140 141 142 143 144 145 146 147 149 150 151 152 153 155 156 157 158 160 163 164 165 167 168 169 171 172 173 177 179 181 182 183 184 185 186 187 188 189 192 193 194 197 198
74 12 14 15 17 20 24 25 29 30 32 34 36 37 38 42 43 44 45 46 47 49 51 54 55 57 58 59 60 62 64 65 66 67 69 70 71 72 74 76 79 80 82 84 85 86 87 90 92 93 94 96 97 98 100 102 103 104 105 106 107 108 109 110 111 112 113 114 115 116 118 119 121 124 125 126 127 128 129 131 132 134 135 136 137 138 139 141 142 145 149 151 152 153 154 155 156 157 158 159 161 164 165 169 170 171 172 173 175 177 178 179 180 181 182 183 184 185 189 190 191 192 193 196 197 198 199 200
68 13 14 16 18 19 20 22 23 24 25 26 27 28 30 31 34 38 39 40 41 43 46 47 48 49 51 52 54 55 56 58 59 60 63 65 66 68 69 70 71 72 73 75 76 77 78 80 81 82 83 85 86 87 89 90 92 96 97 102 103 104 105 107 108 109 110 111 114 115 116 120 121 122 124 126 130 131 132 134 135 137 138 139 140 141 142 143 145 146 147 148 149 150 151 153 154 155 156 157 158 159 160 161 162 163 165 166 169 170 171 172 173 175 176 178 181 182 183 184 185 186 187 190 192 194 195 196 197 198 199 200
79 15 16 18 19 23 24 26 28 29 32 33 34 35 36 37 39 40 44 45 46 47 49 50 51 52 53 54 55 56 58 60 62 63 66 68 70 71 73 74 75 76 77 78 80 81 82 86 87 89 90 91 92 93 94 95 97 98 99 100 102 104 105 106 108 110 111 112 114 116 117 118 120 121 123 124 129 130 131 132 133 136 137 138 142 145 146 147 149 150 151 153 154 155 156 157 158 159 160 161 163 164 167 168 169 170 171 173 174 175 176 179 181 183 186 187 189 191 192 193 194 195 196 197 198 199 200
61 15 16 17 18 19 20 22 23 24 25 27 29 30 31 32 33 34 36 37 39 40 41 43 45 47 48 52 54 55 56 57 58 60 61 62 63 64 65 66 67 69 70 71 72 73 74 75 76 77 78 79 80 81 82 84 85 88 89 91 92 93 94 95 96 98 99 100 101 104 105 106 107 108 109 110 111 112 113 114 115 116 117 118 119 120 122 123 124 125 126 127 129 130 134 135 136 137 139 140 141 142 144 145 147 148 149 150 151 152 154 155 156 160 161 162 164 165 166 167 168 169 171 172 174 175 176 179 180 181 182 183 184 186 187 188 189 190 191 193 194 195 196 197 198 200
31 16 17 18 19 22 24 25 28 29 30 31 32 33 34 35 37 38 39 40 41 44 45 46 48 50 51 52 54 56 57 58 59 60 63 65 66 69 70 72 75 76 77 78 79 83 85 86 87 88 89 92 94 95 97 98 99 100 102 103 105 106 107 108 112 113 116 117 118 120 121 124 125 126 127 128 130 131 133 134 135 136 140 143 145 146 147 148 149 150 151 152 155 156 157 161 163 165 166 168 169 170 173 174 176 177 178 179 181 182 183 184 185 187 188 189 191 192 194 195 197 198 199 200
14 18 20 22 23 24 25 30 31 32 33 35 42 44 46 47 49 50 51 52 54 55 59 60 61 62 63 64 65 68 70 73 74 75 76 77 78 84 85 86 87 88 90 91 92 93 94 95 97 98 100 101 102 103 104 106 107 109 110 111 113 114 115 119 120 121 122 123 124 125 126 127 128 129 131 132 135 140 144 147 148 150 151 154 155 157 159 160 161 162 164 165 166 167 168 173 175 176 177 178 179 180 181 182 183 185 186 187 194 195 196 197 198 199 200
63 18 19 21 22 24 26 28 32 33 35 36 37 38 39 40 41 43 44 45 52 55 58 59 60 61 62 63 65 67 68 69 70 71 72 73 75 76 77 78 79 81 82 83 84 86 89 90 92 93 94 95 96 97 98 99 101 102 103 104 105 106 107 108 109 110 111 112 113 116 117 118 119 120 121 122 123 124 125 126 127 128 130 134 136 137 138 140 141 142 143 144 145 146 147 149 150 151 152 153 154 155 156 157 158 159 160 163 164 165 166 167 168 169 170 171 172 173 176 177 178 179 180 181 182 183 184 185 186 188 189 195 198 199 200
61 21 22 23 24 25 26 28 29 30 31 32 33 34 35 37 38 39 40 41 42 43 45 46 49 51 52 53 54 55 56 58 59 60 61 62 64 66 67 68 69 70 72 73 74 78 80 81 82 83 85 86 87 88 89 90 91 92 93 94 96 98 99 100 102 104 105 106 107 108 109 110 111 112 114 115 116 117 118 120 121 123 125 126 127 128 129 130 131 132 133 135 136 137 140 141 143 146 147 149 151 152 154 155 156 157 158 159 160 161 162 163 166 167 168 172 174 175 176 177 178 179 181 182 183 184 185 186 188 191 193 195 196 197 198 199 200
37 20 21 22 23 24 25 26 27 28 29 30 32 33 34 35 37 39 40 41 42 45 48 51 52 55 56 57 58 59 61 62 63 64 67 68 69 70 71 72 73 74 75 76 77 78 79 80 81 82 83 87 88 89 90 91 92 93 94 95 96 97 98 101 102 103 104 106 107 108 111 112 113 114 115 116 117 118 120 121 122 123 124 127 129 130 132 135 136 137 139 140 141 144 145 146 147 148 149 150 152 154 155 156 157 158 159 161 162 163 165 167 168 169 171 172 173 174 175 176 177 179 180 183 184 185 186 187 192 193 194 195 196 198
10 21 24 25 26 27 28 29 31 32 33 34 35 36 37 38 40 41 44 45 46 48 50 53 55 56 59 60 62 63 65 66 67 69 71 72 73 74 75 78 80 81 82 83 85 89 92 95 97 98 99 100 102 103 104 107 108 110 111 113 115 116 117 118 119 120 122 123 124 125 126 129 131 134 137 142 143 145 146 153 154 157 159 160 161 162 163 164 166 168 171 172 173 174 175 176 177 178 179 180 181 183 184 185 186 187 191 192 193 194 195 196 197 198 199
15 22 23 24 27 29 32 34 37 38 39 40 41 42 44 47 49 50 51 52 54 56 57 58 59 60 61 62 63 64 65 66 67 69 70 71 72 74 75 76 78 79 80 81 82 83 85 87 89 91 93 94 95 96 98 99 101 104 105 106 107 110 111 113 114 115 116 117 118 120 121 122 123 124 126 127 130 131 132 135 136 138 139 141 143 144 145 146 148 149 150 151 154 155 156 157 160 161 162 163 166 168 170 171 172 173 175 176 177 178 179 180 181 183 184 186 187 188 189 191 192 193 194 195 196 197 198 200
36 23 24 25 28 29 30 32 34 35 39 40 41 44 45 46 49 51 52 53 54 55 56 57 59 61 63 64 65 66 68 71 73 74 75 77 78 79 80 81 82 84 86 88 89 90 91 92 93 95 97 98 99 101 102 103 104 105 106 107 110 111 112 113 115 116 117 119 120 121 122 123 124 125 126 129 130 131 134 135 136 137 139 140 142 143 145 148 149 150 152 153 154 155 157 159 160 161 162 163 166 167 169 170 171 173 175 176 177 178 179 181 182 183 186 188 189 190 191 193 195 196 197 198 199
27 24 25 26 27 28 29 35 36 37 38 39 40 41 42 43 45 46 47 48 49 50 51 53 54 56 57 58 59 60 62 64 65 66 68 69 70 72 73 74 77 78 79 80 81 82 84 87 88 89 92 93 94 97 98 99 101 102 104 106 107 108 109 110 111 112 113 114 115 116 117 118 119 121 123 124 125 126 127 128 129 132 133 134 135 136 138 139 143 144 146 150 151 152 153 154 157 158 159 160 161 162 164 165 167 168 169 170 171 174 175 176 177 180 181 186 187 189 190 191 192 193 195 196 197 198 199 200
15 26 27 28 30 31 32 35 36 37 39 40 42 43 44 45 47 49 50 52 54 55 58 62 63 64 66 67 68 69 70 72 73 74 75 77 81 84 85 86 87 90 92 94 95 96 97 98 100 102 104 105 106 107 108 111 115 116 117 120 121 122 123 124 126 127 128 130 132 133 135 138 139 140 142 143 144 146 148 150 151 153 154 155 156 159 161 162 164 165 166 167 168 169 170 171 173 174 175 177 178 179 180 183 184 185 187 188 189 193 194 195 196 197 200
48 26 27 29 30 31 32 33 34 37 38 40 42 44 45 47 48 49 50 51 54 56 57 58 59 60 61 62 63 64 67 68 70 74 75 77 79 80 84 85 86 87 88 89 90 91 92 93 95 96 97 98 100 102 104 105 106 108 109 111 113 114 115 116 117 118 119 120 122 123 124 126 127 128 129 130 133 134 135 137 138 140 141 142 144 145 146 147 148 149 150 151 152 153 154 156 158 159 161 162 163 164 165 167 168 169 170 171 172 173 174 176 177 178 181 183 184 185 186 189 190 191 194 195 196 197 198 199
89 28 29 32 35 36 37 38 39 40 41 42 43 45 46 47 49 51 53 54 55 56 58 59 60 61 63 64 65 66 68 69 70 71 72 73 74 75 76 77 78 79 81 82 84 85 86 87 89 90 91 94 96 98 99 100 101 102 103 104 106 108 109 110 111 112 117 118 120 122 123 127 128 130 132 133 134 135 136 138 139 141 143 144 145 146 147 148 149 154 156 157 158 160 161 162 165 166 168 170 174 175 177 178 179 181 182 183 186 187 189 192 193 195 196 197 198 199 200
97 28 30 31 32 33 34 36 37 38 39 40 44 45 49 50 51 52 54 55 57 58 59 60 61 62 63 65 66 67 68 70 73 74 75 76 79 81 82 83 85 86 87 90 91 92 94 96 99 100 101 102 104 107 108 109 112 113 114 116 118 120 122 123 124 125 128 129 130 133 134 135 136 140 142 143 144 145 146 147 148 150 151 152 153 154 155 156 158 159 162 163 165 166 168 170 171 172 173 177 179 181 183 184 185 186 189 190 191 193 194 196 197 200
34 29 31 33 35 36 37 38 39 40 42 45 46 47 48 50 53 55 56 58 59 63 64 67 69 70 71 74 75 76 77 78 79 80 82 83 84 85 86 88 89 91 95 96 97 98 100 101 102 103 104 105 106 107 108 112 114 116 117 118 119 120 121 123 124 125 126 127 128 129 130 131 134 135 136 137 138 139 140 141 143 144 145 146 147 148 149 150 153 154 155 156 158 159 160 164 165 167 168 169 170 171 172 173 175 177 178 179 180 182 183 184 185 186 187 189 190 191 192 194 195 196 198 199 200
20 30 31 32 33 34 36 37 38 39 41 42 43 45 46 47 49 51 53 56 59 60 61 62 63 65 66 67 69 70 73 75 77 78 79 80 83 84 86 87 88 90 91 92 93 94 95 96 97 98 100 101 102 103 104 105 106 108 111 112 113 115 117 119 120 124 125 126 128 129 131 132 133 136 138 140 142 144 145 146 147 148 149 152 156 157 158 159 161 162 163 165 166 167 168 169 170 171 172 179 182 185 186 187 188 189 192 193 195 196 198 200
80 33 34 35 36 37 38 39 40 41 42 45 46 48 50 52 53 54 55 56 57 58 59 60 61 63 66 69 72 73 74 75 76 77 78 79 80 81 82 83 84 85 87 88 89 90 91 92 94 95 96 99 100 101 102 104 105 106 108 110 112 113 115 117 120 121 126 127 129 130 131 132 133 134 135 137 138 139 140 141 142 146 147 148 149 151 152 153 154 156 157 158 164 165 166 167 168 170 172 173 175 176 177 178 179 180 181 182 183 185 186 187 188 189 190 191 192 196 197 198 199
86 32 33 34 35 36 37 39 40 42 43 44 45 46 47 48 49 50 52 53 54 55 57 58 59 61 62 63 64 65 66 68 69 70 71 72 73 74 75 79 81 82 84 85 86 87 88 90 91 92 94 95 96 97 98 100 101 102 103 104 106 108 110 112 113 114 117 118 120 121 122 123 124 126 127 128 129 131 135 136 138 139 140 141 142 143 145 146 147 148 149 150 151 154 155 156 158 159 161 162 163 164 167 170 172 174 176 177 181 182 187 188 189 190 191 192 194 195 198 199 200
21 33 35 36 38 39 40 42 43 44 45 46 47 48 49 50 51 53 54 55 56 57 58 60 61 62 63 65 68 69 72 73 74 76 77 78 79 80 81 82 83 84 85 86 88 89 90 94 95 96 98 99 100 102 103 105 106 107 108 110 111 112 113 114 116 117 119 120 121 122 123 124 125 126 127 129 130 131 132 133 134 135 137 140 141 143 144 147 149 151 153 158 161 162 164 166 168 169 174 175 176 178 179 180 182 184 186 187 188 189 190 191 192 193 194 195 196 200
72 34 35 37 39 41 42 43 44 47 48 49 50 52 53 55 56 57 59 62 63 64 65 66 67 69 70 71 73 74 75 76 77 79 81 84 85 86 88 90 92 95 96 97 98 99 100 101 102 103 104 105 106 107 108 109 110 111 114 115 116 117 118 119 120 121 122 123 125 126 128 129 131 133 134 135 137 139 143 144 149 150 152 153 155 156 159 161 164 166 167 168 169 170 172 173 174 176 177 178 179 181 183 184 186 189 190 192 194 198 199 200
28 35 37 38 39 40 41 43 44 45 46 47 50 51 52 54 56 59 61 62 63 64 65 67 70 71 72 74 75 76 78 79 82 83 84 87 89 90 91 92 93 94 96 97 100 101 102 103 104 105 106 107 108 111 114 115 118 119 122 124 125 130 131 132 134 136 137 138 139 140 141 144 145 147 148 149 150 151 152 153 154 156 158 159 160 161 164 165 166 167 170 171 172 173 174 177 178 179 180 182 184 185 187 188 190 193 194 195 196 197 199 200
13 36 37 38 39 43 44 47 49 50 51 52 53 55 56 57 58 59 60 61 62 64 65 67 69 70 71 72 73 74 75 76 77 78 79 80 81 82 83 84 85 87 89 90 91 92 93 94 95 97 98 99 100 103 104 105 107 108 109 111 113 114 116 118 119 120 121 122 123 124 125 126 128 129 130 133 134 135 136 137 141 142 143 144 145 146 149 151 152 154 156 157 158 160 161 162 164 169 171 172 173 174 175 176 178 179 180 181 185 186 187 188 189 190 191 192 194 195 196 198
91 37 38 39 40 41 42 43 44 47 49 50 53 54 55 57 58 59 60 63 64 65 66 69 70 71 72 74 76 77 81 85 86 87 89 91 92 94 96 97 98 99 100 101 102 104 107 109 110 112 114 115 116 117 121 122 123 125 128 130 131 133 134 135 136 137 139 140 143 144 145 147 148 149 152 153 156 160 161 162 163 164 166 167 168 169 171 172 173 175 176 178 179 180 181 182 183 184 185 186 189 190 192 193 194 195 196 197 199 200
43 38 40 42 43 44 45 46 47 48 49 50 51 53 54 56 58 59 60 62 65 66 67 71 73 74 75 76 77 79 80 81 83 84 85 86 87 88 90 91 93 94 96 97 98 99 100 101 102 103 105 106 107 109 113 114 115 116 117 118 121 122 123 125 126 127 128 129 130 133 134 135 137 138 139 140 141 144 146 148 149 150 152 155 157 159 160 162 163 165 166 167 168 169 170 171 172 176 177 182 183 185 187 189 192 195 197 198 199
38 40 42 43 44 45 46 47 48 49 50 51 53 54 55 57 58 61 62 63 64 65 71 72 73 74 75 77 78 80 81 84 87 88 89 91 92 93 96 97 98 99 101 102 103 104 105 106 110 111 112 113 116 117 118 120 121 122 123 127 128 132 135 136 137 138 140 142 143 144 151 152 153 154 155 156 157 158 159 161 162 163 164 165 166 168 169 170 172 173 174 175 176 177 178 179 180 183 184 187 188 191 192 193 194 195 196 197 198 199 200
92 40 41 42 43 44 45 46 48 49 50 52 53 54 56 57 59 60 61 62 63 65 68 69 70 71 75 76 77 78 79 82 83 84 86 87 89 90 92 93 94 95 96 99 100 102 103 104 106 108 111 112 114 115 116 117 118 120 121 122 125 126 127 128 129 130 131 132 133 134 135 137 138 139 142 144 145 146 147 148 149 151 152 153 154 157 158 159 160 161 163 164 165 166 167 172 173 174 177 178 180 181 182 184 186 187 188 189 190 191 192 193 194 195 196 197 199
52 41 42 43 44 45 46 47 49 50 51 53 54 55 57 58 59 62 64 65 66 67 68 69 70 71 72 73 74 75 78 79 80 82 83 84 85 87 89 90 91 93 94 95 97 98 99 100 103 106 107 108 109 110 111 112 113 114 115 116 117 118 119 120 121 122 125 127 128 129 130 131 132 133 134 135 136 137 140 142 143 144 145 146 147 149 150 151 152 154 155 156 157 161 163 165 166 167 168 172 173 174 175 176 177 178 179 180 181 184 186 187 192 193 194 195 197 199
10 42 43 44 45 47 48 49 50 53 54 55 57 58 59 60 61 62 64 65 69 70 72 73 77 79 80 81 82 84 85 88 91 96 97 100 101 105 106 107 109 111 113 114 116 117 122 127 128 129 131 132 134 138 139 142 144 145 146 148 150 151 152 153 154 156 157 158 160 164 166 169 170 171 172 173 174 176 177 178 179 181 182 183 184 186 187 188 189 190 191 194 195 196 198 199 200
26 43 45 46 47 48 50 52 54 57 59 61 62 64 65 66 68 69 70 71 75 76 77 78 79 80 81 82 83 84 85 86 87 88 90 92 94 95 98 99 100 101 102 103 104 106 107 110 111 112 113 114 115 116 118 120 121 123 124 126 128 129 130 132 133 134 135 136 138 139 141 142 144 145 146 147 148 152 154 155 160 163 164 165 167 168 169 171 172 173 174 176 178 180 182 183 186 187 189 190 191 192 196 197 199 200
34 44 45 47 48 50 51 53 54 56 58 59 60 61 62 63 64 65 67 68 69 70 71 72 73 74 75 76 77 78 79 80 81 82 83 84 85 86 87 88 89 90 91 94 95 96 98 100 102 103 105 106 108 110 112 113 114 116 117 118 119 120 121 122 123 124 125 127 128 130 131 132 133 134 135 137 139 140 141 143 144 145 146 149 151 152 153 154 155 157 160 161 162 164 166 167 169 170 172 173 176 179 180 181 183 185 186 187 188 190 191 192 193 198 200
87 46 47 48 49 51 52 53 55 56 58 60 62 63 64 65 66 67 68 69 70 72 73 74 75 77 79 80 81 83 85 86 88 91 93 95 96 97 98 100 101 102 104 105 106 107 110 111 112 115 116 117 119 121 122 123 124 126 127 128 129 130 131 132 134 135 138 139 141 142 145 147 149 150 151 153 154 155 157 159 164 165 167 168 170 171 174 176 178 181 182 183 185 186 187 189 193 194 195 197 199 200
12 46 47 48 50 52 54 55 57 58 60 61 63 64 65 67 69 70 73 75 80 82 83 84 87 89 90 92 93 95 96 99 100 103 104 105 106 107 108 109 112 113 116 117 120 121 122 123 124 126 128 129 131 132 133 134 135 136 138 141 142 143 144 145 146 147 148 149 150 151 153 154 155 159 161 162 164 166 167 168 170 171 172 175 176 177 178 180 182 183 184 186 188 190 191 194 196 198
42 47 48 52 53 56 57 58 59 60 61 62 65 66 67 68 69 70 72 74 76 78 80 81 83 84 86 87 88 89 90 92 93 94 96 98 100 101 103 104 105 108 109 115 116 117 118 119 120 121 122 125 126 127 128 129 130 131 132 133 134 135 136 137 138 140 141 142 143 144 146 150 151 153 156 157 158 159 160 162 163 164 165 166 167 172 173 174 175 176 177 179 180 184 185 186 187 188 189 190 191 192 195 198 199 200
71 50 51 52 53 56 59 60 62 64 66 69 70 71 73 74 77 78 81 82 85 86 87 89 90 91 93 98 99 100 101 102 103 104 105 106 107 108 110 111 112 114 116 117 118 120 121 122 123 125 127 129 131 132 133 134 135 136 138 139 141 142 143 145 146 148 149 150 152 153 154 155 157 158 159 161 162 164 166 167 171 172 173 174 179 180 181 182 183 184 186 189 190 191 192 193 194 195 197 198 199 200
81 49 50 52 53 54 55 56 57 60 62 63 64 67 68 69 70 74 75 76 79 81 82 84 86 87 90 92 93 94 95 96 97 98 102 103 104 105 106 107 108 110 112 113 114 115 116 119 120 122 124 126 127 128 130 131 132 133 134 135 136 137 138 139 142 143 145 146 148 150 151 152 153 154 155 156 159 162 164 166 169 170 171 173 174 175 177 178 179 180 181 183 184 186 188 189 191 192 193 194 197 198 200
71 50 51 52 54 55 56 57 59 60 65 66 67 70 71 72 73 74 76 77 78 79 80 82 83 85 87 90 93 94 95 96 97 99 101 102 103 105 106 107 108 109 111 112 113 114 115 116 118 119 120 121 122 126 128 129 130 132 133 134 135 136 138 140 141 142 143 144 145 146 148 150 151 153 154 155 158 159 162 164 165 166 168 169 170 171 172 173 176 177 179 183 184 185 186 187 188 189 190 191 193 194 195 197 198 200
99 52 54 57 58 61 62 63 64 65 66 67 68 69 70 73 76 78 79 80 81 82 83 85 86 87 88 89 91 92 93 94 95 98 99 100 101 102 103 105 108 109 110 111 112 114 115 116 117 118 119 120 121 122 123 125 127 128 129 130 131 133 134 135 136 137 140 141 142 143 144 145 146 147 148 149 150 151 153 154 155 156 157 158 159 160 162 163 164 167 168 170 173 174 175 176 179 180 181 182 183 186 187 191 193 194 195 196 197 198 199
18 53 54 56 57 60 61 64 65 66 67 68 70 71 72 73 75 76 78 80 83 84 89 91 92 94 95 96 97 98 100 102 103 105 106 108 110 111 113 114 116 117 118 119 120 121 122 123 124 126 127 129 130 131 132 133 134 135 136 137 138 139 140 141 142 144 146 147 150 151 152 154 155 158 159 160 161 162 163 164 165 166 167 168 169 170 171 172 174 175 176 178 179 180 181 182 183 184 185 186 187 188 189 190 191 193 195 196 198 199 200
35 53 54 55 56 57 59 60 61 63 64 66 67 68 69 70 71 73 74 75 76 78 79 81 83 85 88 90 91 93 95 97 101 102 106 107 108 109 111 112 114 120 121 122 123 125 126 127 128 129 130 131 133 137 138 139 141 142 143 144 146 148 151 153 154 156 157 158 159 160 161 162 163 164 165 167 168 169 171 172 174 175 177 180 181 182 183 184 185 189 190 192 193 194 199 200
29 54 56 57 59 60 64 65 66 70 73 74 75 76 77 78 79 80 81 82 83 84 85 87 88 90 91 92 93 94 95 97 99 100 101 102 103 104 107 108 109 115 116 117 119 120 121 122 125 126 128 129 131 133 134 135 137 139 142 143 144 145 146 148 149 150 151 152 153 154 155 156 158 160 161 162 163 167 168 169 170 171 172 174 175 176 177 181 182 188 193 194 195 196 197 198 199 200
52 55 57 58 59 60 61 62 64 65 66 67 68 70 72 73 75 76 77 78 81 82 83 85 86 87 88 90 91 92 93 95 97 98 99 101 102 103 106 109 110 111 112 113 115 116 117 118 122 123 124 129 130 131 132 133 134 135 137 138 140 141 143 145 146 147 149 150 151 152 153 154 156 158 159 160 161 163 164 165 166 167 168 170 172 173 175 176 178 179 182 183 184 186 187 188 189 190 191 192 194 197 199 200
25 56 57 58 60 62 63 64 66 67 68 70 71 72 73 74 75 76 77 78 80 81 82 83 85 87 88 90 92 93 94 95 97 99 101 102 103 104 105 106 108 109 110 111 114 115 116 117 118 119 120 123 125 126 128 129 130 131 132 134 135 137 138 140 141 142 144 145 146 150 151 153 155 156 157 158 160 161 163 164 165 166 169 170 171 173 175 176 177 178 179 180 181 182 184 185 186 187 188 190 192 193 194 196 197 199 200
99 58 61 62 63 64 65 66 67 68 69 70 71 72 74 76 77 79 81 82 83 84 85 86 87 88 89 90 94 95 96 97 98 99 100 101 102 103 104 107 110 111 112 113 114 116 117 118 119 120 121 123 124 125 126 127 128 129 130 132 133 135 137 138 139 141 142 143 147 149 150 151 152 154 157 158 159 163 166 167 171 172 174 176 177 179 180 181 182 183 184 185 186 187 188 189 191 192 193 195 198 199
30 58 59 60 61 63 67 68 69 70 71 73 76 78 79 80 81 85 86 88 89 90 91 94 96 99 101 102 105 106 114 115 116 117 119 120 121 122 123 125 128 129 130 131 134 136 137 142 143 144 146 147 149 151 152 153 154 155 156 158 159 161 162 163 165 167 168 169 171 172 173 175 176 177 178 179 180 181 184 185 186 187 188 189 190 191 195 196 197 198 199
11 62 63 64 65 68 71 72 73 74 75 77 78 79 80 82 84 85 86 87 88 90 92 93 94 95 96 97 98 99 101 102 105 107 108 109 110 112 113 114 115 117 118 119 120 121 122 123 125 127 128 129 131 132 133 135 139 140 141 142 143 145 146 148 150 152 153 154 155 156 157 158 159 160 162 163 164 166 168 169 170 171 172 173 174 175 177 178 179 180 182 184 185 186 188 189 190 191 192 193 195 196 197 198 199 200
67 65 66 70 72 75 76 77 78 79 82 83 85 86 87 88 89 90 93 94 95 96 98 99 100 101 102 103 104 105 107 110 111 113 114 115 116 118 119 121 122 123 124 127 130 133 134 135 136 137 139 141 144 145 149 150 151 152 154 155 156 157 158 159 161 164 166 167 170 171 174 177 178 179 181 183 184 185 187 188 189 190 191 194 195 196 197 198
22 61 64 65 66 68 70 71 72 76 77 78 79 80 83 84 86 87 88 89 91 92 93 94 95 96 97 100 101 103 104 105 106 107 109 110 111 113 114 116 117 118 120 123 124 127 128 130 132 133 135 136 137 138 139 140 142 144 145 146 147 148 149 151 152 153 154 155 156 157 160 161 162 163 164 165 166 168 169 170 171 172 173 175 176 177 179 181 182 184 185 186 188 189 190 192 193 194 195 196 197 198 199 200
93 63 64 65 66 67 69 70 72 73 76 78 79 80 81 83 84 85 89 90 92 93 94 96 97 99 100 101 102 103 104 105 107 108 109 110 112 113 115 116 117 118 119 121 124 126 128 129 131 132 134 135 137 139 140 141 142 143 144 145 146 147 149 151 152 153 156 160 161 162 164 165 166 167 168 170 171 173 175 178 179 180 181 182 183 184 185 186 187 189 190 191 192 194 195 197 198 199 200
45 63 66 68 70 71 72 73 74 75 76 77 79 80 81 83 84 85 86 87 88 89 90 93 94 95 96 97 100 101 102 103 104 106 107 109 110 112 113 114 116 117 118 122 123 124 125 127 128 129 130 131 132 134 135 136 137 138 139 140 141 142 143 144 145 146 147 148 149 150 151 153 154 156 159 160 161 162 165 166 168 171 173 174 177 178 179 180 181 182 183 184 186 187 189 190 191 193 195 196 197 200
44 64 65 66 67 68 69 70 71 72 73 74 75 80 81 85 86 87 89 90 92 93 97 98 99 100 101 102 103 106 109 111 112 113 114 116 117 118 119 120 121 123 124 125 126 129 130 132 133 134 135 136 137 138 139 141 142 143 144 146 149 151 158 159 160 161 162 164 165 166 167 168 169 170 172 173 174 175 176 177 178 179 180 181 182 183 184 185 186 187 188 189 191 193 194 195 196 197 199
84 66 70 71 73 74 75 76 77 78 81 82 83 84 85 87 88 89 90 93 94 96 97 98 99 100 101 102 104 107 108 109 110 111 112 113 114 117 118 119 120 123 126 130 131 132 134 135 137 138 139 142 143 144 145 149 151 152 153 154 156 157 158 159 162 164 165 166 168 170 171 175 176 179 180 182 183 184 185 186 187 188 189 191 192 193 194 195 198 199 200
47 66 68 69 70 71 72 73 74 75 77 78 83 84 86 87 88 89 90 93 95 96 99 101 102 103 104 106 107 108 109 110 111 112 113 115 117 119 121 122 123 124 125 127 128 130 131 132 133 134 135 138 139 141 143 144 145 146 148 149 150 151 152 153 155 157 158 160 161 163 164 166 167 170 172 175 176 178 179 180 187 190 193 194 195 196 198 199
31 67 68 69 70 71 72 74 76 77 78 79 81 82 83 84 85 86 87 89 90 91 92 93 94 95 96 97 98 99 100 101 102 104 107 108 109 110 111 113 114 117 118 119 122 124 125 126 128 130 132 133 134 135 136 137 139 142 143 144 146 148 149 150 151 152 154 155 156 157 159 160 161 162 163 164 165 168 169 171 172 174 176 177 178 180 181 182 183 185 186 191 196 197 198 199 200
80 68 71 73 74 76 79 80 81 83 85 86 88 89 90 94 95 96 97 98 100 101 103 106 107 108 110 112 113 114 115 116 117 118 119 120 121 122 123 124 125 128 130 131 132 139 141 142 143 148 149 150 152 154 156 157 158 159 160 161 162 165 166 171 172 174 175 176 177 178 179 180 183 184 186 188 189 192 195 197 198 199 200
51 69 70 71 72 73 75 76 77 78 79 82 84 85 89 90 93 95 97 98 99 100 101 102 103 104 105 106 108 109 110 111 112 113 114 116 117 118 119 121 122 123 124 128 130 131 133 134 136 137 138 139 143 144 148 151 152 153 154 155 159 160 161 162 163 164 165 171 173 175 176 177 178 179 180 182 184 185 188 189 190 191 193 194 195 197 199 200
28 70 72 73 74 77 79 80 82 83 86 87 88 89 93 94 97 98 100 101 102 104 107 108 109 110 111 112 113 114 115 116 118 119 120 121 122 126 127 128 129 130 131 132 134 135 137 138 139 140 143 144 145 146 148 149 150 151 152 153 154 155 156 157 158 160 161 162 163 164 165 167 168 169 170 171 173 174 177 178 179 182 185 186 187 188 189 190 191 193 194 196 197 200
87 72 75 76 79 80 82 83 84 85 89 90 92 93 96 97 98 99 100 102 104 106 108 109 110 112 113 115 116 117 118 119 121 122 123 124 125 126 128 132 133 134 135 138 140 144 146 147 148 149 150 151 155 156 157 158 159 161 162 163 164 166 167 168 170 171 172 173 174 175 176 180 181 182 184 186 188 189 190 192 193 194 195 197 198 200
33 73 74 75 76 78 80 81 82 83 85 86 88 89 90 91 92 93 94 96 99 100 102 103 104 106 108 110 112 113 114 115 116 120 121 122 123 125 128 129 131 132 134 136 137 138 139 143 144 145 146 148 149 151 152 153 155 157 158 159 161 164 165 166 167 168 169 171 174 175 176 178 179 180 181 185 186 187 188 189 190 194 195 196 198 199
96 73 74 75 76 78 79 80 81 82 83 84 86 87 88 90 91 92 93 94 95 96 97 99 101 102 103 104 105 106 107 108 110 111 112 113 114 115 116 117 120 122 123 124 127 130 131 132 133 134 135 136 138 139 140 141 142 143 144 145 146 147 149 150 155 156 157 158 159 160 161 164 166 169 170 171 172 173 174 175 178 180 181 185 186 188 189 190 191 193 194 195 196 197 198 199 200
12 75 76 77 78 79 80 81 83 84 85 86 90 91 92 95 96 97 98 99 100 101 104 105 106 107 108 109 110 111 115 116 117 119 120 122 123 125 127 128 129 130 131 132 133 134 137 138 139 140 145 146 148 150 151 152 153 154 155 156 157 158 159 161 162 163 164 167 168 170 171 172 173 174 175 178 179 181 184 185 186 187 188 191 192 195 196 198 199 200
57 76 78 79 80 81 82 84 86 87 89 90 91 92 93 96 97 98 100 102 103 104 106 107 108 109 110 112 113 114 115 116 117 118 120 121 122 123 124 125 127 130 135 137 138 140 141 142 143 144 145 146 147 148 150 151 152 154 155 156 158 161 162 164 165 166 167 168 169 171 172 173 174 175 176 177 180 181 182 183 185 188 189 192 194 195 196 197 200
15 76 77 78 79 80 81 83 84 85 86 87 88 89 90 91 92 93 94 95 96 97 98 100 101 102 103 104 109 110 111 112 113 115 117 118 120 121 122 123 124 125 126 128 129 130 131 132 133 134 137 139 140 141 142 143 144 145 146 147 148 151 152 154 155 156 157 160 161 162 163 165 168 169 170 171 173 176 178 180 181 182 183 184 187 188 189 190 191 192 194 195 197 198
87 77 78 79 82 84 85 86 87 91 92 94 95 99 100 101 102 103 104 105 109 111 113 116 118 119 120 121 122 124 125 127 128 129 131 133 134 135 136 137 138 139 140 141 142 143 147 148 149 150 151 152 157 158 159 160 161 163 164 168 169 170 171 172 174 175 176 177 178 179 182 184 185 187 188 190 191 193 195 196 198 199 200
17 80 81 82 83 84 85 86 87 88 89 94 97 98 99 100 101 102 103 104 105 107 108 109 112 113 114 116 117 118 119 120 121 122 123 124 125 126 129 130 131 132 133 134 135 139 140 141 142 144 145 146 147 148 149 150 152 155 157 158 160 166 169 171 172 173 174 175 176 177 181 183 185 186 188 189 191 193 194 195 196 197 198 199 200
71 79 80 82 83 84 88 89 90 91 95 96 97 98 99 100 101 104 105 107 108 109 110 111 113 114 116 119 120 122 123 124 126 127 131 133 134 135 136 137 138 139 141 142 144 147 148 149 150 152 154 155 156 157 158 159 160 162 163 165 167 168 170 171 172 173 174 175 176 177 178 179 180 181 182 183 184 185 186 187 188 189 190 192 194 195 196 197 198 199 200
38 82 83 84 86 87 91 92 94 96 97 98 99 100 101 102 103 104 106 107 108 110 112 113 115 117 118 119 120 121 122 124 125 126 127 128 130 132 133 134 135 136 137 138 139 140 141 143 144 147 148 149 150 151 152 153 154 155 156 157 158 159 160 161 163 164 166 167 169 170 171 172 173 174 175 176 179 180 182 183 185 187 188 190 191 192 193 194 196 197 198 199 200
80 81 84 85 91 93 94 97 98 100 101 102 105 106 107 108 109 110 111 114 116 117 118 123 124 125 126 127 129 130 132 134 135 136 137 138 140 141 144 145 146 147 148 149 152 153 155 156 158 159 161 163 164 165 166 167 168 169 170 171 173 174 175 176 177 178 179 180 183 184 187 188 189 190 191 192 193 194 195 196 199
48 82 84 85 88 90 91 92 93 94 96 98 100 101 102 103 104 106 107 112 113 116 118 119 120 121 122 123 124 127 129 132 134 135 137 138 139 140 141 142 143 144 145 146 147 148 150 151 152 153 156 158 160 162 163 165 166 167 169 170 171 172 173 174 176 178 179 180 181 184 186 187 188 189 190 191 192 193 194 195 196 197 198 200
58 84 85 87 88 89 90 91 95 101 102 104 105 107 108 109 110 111 112 114 115 117 119 120 121 122 123 125 126 127 128 129 131 132 133 134 135 136 137 138 139 141 142 143 144 145 146 147 148 149 150 151 153 154 155 156 158 159 160 161 162 163 164 165 167 168 169 171 172 173 175 176 177 178 181 182 183 184 185 188 189 191 192 194 195 196 197 198 199 200
16 84 86 87 89 91 92 93 94 95 96 97 98 99 100 101 102 103 104 105 108 109 111 112 113 114 115 117 118 119 121 122 123 124 126 127 128 129 130 131 132 133 135 136 137 141 142 143 146 149 150 153 154 155 157 159 162 163 164 165 166 167 168 172 175 176 177 180 181 182 184 185 186 187 188 189 191 192 193 194 196 197 198 199
27 85 86 87 88 89 90 92 93 94 96 99 100 101 102 103 104 105 106 107 108 110 111 112 114 116 119 121 122 124 125 126 128 129 130 131 132 133 134 135 137 138 139 142 144 145 147 149 151 154 156 157 158 159 161 162 163 164 165 166 167 169 170 173 174 175 177 178 179 180 181 185 186 187 189 192 193 194 195 197 199
78 86 87 88 89 90 94 96 97 98 99 100 102 103 104 105 106 108 109 110 112 113 114 115 116 117 118 119 121 122 123 124 125 126 127 128 129 130 132 133 134 135 136 137 139 140 142 143 144 145 146 147 148 149 150 151 152 153 155 156 157 158 160 161 162 163 164 165 166 167 169 170 172 174 176 177 179 180 181 182 183 184 185 187 188 191 195 198 199 200
22 87 88 89 90 91 92 93 94 95 97 98 99 100 101 102 103 104 105 106 109 111 112 113 114 115 116 117 118 119 121 122 123 125 126 127 129 130 131 132 133 137 140 141 142 145 146 147 148 150 151 152 154 155 156 157 158 159 160 161 162 164 167 169 170 172 176 178 179 180 181 182 183 184 186 188 189 190 191 192 193 194 196 199 200
80 88 89 90 93 95 96 97 98 100 101 103 104 106 107 108 109 112 114 115 116 117 120 121 122 123 124 125 126 127 129 130 131 132 133 134 135 136 137 138 139 140 141 142 143 145 146 147 148 149 150 152 154 155 156 157 159 161 162 166 167 169 170 171 174 175 176 177 178 179 182 183 185 188 189 190 191 192 194 195 196 198 199 200
100 91 94 95 96 97 98 100 101 102 103 104 106 107 109 110 111 112 113 114 115 116 118 119 120 121 123 124 126 129 130 131 132 133 134 135 136 141 143 144 147 148 149 152 153 154 155 156 159 160 161 162 164 167 169 170 171 172 173 174 175 177 178 179 180 181 182 184 185 186 187 188 190 191 192 195 196 198 199 200
66 90 92 93 94 95 96 97 99 100 101 103 104 105 106 107 108 112 113 114 115 116 118 121 128 129 130 132 133 135 136 137 138 139 141 142 143 146 147 150 151 152 153 154 156 157 158 159 160 161 162 165 167 168 169 170 172 176 177 178 182 184 185 186 187 188 190 193 194 195 197 200
33 91 92 93 94 95 96 97 98 100 102 103 104 106 107 108 110 111 112 113 114 115 116 117 118 119 120 121 122 123 124 126 127 129 132 136 137 138 141 143 144 145 146 147 148 149 150 151 152 153 154 157 158 159 161 162 163 164 165 168 169 170 171 172 173 176 178 181 182 183 185 190 191 194 195 196 197 200
70 95 97 99 100 102 104 106 107 109 111 113 115 116 117 120 121 122 127 128 129 132 134 135 136 138 139 140 141 142 143 144 145 147 148 149 151 152 155 156 157 158 159 160 161 162 164 165 167 168 169 170 171 172 173 176 177 178 179 180 183 184 186 188 189 191 193 196 198 199 200
24 93 94 96 97 99 100 101 102 104 105 106 108 110 112 114 115 118 121 122 125 127 128 129 130 131 133 134 135 136 137 138 140 142 143 145 147 148 150 152 153 155 156 157 159 160 161 162 163 165 167 168 170 172 173 174 175 176 179 183 184 187 188 189 190 191 193 194 195 196 197 198 200
54 94 97 99 101 103 104 105 106 107 109 111 112 115 116 118 121 122 123 124 125 127 129 130 131 132 133 134 136 139 140 141 142 144 145 146 147 149 151 152 155 156 157 158 160 162 164 166 167 168 172 174 176 177 179 180 181 182 183 184 186 187 189 190 191 192 193 194 195 196 197 199 200
55 95 96 97 98 99 100 103 104 105 106 107 108 110 111 112 113 114 115 116 117 120 121 123 125 126 127 131 132 134 135 136 137 139 140 146 147 148 149 151 152 154 155 156 157 158 159 160 161 163 164 167 169 170 171 172 173 174 176 178 179 180 182 183 184 187 188 189 190 192 193 194 197 198 199 200
25 96 97 98 101 102 103 104 105 107 108 109 110 111 112 114 115 116 117 119 120 121 122 123 124 125 126 127 128 130 131 132 133 136 137 138 139 141 143 145 146 147 148 149 151 153 154 155 156 157 158 161 163 165 166 171 172 173 174 176 177 178 180 182 183 184 186 187 188 190 191 192 193 194 196 197 198 199 200
29 97 98 99 100 102 103 104 105 106 107 108 109 110 111 112 113 114 117 120 122 123 125 127 128 129 130 131 133 135 138 141 144 145 146 148 149 151 152 153 154 155 156 158 159 161 163 164 165 167 168 169 170 171 172 173 174 175 177 178 179 180 184 185 187 188 191 192 195 197 198 199 200
27 98 99 102 104 105 107 109 110 114 115 117 120 122 123 124 125 126 127 128 129 130 131 132 133 134 136 138 139 140 141 142 143 144 147 148 149 151 152 153 154 155 156 157 159 160 163 165 166 170 171 173 174 176 178 179 181 182 183 184 185 187 188 189 190 194 195 196 197 198 199
96 99 100 101 103 105 107 108 111 112 113 114 115 116 117 118 119 120 121 124 125 126 128 129 130 131 133 134 136 137 138 140 141 142 143 144 145 146 150 151 152 153 154 156 158 159 160 161 162 164 165 166 169 171 173 175 176 177 178 179 181 183 185 186 187 188 189 190 191 192 193 194 195 196 197 198 199 200
59 102 104 107 108 109 110 111 113 114 117 118 119 124 126 128 129 131 133 137 139 140 141 142 143 144 145 146 147 148 149 151 152 153 155 156 157 159 160 161 162 163 165 166 169 170 171 175 178 180 181 182 183 184 190 191 193 195 197 198 199 200
99 102 103 104 105 106 107 108 110 111 112 113 118 119 120 121 122 124 125 126 127 130 131 132 133 136 138 139 140 141 142 143 144 145 146 148 149 150 151 154 155 156 157 158 159 160 162 164 165 166 167 168 170 171 173 175 176 177 178 181 182 183 186 187 189 190 191 192 193 195 196 197 198 199 200
69 102 103 104 105 106 107 108 109 110 111 113 115 116 117 118 119 120 122 123 124 125 126 128 129 130 131 132 133 134 135 136 138 139 141 142 143 144 145 147 148 149 150 151 152 154 155 156 157 158 159 160 161 162 164 165 166 169 171 172 173 174 175 176 178 179 180 182 183 184 186 187 189 190 192 193 194 195 197 198 199 200
98 103 104 105 106 107 108 109 110 112 113 114 115 117 118 119 120 121 123 124 127 130 131 132 134 139 140 142 144 146 148 149 150 151 152 154 156 157 161 163 164 165 167 169 171 173 174 175 178 180 181 183 184 185 186 187 188 189 190 192 193 194 197
67 105 106 108 109 111 112 114 115 116 117 119 120 125 126 127 128 130 131 134 135 140 141 142 144 145 146 147 148 150 151 152 154 155 156 157 160 161 162 163 164 166 169 170 171 172 173 174 175 176 177 179 180 182 183 186 187 188 189 190 191 192 193 195 196 199
81 106 108 111 112 114 115 116 117 120 121 123 124 125 126 127 128 129 130 131 133 134 135 136 138 139 140 141 142 144 146 148 149 152 153 155 158 160 161 162 165 166 168 170 172 173 174 176 177 181 183 184 185 187 188 189 190 191 192 194 195 197 198 199 200
30 106 107 109 111 114 115 116 117 118 120 121 122 124 125 126 128 130 131 132 133 134 137 138 139 141 142 143 144 145 146 148 150 152 153 154 155 157 159 162 164 165 166 167 168 171 172 173 175 176 177 178 179 180 182 183 185 186 187 188 189 190 192 193 194 195 196 199 200
56 107 108 110 111 112 116 117 118 120 121 122 123 124 125 126 127 128 129 130 131 132 134 135 136 137 140 141 143 146 150 151 155 157 158 161 162 163 166 169 172 173 174 175 176 177 178 179 180 181 182 184 186 187 188 189 190 191 192 194 195 197 198 200
32 108 109 111 112 113 115 117 118 119 120 121 122 123 124 125 127 128 132 134 135 136 137 138 139 140 141 142 143 144 145 146 147 149 150 151 152 153 154 155 156 157 158 160 161 162 163 164 165 166 167 169 170 173 174 176 180 181 183 185 187 189 190 191 192 193 195 196 197 198 199
61 110 116 117 118 119 120 121 122 123 128 129 131 132 133 134 136 137 139 140 141 142 144 150 151 152 153 155 156 157 159 160 162 163 164 165 167 168 169 170 171 172 174 175 177 178 179 180 181 182 183 184 185 186 187 188 189 191 192 194 195 197 198 199
70 110 111 114 115 116 117 118 119 120 121 124 125 126 127 130 131 132 133 135 136 138 140 141 142 143 144 145 147 148 149 150 153 155 157 160 163 165 166 167 168 169 171 172 175 177 179 180 182 183 184 185 186 187 188 189 191 193 194 195 197 199 200
65 113 114 117 118 121 122 123 125 126 127 128 130 131 133 134 135 137 138 139 140 141 143 144 147 148 150 151 152 153 154 155 156 157 159 161 162 163 164 165 166 172 177 178 179 182 185 187 190 191 192 193 194 195 200
88 113 114 116 117 118 120 124 125 126 127 128 131 132 133 134 135 137 138 139 140 141 142 145 146 147 148 149 151 152 154 155 156 157 159 160 161 162 165 167 168 170 171 172 174 176 177 178 179 181 183 184 185 186 188 189 191 192 193 194 195 196 197
75 113 114 115 116 118 119 120 122 123 124 125 126 127 130 131 133 134 135 136 140 142 145 147 148 150 151 152 153 154 155 156 157 158 159 160 161 163 164 165 168 172 173 174 176 177 180 181 182 183 185 186 187 188 190 192 193 194 195 196 197 198 200
79 115 116 117 121 122 123 125 126 128 130 131 132 133 137 138 139 140 141 143 144 146 147 149 153 157 158 159 160 161 162 164 165 166 168 169 170 171 172 173 174 175 176 177 179 181 184 185 186 187 188 189 190 193 194 195 196 197 198 199 200
20 115 116 117 118 121 122 123 124 125 126 128 129 130 131 132 134 135 136 138 139 140 142 143 144 145 146 148 150 153 155 156 157 159 161 162 163 164 165 167 168 169 171 176 177 178 179 181 182 183 184 185 186 187 188 191 193 194 195 196 198 199 200
88 117 119 120 121 122 123 124 125 126 129 131 133 134 135 136 138 141 142 144 145 146 147 148 149 150 152 153 156 157 158 160 161 162 163 166 167 169 171 173 174 175 176 177 178 180 182 184 186 187 189 191 192 193 194 195 196 197 198 200
34 117 118 119 120 121 122 124 125 126 127 128 129 130 131 133 134 135 136 137 138 140 142 143 145 146 150 151 152 156 159 161 162 164 165 167 168 169 170 172 173 174 175 176 180 181 182 184 185 186 187 188 190 191 192 194 197 198 200
24 118 119 120 124 125 127 128 130 133 134 135 137 138 140 141 142 144 145 146 148 149 153 154 155 156 157 162 165 167 169 170 171 172 173 174 175 176 178 179 180 181 182 183 186 187 189 190 191 192 195 196 197 198 199
77 119 120 122 123 124 125 126 128 130 132 133 135 136 138 139 140 142 143 144 146 147 148 150 151 153 154 155 156 157 159 163 164 165 167 169 170 171 172 173 174 175 178 179 180 181 182 183 185 186 189 190 191 192 193 194 195 197 198 200
59 120 121 123 125 126 127 128 129 130 131 133 135 137 138 139 140 144 145 146 148 151 153 154 155 156 158 160 161 166 168 170 171 173 175 176 177 179 180 182 183 185 186 191 193 194 195 196 197 198 199 200
88 121 122 123 125 126 128 129 130 131 132 135 137 138 139 140 142 143 145 146 147 148 150 151 153 154 155 156 157 158 160 161 164 165 169 170 171 174 175 176 178 179 180 181 185 186 187 188 190 191 193 194 195 199 200
85 122 123 124 125 126 127 128 130 131 132 133 137 138 139 141 142 143 144 145 146 147 148 150 151 152 153 155 159 161 162 163 165 166 167 168 169 171 172 173 174 175 176 177 181 182 183 184 185 186 187 188 191 192 193 194 195 197 198 199 200
30 123 124 126 128 129 130 131 132 133 134 136 137 138 139 140 141 142 144 146 148 149 150 151 152 153 154 155 159 160 161 162 163 164 165 166 167 171 172 173 174 175 182 186 187 188 189 192 193 195 196 197 198 199 200
24 124 125 126 127 128 129 130 131 133 134 135 136 137 138 141 143 144 145 146 147 148 149 151 154 155 156 157 159 160 161 162 163 166 167 168 169 170 171 172 173 174 176 177 178 180 181 183 184 185 187 190 191 193 194 196 198 199 200
56 125 127 129 130 131 132 134 135 136 137 138 139 140 141 142 144 145 146 147 148 149 151 152 153 154 158 159 161 162 163 164 165 166 167 168 169 170 171 173 174 175 176 177 178 179 182 183 184 185 186 188 190 191 192 193 194 195 196 197 198 200
53 129 130 131 134 136 138 139 141 143 146 148 149 151 152 153 154 156 159 160 162 163 164 165 166 167 169 170 172 173 175 176 177 180 181 182 183 186 187 188 189 190 191 195 196 197 198
21 127 129 131 132 133 134 135 136 137 138 139 140 144 145 146 148 149 150 151 152 153 154 156 157 160 162 163 164 166 169 171 172 176 178 181 182 183 184 185 186 189 190 191 193 195 196 198 199 200
89 128 129 130 131 132 133 134 135 137 138 139 140 141 142 143 145 147 148 150 151 152 154 158 159 160 161 162 163 164 165 166 167 168 171 173 174 175 177 178 179 180 184 185 186 187 188 189 190 191 192 193 195 196 197 198 199
48 130 132 135 137 138 139 140 141 142 143 144 145 147 151 157 158 159 160 161 164 168 169 171 173 174 175 176 177 178 179 180 183 184 185 186 187 188 189 190 192 194 195 196 197 198 199 200
53 131 132 135 140 141 143 144 147 149 152 153 156 158 159 162 163 164 165 167 168 170 172 173 177 178 179 180 181 183 184 186 187 188 189 190 193 194 195 196 198 199
97 133 134 135 136 137 138 141 142 143 144 146 147 148 149 150 151 152 153 154 156 157 158 160 161 162 163 166 167 168 170 171 172 173 174 175 176 178 180 181 182 185 186 187 188 189 190 192 193 194 195 196 197 199 200
63 133 134 135 136 137 138 139 140 142 143 144 145 146 147 148 149 150 152 153 154 158 160 161 162 165 167 168 169 172 174 175 176 177 178 179 181 182 184 185 186 187 188 189 191 192 193 194 195 197 198 199 200
48 133 135 136 137 138 140 145 147 148 149 152 153 155 156 157 158 160 161 162 163 164 165 166 170 171 173 175 178 179 180 182 184 186 187 188 189 192 193 194 195 196 197 198 199 200
100 134 135 136 137 138 139 142 143 145 146 151 152 153 155 157 158 159 162 163 164 165 166 167 168 169 172 174 175 176 178 180 181 183 184 185 188 189 190 193 195 197 198 200
50 135 136 137 139 141 142 144 148 149 150 151 152 153 154 155 157 161 163 164 165 166 167 168 169 170 172 173 174 175 176 178 179 180 181 182 183 184 188 189 190 192 193 196 197 199 200
100 137 138 140 141 142 144 145 147 148 152 153 155 156 158 160 161 162 163 164 165 168 169 171 172 174 175 178 179 180 183 185 186 187 188 189 190 191 193 194 196 197 199
17 138 139 140 142 143 144 145 146 147 148 151 152 153 154 155 156 157 160 161 162 163 164 165 166 167 168 169 170 171 173 174 175 176 178 180 181 182 185 187 188 189 190 191 192 193 194 195 198 200
21 138 139 141 142 145 146 147 148 150 151 152 154 155 157 158 160 162 163 164 166 167 168 169 170 172 176 179 180 181 182 185 187 188 191 192 193 195 196 198 199 200
89 140 141 142 143 144 145 146 147 149 150 151 152 153 154 155 156 159 160 161 163 164 166 167 169 171 172 173 174 176 177 179 180 181 182 185 186 188 191 193 196 197 198 199 200
33 140 141 142 143 145 146 147 149 151 152 157 160 161 162 163 164 165 166 167 168 170 173 175 176 177 178 179 180 181 182 183 184 186 187 188 189 190 191 192 193 197 199 200
35 141 142 143 144 145 148 149 150 151 152 153 155 156 157 160 161 162 163 164 165 166 167 168 169 170 171 173 174 175 176 177 178 179 180 181 185 186 187 189 191 192 193 195 196 197 198 199
82 142 143 144 145 146 147 148 149 150 151 154 155 156 157 158 159 160 161 162 163 164 165 168 169 170 173 174 175 176 177 178 179 180 181 182 183 184 186 187 190 191 192 193 194 197 198 200
93 143 144 147 148 151 156 157 158 160 161 162 163 165 166 167 168 169 170 172 173 176 178 180 181 183 185 186 187 192 196 197 198 199
50 146 147 148 149 152 153 154 156 157 158 159 160 161 162 163 165 166 167 168 169 170 171 173 174 175 176 180 184 185 186 187 188 190 192 193 194 195 198 199 200
57 147 148 150 151 152 153 156 157 158 160 161 162 163 164 165 167 170 172 173 174 176 177 178 180 181 182 183 186 188 189 190 191 194 198 199 200
80 147 148 149 151 152 154 155 157 158 159 160 161 163 164 165 170 171 172 173 174 175 176 177 178 179 180 181 182 183 184 186 188 189 190 191 192 193 195 197 198 199 200
23 147 148 150 151 152 153 155 158 159 161 162 163 164 165 167 169 170 171 172 173 174 175 176 178 179 180 182 183 184 185 187 188 189 190 193 195 196 198 199 200
55 148 149 152 153 154 155 156 157 159 160 161 163 164 165 166 167 168 172 174 175 176 178 179 181 182 184 186 187 188 189 190 191 192 193 194 195 196 197 198 200
66 149 150 151 155 156 158 159 160 162 163 164 165 166 168 169 170 171 173 175 176 177 180 181 182 183 184 188 189 190 191 192 193 195 196 197 198 199 200
52 151 155 156 158 161 162 163 165 167 170 171 172 173 174 177 178 179 180 181 185 186 188 189 190 191 195 196 198 199
23 151 154 155 157 158 160 163 164 165 168 169 171 172 175 176 178 179 180 181 182 183 184 190 191 193 194 195 196
73 152 154 157 160 162 163 164 165 166 170 171 172 173 174 176 177 178 179 180 181 182 183 184 185 186 187 189 190 191 192 195 197 199 200
36 153 154 155 156 157 158 159 160 162 163 164 165 166 168 169 170 171 172 173 174 175 176 179 180 181 183 184 186 187 188 189 190 192 193 195 196 197 198 199 200
15 155 160 161 162 165 167 168 173 177 178 179 180 181 183 184 185 186 188 189 190 192 193 194 196 197 199 200
82 155 157 159 160 161 166 168 170 171 172 174 176 177 179 180 181 182 183 184 186 188 189 190 191 192 193 195 196 197 198 199 200
97 156 157 158 159 160 161 162 163 164 165 166 167 168 171 172 175 176 177 179 180 181 183 184 185 186 187 188 189 190 192 194 197 198 199 200
58 158 159 160 162 163 164 165 167 168 169 170 171 172 173 174 175 176 180 182 183 187 188 189 190 191 192 193 194 195 196 198 199 200
18 159 160 161 163 164 165 166 167 170 172 174 175 177 178 179 180 181 185 187 188 189 190 191 193 198 200
51 159 160 162 163 164 165 166 167 168 170 171 172 173 174 175 176 177 178 179 180 181 182 184 187 188 194 195 196 197 198 200
60 160 161 162 164 166 167 168 169 172 180 181 182 183 189 190 191 193 194 195 196 197 199 200
92 162 163 164 165 166 167 169 170 171 172 173 174 175 176 178 180 181 182 183 185 187 188 189 191 192 193 194 195 196 197 198 200
91 162 163 164 165 166 167 168 169 170 171 172 173 174 175 176 177 178 180 181 182 183 184 185 186 187 188 189 190 191 192 194 197 198 199
70 163 164 166 167 169 171 172 173 176 177 178 180 181 182 184 185 186 187 188 189 191 194 195 196 197 199 200
64 167 168 169 170 171 173 176 177 178 180 181 182 183 185 186 187 188 189 190 192 194 195 196 198 199 200
72 165 166 167 169 170 172 178 180 181 183 184 185 187 189 190 191 193 195 196 197 199 200
27 166 167 168 172 174 175 176 177 183 184 185 186 189 193 194 197 198 199 200
22 168 169 170 171 172 173 175 177 179 181 182 183 186 187 188 189 191 192 194 195 196 198 199 200
43 168 169 170 171 174 175 177 178 180 181 183 187 188 189 190 192 194 195 196 197 198 200
67 170 171 172 175 177 178 179 180 183 185 187 189 190 191 192 193 194 195 200
85 170 171 172 173 174 175 176 177 180 181 183 185 186 187 189 191 192 193 194 195 196 198 199
97 171 172 173 175 176 177 178 180 182 183 188 189 191 194 196 197 198 200
45 172 173 174 176 177 179 181 182 183 184 185 186 187 189 190 192 193 194 195 196 197 198 200
40 173 174 175 176 177 178 179 180 182 183 185 186 188 190 191 192 193 194 195 197 199 200
87 174 177 179 180 181 182 186 187 188 190 192 193 194 197 198 200
49 176 177 178 181 183 184 185 187 188 190 191 192 194 195 196 197 199
98 177 179 180 182 183 184 185 186 187 188 190 192 194 195 196 197 198 199 200
72 178 180 181 182 183 184 185 186 187 188 189 190 191 195 196 197 198 200
87 178 180 181 183 185 186 188 189 190 191 192 193 194 195 196 197 198 200
88 179 180 181 183 184 185 186 188 192 193 194 195 197 199 200
93 181 182 183 184 185 187 190 191 192 193 196 197 198 199 200
32 182 183 184 185 186 187 189 190 191 192 193 194 196 197 198 200
19 182 183 185 186 187 189 191 192 193 195 196 197 198
37 184 187 188 189 190 192 194 195 200
28 184 185 189 190 191 192 193 194 195 196 197 198 199
38 186 187 188 189 190 193 194 196 197 198 199 200
40 186 188 189 196 197 198 199 200
63 187 189 190 191 193 194 195 196 198 199 200
45 189 190 191 192 193 194 195 196 199 200
90 189 191 192 193 195 196 197 199 200
91 192 193 194 195 196 197 199 200
25 191 192 193 197
22 193 194 195 197 199 200
66 193 194 195 196 197 198 199 200
26 194 196 197 198 199
34 196 197 198 199 200
63 197 199 200
63 197 198 199
15 198 199 200
93 200
47 200
58
