100	5	1000	10
-1	107	14
-3	194	17
-1	138	21
-1	116	25
-3	127	23
157 3 4 6 8 9 10 11 12 13 14 15 16 18 19 20 22 24 27 31 32 33 35 36 39 40 41 43 44 46 47 48 49 50 51 52 53 54 55 56 59 60 61 62 67 69 70 71 72 73 74 75 76 77 78 79 80 81 82 83 84 85 86 87 92 93 95 98 99 100
292 3 6 7 8 9 10 12 13 14 15 16 17 18 19 20 21 23 24 25 26 27 28 29 30 32 33 34 35 36 37 38 39 40 42 43 45 46 47 48 49 50 51 52 53 55 56 57 58 59 60 61 62 63 64 69 72 73 75 77 78 79 80 81 82 83 85 87 89 91 92 93 94 95 96 97 98 99 100
300 5 7 8 12 13 14 15 16 17 18 19 20 22 23 24 26 30 35 37 38 39 43 44 47 48 49 50 52 53 54 55 56 57 59 61 62 63 64 65 67 68 71 73 74 75 76 78 79 80 81 83 84 85 88 89 90 91 94 95 96 97 99 100
280 5 8 9 10 11 12 14 15 17 18 19 20 22 23 24 25 27 28 29 30 31 32 34 36 37 39 40 41 42 44 45 46 47 49 50 51 54 57 59 60 62 63 64 65 67 68 69 70 72 73 74 77 78 79 80 81 83 84 85 86 88 91 92 98 100
275 6 7 8 9 10 12 13 14 15 16 18 23 24 26 28 29 30 31 32 33 34 36 37 38 39 40 41 42 43 45 46 47 48 49 51 52 54 55 56 57 58 59 60 61 63 64 65 66 67 68 69 70 72 75 76 77 78 79 83 84 86 87 89 90 91 92 93 94 98 99 100
270 7 8 9 10 11 12 13 14 17 18 19 20 21 22 23 25 28 29 30 31 33 35 36 37 39 40 42 43 44 45 46 47 49 50 51 52 53 54 55 56 58 59 60 61 62 64 65 66 67 68 69 70 71 72 75 76 77 78 79 80 81 83 84 85 88 90 91 93 94 95 96
215 10 12 13 15 16 18 19 20 21 22 23 25 26 28 29 31 32 33 35 37 38 39 40 42 44 51 52 54 57 60 61 62 63 64 65 66 67 68 69 71 72 73 76 77 79 80 81 82 86 88 90 91 95 96 97 98 99 100
168 10 11 13 14 15 18 22 23 24 26 27 28 29 31 32 35 36 40 41 42 43 44 45 46 48 49 50 51 52 53 54 56 57 58 60 61 62 65 67 70 72 73 74 75 79 80 81 82 84 86 87 89 92 93 95 96 98 99
224 11 12 13 15 18 20 21 22 23 24 25 26 27 28 29 30 32 33 34 35 37 40 42 43 44 46 47 49 50 51 52 53 54 56 57 58 60 61 62 63 64 66 69 70 71 72 73 75 76 78 82 83 84 85 86 88 89 91 93 94 95 96 98 99 100
271 13 15 16 17 18 19 21 22 23 24 27 28 29 30 31 32 33 34 35 36 37 38 39 42 44 46 48 49 50 51 52 53 55 56 57 58 59 60 61 64 65 67 68 69 71 72 73 75 76 77 78 79 80 82 83 86 87 88 89 91 92 93 94 96 97 99 100
216 13 15 16 17 20 21 22 24 26 28 29 30 31 35 36 37 39 40 41 42 43 44 45 47 48 49 50 51 52 53 56 58 59 60 61 62 63 64 65 66 68 69 70 71 72 73 74 75 76 77 78 79 80 82 85 86 87 88 89 90 91 92 93 94 95 97 99 100
260 13 14 15 18 19 20 21 22 25 27 29 32 33 34 35 36 37 39 40 42 44 45 46 48 49 50 53 54 55 56 57 59 61 62 64 67 68 69 71 73 74 75 76 77 78 79 80 81 82 83 84 85 86 87 88 89 91 92 93 94 95 96 97 99 100
207 14 16 17 18 19 20 22 23 24 25 26 28 29 31 32 34 35 36 37 38 39 40 42 44 45 47 49 50 51 52 53 54 55 59 60 63 64 66 68 70 71 72 74 76 77 79 80 82 83 84 85 87 89 91 92 93 94 95 96 98 99 100
284 15 16 17 19 20 21 22 25 27 28 29 31 32 36 37 39 40 42 43 44 45 46 47 48 49 50 53 54 55 56 58 59 60 61 64 65 66 67 68 69 70 71 74 75 76 77 79 80 81 83 84 86 88 89 90 91 92 93 96 97 98 99 100
247 16 17 18 20 21 22 25 26 27 28 29 30 31 32 33 35 36 37 39 40 41 42 43 44 45 46 47 48 49 50 51 53 54 55 56 57 59 61 62 63 64 65 66 67 68 69 70 71 72 75 76 77 78 79 80 81 83 84 86 88 91 92 93 95 96 97 99
218 17 18 19 20 22 24 25 26 27 29 30 31 32 33 35 36 37 38 39 40 42 43 44 46 47 48 49 50 52 54 55 60 61 62 63 67 69 70 71 72 73 74 76 77 78 79 80 81 82 88 89 90 91 92 95 96 98
209 18 21 23 24 25 26 27 28 31 34 36 37 38 40 42 43 44 45 46 47 48 49 50 51 52 53 54 56 57 59 61 62 63 64 65 66 67 68 69 70 71 72 73 74 75 76 77 79 80 81 82 83 84 85 87 88 90 91 92 93 94 95 96 97 98 100
279 19 21 22 23 24 25 26 27 28 29 32 34 35 38 40 42 44 45 48 49 53 54 57 58 59 61 62 63 64 65 67 68 70 71 73 74 75 76 82 83 85 86 87 88 89 90 91 92 93 94 95 96 98
272 21 25 26 27 31 34 35 36 37 38 40 41 43 44 45 47 49 50 51 53 54 55 56 58 59 60 61 62 63 66 68 71 72 73 74 75 76 78 79 82 83 85 86 87 88 90 91 93 95 97 98 100
193 21 22 23 24 25 27 29 30 32 33 35 37 39 40 41 44 45 46 47 48 49 50 51 52 53 54 56 58 59 60 61 62 63 65 66 67 68 70 71 74 75 76 77 78 79 80 82 83 85 86 87 88 90 93 94 95 96 98 100
278 22 23 25 26 27 29 30 33 35 36 37 38 39 40 44 45 47 48 49 50 52 54 57 59 60 61 63 64 65 66 68 69 71 72 73 74 76 77 78 79 80 82 86 87 89 90 91 92 93 94 95 96 97 98 99 100
153 23 24 26 27 28 29 30 31 35 36 37 38 40 43 44 46 47 48 51 52 53 55 56 57 59 61 62 63 64 65 66 67 68 69 71 74 75 76 77 78 79 80 81 83 84 86 87 88 89 90 91 92 94 97 98 99
281 25 28 31 32 33 34 35 36 37 38 39 40 41 42 45 46 48 50 52 53 54 55 56 57 58 59 61 62 63 65 66 70 71 72 73 77 78 79 81 84 87 88 90 91 92 93 95 96 97 98 99 100
291 25 26 27 28 31 32 33 34 36 39 41 42 43 46 47 48 50 52 54 55 56 57 58 59 61 64 65 66 67 68 69 71 72 73 74 76 77 78 80 81 82 83 85 91 92 94 95 99 100
157 26 27 28 29 30 31 35 36 42 43 45 46 47 48 50 57 59 60 62 63 64 65 66 67 69 71 74 75 76 77 78 80 81 82 84 85 87 89 91 92 93 94 95 96 97 98 99
299 27 28 29 30 31 32 34 35 36 39 40 41 42 44 46 47 49 52 53 54 55 57 58 60 61 62 63 65 66 67 68 70 71 72 74 75 76 77 78 79 83 84 86 87 89 90 91 92 95 96 97 98 99 100
192 29 30 31 33 37 38 39 44 45 46 48 50 51 52 53 54 55 56 57 58 59 60 62 63 64 65 66 67 68 69 71 73 74 76 79 80 82 83 84 87 88 89 90 91 93 94 95 96 97 99 100
257 30 31 33 34 35 36 37 38 40 43 44 45 47 48 49 50 51 52 53 54 55 56 57 58 60 61 62 63 64 66 67 68 69 70 71 72 73 75 79 80 81 85 86 87 88 90 91 93 95 96 97 99
251 31 32 34 35 36 37 38 39 40 41 43 44 45 46 47 48 49 50 51 54 55 57 58 59 60 61 62 63 65 67 69 70 73 74 75 76 77 78 79 80 81 84 86 87 89 90 91 94 95 96 97 99 100
159 31 34 36 37 38 39 40 42 43 44 45 46 47 49 50 51 53 57 58 59 60 61 62 64 65 68 69 70 71 72 73 74 75 76 77 79 81 83 84 86 87 90 91 92 95 96 97 98 99 100
265 32 34 35 36 38 39 43 44 46 47 49 50 51 52 53 54 55 56 57 58 60 61 63 64 65 67 68 69 70 72 73 75 77 78 81 85 86 87 88 90 92 94 96 97 98 99 100
166 33 35 36 37 38 39 42 43 45 47 48 50 51 54 55 56 57 58 59 60 61 63 64 65 66 67 68 69 70 72 74 76 81 82 84 85 87 88 90 92 94 95 99 100
176 34 35 37 41 43 45 46 47 48 49 50 51 52 54 55 56 58 59 60 61 62 63 64 65 66 68 70 71 74 75 76 77 78 79 80 85 86 87 88 89 90 91 92 94 96 97 98 99 100
209 35 37 39 40 43 44 45 46 47 48 49 50 51 57 58 59 60 62 63 64 65 66 67 68 69 70 71 72 77 79 80 81 82 83 84 85 86 87 89 90 91 92 94 95 97 98
267 36 37 39 40 42 43 44 45 46 49 52 53 56 57 58 60 61 62 63 64 66 67 68 69 70 71 72 73 74 76 78 79 80 81 82 85 86 88 89 90 91 92 93 94 95 97 98
197 37 38 39 40 41 42 43 45 46 47 48 49 50 51 52 53 54 58 59 61 62 63 65 66 67 70 71 72 73 74 76 77 79 80 81 82 83 85 87 88 89 90 91 92 93 94 95 96 97 98 99 100
180 39 41 43 44 45 46 49 50 51 52 54 57 58 60 61 62 63 64 65 66 67 68 70 73 76 78 80 81 82 84 86 87 89 90 91 92 94 96 97 98 99 100
227 39 41 42 44 46 47 49 50 51 52 53 55 56 57 59 60 61 64 65 66 67 68 69 71 72 73 74 76 78 79 80 81 83 86 87 89 91 93 96 97 98 99
194 40 41 42 43 44 45 46 47 48 49 51 52 53 54 55 56 57 58 60 61 63 64 66 67 69 70 71 72 73 74 75 76 77 78 80 82 83 84 85 87 88 89 90 92 93 94 95 98 99
290 41 42 43 44 45 47 48 49 50 51 54 55 56 57 60 61 63 66 67 69 71 72 73 75 76 77 78 79 81 82 84 85 87 88 89 91 92 93 94 98 99
250 42 43 45 46 47 48 49 51 55 56 58 60 61 63 64 65 66 67 68 69 70 71 72 73 77 78 79 80 81 82 84 85 86 87 88 89 91 92 94 95 97 99
281 43 44 45 46 47 48 49 50 51 53 54 56 57 58 59 61 62 63 64 65 68 69 70 72 73 74 76 77 78 79 80 81 83 84 85 90 91 92 93 95 96 99 100
297 46 47 50 51 52 53 54 55 56 57 59 60 61 62 63 64 65 66 69 71 72 73 76 77 78 80 81 82 86 87 88 90 91 92 93 94 96 98 99 100
267 46 47 48 49 50 52 53 54 55 56 58 59 61 62 63 64 66 67 68 69 70 71 72 73 74 75 77 78 81 84 87 88 90 91 92 93 94 96 97 99
274 46 47 49 50 51 53 54 55 56 57 60 61 62 63 66 67 69 70 71 72 73 74 75 77 78 81 82 83 84 86 87 89 92 94 96 97 100
256 47 48 50 51 54 55 58 60 62 64 65 66 67 68 69 70 71 74 75 76 77 79 80 81 82 83 84 85 86 88 90 91 92 93 94 95 96 97 98
153 49 50 52 53 56 57 59 60 61 62 64 65 66 67 68 70 71 72 73 74 75 76 77 78 80 81 82 83 84 85 86 88 89 91 92 93 94 95 96 97 98 99 100
213 49 50 51 52 54 55 56 57 58 60 61 62 63 64 66 67 68 70 72 73 74 76 77 78 79 82 83 84 86 87 90 92 93 95 96 97 100
197 50 52 53 56 57 58 60 61 64 65 66 67 68 69 70 71 72 74 75 76 79 80 81 83 85 86 89 93 94 95 96 97 98 99
193 51 53 55 56 57 58 59 60 61 62 63 64 65 66 67 68 69 71 72 73 74 75 76 77 78 79 81 82 83 85 86 87 88 91 92 95 96 98 99
156 52 54 55 56 57 58 59 60 61 62 65 66 67 68 70 71 73 74 75 76 77 82 84 86 87 89 90 91 92 94 95 96 99
248 53 54 55 57 58 60 61 63 64 65 66 68 70 72 74 76 77 78 79 81 82 83 84 85 86 87 88 89 90 92 93 95 96 97 98 99
180 54 56 57 59 60 62 64 65 68 72 79 81 82 84 86 88 89 90 91 92 95 97 98 99 100
265 55 56 58 59 60 61 62 63 65 68 69 70 73 77 78 79 80 83 84 85 88 89 90 92 93 94 97 99 100
174 56 57 58 61 62 64 65 66 67 68 70 71 72 73 75 76 80 83 84 85 88 89 90 91 93 95 96 97 98 100
157 57 58 59 60 61 63 64 65 66 67 68 69 70 71 72 73 75 76 77 78 79 80 82 83 84 85 86 87 90 92 94 96 98 100
150 58 60 61 62 63 64 65 66 67 68 69 71 72 73 74 75 77 78 79 80 82 83 84 87 93 94 96 97 98 99 100
152 59 60 61 62 63 64 65 66 67 68 69 70 71 73 74 76 77 78 80 82 84 85 86 87 88 90 91 92 93 94 95 97 98 100
205 60 61 62 63 65 66 67 68 69 70 71 72 74 75 76 77 78 79 80 81 82 85 86 87 88 91 92 94 95 96 97 99 100
206 61 63 65 66 67 69 71 72 73 74 75 77 78 79 80 84 85 86 88 91 93 95 96 97 98 99
155 62 63 64 65 66 68 69 70 71 72 74 77 78 79 80 81 83 86 88 89 90 91 92 95 97 99
278 63 64 65 66 68 69 70 71 72 73 74 75 76 77 79 80 81 83 84 86 88 89 90 91 92 93 95 96 97 98 99 100
300 64 66 67 68 69 70 71 73 74 75 77 79 80 82 86 87 88 92 93 95 97 98 99 100
279 65 66 68 69 71 72 73 75 76 77 78 79 80 82 83 84 85 86 89 91 95 99
253 66 67 68 70 71 72 76 77 78 79 80 81 84 85 87 88 89 92 93 94 95 96 97 100
172 68 69 71 72 76 77 78 79 80 82 83 84 85 87 90 92 93 94 95 97 99 100
298 68 69 70 71 73 74 76 77 78 80 81 82 83 84 86 87 88 89 91 93 94 95 96 98 99
209 69 70 71 73 75 77 78 79 80 81 83 84 85 89 90 91 92 93 94 96 98 99 100
151 70 71 72 73 74 77 78 79 80 81 82 83 84 85 89 90 91 93 95 96 97 98 99 100
202 71 72 73 74 75 76 77 78 79 80 82 83 84 86 88 89 91 93 94 95 96 97 99 100
164 72 74 75 77 78 79 80 82 83 84 85 89 90 91 92 93 97 99 100
279 73 75 77 78 79 80 82 83 85 86 87 88 89 90 91 92 95 96 98
234 74 75 76 78 80 81 82 83 85 87 88 89 90 92 93 95 96 97 99 100
154 75 76 77 79 83 84 85 86 87 88 91 92 94 95 97 98 99 100
225 76 80 81 83 84 86 87 88 89 90 91 92 95 96 98 99 100
232 78 79 80 81 82 83 84 85 86 88 89 90 93 95 96 97 99
232 79 81 82 84 86 87 89 90 91 92 95 96 98 100
184 79 80 81 83 84 85 86 88 89 90 92 93 94 96 97 98 100
260 80 81 82 84 85 86 88 90 91 92 93 94 95 97 98 99 100
156 82 83 84 85 87 88 89 91 92 93 94 96 97 98 99
157 82 83 84 85 86 88 90 91 94 95 96 97 99
276 84 85 86 89 91 92 93 94 95 96 98 100
191 86 89 90 91 93 94 95 96 97 99
228 86 90 91 92 94 96 97 98 99 100
288 86 87 90 92 93 94 95 96 97 98 99
290 87 88 89 91 92 93 95 96 99 100
282 88 89 90 91 93 94 95 97 98 100
243 89 90 92 93 94 96 97 98 100
150 90 91 92 93 94 95 97 98 99
288 92 93 95 97 98 99 100
195 93 94 97 100
173 93 94 96 97 98 99 100
178 95 98 99 100
215 95 97 99
214 96 98 99 100
203 98 100
264 99 100
259 99 100
206 100
251
