50	5	200	1
0	20	9
0	35	11
0	21	6
0	29	15
0	39	9
57 3 8 11 12 14 15 16 17 19 20 21 22 24 26 28 30 31 32 34 35 36 37 38 39 40 46 47 48 49 50
38 3 6 7 8 10 12 16 17 18 19 20 21 22 23 26 27 28 29 30 31 33 34 35 36 37 38 39 40 41 42 44 47 48 49
54 5 7 9 10 11 12 13 14 16 17 18 19 20 22 24 25 26 27 28 30 31 32 34 35 36 37 39 40 41 42 43 44 45 46 47 48 49 50
48 5 6 7 8 9 11 13 15 16 17 19 20 21 24 25 26 27 28 30 31 32 33 35 37 38 39 40 42 43 44 45 46 47 48 50
30 6 7 8 9 11 12 14 15 16 20 21 22 23 24 26 27 29 31 32 33 36 40 41 44 45 47 48 49 50
43 8 9 11 13 14 15 16 17 18 19 20 21 23 25 26 28 30 31 32 33 34 35 36 38 40 42 43 44 45 46 47 48 50
59 8 10 11 12 13 14 15 16 18 19 23 25 26 28 30 31 32 33 34 35 37 38 39 40 41 42 43 45 46 47 49
59 9 10 11 12 13 15 16 18 19 20 21 23 24 25 28 30 32 33 35 36 37 38 39 41 42 45 46 47 48 49 50
57 10 11 12 14 15 16 17 18 19 21 22 24 25 26 27 28 30 32 35 36 37 39 40 41 42 43 45 46 47 48
55 11 12 13 15 16 17 18 19 20 21 23 24 25 26 27 28 29 30 31 32 33 34 35 37 39 40 42 43 44 46 47 49 50
38 12 13 14 16 17 20 22 24 28 29 30 32 34 35 37 38 39 40 42 44 45 46 47 50
51 14 18 20 21 22 23 24 25 27 28 32 33 38 39 40 43 44 45 48 50
46 14 15 16 18 20 21 22 25 26 28 30 32 33 34 37 38 39 40 41 46 47 49
47 16 18 19 20 21 22 23 24 25 26 27 28 29 30 31 33 34 35 37 38 39 40 41 43 44 45 48 49
41 16 17 19 20 21 22 23 25 26 27 28 29 30 31 35 36 37 38 39 40 43 45 49
51 17 18 20 21 23 24 25 26 27 28 31 32 33 34 37 38 41 43 44 45 46 47 48 50
46 18 19 20 24 25 26 27 28 29 30 32 33 34 35 36 37 40 41 42 43 44 46 47 50
45 19 21 22 24 25 27 28 29 30 31 32 33 34 35 36 38 39 40 41 42 43 44 45 46 47 48 50
43 20 21 24 27 28 29 31 32 34 35 36 37 38 39 40 41 42 43 44 46 48 49 50
33 23 24 25 26 27 30 31 33 35 37 38 39 41 42 45 46 47 48 49 50
58 22 23 24 27 28 29 30 31 32 35 37 38 39 42 43 44 46 48 50
60 23 24 26 27 28 29 31 32 34 35 36 37 38 40 41 42 43 44 47 48 49 50
35 25 26 28 30 31 32 33 35 36 37 38 40 41 42 43 44 45 46 48 49 50
33 25 26 28 32 33 34 36 37 39 40 41 42 43 46 47 50
39 27 28 29 30 33 34 37 38 40 42 43 45 47 48 49
58 27 28 29 30 31 32 33 34 35 36 37 38 39 40 41 42 43 44 45 46 49
45 28 29 30 31 35 36 37 38 39 40 43 45 46 47 48 50
45 30 31 32 33 34 36 37 39 41 42 43 44 45 46 47 49 50
33 32 34 36 37 38 40 42 43 44 45 47 49 50
30 32 33 34 36 38 39 41 42 44 45 46 48 49 50
52 33 36 38 42 43 44 47 48
30 33 34 35 37 38 39 40 42 43 45 46 47 48 50
54 34 35 37 38 41 43 45 46 48
60 35 37 38 39 40 41 42 43 44 45 46 48 49 50
54 36 37 38 39 40 41 42 43 44 45 46 47 48 49
59 37 38 39 40 41 42 43 46 47 48 50
48 38 39 42 44 45 46 47 48 49 50
53 39 40 41 43 44 45 48 50
32 40 41 42 43 44 46 47 48 49 50
46 42 43 49
41 44 45 47 48 49 50
34 44 49 50
43 44 46 47 48 50
30 47 50
43 46 47 48 50
58 47 48 49 50
57 50
42
41
51
