75	10	200	10
-2	16	11
-5	2	3
-1	9	4
-3	7	9
-1	19	4
-4	20	7
-4	7	7
-4	4	9
-4	19	14
-2	10	7
58 2 3 5 7 9 10 11 12 14 16 17 19 20 22 24 25 26 27 29 30 31 32 33 35 38 41 43 45 46 48 49 51 53 54 55 56 57 58 59 60 61 62 63 64 65 66 67 68 69 70 71 72 74 75
52 4 5 6 7 8 9 12 13 14 15 18 19 20 21 23 24 25 26 28 29 30 31 32 34 35 36 37 38 40 41 43 44 47 48 49 50 55 56 58 60 62 63 64 65 66 67 69 70 72
30 4 5 6 8 10 11 13 14 16 17 18 20 21 23 24 28 31 32 34 35 36 37 40 41 43 44 49 50 52 53 54 55 57 58 59 60 61 62 63 64 67 68 69 70 71 72 74 75
46 5 6 7 8 9 10 11 12 15 16 17 18 20 21 22 23 24 25 26 27 28 30 31 32 33 34 35 36 39 40 41 43 44 45 47 48 49 50 52 53 54 55 56 57 58 60 61 62 63 66 68 69 70 71 74
43 6 8 9 10 12 13 14 15 17 19 20 21 22 23 24 25 29 30 32 34 37 38 39 40 44 45 46 47 48 49 50 51 53 54 57 59 60 62 64 70 72 73 74 75
45 7 9 10 11 12 13 14 15 16 18 19 20 22 23 24 25 26 27 28 29 31 32 33 35 38 42 43 45 46 47 48 49 50 51 52 53 54 55 56 57 58 60 62 63 64 65 66 68 70 71 72 73 74 75
45 8 9 10 13 14 15 16 17 18 19 20 21 24 26 27 30 31 33 34 35 36 37 38 39 41 42 43 44 45 46 49 50 52 54 55 57 58 59 60 67 68 69 70 72 73 74 75
39 10 11 12 13 14 15 16 19 21 22 24 26 27 29 30 32 33 36 38 39 41 43 45 46 47 51 53 54 55 57 59 61 63 66 67 68 69 70 72 74
54 10 11 12 13 14 18 19 20 21 22 24 25 27 28 29 30 31 32 33 34 35 36 37 38 39 41 42 44 45 48 51 52 53 54 56 58 59 60 61 62 64 65 66 67 68 70 73 74
42 11 12 15 16 17 18 19 20 21 22 24 25 26 27 28 29 30 31 33 35 37 39 40 41 42 44 45 46 47 48 49 50 51 52 53 55 56 57 59 60 61 62 63 65 68 69 70 71 74 75
45 12 13 14 15 16 17 18 19 20 22 24 26 27 28 29 30 31 32 33 34 35 36 39 40 41 43 45 46 49 50 51 52 53 54 58 59 60 61 62 63 64 65 68 69 71 73 74
45 13 16 17 18 20 21 23 25 26 27 28 29 30 31 33 34 35 36 39 41 42 43 45 46 47 48 50 51 52 53 56 57 58 60 61 62 63 64 65 67 68 69 70 71 72 75
58 15 17 18 19 20 23 24 26 27 28 30 31 33 34 35 36 37 38 40 41 42 44 45 46 47 48 50 52 53 54 55 56 57 58 59 60 61 63 66 67 69 70 73 74 75
35 15 16 17 21 25 27 28 29 30 32 33 34 35 37 38 39 40 41 42 44 45 46 47 48 50 52 54 60 61 62 63 64 65 67 69 70 71 72 73 74 75
41 16 17 18 20 21 22 23 24 25 26 27 28 29 31 32 33 34 35 36 37 38 39 41 42 43 44 45 48 49 51 52 53 54 55 57 58 59 62 63 64 68 69 70 72 73 75
46 17 18 19 20 21 22 23 24 25 26 27 28 29 30 31 32 34 35 36 37 38 40 42 44 45 47 49 51 52 53 54 55 56 57 58 59 61 62 63 64 65 66 67 68 69 70 71 73 75
35 18 19 20 21 22 23 25 26 27 29 30 31 32 33 35 36 37 38 39 40 43 44 46 48 49 50 51 52 54 55 56 57 59 60 62 63 64 66 68 69 70 71 72 73 74 75
46 19 21 23 24 25 27 28 29 31 32 33 34 35 37 38 40 44 46 47 48 51 52 53 55 56 60 61 63 65 66 67 68 71 72 73 74 75
48 20 22 23 25 26 30 31 34 35 36 39 40 43 45 46 47 48 49 51 52 53 55 57 58 59 61 62 63 64 65 66 67 68 69 70 71 72 73
43 22 23 25 27 28 29 30 31 33 34 35 36 38 39 41 43 45 46 47 48 52 53 56 57 58 59 60 61 62 63 65 67 73 74
54 22 24 27 28 29 30 31 32 33 35 36 38 39 40 41 42 45 46 48 49 51 52 53 55 56 57 58 59 60 61 62 64 66 67 68 69 70 71 72
41 23 25 26 27 29 30 31 32 33 35 36 39 41 43 44 45 46 47 48 50 51 52 53 54 56 58 59 60 61 62 63 64 65 69 71 72 73 74
51 26 27 28 29 30 31 33 34 39 40 41 43 44 45 46 47 48 49 50 51 52 54 56 57 58 59 60 61 62 63 64 65 68 69 70 72 73 75
54 28 29 30 32 33 34 36 37 39 42 45 46 47 50 51 53 54 55 56 58 59 60 61 62 63 65 66 67 68 69 70 71 72 75
39 26 27 28 29 30 31 32 33 34 35 36 37 40 41 42 45 47 50 51 52 53 55 56 60 62 64 66 67 68 69 72 74
53 28 29 30 32 33 34 37 38 39 40 41 42 43 45 46 47 48 49 50 53 55 56 57 59 60 63 64 65 66 67 68 69 70 71 74
47 28 29 30 31 32 33 34 35 36 37 38 39 40 41 42 46 48 49 50 51 52 53 54 58 59 60 61 62 65 67 70 71 72 73 75
59 33 34 36 37 39 42 43 44 45 46 47 48 49 50 51 52 53 54 55 56 57 59 60 61 62 63 64 65 69 72 73 74
33 30 31 32 33 34 35 36 37 38 39 41 42 43 44 45 46 48 49 51 53 54 55 58 59 60 62 63 65 66 68 69 71 72 73 74 75
48 31 34 35 37 40 41 42 44 45 46 47 48 49 50 52 55 56 57 59 60 61 62 63 64 65 66 69 70 71 72 73 74 75
51 32 33 34 35 36 37 38 39 40 41 42 43 44 46 52 53 55 56 57 59 60 61 62 63 65 66 67 68 70 71 73 74 75
30 34 35 38 39 41 42 43 44 45 46 49 51 52 53 54 57 58 59 60 61 63 64 65 66 67 68 69 70 72 73 74 75
58 35 36 37 39 41 43 44 45 46 47 48 50 51 54 55 59 60 62 63 64 65 66 67 68 69 70 72 73 75
32 36 37 38 39 40 42 45 46 48 49 51 52 53 54 55 56 58 59 61 62 63 65 66 68 69 71 72 73
60 36 37 38 39 42 43 44 45 46 47 48 49 52 53 54 55 57 59 62 63 64 69 70 71 72 73 74 75
48 37 38 39 40 44 45 46 49 50 52 54 55 56 57 58 62 64 65 66 67 68 69 73 74 75
43 38 40 41 43 44 45 46 47 49 50 51 53 54 55 56 57 58 59 60 61 62 63 65 66 69
30 40 41 42 43 45 47 48 49 50 52 53 54 56 57 58 59 60 61 62 63 65 66 68 71 73 74
43 41 42 43 44 45 46 47 50 52 53 55 58 61 63 65 66 67 68 69 72 73 75
51 42 43 44 45 46 47 48 49 50 51 52 53 60 61 62 63 64 65 66 67 68 69 71 72 73 74 75
46 42 43 45 46 48 49 50 51 54 55 56 58 59 60 62 63 64 65 66 67 69 71 72 73 74
43 43 44 45 46 47 48 49 50 51 52 54 55 56 57 58 59 61 63 64 65 66 67 68 71 72 73 74
41 44 45 46 47 48 49 52 53 54 55 56 57 58 59 60 61 62 63 64 65 67 68 69 70 71 72 73 74 75
46 45 47 48 49 50 52 53 54 56 57 58 59 60 62 64 67 68 70 71 72 73 74 75
60 46 47 49 54 55 56 58 60 61 63 64 65 66 67 68 70 71 72 73 75
38 49 50 52 53 54 55 56 57 60 62 63 64 65 66 69 70 71 75
60 48 50 51 53 55 56 57 59 60 61 62 64 65 66 67 68 72 73 74 75
47 49 50 51 52 53 54 55 56 59 60 61 62 64 65 68 69 70 71 72 73 74 75
60 50 51 52 55 56 58 61 62 63 67 68 69 70 71 72 74
57 51 52 53 55 57 58 61 62 63 65 66 67 68 69 71 72 73 74 75
51 54 55 56 57 59 62 67 68 69 70 71 72 73 75
53 55 56 57 58 60 61 62 63 65 67 68 69 70 72 73 74 75
59 56 57 58 61 62 63 65 67 68 70 71 72 73 74 75
56 55 57 58 60 61 64 66 67 68 69 70 72 73
30 57 58 59 60 61 62 64 65 66 69 70 71 72 74 75
59 59 62 64 65 66 68 69 70 71 72 73
59 59 61 62 64 65 66 67 68 69 70 71 72 73 74
42 59 60 61 62 64 65 66 67 70 72 73 75
58 60 62 64 65 66 67 69 71 72 73 74 75
33 61 62 63 64 65 67 69 70 71 72 75
37 62 65 66 67 68 69 71 73 75
37 63 65 68 70 71 72 74 75
49 65 66 68 69 70 71 72 73 74 75
55 65 66 67 68 69 70 71 72 73 74 75
36 66 67 68 69 70 72 73 75
36 68 70 72 73 74 75
43 68 73 75
47 69 71 72 73
54 70 71 73 75
57 74 75
48 72 73 74 75
42 73 74 75
41 74 75
55 75
40
