50	10	10000	1
0	1455	3
0	1093	6
0	1610	4
0	1817	3
0	1394	5
0	1324	7
0	1589	4
0	1247	4
0	1297	9
0	1188	5
2824 2 3 5 7 9 10 12 13 14 15 17 18 19 20 21 22 23 24 26 27 28 31 32 34 35 36 37 38 40 42 44 45 46 47 49 50
2095 4 6 7 8 9 10 13 15 17 18 19 21 22 23 24 26 27 28 29 30 32 33 34 35 36 37 38 39 40 41 42 43 44 45 47 48 49
2626 4 5 6 11 13 15 16 17 18 19 20 21 22 23 24 25 27 28 29 31 32 33 36 37 38 42 44 45 48 50
2633 5 6 7 8 9 10 11 12 13 14 16 17 20 21 22 23 24 25 26 29 31 32 33 34 35 38 39 40 42 43 46 48 49 50
2747 6 8 10 11 12 13 14 15 16 17 18 19 20 21 23 24 26 28 29 31 32 34 35 37 38 40 41 42 43 45 47 48 50
2920 7 8 12 13 14 16 17 19 20 21 22 23 24 25 26 27 28 30 32 33 34 35 38 40 41 45 46 49 50
2195 8 9 10 11 13 14 15 16 17 18 20 22 23 24 26 28 30 31 32 33 34 37 38 39 40 44 45 46 47 48 49 50
2082 10 12 13 14 15 17 20 21 22 23 25 26 27 28 29 30 32 33 35 37 39 42 44 45 46 49 50
2560 10 11 14 15 17 18 19 21 22 23 25 26 27 28 29 31 32 33 37 38 39 40 43 45 46 47 49
2288 11 12 14 16 17 18 20 22 24 26 27 30 31 34 35 36 38 39 40 42 44 45 47 48 49 50
2773 13 14 15 16 17 18 19 20 21 22 24 25 26 27 28 29 30 31 32 35 36 38 39 42 43 45 46 47 48 49 50
2317 13 15 16 17 19 20 24 25 26 27 28 29 30 31 33 34 35 36 37 38 39 40 41 42 43 45 46 47 48
2822 15 16 17 18 22 23 24 25 26 27 29 30 31 32 36 38 41 42 45 46 47 48 49
2516 15 17 19 20 23 25 27 28 29 30 31 32 34 35 36 37 38 39 40 41 42 43 46 49 50
2989 16 17 18 20 21 24 25 26 29 30 32 33 34 36 37 38 39 42 43 44 45 46 47 49
2822 18 20 21 22 24 26 27 29 30 31 34 35 36 38 39 40 41 43 46 47 49 50
2988 18 19 21 22 23 24 26 27 28 29 30 31 32 33 34 35 36 37 38 39 40 41 43 45 46 47 48 49 50
2991 19 20 21 22 23 25 26 27 28 30 31 33 34 35 36 37 38 39 41 42 43 44 45 46 47 48 50
2931 20 22 23 24 25 26 29 30 31 32 34 36 37 40 41 42 43 44 45 47 50
2564 21 22 24 25 26 28 29 30 32 33 34 36 38 40 41 42 43 44 45 46 47 49 50
2723 22 24 26 27 28 29 30 31 32 33 37 38 42 43 44 47 48 49 50
2483 23 24 25 27 28 30 32 34 35 38 39 40 41 43 45 46 47 48 49 50
2444 24 26 27 29 31 32 33 34 35 36 37 39 41 42 44 45 46 47 48 49
2625 26 27 28 29 30 31 32 34 35 37 38 39 41 42 43 46 47 48 50
2249 26 27 28 29 30 31 32 33 34 35 37 40 41 42 43 45 46 48 49 50
2720 27 28 29 30 32 34 35 36 37 38 39 40 41 42 43 44 45 48 49 50
2896 28 29 30 31 32 33 34 36 37 38 39 40 41 43 44 47 49 50
2834 29 32 33 34 35 36 37 38 39 40 41 42 43 44 45 46 49 50
2776 31 32 33 34 35 36 37 38 40 41 43 44 45 46 48 49
2041 31 32 34 35 36 37 38 39 40 41 42 44 45 46 47 48 49 50
2940 32 33 34 35 36 38 40 41 45 47 48 49 50
2727 33 36 38 39 40 42 44 45 46 47 50
2366 34 35 36 37 40 41 43 45 47 49 50
2886 35 36 40 42 43 45 46 48 49
2847 36 38 44 45 47 49 50
2111 39 40 42 43 44 45 46 47 48 49 50
2497 38 40 42 45 46 48 49 50
2722 39 40 43 44 47 48 49 50
2103 40 41 42 43 45 46 49 50
2488 42 43 46 47 48 49 50
2266 43 44 47 49
2937 44 46 47 48 49
2458 44 48 49 50
2955 46 48
2208 46 49
2913 47 50
2923 48 49
2227 49 50
2560 50
2294
