50	5	200	10
-4	34	9
-4	35	12
-1	40	9
-3	31	8
-5	22	12
12 2 6 7 8 9 10 12 14 17 18 19 20 22 24 25 26 29 30 31 33 34 35 36 37 39 40 41 42 45 46 47 49 50
13 3 4 5 6 7 8 12 15 18 19 20 21 22 23 24 25 26 27 28 29 31 33 34 35 36 37 38 39 40 41 42 44 45 46 48 50
14 4 5 6 7 8 11 13 15 17 19 20 21 22 23 24 25 28 31 32 34 35 39 40 41 42 48 49 50
17 6 7 8 10 11 12 13 14 15 16 17 19 20 21 23 25 27 28 30 31 33 36 38 42 43 46 47 48 49 50
12 6 7 9 10 12 13 15 16 18 19 20 21 22 23 24 25 27 29 30 31 32 35 36 37 38 40 41 42 43 44 45 46 47 48 49
11 8 9 10 12 13 14 17 18 20 24 26 28 29 30 31 32 34 35 36 43 44 45 47 48 49 50
19 8 9 10 11 12 14 15 16 18 19 21 27 29 33 34 35 36 38 39 41 42 43 45 46 48 49
6 9 10 11 12 13 14 16 17 18 19 20 22 23 24 25 26 27 31 32 34 35 36 37 40 41 42 44 45 46 47 48 49 50
19 10 11 12 13 16 17 18 19 20 21 22 23 24 25 26 27 30 32 33 34 35 36 37 39 40 41 42 44 45 47 48 49 50
18 11 13 14 15 17 18 19 20 21 22 25 26 27 28 29 30 32 33 35 36 37 38 40 41 42 43 44 45 46 47 48 50
11 12 13 14 16 17 18 19 20 21 22 23 24 25 27 28 29 30 31 32 34 35 37 39 40 41 43 47 48 49 50
5 16 17 19 20 21 23 25 27 29 30 31 32 35 37 39 40 41 42 43 44 45 48 49
20 14 15 16 19 20 21 22 23 24 25 26 27 28 29 30 31 32 33 34 35 36 39 40 41 42 43 44 45 46 47 48 49 50
9 15 18 19 20 21 22 23 24 25 26 28 29 30 31 33 34 38 39 40 41 42 43 44 46 47 48 49
19 16 17 19 20 21 22 24 27 28 30 31 33 34 35 37 38 40 41 42 44 45 46 47 49
19 17 19 20 21 22 23 24 25 27 28 29 31 32 33 34 35 36 37 38 39 41 42 44 47 48 49 50
11 18 19 20 24 26 29 30 34 35 36 37 38 39 41 42 43 44 48 49 50
8 19 20 21 22 23 24 25 26 27 29 30 31 33 34 35 36 37 39 41 42 43 44 45 46 49 50
3 21 22 23 24 25 28 29 30 31 33 34 36 37 39 40 42 43 46 47 48 50
3 21 22 23 24 25 28 29 30 31 33 35 36 37 38 39 40 41 42 43 44 45 46 47 50
8 23 24 25 26 27 28 30 32 33 35 36 37 38 39 41 42 43 46 47 48 50
17 23 24 25 26 28 30 32 33 35 36 37 38 39 41 42 43 44 45 46 50
20 24 25 27 28 29 30 31 32 33 34 37 39 40 41 43 44 45 46 47 49
5 25 26 27 28 31 32 35 36 37 38 42 43 44 46 48 49
3 26 27 28 29 30 31 33 34 37 39 40 43 44 45 46 47 48 50
9 28 29 31 32 33 34 35 37 38 42 46 47 48 49 50
4 30 32 33 35 38 39 40 41 42 43 45 46 47 49 50
19 29 30 31 32 33 36 37 39 41 42 44 46 47 48
20 31 33 34 35 36 38 40 41 42 43 44 45 46 47 50
18 33 34 35 36 37 38 41 42 43 46 48 49
14 32 33 34 35 37 38 39 41 42 43 44 47 48 49 50
19 34 35 36 37 38 39 40 41 42 43 44 45 46 49 50
12 34 35 37 38 39 43 45 46 47 48 49 50
18 35 37 38 40 41 42 43 44 45 46 49
4 36 38 39 40 41 43 44 45 46 48 49 50
4 37 38 40 43 45 46 47 48 49 50
4 38 40 41 43 44 45 46 49
18 39 40 41 42 43 46 47 48 49 50
10 41 42 43 46 47 48 50
6 41 43 45 47 48 49 50
8 42 44 45 46 47 48 50
17 43 44 46 49
2 44 45 48
17 45 49
11 46 47 48 49 50
11 50
14 48 49
10 50
15 50
10
