200	10	200	10
-4	20	26
-5	15	20
-3	7	18
-5	5	21
-3	16	19
-4	7	13
-3	9	19
-1	7	14
-2	5	27
-3	15	23
54 2 5 6 8 9 10 11 12 13 14 16 18 20 21 22 23 24 25 26 27 28 29 30 32 34 35 36 37 39 40 41 44 45 46 47 48 49 51 52 53 54 56 57 58 59 62 66 68 69 70 73 75 76 78 79 80 81 82 83 87 88 89 90 92 94 95 96 97 98 99 100 101 103 104 105 107 108 109 110 111 112 114 115 116 117 118 119 120 121 123 124 126 127 128 129 130 131 132 134 135 136 138 139 141 142 143 147 148 149 150 151 152 153 155 156 157 158 159 160 161 162 165 166 167 168 169 170 171 174 175 176 179 180 181 182 183 185 186 187 188 189 190 191 192 193 194 195 196 199 200
30 3 4 5 6 11 12 13 15 16 17 18 19 20 21 23 26 27 28 29 30 31 33 34 35 36 37 38 40 42 43 46 47 48 49 50 51 52 53 54 55 56 57 59 60 61 62 63 64 65 68 69 70 71 72 74 76 77 78 79 80 81 82 83 84 85 87 88 89 90 91 94 95 99 100 102 103 105 106 107 109 110 111 118 120 121 122 124 125 127 128 129 130 131 132 134 135 136 138 140 141 142 143 144 145 146 147 151 152 155 156 159 162 163 164 165 166 169 170 171 172 173 175 176 177 179 180 181 183 184 187 188 190 192 194 196 197 199 200
43 4 5 6 9 11 13 15 16 18 19 20 21 23 24 25 26 27 28 29 34 35 37 38 40 41 42 43 44 45 46 47 48 49 51 53 54 55 57 58 60 62 63 65 66 67 68 72 73 74 76 77 79 80 81 82 83 84 85 86 87 88 89 91 93 94 95 96 98 99 100 101 102 104 105 108 109 110 111 115 116 117 118 119 122 124 126 128 129 131 132 134 135 136 137 138 139 140 142 144 145 146 147 148 150 152 153 154 157 158 159 160 164 165 167 169 170 175 178 179 180 181 183 184 187 188 189 191 192 193 194 196 197 198 199
59 6 7 8 9 11 12 13 14 16 17 19 20 23 24 25 27 28 34 35 39 41 42 43 44 45 50 52 54 55 56 59 60 61 62 63 65 66 67 70 71 72 73 74 76 77 78 79 81 82 83 85 86 88 89 90 91 92 93 94 95 96 97 99 100 106 107 108 110 112 115 117 118 121 122 123 125 126 127 128 129 131 132 134 135 137 138 139 140 141 142 143 144 145 146 148 149 150 153 154 155 157 159 161 162 164 165 167 168 169 170 171 172 173 174 175 177 178 179 181 182 184 187 188 189 190 192 193 195 196 199
57 6 12 13 17 18 19 21 23 24 26 27 29 30 34 37 38 39 40 41 42 43 44 45 47 49 52 55 56 57 59 60 61 62 64 66 67 68 70 72 73 74 76 77 78 79 81 82 84 85 86 87 88 92 93 94 95 98 99 100 101 102 104 108 109 111 112 113 114 116 118 119 120 121 123 124 125 126 127 128 129 134 138 139 140 141 142 143 144 145 146 147 148 150 152 153 154 155 159 160 161 162 163 165 166 167 169 170 172 175 176 177 179 180 181 183 184 185 186 187 188 189 190 193 194 195 196 197 198 199 200
53 8 9 11 12 13 14 15 17 18 19 20 22 24 27 29 30 32 33 34 36 38 39 40 41 42 43 44 46 47 48 49 50 51 52 53 54 55 56 57 58 59 60 63 66 67 68 69 70 72 73 74 76 77 78 80 81 82 83 84 85 86 87 88 90 91 92 93 94 95 96 98 99 100 103 105 106 107 108 109 110 112 113 114 118 119 120 122 123 124 125 128 132 133 134 136 137 139 143 144 145 146 147 149 150 151 152 153 154 155 160 161 162 165 166 167 169 170 171 172 173 174 177 178 179 180 182 184 185 186 188 190 191 192 193 194 195 197 198 200
45 8 9 10 11 13 14 15 16 17 18 20 22 23 24 25 27 28 29 30 31 33 34 35 36 39 40 44 45 48 49 54 55 56 57 58 59 60 63 64 66 67 68 69 71 72 76 81 82 83 84 87 88 89 91 95 96 97 98 99 100 101 103 104 105 107 108 110 114 115 119 121 123 124 125 126 128 130 131 135 136 137 138 139 140 141 142 143 145 147 149 152 153 155 156 157 158 159 160 161 162 163 164 165 166 167 168 169 171 173 174 175 177 178 181 183 184 185 187 188 189 190 191 193 195 198 199 200
37 9 10 12 13 14 15 16 17 18 21 22 23 24 25 27 29 31 33 34 36 37 40 41 43 46 47 50 51 52 53 54 56 59 60 61 62 64 66 68 69 70 71 73 74 75 76 77 78 80 82 83 84 85 88 89 90 91 92 93 94 95 96 97 98 99 101 105 106 107 108 110 111 112 113 114 115 117 118 119 120 122 123 125 126 127 128 129 130 131 132 133 134 136 140 141 143 144 145 147 148 149 150 151 153 155 157 159 160 162 164 165 167 168 169 170 171 172 175 176 177 178 179 180 181 182 183 184 185 187 188 189 191 192 193 194 195 196 198 199
49 12 13 14 15 17 19 20 21 22 23 28 29 30 31 32 33 35 37 39 40 42 43 44 46 48 50 51 52 53 54 55 57 58 59 61 62 63 66 67 68 70 74 75 78 79 80 81 82 83 86 87 88 89 90 91 92 93 96 97 98 99 100 103 106 108 109 110 111 112 113 114 115 116 117 119 122 124 126 127 128 129 130 131 132 133 135 136 137 138 139 140 141 143 145 146 147 148 149 150 152 153 156 157 159 160 161 162 163 165 166 167 168 169 170 171 172 173 174 175 177 178 180 181 183 186 188 189 190 191 192 193 194 195 196 197 200
60 11 12 13 14 16 17 19 20 21 22 23 25 27 28 29 30 34 36 37 38 39 40 41 42 43 44 45 48 49 50 51 52 53 54 58 59 60 61 62 64 65 67 68 69 71 73 74 75 76 77 78 79 80 81 83 85 86 88 89 90 91 92 94 95 99 100 101 102 105 107 108 109 111 112 114 115 119 121 122 123 125 126 128 129 130 131 132 133 134 135 136 137 138 139 141 142 143 145 146 150 151 152 154 156 157 158 159 160 161 163 167 168 169 170 171 172 173 174 175 176 177 179 181 182 183 185 186 187 188 189 190 191 192 193 194 196 197 198 199
49 13 14 16 17 18 19 20 21 22 24 26 27 28 29 31 33 34 35 37 40 41 42 44 45 50 51 52 53 55 56 57 59 60 62 63 65 66 68 70 71 75 76 77 78 79 80 81 82 83 86 87 88 89 90 91 92 94 96 97 98 99 100 102 103 104 105 107 108 109 110 112 115 116 119 121 122 126 127 128 129 130 132 133 134 135 136 137 139 140 142 145 146 147 149 150 151 152 153 156 157 158 160 161 162 163 164 165 166 167 168 169 170 171 172 173 174 175 177 178 179 180 182 183 184 185 187 190 191 193 196 197 198 199 200
32 14 15 16 19 20 21 22 24 25 27 28 30 33 34 35 36 37 40 41 42 43 44 45 46 48 49 50 51 52 54 56 58 59 60 62 63 64 65 70 72 73 75 79 80 81 82 83 85 86 87 88 89 90 91 93 94 97 98 99 101 102 104 105 106 107 108 109 110 111 112 114 116 118 119 121 123 124 128 129 130 131 134 135 136 137 138 140 142 145 146 147 148 149 150 151 152 153 154 156 157 158 160 161 162 163 164 165 166 168 170 171 173 175 176 178 179 180 181 183 184 187 188 189 190 191 194 195 196 197 198 200
44 15 16 17 18 19 20 22 25 26 27 29 30 31 32 33 34 35 37 40 41 43 44 45 46 47 49 52 54 55 56 58 59 61 62 63 64 65 66 67 68 70 73 74 75 78 79 80 81 82 83 84 85 87 89 90 91 92 95 96 98 99 100 101 102 104 106 107 108 110 111 112 113 114 119 121 122 123 125 127 129 134 135 136 138 139 140 141 142 143 146 148 149 150 151 152 153 154 155 156 158 160 163 164 165 166 167 168 169 171 173 174 175 177 179 181 183 185 187 188 189 190 192 194 195 196 197 198 200
33 15 16 17 18 19 20 22 25 26 27 28 30 34 36 37 38 39 40 41 42 44 45 46 47 49 52 53 56 58 61 62 63 64 65 68 70 71 72 75 77 78 79 80 81 83 86 87 88 89 90 91 92 93 95 96 97 98 99 101 102 103 104 105 107 108 110 111 112 113 114 115 116 117 118 119 121 122 124 125 126 127 128 129 130 131 132 133 134 135 136 137 138 140 141 142 143 144 145 146 149 150 152 155 157 160 161 163 165 166 167 169 170 171 173 174 175 177 180 181 183 186 187 190 191 192 195 196 197 198 199 200
43 16 17 18 19 20 25 26 29 31 33 35 36 38 39 42 43 44 45 46 47 48 49 50 51 53 54 55 57 58 59 60 63 67 68 69 71 73 74 75 77 78 79 80 82 83 85 86 87 88 92 93 94 95 96 97 98 101 102 103 105 106 107 108 110 114 115 116 117 119 120 121 123 125 126 127 128 129 131 132 133 134 135 137 138 139 140 143 144 145 146 147 148 149 150 151 155 156 157 158 160 163 165 166 167 168 170 172 173 174 175 176 177 179 180 181 183 185 186 188 189 190 194 195 196 197 198 199 200
37 17 18 20 21 23 24 25 27 28 29 30 31 34 35 39 40 41 42 43 44 46 47 48 51 52 53 54 56 57 59 60 61 62 64 67 68 70 72 73 74 75 76 77 78 79 81 83 84 85 87 88 89 90 91 92 93 95 96 97 98 100 101 102 104 105 106 109 110 112 113 114 115 116 117 118 119 120 121 122 123 124 125 126 127 130 131 134 135 136 137 138 141 143 145 146 148 149 150 151 152 153 155 157 158 159 160 161 162 164 165 166 168 169 171 174 175 177 178 180 181 182 184 185 186 187 188 189 190 193 196 198 199
46 18 20 21 22 23 24 25 26 27 28 33 36 37 38 39 40 41 43 45 46 47 48 49 50 51 52 54 55 57 59 62 63 64 65 68 70 71 72 73 74 76 80 82 83 86 87 88 90 91 92 93 94 95 96 98 99 100 103 104 105 106 110 112 113 115 116 117 118 120 122 123 124 126 127 128 129 130 131 132 133 134 135 136 137 138 139 140 141 142 143 144 146 148 150 151 152 154 155 156 157 158 160 162 164 165 166 168 169 170 171 172 173 174 175 176 177 178 180 181 182 183 184 185 186 187 188 189 191 195 196 197
58 19 20 21 22 23 24 26 27 28 30 31 32 33 34 36 37 38 39 40 42 43 44 45 46 47 48 49 50 51 52 53 54 55 56 57 59 63 64 65 68 69 70 71 72 74 75 76 78 79 81 85 86 87 88 89 90 91 92 94 95 96 97 98 100 101 102 103 105 106 108 110 113 114 115 117 118 120 121 122 123 124 125 126 127 128 129 130 131 132 133 135 136 138 139 141 143 144 145 146 147 148 149 151 152 153 154 155 156 157 159 160 161 162 163 164 165 166 168 172 173 174 178 179 180 181 182 184 185 186 189 190 192 194 196 198 199 200
58 20 22 23 24 26 28 32 34 37 41 42 43 45 46 48 49 50 51 52 54 56 57 58 59 60 61 62 64 66 68 69 70 71 72 73 74 75 76 77 78 79 81 82 85 87 88 89 91 93 94 95 96 97 99 103 104 106 108 109 110 111 112 113 114 117 118 120 122 124 126 127 128 131 133 136 137 138 139 140 141 143 144 146 149 151 153 154 155 156 157 158 160 161 162 163 164 165 166 167 168 169 170 171 172 173 175 176 179 180 181 182 183 184 185 186 188 189 190 193 196 198 200
46 22 23 24 25 28 29 30 31 33 34 36 37 39 40 42 43 44 45 46 49 50 51 52 53 54 55 56 57 58 59 60 61 62 63 64 66 68 69 70 74 75 76 77 78 81 84 85 86 87 88 89 90 91 92 94 95 96 97 98 101 102 105 106 109 111 112 113 114 118 119 120 121 122 123 124 125 126 127 128 129 130 131 132 133 134 138 140 145 147 148 149 151 152 153 154 155 156 158 160 161 162 166 168 169 170 173 174 176 177 178 179 180 183 184 185 186 190 193 194 196 197 199 200
45 22 23 24 26 27 28 29 31 33 38 45 46 47 48 49 51 52 53 54 55 56 57 58 60 61 62 65 66 67 68 74 76 78 79 80 81 83 84 85 86 87 88 90 91 92 93 94 95 96 97 98 99 101 102 103 104 105 107 108 109 110 112 113 116 117 119 121 122 124 125 126 128 129 131 132 133 134 135 136 140 141 142 143 144 146 150 152 154 156 158 159 160 162 163 165 166 167 168 169 171 172 173 174 175 176 177 180 183 184 185 186 187 188 189 190 191 192 193 194 196 197 198 199 200
53 24 25 26 29 30 31 32 33 36 38 39 42 43 44 47 49 50 51 53 56 58 59 60 61 63 64 65 67 68 70 72 74 75 76 78 80 81 82 83 85 86 87 88 89 90 91 92 93 94 95 97 99 100 101 103 105 106 107 108 109 110 111 112 113 114 115 116 118 119 121 123 124 125 126 129 130 131 132 133 134 135 137 139 140 143 144 145 146 147 148 149 150 151 152 154 155 156 157 158 159 160 162 163 167 169 170 171 172 174 175 177 178 179 183 185 186 187 188 189 192 195 196 197 199 200
40 24 25 26 27 28 29 30 34 36 37 38 39 42 43 45 46 47 50 52 53 55 56 57 58 59 60 61 63 64 66 67 68 69 70 71 72 73 74 75 77 78 81 82 83 88 91 92 93 96 97 98 101 102 104 105 106 108 109 110 111 112 113 115 116 117 118 119 120 121 123 124 126 127 130 131 132 133 134 135 137 138 139 141 142 143 146 147 148 149 150 151 152 154 157 160 161 162 163 164 166 167 169 171 172 176 179 180 181 182 183 185 186 188 189 190 192 193 194 195 198 199 200
33 25 26 27 28 29 30 31 35 36 38 40 41 42 43 44 45 46 47 49 50 51 52 54 55 56 59 60 61 62 63 64 66 67 68 69 70 71 73 74 75 76 77 78 79 80 81 83 84 86 87 88 89 90 94 95 96 97 98 100 101 102 104 107 108 109 115 117 118 120 121 123 125 126 128 130 132 134 135 136 138 140 143 144 145 146 147 148 149 150 152 153 154 155 156 157 159 160 161 162 164 165 166 167 169 170 171 172 175 177 178 179 180 181 182 184 188 189 190 191 193 194 197 198 199 200
51 26 27 28 29 31 32 33 34 35 38 40 41 43 44 45 46 49 50 51 52 53 54 55 56 57 59 60 61 62 64 66 67 68 69 70 72 73 75 76 77 78 79 81 82 83 84 86 87 90 91 92 93 94 95 96 97 98 99 100 101 103 105 107 108 109 110 111 112 113 114 116 117 119 120 123 125 127 128 129 130 131 132 133 137 140 141 142 143 145 147 148 149 150 152 154 155 156 157 158 159 162 163 164 165 168 169 170 171 172 174 176 177 178 180 181 182 185 186 187 188 189 190 191 192 195 196 197 198 199 200
33 27 28 29 30 31 32 34 35 36 37 39 40 41 43 44 46 47 50 51 52 53 55 56 57 58 59 60 62 64 65 66 67 68 69 70 74 79 80 83 84 85 86 88 89 90 91 92 93 94 98 99 100 101 102 105 106 109 110 111 112 114 115 117 119 120 121 122 123 125 127 128 129 132 133 134 135 136 137 139 140 141 142 143 144 145 146 147 148 149 150 151 152 153 154 156 161 162 163 165 167 169 171 172 173 174 175 176 177 180 181 182 184 185 186 187 190 191 192 193 194 195 196 198 199 200
57 28 29 30 31 33 34 36 37 38 39 40 41 42 44 45 46 47 48 50 51 52 54 55 56 57 58 59 60 61 62 63 65 69 72 73 74 75 76 78 80 81 82 86 88 91 92 93 95 96 97 98 100 101 102 103 104 105 106 107 108 109 110 111 112 113 114 115 117 118 119 120 121 122 123 124 125 127 128 131 132 135 136 138 139 140 142 143 144 146 147 148 150 151 152 154 155 156 157 158 160 161 162 163 164 166 168 169 170 171 172 173 175 179 180 182 183 184 185 188 189 190 191 192 193 195 196 197 198 199
38 29 30 32 33 34 37 38 39 41 42 44 45 46 47 49 50 51 52 53 55 56 57 58 59 63 64 65 67 68 69 70 72 73 74 76 78 81 83 84 85 86 87 88 90 93 95 96 97 98 100 101 102 103 104 105 106 108 110 111 112 113 115 116 117 118 120 121 122 124 126 127 129 130 131 132 138 139 142 144 146 147 148 149 150 152 153 154 156 157 158 159 160 161 162 163 164 165 166 167 170 172 173 174 175 177 178 179 181 185 186 187 188 189 190 191 192 193 194 195 196 197 198 199 200
48 30 31 34 36 37 38 39 40 41 43 45 47 48 49 50 51 52 53 55 56 57 58 59 60 61 64 65 66 67 69 70 71 72 74 75 76 79 80 81 82 83 84 85 87 88 90 91 92 93 94 96 97 99 100 101 102 105 107 108 111 112 114 115 116 117 118 119 121 124 125 126 127 128 129 131 133 134 135 136 139 140 142 144 145 146 147 149 151 152 153 154 155 157 158 159 160 161 162 163 164 165 166 167 168 169 172 173 174 175 176 177 178 181 183 186 187 188 189 190 191 193 194 195 197 198
59 32 33 34 35 36 38 40 42 43 45 46 51 53 54 55 57 59 62 63 66 67 68 69 70 71 72 74 75 76 77 78 80 81 82 84 86 87 89 90 93 95 98 99 100 101 102 103 104 106 107 108 109 110 112 113 114 115 116 117 119 120 122 123 131 132 133 134 136 138 139 140 143 146 147 148 149 153 154 155 156 159 160 162 163 164 166 167 168 169 170 171 172 173 174 175 176 177 179 181 182 183 184 185 188 189 191 192 193 194 195 196 197 199 200
35 32 33 38 39 40 41 43 46 47 48 49 51 53 54 55 56 57 58 60 62 64 66 67 68 70 71 72 74 76 77 78 80 82 87 88 89 90 91 92 95 96 97 98 99 101 102 103 107 109 111 112 113 114 116 117 118 119 120 121 123 124 125 128 129 130 131 133 134 136 138 140 142 146 147 148 149 150 152 154 155 156 157 158 160 161 162 163 164 165 166 167 170 173 174 176 177 178 179 180 183 184 185 186 187 188 190 191 192 193 194 195 196 198 199 200
31 34 35 37 38 39 40 41 42 43 45 46 48 50 52 53 54 55 56 58 59 60 61 62 63 64 65 66 67 68 69 70 71 72 73 75 76 79 81 82 83 85 86 87 88 89 90 92 96 98 101 103 104 105 106 108 109 110 111 112 113 114 115 120 121 123 124 126 127 129 130 131 132 134 135 136 138 139 140 142 146 148 149 150 151 152 153 154 156 157 158 159 160 161 163 164 165 167 168 169 170 172 173 174 175 176 177 178 179 180 181 182 183 185 186 188 189 190 191 192 193 194 196 197 199 200
39 34 35 36 37 38 39 40 42 43 44 45 46 47 49 50 52 53 54 55 56 57 59 60 63 67 69 71 72 73 74 77 78 79 80 81 83 84 85 86 88 89 90 92 95 96 97 98 101 102 103 104 105 107 109 110 111 112 116 118 119 120 121 123 124 126 128 129 130 131 133 135 136 138 139 141 144 145 146 147 148 151 153 155 156 157 158 159 160 161 162 164 165 167 168 169 171 172 173 175 177 178 179 180 182 183 185 189 190 191 192 194 195 196 198 199 200
38 35 36 37 38 39 40 41 42 43 46 47 48 49 50 53 54 55 57 58 59 61 62 63 65 67 68 69 70 72 73 74 76 77 78 79 80 81 82 83 85 86 87 88 90 91 92 93 95 96 97 98 99 101 103 104 106 107 108 109 110 111 113 114 116 117 118 119 120 121 123 124 125 128 131 132 133 135 139 140 142 143 144 145 147 148 150 151 153 154 155 158 159 160 162 163 165 167 169 170 171 172 173 174 178 179 180 181 183 187 188 189 190 191 192 193 194 196 197 198 199
39 36 37 43 47 48 49 51 52 53 54 56 57 58 59 60 61 64 65 66 67 68 69 72 73 74 77 78 80 81 82 83 84 85 86 87 89 90 93 95 96 97 98 99 101 102 103 104 105 109 110 111 112 114 115 116 117 119 121 122 125 126 128 132 134 135 136 137 138 139 140 141 142 143 144 145 146 147 148 149 150 152 154 155 156 157 158 159 160 161 163 164 165 166 167 171 172 174 175 176 177 179 180 181 183 185 186 187 188 189 191 192 193 194 195 197 198 199 200
57 37 39 40 42 43 44 45 46 47 48 51 52 53 55 56 58 59 60 61 62 63 65 66 68 69 70 71 73 74 75 76 77 78 81 82 87 88 89 92 93 94 96 97 98 99 100 103 104 105 108 110 111 112 113 114 115 116 117 119 120 122 124 126 127 128 131 132 133 134 136 137 138 139 141 143 147 148 150 151 154 156 157 159 161 163 165 166 167 168 171 173 174 175 176 177 178 179 180 182 183 185 186 187 190 191 192 193 194 195 196 197 198 199 200
41 38 39 42 44 45 47 49 50 51 52 53 55 56 57 60 61 62 63 64 66 67 68 69 70 71 72 73 74 75 76 77 78 80 81 82 83 84 85 86 87 88 89 92 93 94 95 96 97 98 100 101 104 105 106 107 108 109 110 111 112 113 115 116 118 119 120 122 123 125 126 130 131 132 133 134 135 137 138 140 141 142 143 144 145 146 147 151 152 154 157 158 160 161 162 163 164 165 166 167 169 170 171 172 173 174 175 176 180 181 183 184 185 188 190 191 192 193 196 197 198 199 200
45 39 42 44 45 46 48 49 51 52 54 57 58 59 61 62 63 65 66 67 68 69 70 71 72 73 74 75 76 77 78 79 81 83 84 85 88 89 90 91 93 94 95 96 98 99 100 101 102 103 105 106 108 109 110 112 113 114 116 117 118 119 120 125 127 128 129 130 131 133 134 139 141 142 143 144 147 148 150 151 153 156 158 161 163 164 165 167 168 169 170 171 173 175 176 179 180 181 182 183 184 185 186 187 188 189 190 191 192 193 194 196 198 199
51 41 42 43 44 45 46 48 49 53 54 55 56 57 58 59 60 62 63 64 65 67 68 70 71 72 73 76 77 79 81 82 83 85 86 89 90 92 93 95 96 100 103 104 105 106 107 109 112 113 114 115 116 117 118 119 120 122 123 125 126 129 130 131 132 133 135 136 141 142 143 145 146 149 150 151 153 154 155 156 157 158 160 161 162 163 164 166 167 168 169 170 171 172 173 174 175 176 178 180 181 182 183 184 185 186 187 192 193 194 196 197 198 199 200
37 41 42 43 44 45 46 47 48 49 50 51 52 53 54 55 56 57 58 59 61 62 64 65 66 67 68 69 70 73 74 76 77 78 80 81 82 83 84 85 88 89 91 96 98 99 101 102 103 104 106 107 108 109 110 112 114 115 116 117 118 119 120 121 122 123 124 126 127 128 129 132 133 134 135 136 138 139 144 150 152 155 156 157 160 161 162 163 164 166 167 168 169 170 171 172 173 174 175 176 177 178 179 180 181 182 184 185 187 188 190 191 192 196 197 198 200
40 42 43 45 46 48 50 51 52 54 55 59 61 64 66 67 68 69 70 72 73 74 75 76 78 82 86 87 88 89 90 91 92 93 94 95 96 97 98 100 101 103 105 106 107 108 109 110 111 113 114 115 116 118 122 123 124 125 126 127 128 129 130 131 133 134 135 136 137 141 142 143 144 145 147 148 149 151 152 153 154 156 157 158 159 160 164 168 170 171 173 175 176 177 178 180 181 183 184 185 186 187 188 189 190 191 193 194 197 199
47 43 44 47 49 51 52 54 55 58 59 62 63 64 65 66 67 69 71 72 73 74 75 76 78 81 82 83 84 87 89 90 91 92 93 94 96 97 98 100 101 102 103 105 107 108 109 111 112 114 115 116 117 118 119 120 121 122 123 125 127 128 129 130 132 133 134 135 139 140 141 144 145 146 148 149 155 157 158 160 161 162 165 166 167 168 169 170 171 172 173 174 175 176 177 178 179 180 182 183 184 185 186 187 189 190 194 195 196 197 198 199
43 44 45 48 50 52 53 54 55 56 57 58 59 60 61 62 65 67 68 69 70 71 72 74 75 77 79 80 81 82 83 84 85 86 87 90 91 92 95 96 98 100 101 103 104 105 106 107 108 109 110 111 112 114 116 117 118 119 120 121 123 124 125 127 128 129 130 132 133 134 135 136 137 138 140 141 143 144 145 146 147 148 149 150 152 154 155 156 160 162 163 164 165 166 167 168 169 170 171 172 173 175 176 177 178 182 183 186 187 188 189 190 192 193 194 195 196 197 198 200
40 45 49 53 54 55 57 59 60 61 62 67 68 69 70 71 72 73 74 77 81 85 87 88 89 90 96 98 99 100 106 108 109 110 112 114 116 119 120 121 122 123 124 125 126 127 128 129 130 131 132 133 136 137 138 139 140 142 143 144 145 147 149 150 151 152 154 155 156 157 158 159 160 162 163 165 166 167 168 172 173 174 175 176 177 181 182 183 184 185 188 189 190 191 192 193 194 195 196 197 199 200
48 46 48 49 51 54 59 60 63 64 66 67 68 70 71 72 73 75 76 77 78 79 80 83 86 87 88 89 90 91 92 93 94 95 97 98 99 100 102 103 104 106 111 112 114 115 116 117 119 120 122 124 125 127 128 129 131 132 134 136 138 139 140 142 143 145 146 148 150 153 154 156 158 159 160 162 164 166 167 168 169 170 171 173 174 176 177 178 182 184 186 188 189 190 191 192 195 196 200
59 47 49 50 53 54 55 57 59 60 61 62 63 64 66 67 68 69 70 71 74 75 76 77 78 79 80 82 83 84 85 88 89 90 91 92 93 95 96 98 100 101 103 104 106 108 109 110 111 112 113 115 116 117 118 119 120 122 123 125 126 127 128 129 130 131 132 133 134 135 136 138 139 140 141 142 143 144 145 147 149 151 153 155 156 157 158 159 160 161 162 163 167 168 169 170 171 172 173 174 175 176 177 178 179 180 181 182 183 185 186 187 188 189 192 193 195 198 199 200
43 48 49 50 51 52 53 56 57 61 62 64 65 68 70 71 72 73 74 76 77 78 79 80 82 83 84 85 86 87 88 89 94 95 96 97 98 99 100 102 103 104 105 107 109 111 112 113 117 118 120 121 124 127 128 129 131 133 134 136 137 138 139 140 143 144 145 146 147 148 150 151 152 153 154 155 158 159 160 161 162 164 166 167 169 170 171 173 174 176 177 178 179 180 182 183 184 186 187 188 189 190 191 193 194 195 196 198 200
33 49 50 52 54 55 58 60 62 63 65 66 67 68 70 72 73 74 75 76 77 78 79 80 81 82 83 84 87 89 90 91 93 94 95 96 99 100 102 105 106 107 109 110 112 113 114 115 116 118 119 120 121 123 125 126 128 129 130 131 132 135 137 138 140 141 142 143 144 145 146 147 148 149 152 153 158 159 160 161 162 163 165 167 170 173 175 176 180 181 183 186 187 189 190 191 192 194 195 196 197 199 200
42 50 51 55 56 57 58 60 61 62 64 65 66 67 68 70 71 72 73 74 75 76 77 78 79 81 83 84 87 88 89 91 92 93 94 95 96 97 98 99 100 101 102 103 104 105 106 107 108 109 110 111 112 113 114 115 116 118 122 124 125 129 131 132 134 135 137 138 139 141 143 144 145 146 148 149 150 151 154 155 156 158 159 160 162 163 164 166 167 168 171 172 173 174 175 176 177 178 180 182 184 185 186 187 188 189 190 191 193 194 195 196 197 198
55 51 52 53 56 57 60 62 63 64 67 70 72 73 74 75 76 77 78 79 81 82 83 84 85 87 88 89 90 91 92 93 94 95 96 97 98 99 100 101 102 104 105 106 107 109 110 111 114 115 117 119 120 121 122 125 126 127 129 132 133 135 136 137 139 140 142 144 145 148 150 153 154 155 157 160 161 163 164 165 166 167 168 169 170 171 173 174 176 177 178 181 184 187 188 189 191 192 195 196 197 198 199 200
50 52 53 58 59 60 61 62 63 65 66 67 69 70 71 72 73 74 76 81 82 83 85 86 87 89 90 91 92 93 94 95 98 99 100 102 103 104 106 108 109 110 111 112 115 116 118 120 121 122 123 125 126 127 129 130 132 133 135 136 138 139 140 141 142 145 146 147 148 149 150 153 154 155 156 159 160 161 162 163 164 167 168 169 170 171 172 173 174 175 177 178 179 180 181 182 183 184 185 186 188 189 190 192 194 196 198 200
35 53 54 55 56 58 59 60 62 63 64 65 66 67 68 69 71 73 75 76 77 78 79 82 83 84 86 87 88 89 90 91 92 93 94 95 96 97 98 99 100 101 104 105 106 107 109 110 111 113 114 116 117 118 119 122 123 126 128 129 132 133 135 136 137 138 139 140 141 142 143 145 149 150 151 152 153 154 155 158 160 162 163 164 165 166 167 170 171 173 175 180 181 182 183 185 186 187 188 190 191 193 197 198 199 200
60 55 56 57 59 61 62 64 65 66 67 70 71 72 73 74 75 76 78 79 80 81 82 83 84 85 86 87 89 90 91 92 93 95 97 98 99 100 101 102 104 106 107 110 113 114 115 116 119 120 122 123 125 127 128 129 130 132 133 134 135 136 137 138 139 140 144 145 147 148 149 150 151 153 155 156 158 159 162 163 164 165 166 167 171 172 177 179 181 182 183 184 185 186 188 189 190 191 193 194 195 197 198 199
42 57 59 61 63 65 66 68 69 73 74 75 78 81 82 83 85 86 87 88 89 91 92 93 95 96 97 98 99 101 102 104 106 108 109 110 113 115 117 118 120 121 124 126 127 128 129 130 131 132 133 134 136 137 139 140 141 142 145 146 147 149 150 151 152 153 155 156 157 158 159 161 162 165 166 168 170 172 173 176 177 178 179 180 181 182 183 184 185 186 188 191 193 197 198 200
31 57 58 59 60 62 63 66 67 68 70 71 72 73 74 75 76 79 81 82 84 85 87 88 89 91 93 94 95 97 99 100 102 106 107 108 109 110 111 116 117 118 119 120 123 125 126 127 128 130 131 134 135 137 138 140 141 142 143 144 146 149 150 151 152 153 154 155 156 157 158 159 160 161 162 163 165 166 167 168 169 171 172 173 176 177 178 179 180 181 182 183 185 186 187 188 189 190 191 192 193 194 195 197 198 200
53 57 60 61 62 65 68 69 70 71 72 74 75 76 78 79 80 82 84 85 86 87 89 94 95 99 100 102 103 105 106 107 109 112 113 114 115 116 117 118 119 120 121 123 125 127 128 130 131 137 138 139 141 142 143 144 146 148 149 150 151 152 153 155 156 157 158 162 164 165 166 167 169 171 172 173 175 178 179 180 181 182 184 185 186 188 191 192 193 194 195 200
38 58 59 60 61 62 63 64 65 66 67 70 71 72 73 74 77 78 80 82 85 86 87 92 94 95 97 98 100 101 105 106 107 108 111 112 113 114 115 116 117 119 121 124 125 126 129 130 132 136 137 138 139 140 142 143 144 146 147 148 150 151 152 155 158 159 160 161 162 166 167 168 169 174 175 176 177 178 179 180 182 183 185 186 187 190 191 192 194 197 198 199 200
44 59 60 62 63 65 66 68 72 74 75 77 78 79 82 84 85 87 88 89 90 97 98 99 100 103 104 105 107 108 109 115 116 117 118 119 120 122 123 124 125 127 129 130 132 135 136 137 138 139 141 142 143 144 145 146 147 148 150 151 152 153 154 155 156 158 160 161 162 163 164 168 170 171 173 175 177 178 179 180 181 182 183 184 187 189 190 192 196 197 198 199 200
30 61 64 66 67 68 70 71 72 74 76 80 81 84 85 86 87 88 89 90 91 93 94 97 98 99 100 102 103 104 106 107 108 109 110 111 113 115 116 117 119 120 122 123 124 125 126 128 129 130 131 135 136 137 138 139 140 141 142 143 144 145 146 147 149 150 151 154 155 157 159 160 162 163 165 166 167 168 169 170 171 173 174 175 177 179 180 182 184 185 186 187 189 190 191 192 195 197 198 199 200
55 62 63 64 65 66 67 68 69 70 71 73 74 76 78 79 80 82 83 85 86 88 89 90 93 94 97 98 99 100 101 102 103 104 105 106 107 108 110 113 114 115 116 117 118 119 120 121 122 123 125 127 128 129 134 135 137 138 139 141 143 144 145 146 147 149 150 151 152 153 154 156 157 158 159 160 163 164 166 167 168 169 170 171 172 174 175 176 177 178 180 181 182 183 184 185 186 187 189 193 194 195 196 198 199 200
32 62 63 66 67 68 69 70 71 73 74 75 76 77 78 79 81 82 84 85 88 90 91 92 93 94 95 96 98 99 101 102 104 106 107 108 109 110 111 112 113 114 117 118 120 123 125 126 129 130 131 133 135 136 137 138 141 143 144 145 147 148 150 151 152 153 154 155 156 157 158 159 161 162 164 166 167 168 169 170 171 173 174 175 176 177 181 182 184 187 188 190 191 194 195 197 198 200
35 63 65 66 69 70 71 73 74 75 76 77 78 80 81 82 83 84 85 86 87 89 90 91 92 94 95 96 97 98 99 101 102 103 104 106 107 109 110 111 113 114 115 116 118 119 121 122 123 124 125 126 128 130 131 132 133 134 135 136 137 138 139 141 142 143 145 146 147 148 149 150 151 152 153 154 155 156 157 158 160 161 162 163 169 170 173 175 176 177 180 181 182 183 184 185 187 188 189 190 191 197 199
42 64 65 66 67 68 69 70 71 74 75 77 78 81 82 83 84 85 87 88 89 90 94 95 96 97 98 99 101 102 103 104 105 106 108 110 111 113 115 116 117 118 120 121 122 123 124 125 126 127 128 129 130 132 133 134 136 137 139 140 141 143 144 146 148 149 151 152 154 155 157 158 159 162 165 166 168 170 171 172 173 174 175 176 177 178 181 183 184 185 186 187 188 189 190 191 193 196 197 199 200
56 65 66 67 68 69 70 72 73 74 75 76 77 78 79 80 85 87 88 90 91 94 96 98 99 100 101 102 103 105 106 107 109 111 112 114 115 118 119 120 123 124 126 129 130 133 136 137 138 139 142 143 144 146 147 149 151 154 156 157 158 159 160 161 162 163 167 168 169 170 171 172 173 174 175 176 177 178 180 181 186 187 188 189 190 191 192 193 194 196 197
55 67 68 69 70 71 72 74 75 76 77 79 82 84 85 86 87 88 90 91 92 93 95 98 100 101 103 107 109 110 112 113 115 116 118 119 120 121 122 123 124 127 128 129 130 131 132 133 135 136 138 141 142 143 145 146 147 148 149 150 151 153 154 157 159 160 161 162 163 164 166 167 168 171 172 173 174 175 176 177 179 180 181 182 183 184 186 187 189 190 191 193 195 197 198 200
38 68 70 71 72 75 76 77 79 84 85 86 88 89 90 91 92 93 95 96 97 98 100 101 105 106 107 108 109 112 113 114 115 116 117 118 119 120 121 123 125 127 128 129 130 131 133 135 136 137 138 139 141 144 145 147 151 152 153 154 155 158 159 160 161 162 163 164 165 167 168 169 170 171 172 173 174 175 176 177 179 181 183 184 186 190 191 192 193 194 195 196 199
51 68 70 71 72 73 74 76 77 79 80 81 82 85 86 87 88 89 90 91 92 93 95 96 98 99 100 101 102 105 106 108 109 111 112 113 116 119 122 123 124 125 126 129 130 136 137 138 141 143 146 147 148 150 152 155 157 158 159 160 163 164 165 166 167 168 169 170 171 172 173 175 176 177 180 182 183 185 187 188 189 190 191 193 194 195 196 198 199
46 69 71 72 73 74 76 77 80 81 84 85 86 87 88 89 90 91 92 93 94 95 96 97 98 99 101 102 103 104 105 107 108 109 110 111 112 113 115 116 117 118 119 123 125 128 129 130 131 132 133 136 139 140 142 144 146 147 148 150 153 154 155 157 158 160 161 163 164 165 168 172 173 174 175 180 181 182 183 184 185 187 188 189 192 193 194 195 196 197 199 200
47 70 71 72 74 76 78 80 83 84 86 87 89 90 91 93 94 96 97 98 100 102 103 104 106 108 110 111 112 113 114 115 116 118 120 121 122 123 127 129 130 131 132 134 136 137 138 141 142 144 145 148 149 152 153 154 155 159 160 161 162 163 165 168 169 170 171 172 174 176 178 179 180 181 182 183 184 185 186 187 188 189 191 192 193 195 196 197 199 200
41 71 72 73 75 76 77 78 79 80 81 82 83 84 86 89 91 94 95 96 97 98 100 101 103 104 105 107 109 110 111 113 116 117 118 121 122 123 124 127 128 129 130 132 133 135 136 137 138 139 140 141 142 143 144 145 146 147 148 149 151 152 153 154 156 159 164 167 168 169 170 171 172 174 175 177 178 179 180 181 182 183 184 185 187 188 189 190 191 194 196 197 199
51 72 73 74 75 76 80 81 82 83 87 88 89 90 91 92 93 94 95 97 98 99 102 103 104 108 109 113 117 118 119 121 122 123 124 125 126 127 128 129 130 131 132 133 134 135 136 138 139 141 143 144 149 150 151 152 153 154 156 158 160 162 164 165 166 167 168 169 170 172 174 175 176 178 180 182 183 184 185 186 187 188 189 191 192 194 196 197 200
46 73 76 77 78 79 80 81 82 83 87 90 91 92 94 95 96 99 100 101 102 103 105 106 108 109 110 111 113 114 117 118 120 121 124 125 129 130 131 132 133 134 135 136 138 139 140 141 142 144 145 146 147 148 149 151 152 154 155 156 157 158 159 160 161 163 164 166 167 168 172 174 175 177 178 179 180 181 182 183 184 187 188 189 190 193 194 195 196 197 198 199
45 75 76 77 79 80 81 82 83 84 85 86 87 88 89 90 91 93 94 95 96 97 98 99 102 103 104 105 106 107 108 109 110 111 114 115 116 118 119 120 121 123 124 125 127 128 129 130 131 132 134 137 142 143 145 146 148 149 153 154 155 156 159 161 162 163 164 167 169 171 172 173 174 175 176 177 178 179 181 183 184 185 186 187 188 190 191 192 193 194 196 197 199 200
54 75 76 77 79 80 81 82 83 85 86 87 88 90 91 92 94 95 97 98 101 103 105 106 107 108 109 110 111 113 114 116 117 118 120 121 123 124 126 127 128 129 130 131 133 134 135 136 138 139 140 141 142 143 144 146 147 148 149 150 151 152 154 155 158 160 161 162 163 164 165 167 169 170 173 174 176 177 178 179 180 181 182 184 185 187 188 190 191 192 193 194 195 196 199 200
55 76 77 78 80 81 82 84 85 87 88 89 90 92 96 97 98 99 100 101 102 103 104 106 107 108 109 111 113 114 115 116 117 119 120 121 122 125 126 127 128 129 130 132 136 138 139 141 143 144 145 147 148 149 150 152 153 156 158 160 162 163 164 165 166 168 169 171 172 173 174 175 176 178 179 183 185 187 188 189 190 191 192 193 194 195 196 197 198 199 200
55 77 78 79 80 81 84 85 86 88 89 90 91 94 95 97 98 99 102 105 106 108 110 111 112 113 114 116 118 119 120 121 125 128 130 131 132 133 134 135 137 138 139 140 141 144 145 146 147 151 153 156 158 159 160 161 162 164 165 166 168 169 170 171 175 176 177 178 179 182 183 185 186 187 188 193 194 197 198 199
47 78 79 80 81 83 85 86 88 89 90 92 94 95 97 100 101 102 103 104 105 106 108 109 112 114 115 116 118 119 120 121 123 124 126 127 129 130 131 132 133 134 136 137 138 141 142 143 144 146 147 148 149 150 152 153 154 155 156 164 165 168 170 171 173 174 175 177 179 180 182 183 184 185 187 189 190 191 192 193 195 197 198 199 200
44 79 80 81 83 84 85 87 88 90 91 92 93 94 95 98 101 102 105 106 107 108 109 110 111 112 114 116 118 119 120 121 123 124 125 126 127 128 129 131 132 133 134 136 137 138 141 142 143 145 146 149 153 154 157 161 163 164 165 167 168 169 170 171 176 177 178 179 180 181 182 184 185 187 189 191 192 193 194 195 198 200
34 82 83 84 85 86 87 88 89 90 91 92 93 94 95 97 98 99 100 101 102 104 106 107 108 109 110 111 113 114 115 116 117 118 119 121 122 123 126 127 129 130 131 132 134 135 138 140 142 143 145 146 149 150 151 152 155 159 160 161 162 163 165 166 167 168 169 172 173 178 180 181 184 185 186 188 189 190 191 193 195 196 197 199 200
48 81 83 84 85 86 87 88 89 90 91 95 97 98 99 100 101 102 103 104 106 107 108 109 110 111 112 113 114 115 116 117 118 120 122 123 125 127 132 135 137 138 139 140 141 142 144 145 146 147 150 152 153 154 155 156 157 161 162 163 165 167 168 169 170 171 172 173 175 176 177 178 179 180 181 182 183 184 186 187 189 190 193 194 196 197 199 200
42 82 84 86 87 88 90 91 92 93 96 97 98 101 102 104 106 107 108 110 111 113 114 115 116 117 119 124 125 127 128 129 131 132 133 136 137 139 140 142 144 145 147 149 151 152 153 155 156 157 158 159 160 161 162 163 164 165 166 167 168 170 171 172 173 174 175 176 179 181 183 184 185 186 187 188 189 191 192 193 196 198 200
48 83 84 85 86 87 89 90 91 93 94 95 98 99 101 103 104 105 107 108 109 110 111 112 114 115 116 117 121 124 127 128 129 130 131 132 133 134 135 136 138 139 140 141 143 144 146 147 148 149 150 151 152 153 155 156 158 160 162 164 165 166 167 168 169 170 172 173 175 177 180 181 182 184 185 187 188 189 190 191 192 193 194 195 196 197 198 200
39 84 85 86 87 88 90 91 93 95 96 99 100 101 102 104 105 106 108 109 111 112 114 115 117 118 119 120 121 122 123 124 127 128 129 130 131 133 134 135 138 139 141 142 144 145 146 149 150 152 153 154 155 157 160 161 163 165 166 170 171 172 173 174 175 176 178 180 184 185 186 187 188 190 191 194 195 196 197 200
47 85 86 88 89 91 92 93 94 95 97 99 100 101 102 103 104 107 108 109 111 112 113 117 118 119 120 121 122 124 125 127 128 132 133 134 136 137 139 142 143 147 148 149 151 152 153 154 155 156 157 158 159 160 161 163 164 165 166 167 168 169 171 174 175 176 178 179 181 182 183 184 185 187 188 190 191 193 194 195 196
36 88 89 90 91 93 96 98 99 101 104 105 106 107 108 109 111 112 113 114 115 116 117 120 121 122 123 124 125 126 127 128 129 130 131 132 133 134 135 136 138 139 140 141 142 143 144 146 149 151 152 153 154 156 158 159 161 162 163 164 166 167 168 171 172 173 174 175 176 182 184 185 186 187 191 193 194 195 196 198 199
60 89 90 92 93 95 96 97 98 100 101 102 103 105 106 107 108 109 110 111 113 114 115 116 120 121 122 123 124 125 126 129 130 131 132 133 137 138 139 143 144 145 146 147 148 150 151 152 153 155 156 157 159 160 161 162 163 164 165 166 168 169 170 171 172 173 174 176 179 182 183 184 185 186 187 188 189 192 193 194 195 196 198 199 200
35 88 89 91 92 93 95 97 98 100 101 102 103 104 106 108 109 110 112 113 114 115 116 117 118 119 120 121 122 123 126 128 129 131 132 133 135 137 141 143 144 146 147 149 151 152 153 155 156 159 160 161 163 164 165 166 167 168 169 170 171 172 173 175 176 177 179 181 184 186 187 188 190 191 192 193 194 195 196 197 198 200
39 89 90 91 92 94 95 96 97 98 99 100 101 102 105 106 107 113 114 115 119 120 121 123 124 125 126 127 130 132 135 136 137 138 142 143 144 145 146 148 149 150 151 154 155 157 160 161 163 166 167 168 170 171 172 174 175 176 177 180 181 182 183 185 186 188 189 190 191 192 193 194 196 197 198 200
59 90 91 92 93 94 95 96 98 99 101 102 104 106 110 111 112 113 114 118 119 120 121 122 123 124 125 126 128 130 131 132 136 137 138 140 141 142 143 144 145 148 151 152 153 154 157 158 160 161 163 164 166 167 168 169 170 171 172 173 174 176 177 178 179 180 181 182 183 184 185 187 188 189 190 192 193 196 197 199 200
55 91 92 93 94 98 99 100 101 102 103 105 106 107 109 115 116 119 120 121 122 123 124 125 126 128 129 131 132 133 134 135 136 137 138 140 141 142 143 144 145 146 147 149 150 151 152 153 154 155 156 157 158 159 160 161 162 164 165 166 167 168 169 170 172 173 174 175 176 179 180 181 183 184 185 186 189 192 195 196 199 200
54 92 93 94 95 96 97 98 100 101 102 103 104 105 106 107 108 109 111 112 113 114 115 116 117 118 120 121 122 124 126 127 128 129 130 132 133 134 135 136 137 138 139 140 141 142 143 146 147 149 150 151 152 155 156 157 158 160 162 163 164 165 166 168 169 170 171 172 173 174 177 179 180 182 183 186 187 188 189 190 191 192 193 198 199
37 95 96 97 98 99 101 103 105 107 109 110 112 113 114 116 117 118 120 121 122 125 127 128 129 130 131 132 133 134 135 137 138 139 143 146 147 148 149 150 151 152 157 158 160 161 162 163 164 167 168 170 171 173 174 175 176 177 178 179 180 182 184 187 188 189 192 193 195 196 197 200
51 94 98 99 100 101 103 104 106 107 108 109 113 116 118 119 120 121 124 125 126 127 128 129 130 131 132 133 134 135 136 137 138 139 140 142 143 144 145 146 147 148 149 152 153 154 155 156 157 159 160 162 163 165 166 167 168 169 171 173 175 176 177 178 179 183 185 190 191 192 194 195 196 198 199 200
50 95 96 97 98 99 103 104 105 106 107 108 109 110 111 113 114 116 117 119 120 122 123 124 126 127 128 129 130 131 132 133 138 139 141 142 143 146 147 148 149 150 153 154 155 156 158 159 160 161 163 165 166 168 170 171 173 174 175 177 178 179 181 182 183 184 185 186 188 191 192 193 194 196 197 199 200
31 96 97 100 101 102 103 104 105 106 107 108 109 110 111 113 114 116 117 118 119 122 123 124 125 126 128 129 130 131 134 135 137 138 139 140 142 143 144 145 146 148 149 150 151 152 153 154 155 156 157 160 162 164 165 166 167 168 169 170 173 174 175 176 178 179 181 184 185 186 187 188 189 190 191 192 194 195 196 197 198 199
39 97 98 99 100 101 102 103 104 105 106 107 108 109 111 112 113 114 117 119 120 121 122 123 124 126 127 128 129 130 131 132 133 134 135 137 140 141 142 143 145 146 151 152 158 159 162 163 164 165 167 168 170 175 176 177 178 179 181 183 184 185 186 187 188 191 193 195 196 197 198 199 200
58 98 100 101 102 103 104 105 106 109 110 111 112 113 114 115 116 117 118 119 120 121 122 125 128 129 130 131 132 133 135 137 138 140 142 143 144 146 148 149 150 153 154 155 156 158 159 160 163 164 165 166 167 168 169 170 171 172 173 175 177 178 180 181 182 183 184 187 192 193 194 195 196 198 199 200
36 99 101 103 106 107 109 110 111 114 115 116 117 119 120 121 123 125 126 127 130 131 132 134 136 137 138 139 143 145 146 147 148 149 153 155 156 159 160 161 162 163 165 166 167 168 169 171 172 174 176 177 178 179 186 187 188 189 190 191 192 194 195 197 198 199 200
36 100 101 103 104 105 106 107 108 110 111 112 113 114 115 116 117 118 119 120 121 123 124 126 128 129 130 131 133 135 136 138 141 142 143 144 146 147 149 150 151 152 154 156 157 158 159 160 162 166 167 168 170 171 173 174 177 178 179 181 183 186 187 188 189 193 194 195 197 198 199 200
56 101 102 104 105 106 107 108 109 112 114 115 116 117 119 120 124 126 127 128 130 131 132 134 135 136 137 138 141 142 144 145 148 150 151 152 153 159 160 162 163 164 165 167 168 169 171 172 173 174 175 176 177 178 180 181 182 183 184 185 186 188 191 192 193 194 196 197 199 200
60 102 103 104 105 106 108 109 110 111 112 113 114 115 116 120 121 122 123 128 129 130 131 133 134 136 138 140 141 142 145 146 147 149 152 153 154 155 156 157 159 160 161 162 163 164 165 167 168 169 170 171 172 173 175 176 179 180 181 182 183 184 185 187 188 189 190 191 192 193 194 195 196 197 198 199
41 105 108 111 112 113 114 118 121 123 125 127 128 129 130 131 137 138 140 141 142 143 144 145 146 148 149 150 152 153 154 155 156 157 158 159 160 161 163 164 165 166 167 169 170 172 173 174 175 176 178 180 181 182 183 185 187 188 190 191 192 193 194 195 197 198 199 200
44 104 105 106 107 108 109 110 112 113 114 115 119 120 122 123 125 126 127 128 129 130 131 132 133 134 136 138 139 141 142 143 144 145 146 147 148 150 151 152 153 155 156 158 160 161 164 165 166 169 170 171 172 173 175 177 178 180 181 182 184 185 188 189 190 191 192 193 194 196 198 199 200
56 105 107 108 109 110 111 112 113 114 116 117 118 119 120 121 122 123 124 126 128 129 131 132 133 134 135 137 138 139 142 143 144 145 147 150 151 152 154 155 156 157 158 160 161 163 165 166 167 169 171 174 175 176 177 178 179 180 181 182 183 184 188 189 190 193 194 196 197 198 199 200
58 106 107 108 109 110 112 113 114 117 119 121 122 123 125 127 128 129 130 131 132 134 135 137 138 139 140 141 143 144 145 146 147 148 149 150 152 153 154 155 158 159 160 161 162 164 165 167 168 170 171 172 173 174 175 176 178 179 180 182 183 184 185 186 187 188 189 190 191 193 194 196 197 198 199 200
33 107 108 109 111 112 115 116 118 120 122 123 125 126 129 130 133 134 136 137 139 143 147 148 149 150 151 154 156 157 158 159 160 161 162 163 164 165 166 167 169 170 171 172 176 177 179 180 181 183 184 185 187 188 190 191 192 193 194 196 197 199 200
58 108 109 110 112 113 114 117 118 119 120 121 123 124 125 127 128 129 130 131 133 136 137 138 141 143 146 147 148 149 150 152 153 154 159 160 161 162 164 165 169 171 173 174 175 176 177 178 179 180 182 183 184 186 190 192 196 197 198 199
46 111 114 115 116 117 118 119 120 121 122 123 124 127 128 130 131 132 133 136 137 138 139 140 142 144 145 150 151 152 153 155 156 157 159 160 161 163 164 165 166 168 169 170 171 172 173 176 177 178 179 180 181 182 183 184 185 189 190 191 192 197 198 199
45 110 111 112 113 114 115 116 117 118 119 120 121 122 123 125 126 127 128 129 130 132 135 136 137 138 139 140 141 142 143 144 145 146 147 149 151 153 154 155 156 157 158 159 160 161 162 163 164 166 167 168 169 171 172 173 174 175 176 177 178 179 180 181 182 183 184 185 186 187 188 189 190 191 192 193 194 195 197 198 199
56 111 112 113 114 115 116 117 119 120 126 127 130 132 134 136 137 138 139 140 142 144 145 147 148 149 150 153 154 155 156 157 159 163 164 166 167 168 169 170 171 172 173 176 177 178 179 180 181 182 184 186 188 189 190 194 196 199 200
43 112 113 115 116 117 119 121 122 123 125 126 128 130 132 134 135 136 138 139 140 141 142 143 146 147 148 149 150 151 152 154 155 156 157 158 160 162 163 164 165 166 167 168 169 170 171 172 173 175 176 177 178 179 180 181 183 184 185 186 188 189 191 192 193 195 196 197 199 200
35 113 114 115 118 119 120 121 123 124 126 129 131 132 133 134 135 136 137 140 141 142 144 145 146 147 148 149 151 152 153 154 155 156 158 161 162 163 165 166 169 170 171 172 173 174 175 176 177 178 179 180 181 182 183 184 185 187 188 189 193 196 197 199 200
44 114 115 118 119 120 122 123 124 125 127 129 131 133 134 135 136 139 140 141 142 143 144 145 146 147 149 151 152 154 157 158 159 160 161 165 166 167 168 169 170 171 172 173 174 175 176 179 181 182 184 186 188 189 191 192 193 195 196 197 198 199
55 115 118 119 120 121 122 123 124 125 126 127 129 130 131 132 134 135 136 137 138 139 141 142 143 144 146 149 150 151 154 157 158 159 160 163 165 166 169 170 171 172 173 175 178 179 184 185 186 187 191 192 193 194 195 196 198 199 200
36 116 117 119 120 122 125 126 128 129 130 131 132 134 136 137 138 140 141 143 145 146 149 150 151 152 153 156 157 158 159 164 165 167 168 169 170 171 172 173 174 175 176 177 179 180 181 182 183 187 188 189 190 191 192 193 194 195 196 197 198 199 200
54 118 120 121 122 123 124 125 128 129 130 131 134 135 137 140 141 142 144 145 147 149 151 152 154 157 158 159 160 162 167 168 169 171 172 173 175 178 180 181 183 184 185 186 187 188 189 190 191 192 193 194 195 198 199 200
41 118 120 122 123 124 127 131 132 134 135 136 137 138 139 140 141 142 143 145 146 149 150 151 152 153 155 158 159 161 162 163 166 167 169 170 171 172 173 175 176 177 179 182 183 184 185 188 191 193 194 196 197 198 200
45 119 122 123 124 127 130 132 133 135 137 138 141 142 143 144 147 149 150 151 152 153 154 155 159 160 162 163 165 166 168 169 170 171 172 173 174 178 181 182 183 184 185 186 187 188 190 192 193 194 195 196 197 198 200
30 121 123 125 127 128 130 132 133 134 136 139 140 142 143 144 146 147 150 151 152 153 154 155 156 157 158 160 162 163 164 165 166 169 170 171 172 175 177 178 179 180 181 182 183 184 187 188 189 190 195 196 197 199
30 121 122 124 125 127 128 129 130 131 133 135 138 140 141 142 144 145 147 148 149 150 151 152 153 154 159 164 165 166 167 168 169 172 173 174 175 178 179 180 181 182 186 187 188 189 190 191 193 194 195 196 197 198 199
59 123 124 125 126 128 131 132 133 134 135 137 139 140 141 142 144 145 146 147 148 151 152 153 154 155 156 159 160 161 163 165 166 168 170 172 174 176 177 182 184 185 186 188 190 191 192 193 196 197 200
53 123 124 125 126 128 130 131 132 134 135 136 140 141 142 145 146 147 148 149 151 153 154 155 156 157 161 162 164 166 169 170 171 172 173 176 178 179 181 182 183 184 185 187 188 189 190 191 192 193 194 195 196 198 200
46 124 125 126 127 131 134 135 136 138 140 141 145 146 147 148 150 151 152 153 154 156 160 161 163 164 166 167 168 169 172 173 174 176 178 179 181 182 183 184 186 187 188 189 191 194 195 196 197 199 200
37 125 126 127 129 130 132 133 134 137 138 139 140 141 143 144 145 146 148 149 150 151 152 153 155 156 157 158 159 161 162 163 165 168 173 174 175 176 178 179 180 182 184 186 187 188 189 190 192 193 194 195 196 197 198 199 200
36 126 128 129 130 131 133 134 135 136 137 138 139 140 141 143 146 147 148 149 150 151 152 154 157 159 160 162 163 164 167 168 170 171 172 173 175 176 177 178 179 180 182 184 185 186 187 189 190 192 193 194 195 196 197 198 199 200
39 128 129 130 132 133 134 138 139 142 143 144 145 149 150 151 153 155 156 157 158 159 162 163 164 166 168 170 172 173 174 175 176 177 178 180 181 182 183 184 185 186 188 189 190 191 192 193 194 195 198 199 200
40 129 132 133 134 135 137 138 139 140 142 145 146 147 148 149 150 151 152 153 155 156 158 159 161 162 163 165 166 168 169 171 172 174 176 178 179 180 181 182 183 184 185 187 189 190 191 193 194 196 198 200
51 129 130 133 134 136 137 138 139 140 141 142 143 144 145 146 147 148 150 151 152 153 154 155 157 158 160 161 162 163 164 165 166 167 169 170 171 172 174 175 176 178 179 180 181 182 183 185 187 188 189 190 192 193 194 195 197 198 199
51 130 131 132 134 135 137 138 139 141 142 143 144 145 146 147 149 150 151 152 153 154 155 159 161 162 163 165 166 168 169 170 171 172 173 174 175 176 177 178 179 182 183 184 185 188 190 191 194 195 196 199
51 131 132 133 134 136 137 138 140 142 143 145 146 147 148 149 150 152 154 156 157 158 160 161 163 164 165 166 168 171 172 173 177 178 179 183 184 185 186 187 188 189 193 194 195 197 199 200
60 135 137 138 139 141 143 145 146 148 150 151 153 154 155 157 158 161 163 164 165 166 167 168 172 173 174 175 176 179 181 182 183 185 188 192 194 195 196 197 198 200
57 135 136 137 138 139 141 142 145 146 147 148 149 150 151 152 153 155 157 158 159 161 162 163 165 167 169 170 172 173 174 175 177 178 179 180 182 184 185 186 187 189 190 191 194 195 196 197 199 200
40 134 135 136 137 138 139 140 141 142 144 145 146 147 148 151 153 155 156 157 159 160 162 163 164 165 166 167 170 171 173 174 175 177 178 179 180 182 183 184 185 187 188 189 190 191 192 193 194 195 196 197 198 199 200
56 136 137 138 140 141 143 144 146 149 150 153 155 156 157 158 159 160 161 165 166 167 168 169 170 171 172 173 174 175 176 180 181 182 183 184 187 190 191 192 194 195 196 198 199 200
55 137 138 140 142 143 144 146 147 149 151 152 153 155 156 157 159 160 161 162 163 164 165 166 167 168 169 170 171 172 173 174 175 176 177 178 179 181 183 185 186 187 188 192 193 195 197 198 199
32 137 140 142 147 148 151 152 154 155 157 158 160 161 162 165 166 169 170 173 175 178 179 181 182 183 184 185 187 188 189 190 192 195 196 197 199 200
45 139 141 142 144 145 146 147 148 150 151 153 155 157 158 159 160 161 162 165 166 168 170 171 173 174 177 178 180 181 182 183 184 185 186 187 188 191 192 194 195 196 197 199 200
33 139 141 142 143 145 146 147 148 149 150 151 152 153 154 155 157 158 160 161 162 163 164 165 166 167 168 170 171 172 173 174 175 176 177 178 181 182 183 185 187 188 189 190 192 193 194 195 196 199
52 141 142 143 146 148 149 152 154 156 157 158 160 161 162 164 165 166 167 168 169 170 172 173 174 175 176 177 178 180 181 182 183 184 185 186 187 189 192 193 194 195 196 197 199 200
54 141 144 146 147 148 149 150 151 152 153 154 157 161 162 163 164 166 167 168 170 171 175 177 180 182 183 184 186 187 188 189 190 192 193 194 195 196 197 199 200
60 144 146 149 150 152 153 154 155 156 157 158 159 160 161 162 163 164 165 166 167 169 170 171 172 173 175 176 177 178 179 180 181 182 183 185 187 188 189 190 191 193 198 199 200
54 143 144 145 146 150 152 153 156 157 158 159 160 161 163 164 165 166 167 168 169 170 171 172 173 175 176 178 179 180 181 182 183 187 188 189 190 191 192 193 194 196 197 198 199 200
48 146 149 151 153 154 155 156 158 159 160 161 163 164 165 169 172 173 174 175 176 177 178 179 180 181 182 183 184 186 187 189 190 191 192 193 194 197 198 199 200
32 145 147 148 149 150 151 152 153 155 156 159 160 163 165 167 168 169 171 172 174 175 177 178 179 180 182 184 185 186 187 189 190 191 192 193 194 197 198 200
41 146 147 148 149 150 151 152 153 154 155 156 157 159 162 165 166 167 169 170 171 172 176 177 178 179 181 182 185 186 187 188 189 190 191 193 195 196 197 198 199 200
41 147 149 150 151 152 156 157 158 160 163 164 166 167 170 171 173 176 177 178 180 181 183 185 186 187 188 189 190 192 193 194 195 196 198 199 200
43 148 149 150 151 152 155 157 159 162 163 164 165 166 168 171 173 174 176 177 178 179 180 181 182 184 185 186 189 190 191 193 194 195 196 198 200
40 150 151 152 153 156 158 159 160 161 162 163 164 165 166 167 168 172 173 174 175 177 178 179 181 183 184 188 192 193 194 195 197 198 200
45 151 153 154 155 156 157 158 160 161 162 165 166 167 168 170 171 172 173 174 175 176 177 178 180 181 182 183 184 185 186 187 189 190 191 193 194 195 196 197 198 199 200
54 151 152 153 154 155 156 157 158 159 160 161 166 167 168 169 172 174 176 177 179 181 183 184 185 186 187 188 190 191 192 195 196 197 200
30 154 155 157 160 162 163 165 166 167 168 169 170 172 176 177 179 180 181 182 184 185 187 189 190 191 192 194 195 196 197 198
43 153 154 155 156 157 158 161 163 165 167 168 169 171 172 173 176 177 178 180 181 182 183 184 185 186 188 189 190 192 193 194 196 197 198
58 154 155 159 161 163 166 168 170 172 173 174 175 176 177 181 182 183 184 185 186 187 189 192 193 194 196 197 199 200
57 156 159 160 161 163 166 168 169 171 172 174 175 176 177 178 180 181 182 183 185 186 188 189 191 193 195 197 198 200
41 156 157 158 159 161 162 164 166 167 168 170 171 172 175 177 178 179 180 184 185 186 187 188 189 190 194 195 196 197 199 200
51 160 164 165 168 169 170 171 172 173 175 178 183 184 185 188 189 191 192 193 194 199
35 158 159 160 161 162 163 165 166 167 169 170 171 173 174 175 177 178 182 184 186 187 189 193 194 195 196 197 198 199
47 159 160 161 163 164 165 166 167 168 169 170 171 172 173 174 175 176 177 178 179 180 182 183 184 185 186 188 190 192 193 194 195 197 198 200
51 160 162 163 164 165 168 169 170 171 174 177 178 179 180 181 184 186 188 190 193 194 196 197 198
42 162 163 165 166 167 168 170 172 173 174 175 178 181 182 183 184 185 186 187 188 189 191 195 196 197 198 199
46 162 163 164 165 166 167 168 169 171 172 173 174 175 176 177 178 179 180 181 183 184 185 187 188 189 192 194 196 197 198 199
48 163 164 165 167 173 175 176 181 182 185 186 188 190 191 192 193 194 195 196 197 199 200
36 165 166 167 168 170 172 173 175 176 177 178 179 181 182 183 185 186 190 191 193 194 195 196 197
30 165 166 167 168 172 173 175 177 178 179 180 181 184 185 186 188 190 191 193 195 197 198 199
55 166 168 170 173 174 175 176 177 180 181 182 185 187 188 189 190 191 195 196 197 198 199 200
38 167 170 171 172 174 175 177 178 179 182 183 184 185 186 187 188 189 191 194 195 196 197 198 200
38 170 171 172 174 175 176 179 181 182 183 184 185 186 187 188 189 192 194 195 196 197 199 200
44 170 173 176 177 178 179 181 182 184 185 186 187 189 191 193 194 195 196 197 199 200
50 170 171 172 175 176 181 182 184 185 186 187 189 193 194 198 199 200
30 171 172 173 174 175 178 179 180 181 182 183 185 186 187 189 190 192 195 196 197 198 199 200
39 174 176 177 178 179 180 183 185 186 187 191 192 195 196 198 199 200
59 174 175 178 180 182 184 186 189 191 192 193 194 195 196 198 199 200
41 175 176 177 179 180 181 182 183 184 185 187 188 189 190 192 193 194 195 196 197 198 199 200
45 175 176 177 178 180 181 182 183 184 187 188 189 190 191 192 193 194 197 198 199
59 176 177 179 180 183 184 186 188 189 190 191 192 193 194 196
49 177 180 182 183 185 186 187 188 189 190 191 192 193 194 195 196 199 200
48 179 181 182 183 184 185 186 188 189 190 191 192 193 194 196 197 199
34 179 180 181 182 184 185 186 187 188 190 191 192 196 197 198 199
43 180 181 182 183 184 185 186 187 188 189 191 192 193 195 196 197 199
42 181 182 183 184 186 188 190 191 192 193 196 198 199
39 182 183 184 185 186 188 189 190 192 193 194 197 198 199
48 183 184 185 186 188 189 190 192 193 194 195 196 198 199
60 184 187 189 195 196 197 198 199 200
47 185 186 187 188 189 190 191 195 196 197 198 199
55 187 188 190 191 192 194 195 196 197 200
47 187 188 189 190 191 192 194 195 197 198 199 200
33 188 189 191 192 194 195 200
36 189 190 191 192 193 195 197 198 199
42 190 191 194 195 197 198 200
43 192 193 195 198 200
60 192 193 194 195 198 199 200
56 193 196 197 198 199
36 195 196 197 198 199
40 195 196 197 199 200
55 197 198 199 200
57 198 200
34
49 199
32 200
30
