75	5	200	1
0	30	12
0	39	13
0	23	16
0	35	13
0	38	21
49 2 3 4 5 6 7 8 9 10 11 12 14 15 16 19 20 21 23 24 25 26 27 29 30 31 33 34 37 38 39 40 42 43 46 47 49 50 52 53 54 55 57 58 62 63 65 66 68 69 70 72 75
53 4 5 6 7 8 9 11 12 13 15 16 17 18 20 21 22 23 25 26 27 28 29 30 32 34 35 36 37 38 40 41 42 43 44 47 48 49 50 53 56 58 59 60 62 63 65 66 67 68 69 70 71 72 73 74 75
58 4 5 6 7 10 11 12 14 15 16 17 22 23 24 25 26 27 29 30 32 33 34 35 36 37 38 43 44 45 46 49 50 51 52 54 55 56 57 58 59 60 62 65 66 67 68 70 71 75
55 5 6 7 8 11 12 13 14 15 16 17 18 21 22 24 26 27 28 29 31 32 33 37 38 39 40 41 45 47 48 49 51 52 53 54 55 56 57 58 59 60 62 66 68 70 71 72 73 74 75
32 6 7 8 9 10 11 13 14 15 16 18 19 21 22 23 25 26 27 28 29 30 31 33 34 35 36 37 38 39 40 42 43 44 45 46 47 48 49 51 52 53 57 58 60 61 62 63 64 65 67 68 72 74
49 8 11 12 13 14 15 16 17 18 19 21 22 23 25 26 27 28 29 30 31 32 34 35 36 37 39 40 41 42 43 44 45 46 48 49 51 53 54 55 57 58 60 62 63 64 66 68 69 70 71 72 73 74 75
36 8 9 10 11 12 14 16 18 19 21 22 23 24 26 31 32 33 34 35 36 37 38 39 40 42 45 47 48 49 51 52 53 55 56 57 58 59 61 62 63 64 65 66 67 69 70 72 73 74 75
32 9 10 11 12 13 14 15 16 18 20 22 23 24 25 28 29 30 33 34 35 36 37 38 43 44 45 46 47 49 50 52 53 54 55 56 58 59 61 63 64 67 68 70 71 72 73 74 75
47 12 14 15 16 18 19 21 22 24 25 27 29 30 31 33 34 35 38 40 41 42 44 45 46 47 48 49 50 53 54 57 58 63 65 66 67 68 69 70 71 72 75
32 11 12 13 14 19 21 22 23 24 26 28 29 30 34 35 36 40 41 46 48 52 53 54 55 58 60 61 62 63 65 66 67 68 69 70 72 74 75
56 12 13 15 16 17 18 19 20 23 24 26 27 28 29 30 31 32 33 35 36 37 39 40 41 42 43 44 45 46 47 49 50 51 53 54 55 56 57 59 61 62 63 64 65 66 67 68 69 70 71 73 74 75
58 13 14 15 18 19 21 23 24 25 26 27 28 29 31 32 33 34 37 39 40 41 43 45 46 47 49 50 51 52 53 54 58 62 64 65 66 69 70 71 72 73 75
46 15 16 18 19 20 21 22 23 24 25 26 27 28 29 30 31 32 33 34 36 37 38 40 41 42 47 51 53 54 56 57 58 59 61 62 64 67 68 69 70 72 73 75
39 15 17 18 20 21 23 27 28 29 32 33 34 36 37 38 39 40 41 43 44 46 48 49 50 51 52 53 54 55 58 59 60 61 62 63 64 65 66 67 68 69 70 71 72 73 74 75
54 16 17 18 19 20 21 22 23 24 26 27 28 29 31 32 34 35 36 38 41 43 47 48 50 51 52 55 56 60 61 62 63 64 65 66 67 68 69 72 73 75
39 17 18 19 20 22 24 25 26 28 30 32 33 34 35 36 37 38 40 41 42 43 44 48 49 52 53 54 55 56 57 58 59 63 65 66 70 73 74 75
60 19 21 22 23 24 25 27 28 29 31 34 35 36 38 39 40 41 42 45 46 48 50 52 54 55 59 60 61 62 63 65 66 69 70 72 74 75
55 19 20 22 23 27 28 29 30 31 32 33 34 35 36 37 38 39 41 43 44 46 47 48 49 51 54 55 56 57 58 59 60 61 63 64 65 66 67 69 70 71 72 73 75
55 21 22 23 24 27 28 29 31 33 34 35 37 38 40 43 44 45 46 47 48 50 51 52 53 55 56 59 60 61 63 64 65 67 68 69 70 72 74 75
56 21 22 23 24 25 26 27 29 30 32 33 34 35 36 37 38 39 40 42 43 44 45 46 48 51 53 54 59 60 62 66 67 68 69 70 71 72 73
31 24 26 27 29 31 33 34 39 40 41 42 45 46 49 51 55 56 57 59 60 61 62 63 64 65 66 67 68 69 71 73 74
58 23 24 25 26 27 29 30 31 32 33 34 36 37 41 42 43 44 45 46 47 49 51 52 53 54 55 56 57 59 61 62 65 67 73 74 75
59 27 29 31 32 33 34 36 37 38 39 45 46 47 48 49 51 53 54 56 57 58 59 60 61 62 64 65 66 69 70 71 72 74 75
57 26 29 31 32 33 34 37 38 40 41 42 46 48 49 51 52 53 56 58 59 60 61 62 63 64 66 67 69 71 72 73 74 75
58 27 29 32 35 36 37 39 41 42 43 44 45 47 48 49 52 53 54 55 56 57 58 59 61 62 63 65 66 67 68 69 70 71 72 74 75
60 28 29 30 32 33 34 35 36 38 42 43 44 45 46 47 48 49 50 51 54 56 57 58 59 60 61 62 64 65 66 68 70 71 72 74 75
60 28 31 32 34 35 36 37 38 40 41 42 43 44 45 47 48 53 56 57 59 60 62 63 64 65 67 68 70 71 73 74 75
59 29 30 32 34 36 37 40 44 46 47 48 49 50 51 53 54 55 56 57 58 59 60 61 63 66 67 68 69 71 72 74 75
45 30 31 32 33 35 36 38 39 40 41 42 43 44 46 47 49 52 53 55 56 57 60 61 62 63 64 65 66 67 69 70 71 73 74
43 33 34 35 38 39 40 41 43 45 47 48 49 50 51 52 53 54 55 56 57 60 61 62 63 64 65 68 69 70 71 73 74 75
49 32 33 35 36 37 38 40 42 43 44 45 47 49 51 52 53 54 55 56 57 58 60 61 62 63 65 66 68 69 70 71 72 73 75
37 33 34 37 39 40 41 42 43 44 47 49 50 52 54 56 57 59 60 62 65 67 68 71 73 74 75
52 34 36 37 40 41 43 44 45 46 47 48 49 50 51 52 53 55 56 59 60 61 63 64 65 66 69 70 71 73 74
58 35 36 38 39 40 41 42 43 44 45 48 53 54 56 57 59 60 64 65 67 69 71 72 74 75
47 36 37 38 41 43 44 47 48 49 50 52 53 54 55 56 57 58 59 60 61 62 64 66 67 68 71 72 73 75
52 38 40 41 42 44 46 48 49 50 51 52 54 55 56 57 59 60 61 62 63 64 65 66 67 69 71 73 74 75
56 38 39 40 41 42 43 44 46 47 48 49 51 52 54 55 57 58 59 60 62 63 66 67 68 71 72 73 74 75
35 39 42 43 45 46 47 48 50 52 53 54 55 56 57 58 59 60 63 64 66 67 68 70 71 72 73 74 75
45 40 41 42 43 44 45 46 47 49 50 52 53 54 58 60 62 63 64 65 66 69 70 71 73 74 75
44 41 44 45 46 47 48 49 50 52 53 54 55 57 59 61 62 63 65 66 67 68 70 71 74 75
32 42 43 44 45 46 47 50 52 53 54 56 57 58 60 62 64 65 66 67 68 69 70 73 75
54 44 47 48 50 51 52 53 54 55 57 59 60 61 62 63 64 66 67 68 69 70 71 72 73 75
31 44 51 52 53 54 59 60 61 62 64 66 67 68 69 71 72 73 74 75
59 45 47 48 49 50 51 52 53 54 56 57 61 64 65 66 67 68 69 71 72 73 75
41 46 47 48 49 50 51 52 53 55 56 57 58 59 60 61 63 64 65 66 67 71 72 73 74
57 47 48 50 51 52 53 54 55 56 58 59 60 61 62 63 64 65 66 67 68 69 70 71 72 74 75
52 49 54 55 58 60 61 62 64 65 66 67 68 69 70 72 74 75
56 49 51 55 56 57 62 63 66 68 69 72 73 75
33 50 52 53 54 56 57 60 61 65 68 69 70 71 72 74
32 52 54 55 56 57 58 60 61 63 64 65 67 69 70 73 75
40 52 56 57 59 60 62 66 67 68 70 71 74
56 53 54 57 59 60 61 62 63 65 67 70 71 72 73
48 55 56 57 59 60 61 62 63 64 65 66 68 69 70 71 72 74
51 55 56 57 59 60 61 62 63 64 65 68 70 71 72 73
45 56 57 59 60 62 63 64 66 67 68 69 70 71 74 75
58 57 60 61 63 64 66 67 69 70 72 75
52 59 61 62 64 67 68 69 71 72 73 74 75
58 59 61 65 69 70 71 72 73 74
33 62 63 64 66 67 68 69 73 74 75
45 61 62 64 65 66 67 69 72 74 75
38 65 66 68 69 70 71 73 75
59 63 64 65 66 68 69 71 73 74
37 64 65 68 71 72 73 74 75
44 65 66 68 69 71 72 73 74
59 68 69 70 71 72 73 74 75
36 68 69 70 71 74 75
47 68 69 70 73 74 75
39 69 71 72 73 75
55 73 75
37 71 72 73 74 75
51 74 75
51 73 74 75
38 74
55
56
