200	5	10000	1
0	409	48
0	443	34
0	852	46
0	803	33
0	259	39
1702 3 4 7 8 9 10 11 12 15 17 18 20 21 22 25 27 28 29 31 36 38 39 40 41 42 43 44 45 46 47 50 51 52 53 54 55 56 57 58 59 60 62 63 64 65 66 67 70 71 72 73 75 76 77 82 83 84 85 86 90 94 96 97 98 99 100 101 102 103 104 105 106 107 108 109 111 114 115 116 117 119 121 122 123 124 125 126 128 129 130 131 133 135 136 138 140 144 145 147 148 149 150 152 153 154 155 157 158 163 164 165 166 167 169 174 176 177 178 179 180 181 182 183 186 188 189 190 191 192 193 194 195 197 199
2033 3 4 6 7 8 10 11 13 14 15 21 22 24 25 32 33 35 36 37 38 40 42 43 44 45 46 47 48 50 51 54 55 56 57 58 59 60 61 63 64 66 67 70 71 72 74 75 76 78 79 80 81 82 83 87 89 90 91 93 94 96 99 100 101 103 104 105 106 107 108 112 114 116 118 121 122 124 125 128 129 130 131 133 135 136 137 140 142 144 148 149 150 151 153 154 157 159 160 161 162 164 165 167 168 169 170 171 172 173 174 175 176 177 179 180 182 183 184 186 187 189 191 193 195 196 197 198 199
2623 4 5 6 7 9 10 11 12 13 15 16 17 19 20 21 22 23 24 25 26 27 28 29 31 32 34 35 37 40 41 42 46 48 50 51 54 55 58 59 61 62 64 66 67 70 71 72 73 74 78 79 81 82 83 84 89 90 91 92 93 94 95 99 100 101 103 104 105 107 108 110 111 112 113 115 116 117 120 121 123 125 126 129 130 131 132 133 136 138 139 140 142 144 145 147 148 149 151 152 155 156 159 160 161 163 165 166 169 170 171 172 173 174 175 176 177 178 180 181 183 185 186 187 188 189 190 192 193 194 195 196 197 198 199 200
2954 5 6 7 9 11 12 13 14 16 17 18 19 21 23 25 26 27 28 29 30 31 32 34 36 37 38 39 40 42 43 44 46 47 48 49 50 51 52 53 55 56 57 58 59 60 62 64 66 67 68 70 71 72 73 74 76 77 78 79 80 81 82 83 84 85 87 90 92 95 96 97 99 100 101 102 103 105 106 108 111 112 113 114 115 118 119 121 122 123 124 126 127 128 129 132 133 136 137 138 140 141 142 143 144 145 146 147 149 150 151 153 154 155 157 158 159 161 162 163 164 166 168 171 172 173 174 175 176 177 178 179 180 183 184 185 186 188 189 190 191 192 194 197 198 199 200
2941 6 7 10 13 15 16 19 20 21 22 24 26 27 28 29 30 33 34 35 36 37 40 41 42 43 44 45 46 49 50 51 52 54 55 56 58 60 62 63 64 66 67 68 71 75 76 77 78 79 81 82 83 84 85 87 89 92 93 95 97 98 99 100 101 102 103 104 105 106 107 108 109 111 113 114 116 120 121 123 124 125 126 127 128 129 131 132 134 135 136 137 139 140 141 143 145 146 147 149 150 151 152 154 156 158 159 160 161 163 164 165 166 167 168 169 170 171 173 174 175 176 177 179 180 183 184 185 186 187 188 189 191 192 193 195 197 198 199 200
2417 7 8 9 11 13 14 15 17 18 19 21 22 23 25 26 27 28 29 30 31 33 34 35 36 37 38 42 43 44 45 46 47 48 49 51 52 55 56 57 58 61 62 65 70 71 73 74 75 76 77 78 79 80 82 83 84 85 87 88 89 91 92 94 95 96 97 99 100 103 104 105 106 107 109 110 112 113 115 117 118 121 123 124 125 126 127 129 130 132 133 135 137 139 140 141 145 146 147 148 150 152 154 155 156 157 158 159 160 161 163 164 165 166 167 170 171 172 173 174 175 177 178 180 181 182 183 185 187 188 189 190 192 193 194
2947 8 11 13 16 17 18 19 21 26 28 31 32 33 34 35 36 37 38 39 40 41 42 44 45 47 48 49 50 51 52 53 57 58 59 60 61 62 64 66 67 68 69 70 71 72 77 79 81 84 85 86 87 89 90 92 93 94 95 98 99 100 101 102 103 104 105 106 107 108 109 112 113 114 115 116 117 118 119 120 121 124 128 129 130 131 134 136 137 138 139 140 142 143 145 146 148 149 150 151 154 155 156 158 159 161 162 163 165 166 167 169 171 173 175 176 178 180 181 182 183 184 187 190 191 193 194 195 196 197 198 200
2411 9 10 11 12 13 14 16 17 19 20 21 22 23 24 25 26 29 30 31 32 34 35 36 37 38 39 40 41 43 44 47 48 50 52 53 54 56 57 58 59 61 63 64 65 66 67 69 70 71 73 74 75 76 77 78 79 83 84 85 86 87 88 90 92 93 94 95 96 98 99 100 101 102 105 106 107 110 111 113 114 115 116 118 120 121 123 124 125 127 128 131 133 134 135 137 138 139 140 141 142 143 144 145 146 148 149 151 152 153 154 155 156 160 161 162 163 165 166 167 168 171 173 175 178 179 182 183 184 185 186 187 189 191 192 195 196 197 199 200
1882 10 12 13 14 16 17 18 19 21 22 23 26 28 30 31 32 35 36 37 38 40 42 44 45 46 47 48 49 51 52 53 54 55 56 58 59 61 62 63 66 67 68 69 71 72 73 74 76 79 80 82 84 85 86 87 89 93 94 95 96 97 98 99 100 101 102 103 107 108 110 112 113 114 116 118 119 120 122 123 125 126 127 128 129 130 131 132 136 137 138 139 142 144 149 150 151 152 153 154 155 156 158 159 160 161 162 163 165 166 167 169 171 173 174 175 176 177 178 179 180 181 182 183 184 185 186 187 188 189 192 193 197 198 199 200
2475 11 13 15 17 19 20 21 22 23 24 25 26 27 28 29 30 32 33 35 36 37 38 39 40 41 44 46 48 49 50 53 54 56 57 58 59 60 62 63 65 66 67 68 69 70 73 74 75 77 78 82 83 85 88 89 90 91 93 94 99 100 101 102 105 107 108 109 110 111 112 113 114 115 116 120 121 122 123 124 125 126 128 130 131 132 133 134 135 136 137 138 140 141 142 144 145 146 150 151 153 155 156 158 161 162 163 164 165 167 172 176 179 180 181 182 183 186 187 188 189 190 197 198 200
1806 14 15 19 20 21 22 23 26 28 31 32 33 34 36 38 39 40 41 42 43 44 45 47 48 51 52 53 56 58 59 61 62 63 64 65 66 67 69 70 71 72 73 74 75 76 78 79 82 83 87 88 89 90 92 93 95 97 98 99 100 101 102 104 105 106 107 108 109 110 111 116 117 118 120 122 127 129 132 133 135 136 137 140 141 142 143 145 146 147 148 149 150 154 156 158 159 160 161 162 163 165 167 168 169 172 176 179 181 182 183 186 187 188 189 190 191 192 193 194 195 196 198
2754 14 15 16 17 18 19 21 22 23 25 26 27 28 29 30 31 32 33 34 35 37 38 39 40 41 43 44 46 48 50 52 53 54 57 58 59 60 61 62 63 64 65 67 68 71 72 73 74 77 78 79 80 81 82 83 84 85 87 88 90 92 94 96 97 98 99 100 101 102 105 106 109 110 111 114 115 117 119 120 124 125 126 127 129 131 132 134 135 138 139 140 146 147 149 150 151 152 153 154 155 156 158 159 160 161 162 163 164 165 166 167 169 170 171 172 173 174 175 177 178 181 183 184 186 187 188 189 190 191 194 195 196 197 198 199
1627 14 18 19 20 22 23 25 26 27 28 29 30 31 32 33 34 35 36 37 38 39 40 41 42 44 45 46 47 48 49 51 52 53 54 55 56 60 61 64 65 66 67 68 69 70 71 72 73 74 76 78 79 80 81 82 84 86 87 88 89 90 91 92 93 96 97 98 99 100 101 102 103 104 105 107 108 109 110 111 113 114 115 116 117 119 120 121 122 123 125 127 130 132 135 136 137 139 140 141 142 143 146 147 149 150 154 155 156 157 158 159 160 161 162 163 164 165 166 167 170 172 174 176 177 178 179 180 181 183 184 185 187 189 191 192 195 196 197 199 200
2733 15 16 17 18 19 20 21 24 25 27 29 30 31 32 33 34 37 39 41 42 43 44 45 46 48 52 55 58 59 62 63 65 68 69 70 71 73 74 75 76 77 79 80 81 82 83 84 85 86 87 88 89 92 93 94 95 96 98 100 101 103 104 105 106 107 109 110 111 113 115 116 117 118 119 122 124 127 128 134 138 140 141 142 143 145 147 148 149 150 151 153 154 156 158 159 160 163 164 167 168 170 171 172 175 176 177 178 179 183 184 187 189 192 193 194 195 196 200
1554 16 17 18 19 20 23 24 25 26 27 28 30 31 34 35 36 37 38 39 41 43 44 45 46 49 51 52 54 55 57 58 59 60 61 62 63 64 65 67 69 70 71 72 73 75 77 78 80 81 82 83 84 85 86 88 89 92 93 94 96 97 99 100 101 103 105 106 107 108 109 110 111 113 114 117 118 119 120 121 122 123 124 125 126 127 128 129 130 131 132 133 135 137 138 139 140 141 142 145 148 150 152 153 154 155 158 159 161 162 163 164 165 166 167 168 170 171 172 173 176 177 178 180 181 182 184 185 186 188 189 190 191 192 194 196 197 200
1737 17 20 21 25 26 27 28 29 32 33 34 35 37 38 40 41 42 43 44 45 46 47 49 51 52 57 58 59 60 61 62 63 64 65 68 69 70 71 72 73 74 75 76 78 81 82 83 85 87 88 89 90 91 92 94 96 97 99 102 103 104 106 107 108 109 110 112 113 114 116 117 122 123 124 125 127 128 129 133 134 135 136 137 140 141 142 143 145 146 147 148 153 154 155 156 157 160 161 162 166 168 169 171 173 174 175 176 177 178 179 180 183 184 185 186 189 190 191 193 194 196 198 200
2740 18 20 21 22 23 24 25 27 28 30 31 32 34 35 37 39 41 43 45 47 48 49 50 51 54 55 57 58 60 64 67 68 69 70 71 72 73 74 76 78 79 81 82 84 85 86 87 89 91 92 93 95 96 97 100 102 103 104 105 106 107 108 110 112 113 114 115 116 118 119 121 122 123 124 125 127 128 129 130 131 133 134 135 136 138 140 144 145 146 147 148 149 150 151 152 153 157 159 161 162 164 165 167 169 170 171 173 174 176 177 178 180 183 184 185 186 188 189 191 192 193 194 195 196 198 199 200
2970 19 23 24 25 26 27 28 29 30 31 33 34 35 37 38 39 40 41 43 44 46 47 48 50 51 53 54 55 56 58 59 60 62 63 64 65 66 67 68 69 70 71 74 75 76 77 78 79 80 81 82 83 84 85 87 90 91 92 93 96 99 102 105 106 107 109 110 111 113 114 115 116 117 118 119 120 121 123 124 126 129 132 133 134 135 136 137 138 140 141 142 144 145 146 147 148 149 151 153 154 155 156 157 158 159 161 162 163 164 166 167 168 169 170 172 173 174 175 176 178 180 181 182 184 187 188 189 190 191 192 193 194 195 196 197 198 200
2989 20 21 22 23 24 26 29 37 38 39 40 45 46 47 51 52 53 55 56 57 58 59 60 61 63 64 65 66 67 69 71 73 74 77 79 80 81 84 86 87 88 89 90 91 92 94 95 96 98 101 102 108 109 110 111 113 114 115 116 118 119 121 123 124 125 126 127 128 129 130 131 133 137 138 139 140 141 143 145 146 147 148 149 150 151 153 156 157 158 159 161 162 163 164 166 167 168 170 171 172 173 174 175 177 178 180 181 182 183 184 185 186 189 190 191 196 197 198 199 200
2891 21 22 24 25 26 27 28 30 31 32 33 34 35 36 37 38 39 40 41 42 43 44 45 47 48 49 50 51 53 54 55 56 57 58 59 60 61 62 65 66 67 68 69 70 71 72 73 75 78 80 81 82 83 84 87 88 89 90 92 93 95 96 97 99 100 101 104 105 107 111 112 114 115 116 117 118 120 121 122 123 124 125 126 127 128 129 131 132 133 134 135 137 138 143 144 145 146 148 149 150 151 152 153 155 156 157 158 160 162 163 164 165 166 168 170 171 172 173 174 175 176 177 178 179 180 182 184 187 188 189 190 191 192 193 194 195 196 197 198 199 200
2770 25 26 27 28 29 32 33 35 37 39 40 41 45 46 51 52 53 54 55 56 57 58 59 60 61 62 65 66 67 68 69 73 74 75 76 79 81 82 83 84 86 87 88 91 92 93 94 97 98 101 102 103 105 106 109 110 112 113 116 119 120 121 122 123 124 126 128 129 130 131 132 133 134 136 137 139 140 141 142 143 144 147 148 149 150 151 152 154 158 159 160 161 162 163 164 166 167 168 169 175 176 177 178 180 181 187 188 190 191 192 193 194 195 196 199 200
2032 23 24 28 29 32 34 35 36 37 38 40 41 42 44 45 47 48 49 51 53 54 55 56 57 58 59 60 61 62 63 64 66 67 74 75 76 77 78 79 80 82 83 85 86 88 90 91 92 95 96 98 99 101 102 103 104 105 108 109 110 111 112 114 116 119 120 121 122 123 125 126 130 133 134 137 138 139 140 142 145 146 147 149 150 151 153 154 155 156 157 158 159 160 161 162 163 165 168 169 170 171 172 174 175 176 177 180 181 182 183 184 186 187 189 191 194 195 197 198 199
1952 26 27 28 29 31 33 37 38 39 40 41 42 43 44 45 46 47 48 49 50 51 52 53 55 58 59 61 62 64 66 67 68 69 70 71 72 73 74 75 76 77 78 79 80 81 82 85 87 88 89 92 93 94 95 96 99 100 102 103 104 106 111 112 113 114 115 116 117 118 124 125 129 130 132 133 134 135 139 142 144 146 147 151 152 153 154 155 156 162 164 165 166 167 168 169 170 171 172 173 174 175 176 177 178 179 180 182 183 184 185 186 188 194 196 197 199 200
1869 26 27 29 30 31 32 33 34 35 36 37 39 40 42 44 45 47 48 49 51 52 54 57 59 60 61 62 63 64 65 66 67 69 70 71 72 73 75 77 78 79 80 81 83 84 85 87 88 89 90 91 92 96 97 98 100 102 104 106 108 110 111 112 113 114 115 118 119 120 121 123 126 128 129 130 131 132 133 135 136 137 139 140 141 142 143 145 147 148 150 151 152 154 155 157 158 160 161 162 164 166 167 169 170 171 172 173 175 176 177 179 181 183 184 185 186 187 188 189 190 192 193 194 195 197 198 199
2914 26 27 28 30 31 34 38 40 41 43 44 45 46 47 48 49 50 52 53 54 57 59 60 61 62 63 64 65 66 69 72 73 75 76 78 81 83 84 86 89 90 92 93 96 97 98 99 101 102 103 104 105 106 109 110 113 114 115 117 118 120 121 123 125 127 128 129 130 131 132 133 134 135 136 137 138 139 141 144 146 147 148 149 150 152 153 154 155 156 157 158 159 161 162 163 164 167 168 169 170 171 172 173 175 176 177 178 182 183 184 187 188 189 190 191 194 195 196 197 198 199
2437 28 30 31 35 36 37 38 39 40 41 42 43 44 48 50 51 52 53 55 56 57 58 59 60 61 62 63 65 67 68 69 72 73 74 75 76 77 78 79 80 81 83 84 85 86 87 88 89 90 92 93 94 96 97 100 101 103 104 105 106 107 109 110 111 112 113 114 115 116 118 121 122 123 124 125 128 129 130 131 132 133 134 135 137 138 140 142 143 145 146 149 150 151 152 153 154 155 156 159 160 162 163 164 165 166 167 168 169 170 171 172 173 174 175 176 178 179 180 181 182 183 186 188 189 190 191 192 193 194 195 197 198 199
2187 28 29 31 32 33 34 35 37 38 39 40 42 43 44 45 49 50 52 53 54 55 56 58 60 61 62 63 65 68 69 70 72 73 76 77 78 79 80 81 83 84 85 86 87 89 91 92 93 97 98 101 103 107 108 110 111 112 113 115 118 119 120 122 124 125 127 128 129 131 132 135 137 140 141 142 143 144 145 146 147 149 151 153 154 155 158 159 160 161 162 163 164 165 166 167 169 170 174 179 180 183 184 185 186 187 188 189 191 192 193 194 195 196 199 200
2832 29 30 33 34 36 37 38 39 41 42 45 47 48 49 50 51 52 54 57 58 59 60 65 70 71 72 73 74 75 76 77 79 82 83 84 85 87 88 89 90 92 93 94 95 97 98 100 104 105 107 108 109 111 113 115 117 118 119 120 121 122 123 124 125 128 129 130 131 133 134 136 137 139 140 141 145 146 147 149 150 153 156 157 158 159 160 162 163 164 166 167 168 169 173 174 175 176 177 178 182 183 184 185 186 187 188 189 190 195 196 198
2348 30 34 35 36 37 38 40 41 43 47 48 50 51 52 53 58 59 60 61 63 64 65 66 67 69 71 73 74 77 79 80 81 82 84 85 86 87 88 89 92 93 94 95 98 99 100 101 102 104 106 107 109 111 112 115 117 118 122 123 124 125 128 129 130 131 134 137 138 139 140 145 146 148 149 150 151 153 154 156 162 165 166 167 168 169 170 171 172 173 174 176 177 178 180 181 182 183 184 185 186 188 190 191 192 193 194 195 197 198 199 200
2356 31 33 36 38 39 40 42 43 44 46 47 48 49 50 51 52 54 59 60 62 63 64 65 66 67 68 69 70 72 73 74 75 76 78 80 81 83 84 85 86 87 88 89 90 93 94 95 99 100 101 103 106 107 108 109 110 112 114 115 116 117 118 119 120 122 123 124 125 126 127 129 134 137 138 139 140 142 144 145 146 147 148 149 150 151 152 153 155 156 157 158 159 160 161 162 164 165 167 171 173 174 175 177 178 179 180 181 182 183 185 188 190 192 194 195 196 199
2736 32 33 35 36 37 38 39 40 41 42 43 44 45 46 48 50 51 54 55 56 58 59 61 62 63 64 65 66 67 70 71 74 75 76 77 79 80 81 82 84 86 87 89 90 91 94 95 96 98 100 101 103 106 107 108 109 111 112 113 114 120 121 122 123 124 125 128 130 131 132 133 135 136 137 138 140 141 142 143 144 145 146 147 148 152 153 154 155 156 157 158 160 161 163 164 165 167 168 169 172 173 174 176 177 178 180 182 184 185 186 187 188 189 190 191 194 196 198 199 200
2456 33 34 35 37 38 39 40 42 43 44 45 46 47 48 49 50 52 54 55 56 59 60 61 63 64 66 67 68 69 70 71 72 75 76 77 79 80 81 83 85 86 87 88 91 94 95 96 97 98 99 100 103 104 105 106 110 111 112 113 114 115 116 117 119 124 125 126 129 130 132 133 134 135 136 137 138 140 141 142 145 148 151 152 153 157 158 159 160 162 163 164 165 166 167 168 170 171 172 174 175 176 178 179 180 181 182 183 184 185 186 189 190 191 192 193 195 198 199
2623 38 39 40 41 42 43 44 45 47 48 49 50 51 53 54 56 57 58 60 62 63 64 65 69 70 71 73 74 75 78 79 80 81 83 84 86 87 88 89 90 91 92 93 95 98 99 101 102 104 105 106 107 108 110 111 112 113 114 115 118 120 121 122 124 125 127 128 130 131 132 136 137 138 139 140 143 144 146 147 148 149 151 152 153 154 155 156 158 159 161 162 163 165 166 167 168 170 171 172 174 175 176 177 178 179 180 182 184 185 186 187 188 189 190 191 192 193 194 195 196 197 198 199 200
2147 35 36 38 40 42 45 46 47 50 52 53 55 56 57 59 60 61 62 63 64 65 66 67 70 71 73 74 75 76 78 80 81 82 83 85 86 87 88 90 91 93 94 96 97 98 99 100 101 102 103 104 105 106 107 108 109 110 111 117 118 121 122 123 124 127 129 131 132 133 134 136 137 138 139 141 144 146 148 150 151 152 153 155 156 157 159 160 163 167 168 169 170 171 172 173 174 176 178 179 181 182 184 185 186 187 188 190 192 194 195 197 199 200
1937 38 39 41 42 43 44 46 47 48 49 50 52 53 56 57 58 59 60 61 62 63 64 65 67 68 69 70 71 74 76 78 79 80 82 83 86 87 88 89 90 91 92 94 95 98 99 100 102 105 106 107 108 109 110 113 114 115 118 119 120 121 122 126 127 128 130 131 132 135 137 139 140 142 143 144 145 146 147 148 149 150 151 152 153 154 155 157 158 159 160 163 164 165 167 168 169 170 171 173 175 176 177 178 180 181 184 185 186 188 190 192 194 197 198 200
2969 39 40 42 43 44 45 47 48 51 52 53 55 56 58 59 62 63 65 66 67 68 70 71 73 74 75 77 78 79 81 82 83 85 89 90 91 92 93 94 95 96 98 99 100 101 102 104 105 107 108 111 112 114 115 116 117 119 120 121 122 123 125 126 127 128 129 131 132 134 136 137 138 140 141 142 143 144 146 147 149 152 153 155 156 158 159 160 161 162 163 166 167 168 169 170 171 173 174 175 176 178 179 180 181 184 187 188 189 190 191 192 194 197 198 199 200
2753 38 39 40 41 44 47 48 50 51 52 54 55 56 57 58 60 63 65 66 67 68 69 70 71 72 73 74 75 76 77 78 82 84 85 87 88 89 90 91 93 94 95 96 98 99 100 101 102 103 104 105 106 107 108 109 111 112 113 114 115 116 117 119 121 123 124 126 128 129 133 134 136 138 139 140 142 143 146 148 149 150 151 153 156 160 163 164 165 167 168 170 171 173 175 176 177 178 179 180 181 182 183 185 186 187 189 190 191 192 193 194 195 196 197 198
1890 39 40 42 43 45 48 49 50 51 52 53 54 55 57 58 59 61 63 64 65 67 69 71 73 74 76 77 83 84 87 89 90 91 92 93 94 95 97 98 100 101 102 104 106 108 109 111 112 118 120 121 122 123 125 126 127 129 132 133 134 135 137 141 143 144 145 146 147 148 149 152 153 155 156 157 158 159 162 163 164 166 167 169 170 173 174 179 180 182 185 186 191 192 195 197 198 199
2312 40 41 42 44 45 46 47 48 50 51 52 53 55 56 58 59 60 61 62 63 65 69 71 72 74 75 76 77 78 79 80 82 84 85 86 87 89 91 93 94 95 96 97 99 100 101 104 105 106 107 109 111 113 114 115 116 117 118 122 123 124 125 126 128 129 130 131 133 134 135 136 138 139 140 141 142 143 146 148 149 150 155 157 159 160 161 162 165 167 168 169 172 173 174 175 176 178 179 180 181 183 184 191 192 193 195 196 199
2427 41 42 43 45 46 47 50 51 52 53 54 55 59 60 61 62 63 64 65 66 67 68 69 70 71 72 73 75 76 77 78 79 81 83 84 86 88 90 91 92 93 94 97 98 99 100 101 102 103 104 105 107 108 110 115 116 117 118 121 122 123 124 125 126 127 129 130 131 132 134 135 137 138 139 141 143 144 145 146 149 151 155 156 157 158 159 162 163 164 165 166 167 168 169 170 171 172 173 174 177 179 181 182 183 184 185 187 188 189 190 192 194 195 196 197 198 199
2070 42 44 45 46 48 49 50 51 52 53 54 55 56 57 59 60 61 63 64 67 68 71 72 73 74 75 76 77 79 80 81 82 83 84 86 87 88 92 93 94 95 99 100 105 106 107 109 110 111 112 113 115 116 117 121 122 123 124 125 126 127 129 130 131 135 136 137 138 140 141 142 144 145 147 148 150 153 154 155 157 159 160 161 163 164 166 167 168 169 170 171 172 173 174 175 178 179 180 181 182 183 186 189 192 195 196 197 198
1586 44 46 47 48 50 51 52 55 56 57 58 59 60 61 63 64 66 67 68 72 73 74 75 77 80 81 82 83 84 85 86 88 89 90 91 93 94 95 96 99 101 102 104 105 106 108 109 110 111 114 115 118 121 123 125 127 128 132 133 134 135 137 138 139 140 141 142 144 145 147 148 150 151 152 153 154 155 156 157 159 160 161 163 164 168 169 170 171 172 173 175 177 179 180 181 184 185 186 187 189 191 193 194 195 196 197 200
2096 44 45 48 50 52 53 55 56 57 59 60 61 62 64 65 66 67 68 69 70 71 72 73 74 75 76 78 81 82 83 87 88 89 91 93 95 97 98 99 100 101 102 103 104 105 107 111 113 115 116 117 118 119 121 122 124 125 126 128 129 131 132 133 134 135 138 139 140 141 142 143 144 147 149 150 151 152 153 154 155 156 159 160 161 162 163 164 166 167 168 169 170 171 172 173 174 175 176 177 178 179 182 183 184 185 186 187 189 190 191 192 193 194 195 196 197 198 199
2971 45 46 47 48 49 51 53 54 55 57 58 59 60 62 63 65 68 69 70 72 73 74 75 76 77 78 79 81 82 84 86 88 89 90 91 92 93 94 96 97 98 101 102 103 106 107 109 110 113 115 116 117 118 119 122 123 124 125 126 127 128 129 130 131 132 133 134 135 137 138 139 140 141 145 146 148 149 150 151 152 153 154 156 158 159 160 162 163 166 168 170 171 172 174 175 176 178 181 182 183 184 185 186 187 189 190 191 192 193 194 195 198 199 200
1573 46 47 48 49 50 51 53 54 55 56 58 59 60 61 62 63 64 65 68 69 71 72 73 75 76 77 79 80 81 82 84 85 86 87 89 90 91 92 93 94 95 96 98 99 101 102 104 105 106 107 108 110 111 112 114 115 116 117 120 121 122 124 125 126 127 128 130 134 135 136 137 138 141 142 143 144 146 147 149 150 151 152 153 154 155 156 157 158 160 161 164 165 166 167 168 169 170 173 174 177 178 182 183 185 186 188 189 190 192 194 195 196 198 199 200
2992 49 50 51 52 53 54 55 56 57 59 60 61 62 65 66 68 69 70 72 73 74 75 78 79 80 81 82 83 84 85 87 88 89 90 91 93 94 95 96 97 98 99 100 102 104 105 106 107 108 109 110 112 113 114 117 118 119 120 121 123 124 126 127 128 129 130 132 134 136 138 139 141 143 145 146 147 148 149 150 152 154 155 156 157 158 160 161 162 163 164 167 168 170 171 173 174 175 178 179 180 181 182 187 188 189 190 191 192 193 194 195 196 197 199 200
2349 49 50 51 53 54 55 56 58 59 60 63 65 66 67 69 70 75 76 77 79 80 81 82 83 84 85 87 88 89 91 93 94 96 97 102 103 105 106 107 108 110 115 116 117 118 119 120 121 122 123 124 125 127 129 130 131 132 133 135 136 137 138 140 141 142 143 146 147 148 149 151 152 153 154 159 161 162 163 165 167 168 169 171 172 174 176 177 178 179 180 181 182 183 184 188 189 191 193 194 196 197 199
2373 51 52 53 54 55 56 57 60 61 62 63 64 65 67 68 70 71 73 78 80 81 82 84 85 88 91 92 93 95 96 97 98 99 100 101 102 103 105 106 110 112 113 115 117 118 119 120 125 127 128 129 130 131 132 133 137 138 139 140 141 142 143 144 145 149 150 151 152 153 154 155 158 159 160 161 162 163 164 166 168 169 170 171 172 173 176 177 179 182 183 184 186 187 188 190 194 195 196 198 199 200
2694 50 51 52 54 56 57 58 59 61 64 66 67 68 70 71 72 73 75 76 77 78 79 80 83 84 85 86 87 88 89 90 91 93 95 96 97 98 99 101 102 103 104 105 107 108 112 113 115 121 122 124 127 128 129 130 131 133 134 141 142 143 144 145 146 147 148 149 150 151 152 153 154 155 156 158 159 160 161 162 163 165 168 169 170 171 172 173 174 175 177 179 180 181 184 186 188 190 191 192 194 195 197 200
2533 51 52 53 55 56 57 58 59 60 61 62 63 64 66 69 70 72 74 75 76 77 78 80 81 82 83 84 86 87 88 89 90 91 93 94 95 98 99 100 101 102 103 104 105 106 107 108 109 110 111 112 113 114 116 117 119 120 121 122 123 124 127 128 129 130 131 136 137 138 139 140 141 142 143 146 148 149 150 151 155 156 158 159 161 162 163 164 167 170 171 172 175 176 177 178 179 182 183 184 185 186 187 190 191 193 194 196 198 200
2077 53 54 55 56 57 58 59 61 62 63 64 65 66 68 69 70 71 72 73 75 77 78 79 80 82 83 85 87 90 91 92 95 96 97 98 100 101 102 103 104 105 108 109 110 111 112 113 114 115 117 118 119 120 122 124 125 126 128 129 130 132 133 134 135 137 138 139 141 144 145 146 147 148 150 151 152 153 155 156 157 158 159 160 161 162 164 165 166 167 169 170 172 176 177 178 179 180 181 182 183 185 187 188 189 191 192 193 195 196 197 198 199 200
2751 53 56 57 59 60 62 65 66 68 69 70 72 73 74 75 78 79 80 81 82 83 84 88 89 90 92 93 96 97 98 100 102 103 106 107 108 109 110 111 112 113 114 115 116 117 118 119 121 122 123 125 126 127 128 129 130 131 132 134 135 136 137 139 140 142 145 146 147 152 153 155 156 158 159 161 163 164 166 167 169 171 172 173 175 177 178 179 180 181 182 184 187 188 189 191 192 194 195 196 197 198 200
2182 55 56 57 59 61 62 64 65 67 68 69 70 72 76 77 78 81 84 85 87 88 89 91 93 94 95 96 97 98 99 100 101 103 104 105 107 108 109 110 111 112 113 114 115 116 118 120 124 125 128 129 131 132 133 134 136 137 139 140 141 143 144 145 146 147 152 153 156 157 158 161 162 163 164 165 167 168 169 170 171 172 173 174 177 178 181 182 183 184 185 186 187 188 189 190 191 193 194 195 197 198 199 200
1954 56 59 60 62 63 64 65 66 67 68 70 71 72 73 75 76 77 78 79 80 82 83 84 86 87 88 89 92 93 94 95 96 97 99 100 101 103 104 106 110 111 113 114 115 117 118 119 120 122 123 124 126 127 128 133 134 135 136 137 138 140 142 143 144 145 147 148 150 152 154 156 157 158 159 160 161 162 165 166 167 170 172 173 174 175 178 181 183 184 185 186 187 188 189 190 192 193 194 196 198 200
2606 56 57 59 60 61 62 63 64 65 66 67 68 70 72 73 76 78 81 82 83 85 86 89 90 91 92 94 95 96 97 98 99 101 102 103 106 107 108 109 110 112 113 114 115 117 119 120 122 123 124 127 128 130 131 133 134 136 137 138 139 140 142 144 145 146 147 148 149 150 151 153 154 155 157 159 160 161 162 164 165 166 167 169 170 171 173 174 175 176 178 179 180 181 182 184 185 187 188 189 190 192 194 195 196 197 199 200
1876 57 58 60 61 62 63 65 66 67 68 69 71 72 73 75 76 78 79 81 82 83 86 87 88 89 91 92 93 96 97 98 99 100 101 103 104 105 108 109 110 112 113 114 116 118 119 120 121 123 124 125 126 127 128 129 130 132 135 136 137 138 139 140 141 142 143 144 145 147 149 151 153 155 157 159 160 161 162 163 165 166 167 170 171 172 173 174 175 178 179 180 181 182 184 186 187 189 190 192 193 194 196 198 199 200
1683 58 59 61 62 63 64 65 67 68 69 70 72 73 74 75 77 78 79 81 82 83 85 87 88 89 91 95 96 98 99 100 101 103 104 105 106 107 108 109 110 112 113 114 116 117 118 120 121 122 123 125 126 129 130 132 134 135 137 140 141 142 143 144 146 147 149 151 152 154 155 156 157 158 159 160 162 163 164 165 166 167 168 169 170 171 173 174 175 176 178 179 181 183 186 187 188 189 190 191 192 193 194 195 197 199 200
1982 59 60 62 63 65 67 68 69 70 71 72 75 76 77 78 80 81 83 85 86 90 91 92 93 94 96 97 98 100 101 103 104 105 106 107 108 112 113 114 115 118 120 121 122 123 124 127 131 132 133 135 138 139 140 142 144 145 147 148 150 151 152 153 154 155 156 157 159 160 161 162 163 167 168 169 171 172 176 177 178 180 183 184 185 186 187 188 189 190 193 194 195 196 197 198 199 200
1889 60 62 64 65 66 67 68 69 70 72 73 74 75 76 77 79 81 83 86 87 88 89 90 91 92 93 94 96 97 100 101 102 104 107 108 109 111 112 116 117 118 119 123 124 125 126 127 128 132 135 136 138 140 141 142 143 144 147 148 150 151 153 155 158 159 160 161 162 163 166 167 168 169 170 171 172 173 174 176 177 178 179 180 182 183 184 185 186 188 189 190 191 192 193 194 195 196 197 198 199 200
1739 61 62 64 65 67 68 69 70 74 76 77 79 81 82 83 84 86 88 89 90 92 94 95 96 98 99 100 102 103 104 105 106 107 108 109 111 112 114 116 117 118 119 120 121 124 130 132 133 134 135 136 137 138 139 140 141 142 144 145 146 149 150 151 152 153 154 155 156 157 160 161 163 165 166 167 169 171 172 173 175 176 178 179 181 182 184 185 188 189 190 191 196 197 198 199
2261 62 63 65 67 69 70 72 75 77 80 81 82 84 85 86 88 91 92 94 98 99 100 104 105 106 107 108 109 111 114 115 116 117 118 119 120 121 122 125 127 128 129 130 131 133 135 136 137 140 141 142 143 144 151 152 153 156 157 158 159 161 162 164 165 167 169 171 173 174 175 177 178 180 181 183 184 185 186 188 189 190 191 193 194 195 196 197 198 199
1799 64 65 66 69 70 72 73 74 76 77 78 79 81 82 83 87 88 89 91 92 94 95 96 97 99 100 101 105 106 107 108 109 110 113 114 118 121 122 124 125 126 127 128 129 130 131 132 134 135 136 137 140 141 142 145 146 147 149 150 151 152 153 154 155 156 158 159 160 161 163 164 167 168 169 170 171 172 174 176 177 178 179 180 182 183 184 185 186 189 191 192 194 195 196 197 198 199
2800 64 65 67 68 70 72 73 74 76 78 79 80 81 84 86 87 88 91 92 93 94 95 96 97 98 99 100 101 103 104 105 106 107 108 112 114 116 117 119 120 121 122 123 125 126 127 128 129 130 133 134 135 136 137 138 139 140 141 143 144 145 146 147 148 150 154 158 159 162 163 164 166 167 168 169 170 171 172 173 174 175 177 178 179 180 181 182 183 184 185 186 187 189 190 191 193 195 196 197 198
1898 65 66 67 70 71 72 73 75 76 79 80 81 82 84 85 86 87 88 89 90 91 92 93 94 97 100 103 104 105 106 107 109 110 112 115 116 117 118 119 120 122 123 124 125 127 129 132 134 135 139 140 144 145 146 147 149 150 151 152 154 157 160 161 162 163 167 169 170 173 175 176 178 179 180 181 182 183 184 186 187 188 194 195 196 199 200
2481 66 67 68 69 70 72 73 75 76 77 79 82 83 84 85 86 87 88 89 91 92 93 94 95 96 97 100 105 106 107 108 112 114 115 117 118 121 122 123 127 128 129 131 132 133 134 136 137 138 143 144 145 148 149 150 152 153 155 157 158 162 163 164 165 166 168 169 171 174 175 177 179 180 182 183 185 188 189 190 191 192 193 194 196 197 198 199 200
2666 68 69 71 75 77 78 79 82 83 85 86 87 88 89 91 92 94 96 97 98 99 100 102 103 104 105 106 107 109 110 111 112 114 115 116 117 118 119 120 123 124 127 128 131 133 134 135 136 142 143 147 149 151 152 153 155 156 160 161 163 164 166 167 168 169 170 171 172 173 174 177 178 179 180 181 182 184 185 186 188 189 191 192 193 194 195 197 199 200
2928 68 70 71 72 73 75 78 79 80 81 82 84 85 86 87 88 89 90 91 92 93 94 96 97 98 99 100 103 104 105 106 107 108 109 110 111 112 113 116 117 118 119 121 122 123 124 126 128 129 130 132 133 135 138 140 141 142 143 144 145 146 147 149 151 155 156 157 158 161 163 164 166 167 168 169 170 172 173 175 176 178 179 181 182 183 185 186 190 191 192 193 194 195 196 197 199 200
1618 69 70 71 72 73 75 77 79 80 81 82 84 86 87 88 89 91 92 93 94 95 96 98 100 102 103 104 105 106 107 109 110 111 112 113 114 117 118 119 120 121 124 125 126 128 129 130 131 132 133 134 135 136 139 140 141 143 144 145 147 148 149 150 151 152 153 156 158 159 160 161 162 163 164 165 166 167 168 169 171 172 173 174 175 176 177 178 180 181 182 183 185 186 188 189 190 191 192 196 198 199
2405 71 73 74 75 76 77 78 79 82 83 84 85 86 87 88 90 91 92 94 96 97 98 100 105 107 108 109 110 112 114 116 117 119 120 121 122 123 125 126 127 128 129 130 131 132 133 134 136 137 140 141 142 143 144 145 147 148 149 150 151 153 155 156 157 158 159 160 161 163 165 167 168 169 170 172 173 174 176 177 178 179 182 183 184 185 187 188 190 191 192 195 198
1776 71 72 73 74 75 78 80 84 85 86 87 88 89 90 92 93 94 97 99 101 103 104 105 108 111 112 114 115 116 117 118 119 120 121 124 131 132 133 135 136 137 138 139 140 141 144 145 146 147 149 150 152 153 154 155 157 158 159 160 161 162 163 164 170 171 172 175 176 177 179 180 181 183 185 188 191 193 195 199 200
1827 72 73 74 75 77 78 79 81 82 84 85 86 88 89 92 93 95 96 97 99 100 103 105 106 107 108 109 110 111 112 114 116 117 118 120 123 126 128 129 130 131 134 135 137 138 139 140 141 143 145 146 148 149 150 151 152 153 154 155 158 160 161 162 164 165 169 170 172 175 176 177 178 179 180 181 182 183 184 186 189 190 191 192 193 195 197 198 200
2936 75 76 77 78 80 81 82 83 84 85 86 87 88 89 90 92 93 96 97 98 100 101 102 103 104 105 106 107 108 109 112 117 119 120 121 123 125 126 127 129 130 131 132 133 135 136 137 138 139 140 142 143 144 145 147 151 152 153 154 157 158 159 162 163 167 168 171 174 175 176 178 180 186 187 188 190 191 194 196 197 198
2350 74 76 77 78 79 80 81 83 84 85 87 88 89 92 93 94 95 99 100 101 102 103 104 106 107 108 112 114 115 116 118 119 120 121 125 126 127 129 131 132 134 135 136 138 140 142 143 144 145 147 148 150 151 152 155 159 160 162 163 165 170 171 172 173 175 177 178 179 180 181 182 183 184 185 186 187 188 189 190 192 193 196 198 200
2985 75 76 77 79 82 83 84 85 86 88 90 91 92 94 95 97 98 101 102 104 105 107 108 109 110 111 113 115 117 119 120 123 125 126 128 130 132 135 136 138 139 141 142 143 144 145 146 147 148 149 150 151 153 155 156 160 161 163 165 167 168 169 170 171 172 173 174 175 176 177 179 180 181 183 186 187 188 189 192 194 195 196 197 198 199
2745 78 81 82 85 86 88 89 90 91 92 93 94 95 96 98 99 100 101 103 104 105 106 108 110 113 114 115 116 117 118 119 120 121 122 127 129 130 131 132 133 135 136 137 138 140 141 142 143 144 145 146 147 148 150 151 154 155 157 158 159 160 161 162 163 164 165 166 167 168 169 170 173 174 175 176 178 179 180 183 184 185 186 187 189 190 191 192 193 195 196 197 198 199
2910 77 78 79 80 81 83 84 87 89 91 92 94 96 97 98 99 100 101 102 103 104 105 106 107 109 110 111 112 114 115 117 118 119 120 121 122 123 124 125 129 130 131 132 133 135 137 138 140 142 144 145 146 148 149 150 151 152 153 154 155 156 157 158 159 160 161 162 164 165 166 167 168 169 170 171 174 175 176 177 178 181 182 183 185 186 190 193 194 196 200
2025 79 80 83 84 85 86 87 88 89 90 91 93 94 96 97 99 100 105 106 107 108 110 111 113 115 117 118 120 121 122 129 130 131 132 133 136 137 138 139 141 142 143 147 148 149 150 151 152 153 154 155 156 157 159 160 161 164 165 166 167 168 170 171 172 173 174 175 176 178 180 181 182 183 185 186 188 189 191 192 193 194 195 196 197 198 199 200
1735 83 85 87 88 89 91 92 94 95 96 97 103 104 105 106 107 108 109 110 113 115 116 117 119 121 122 123 125 127 128 129 130 131 133 134 136 138 140 141 142 143 146 147 148 150 151 152 153 154 156 157 159 160 161 163 164 167 170 172 173 174 175 176 178 179 180 181 183 184 185 186 187 188 189 192 194 195 196 197 198 199 200
1865 80 81 82 84 85 86 88 90 91 92 93 95 96 98 100 101 102 103 105 107 108 109 110 111 112 114 115 116 117 118 120 122 125 126 127 128 129 130 131 135 136 137 138 142 144 145 146 148 149 150 152 153 154 156 157 158 160 161 162 163 165 166 167 168 172 176 177 179 180 181 183 184 185 186 187 188 189 190 191 192 193 194 195 198 199 200
1783 81 82 83 84 85 86 87 91 93 94 95 96 97 98 99 100 102 103 105 106 107 108 109 110 111 112 113 114 118 119 120 121 122 123 124 125 127 128 129 130 131 133 134 135 136 137 138 139 140 146 148 149 150 151 152 154 155 156 157 158 160 161 166 167 168 171 173 175 176 177 178 181 182 185 186 189 190 191 192 194 196 197 199
2052 82 85 86 88 89 91 92 96 97 103 104 109 110 111 115 117 119 120 121 122 125 126 127 128 129 130 131 133 134 136 138 139 140 141 142 145 146 148 149 152 154 155 156 157 158 159 161 163 164 165 166 168 169 171 172 173 178 180 181 182 185 186 187 192 194 196 198 199 200
2996 83 84 86 87 89 90 92 93 96 97 99 100 101 104 105 107 109 110 112 113 114 115 116 117 119 120 121 122 123 124 125 126 128 130 135 136 137 138 139 141 142 143 144 145 149 150 151 153 154 155 156 159 161 162 164 165 166 169 170 171 172 173 174 175 180 182 183 184 186 187 189 194 197 199 200
1582 86 90 91 93 94 95 96 97 98 99 101 102 103 105 106 107 109 110 111 112 113 114 116 117 118 119 120 122 123 124 125 126 127 128 130 131 133 134 135 136 137 138 140 142 143 144 145 148 149 150 154 157 158 160 161 163 164 165 166 167 168 169 171 174 175 176 177 178 180 182 184 185 189 190 191 193 196 197 199 200
2329 85 86 87 89 90 91 92 93 95 97 98 99 100 101 102 104 106 107 109 111 112 113 114 115 116 117 118 120 121 122 123 124 125 127 128 130 133 134 136 137 139 140 141 142 144 145 146 147 148 151 152 158 159 162 163 164 166 168 169 170 171 172 173 175 176 177 179 182 183 184 185 186 187 188 192 194 195 197 200
2476 86 88 89 90 91 93 95 97 98 99 100 102 103 107 109 110 112 113 114 115 116 118 119 120 121 122 124 125 127 128 129 130 131 132 133 135 136 137 138 141 142 143 144 146 149 151 152 153 154 157 158 160 161 162 164 166 167 170 172 173 174 175 176 177 178 179 180 181 182 186 188 189 191 193 194 196 197 198 200
1800 87 89 92 94 96 98 99 100 101 103 104 105 106 107 108 109 110 112 113 114 115 116 117 119 121 122 123 124 125 126 127 128 129 130 131 132 133 135 138 139 140 142 143 144 146 147 148 149 150 151 152 153 154 158 159 160 162 165 166 168 169 170 171 173 174 175 177 179 180 182 183 184 186 187 188 189 190 191 192 196 199 200
2900 88 89 90 92 93 95 96 97 98 99 101 103 104 106 107 111 112 114 115 116 118 119 120 123 124 126 127 128 129 130 131 132 135 136 137 138 139 140 141 142 143 147 148 149 151 152 154 157 159 162 163 164 165 166 167 168 169 171 172 176 177 178 179 181 183 185 186 187 189 191 192 193 194 195 198
1706 90 92 93 94 95 96 97 102 103 104 105 107 108 109 110 111 112 113 114 116 117 119 120 121 123 125 126 128 129 130 131 132 134 138 139 141 145 147 148 149 150 152 153 155 156 158 159 160 161 162 164 165 166 168 169 170 171 172 174 175 177 178 179 180 181 183 184 185 188 190 192 194 195 196 197 199 200
2389 90 91 93 94 95 96 97 98 99 101 102 103 104 105 106 107 108 109 110 112 114 115 116 117 118 120 122 124 125 127 128 129 130 131 134 135 136 137 138 139 141 142 143 144 145 146 147 148 149 151 152 153 155 156 157 159 160 161 162 163 167 169 170 171 174 177 178 180 181 182 183 184 185 186 187 188 190 191 192 193 194 196 198 199
2995 91 92 93 94 95 96 99 100 101 102 103 104 107 108 109 110 111 113 114 115 116 117 118 119 121 122 123 124 125 126 127 129 130 133 136 137 138 139 140 141 142 144 145 146 147 148 150 152 153 154 155 156 157 158 159 160 162 163 165 166 168 169 170 171 172 173 174 175 176 177 179 180 182 184 188 189 190 191 192 193 197 198 199
1664 92 93 94 96 98 101 107 108 109 110 112 113 114 117 118 119 120 121 122 123 124 125 126 127 128 130 131 132 134 135 138 139 140 141 142 143 144 146 147 149 150 151 152 153 154 156 157 158 159 161 162 164 165 167 168 169 170 171 172 173 174 175 177 178 180 181 182 183 184 185 186 188 189 190 191 192 195 197 198 199 200
1723 93 95 96 97 98 99 101 102 103 105 106 107 108 112 114 115 116 117 118 119 121 123 124 126 127 128 129 130 131 132 133 139 140 142 143 145 146 147 149 150 151 152 153 154 155 156 157 159 160 161 163 164 167 170 171 174 177 178 179 180 182 185 186 187 188 192 193 194 196 197 198 199
2628 94 96 97 99 100 101 102 103 105 106 107 108 109 110 112 113 116 117 118 119 120 122 123 125 126 127 128 130 131 132 135 137 138 139 142 145 147 148 149 151 153 154 155 156 157 159 160 161 162 163 165 166 167 168 170 171 172 173 174 175 176 178 179 180 182 183 184 185 186 187 188 189 190 191 192 193 194 195 196 197 198 199 200
2621 98 99 100 101 103 104 105 108 109 110 111 114 118 120 122 123 124 125 126 127 128 129 130 131 132 133 134 135 138 140 141 142 143 144 146 147 149 150 151 152 153 154 155 156 157 158 162 163 164 166 167 168 169 170 173 175 176 177 178 179 180 181 182 183 184 185 186 187 188 189 193 194 195 197 198 199 200
2703 96 97 101 102 103 104 106 107 108 109 110 112 114 115 116 117 118 121 122 123 125 129 130 131 132 134 135 138 139 140 141 142 144 145 146 150 151 153 154 155 157 158 160 162 163 164 165 167 171 174 176 178 179 181 182 183 184 185 186 187 188 191 192 193 194 195 196 198 199 200
1995 97 99 100 102 103 104 105 109 110 111 112 113 114 115 116 118 119 120 121 124 125 126 127 130 131 134 135 136 137 138 139 140 141 142 143 144 145 146 149 150 151 153 154 156 157 159 160 161 163 164 165 166 168 169 170 171 174 175 177 178 180 182 184 188 193 194 196 197 198 200
2754 98 99 100 101 102 103 104 105 106 107 111 113 114 117 118 119 120 122 124 125 127 129 131 132 133 135 138 140 142 144 145 146 147 148 149 150 151 154 155 156 157 158 159 160 161 162 163 164 166 168 169 171 172 173 174 175 178 179 180 181 182 183 185 189 190 191 192 193 194 195 196 197
2508 99 101 103 106 107 108 109 111 113 115 116 117 120 121 123 124 126 127 128 129 130 131 132 133 134 135 136 137 139 140 141 142 144 147 149 150 151 153 155 156 157 158 159 161 162 163 164 165 166 167 169 171 172 174 175 176 177 178 181 182 183 184 187 188 189 191 192 194 195 196 197 198 199 200
1668 100 101 102 105 106 107 108 110 111 113 114 116 117 120 121 122 123 125 126 127 128 129 130 131 133 134 135 137 138 141 144 146 147 148 149 150 152 153 155 156 158 159 160 161 165 166 167 168 169 171 172 173 174 176 177 178 179 180 181 183 184 187 189 190 192 194 195 196 197 198
2790 101 102 103 106 107 109 110 111 112 115 116 117 119 120 121 122 123 124 126 127 128 129 130 131 132 133 134 136 137 139 140 141 142 145 146 147 148 149 152 153 155 157 158 159 160 163 165 166 167 169 173 174 175 177 178 179 182 183 184 185 186 187 188 189 190 191 192 193 194 196 197 198 199 200
1533 102 103 108 109 110 112 113 114 115 116 117 119 120 121 122 123 124 125 127 132 133 135 136 137 138 139 140 141 142 143 144 146 148 149 152 154 155 156 159 160 161 162 163 164 166 167 168 169 170 171 173 174 175 176 177 181 182 186 189 191 193 194 195 197 198 199
1687 103 104 107 108 109 110 111 112 114 115 116 117 119 120 121 123 124 125 126 127 128 129 130 131 133 134 135 137 138 140 143 145 147 148 151 152 153 154 155 156 158 160 162 163 165 166 168 169 171 172 173 174 175 176 177 178 180 182 183 184 185 186 187 190 191 192 194 195 197 199 200
2824 106 107 108 112 113 114 115 118 119 120 121 122 123 125 126 127 129 130 132 133 134 136 138 140 141 142 143 144 145 146 147 148 149 151 152 153 155 157 158 159 160 161 162 164 165 166 167 168 169 171 172 173 174 175 176 178 179 180 182 183 184 186 187 189 190 191 192 195 196 197 199 200
1908 105 106 108 110 113 114 117 118 119 120 121 122 125 127 128 130 131 132 133 134 135 136 137 138 139 141 142 143 144 146 148 150 151 152 153 154 155 156 157 158 160 161 163 165 166 168 170 171 172 173 174 175 177 179 182 183 185 186 188 189 190 191 192 193 194 195 196 197 199
1831 106 108 111 112 113 114 115 116 117 120 122 123 125 128 130 132 133 134 135 136 137 138 139 140 141 142 143 145 146 147 149 150 151 153 154 155 156 157 159 161 162 163 164 165 166 172 173 175 176 177 180 181 182 183 185 186 187 188 190 191 192 194 195 197 199 200
2584 107 108 110 111 112 113 114 115 116 117 118 119 122 123 124 126 130 131 132 133 134 135 137 138 140 142 145 146 147 148 150 151 152 157 158 162 165 167 168 169 170 171 172 177 178 179 182 183 184 185 186 187 190 191 192 193 194 195 196 197 199
2137 110 113 114 116 117 119 120 121 123 124 125 127 128 130 133 134 135 136 138 139 140 146 147 148 149 150 152 155 156 157 158 160 162 166 167 168 169 171 172 173 175 176 177 179 180 181 183 184 186 187 188 189 190 191 192 193 194 195 196 197 198 200
2295 109 111 113 114 115 116 117 119 120 122 123 124 125 126 127 130 131 133 134 135 136 137 139 140 141 143 146 147 148 149 150 151 154 155 156 157 158 159 160 161 162 163 164 166 167 168 169 170 172 173 174 175 176 177 179 180 181 184 188 190 191 192 193 194 195 196 197 198
2614 110 111 112 113 115 116 117 119 121 123 124 125 126 128 129 131 132 133 134 135 136 137 138 139 140 142 143 144 145 146 147 149 151 152 153 154 155 156 159 160 162 164 165 166 167 168 171 172 174 176 178 179 181 182 184 185 186 187 189 190 191 192 193 195 198 199 200
2486 111 112 115 117 118 120 121 122 123 126 127 128 129 130 131 134 137 138 141 144 146 147 149 151 152 153 155 157 158 159 160 163 164 166 169 170 171 172 174 176 178 179 182 183 184 185 186 187 188 190 192 193 196 197 198 199 200
2749 113 114 115 121 122 123 124 125 126 128 129 131 132 134 135 138 140 141 142 147 148 149 153 154 155 156 157 158 159 160 163 164 165 166 167 168 170 171 172 173 174 176 178 179 180 181 182 183 184 188 191 192 193 195 196 199 200
2879 113 117 118 119 123 124 125 126 127 129 130 131 133 134 137 139 140 142 143 144 145 146 147 148 150 151 152 153 154 156 157 158 159 160 162 163 164 167 168 169 170 171 173 174 175 177 180 181 187 189 190 191 195 196 197 199
1771 114 115 117 118 119 120 121 122 123 124 126 127 128 129 130 131 132 133 134 135 136 137 138 139 140 141 142 143 144 145 147 149 151 154 155 156 157 158 161 163 164 165 166 167 168 170 171 174 175 176 177 178 179 180 183 184 187 188 189 190 192 193 194 195 196 197 198 200
1893 115 116 117 118 120 123 124 125 126 127 129 131 132 134 135 136 138 139 140 142 143 144 145 146 148 150 151 152 153 154 155 156 157 158 159 160 161 162 164 165 166 167 168 169 170 171 172 173 174 175 178 179 180 181 182 183 185 187 188 189 190 191 192 193 194 196 197 198 199 200
1630 116 117 118 119 121 122 123 124 126 127 128 129 130 131 132 133 134 136 138 140 142 144 145 146 147 148 151 152 154 156 159 160 161 163 164 165 166 167 169 170 172 173 174 178 180 181 183 185 186 187 188 189 190 191 192 193 196 197 199 200
2167 118 119 120 121 122 123 124 126 127 128 130 132 134 135 137 141 142 143 145 146 147 148 149 150 151 153 154 155 156 157 158 159 160 162 163 165 166 168 169 170 171 172 173 174 175 176 177 178 179 180 181 182 183 184 185 186 187 188 190 193 194 195 196 197 200
2119 119 120 121 122 123 124 126 128 130 131 132 133 134 135 136 139 140 142 143 146 149 150 152 153 155 156 157 159 160 161 162 164 167 168 169 170 171 175 176 177 178 179 180 181 182 185 186 187 188 190 192 193 194 195 196 197 199 200
1544 119 120 122 123 125 127 128 131 133 134 136 141 142 143 144 145 146 147 148 149 150 151 152 153 155 156 157 158 159 160 163 165 167 168 170 173 176 177 178 180 182 183 184 185 188 189 194 195 197 198 199
2832 120 122 124 125 126 127 128 129 131 132 134 136 138 140 143 144 147 150 151 152 154 155 157 158 159 160 161 162 165 166 168 169 172 173 176 177 178 179 181 184 189 190 191 194 195 196 197 200
1921 121 123 126 127 128 129 130 131 132 133 135 136 138 139 140 141 143 144 145 148 149 150 152 154 155 156 157 158 159 160 161 162 163 164 165 169 171 173 175 176 177 179 180 182 183 185 187 188 189 191 193 194 195 196 197 198 199 200
2643 123 125 126 127 128 129 130 131 132 135 136 137 139 140 141 143 146 147 148 149 151 154 155 156 157 158 159 160 161 163 165 166 169 170 171 173 174 177 178 180 182 184 185 186 187 188 189 190 191 192 193 194 195 196 198 199 200
2055 123 124 125 127 129 130 131 132 133 135 136 137 138 139 141 142 143 144 145 146 147 148 150 151 155 156 157 162 163 164 165 166 174 176 178 179 180 181 182 183 184 185 186 187 188 189 190 191 192 193 196 198 200
2191 125 126 127 129 130 132 135 136 137 138 139 140 143 145 150 152 154 155 156 157 159 161 162 163 164 166 167 168 169 171 172 174 175 176 180 181 182 184 185 187 188 190 192 194 195 196 198 199
2092 125 126 128 130 132 133 134 135 136 137 138 139 141 143 144 145 146 147 148 150 151 153 154 155 159 160 161 164 166 167 169 170 171 172 173 175 177 178 179 180 181 182 183 184 187 191 192 193 194 196 197 200
1765 126 127 128 130 131 133 134 137 138 139 141 142 143 144 145 147 149 151 152 154 155 157 158 159 163 164 165 166 167 168 169 170 171 172 174 175 176 177 179 180 186 187 188 189 191 192 193 195 198 200
1598 127 128 129 130 133 134 135 136 137 138 139 140 141 142 143 144 145 146 148 153 154 155 156 157 158 159 160 164 166 167 168 169 170 172 174 175 177 178 179 180 181 183 185 187 189 192 193 194 196 198 199
2172 128 129 130 131 132 133 134 135 136 138 139 144 145 147 148 149 152 154 155 156 160 161 162 163 168 169 170 171 172 173 174 175 176 177 178 179 180 181 182 183 184 185 186 188 191 192 194 195 198 199 200
2190 130 131 133 134 135 137 138 139 140 143 144 145 147 149 150 151 152 153 154 155 156 158 159 161 163 164 165 166 167 170 176 177 178 179 180 181 183 184 185 186 187 188 189 190 193 194 195 196 198 199 200
2288 130 133 134 136 138 139 141 142 144 146 148 149 150 151 155 157 159 160 162 163 164 166 168 169 170 171 173 174 175 176 177 179 180 181 182 183 184 185 188 189 190 191 192 195 197 198 199 200
2547 131 132 133 135 136 138 139 143 144 145 146 149 150 152 153 154 155 156 158 159 161 162 163 164 165 166 168 169 170 172 173 174 175 176 177 178 180 181 182 183 185 186 190 192 193 194 195 196 198 199 200
2631 132 133 134 135 136 137 138 139 143 146 147 148 150 151 152 153 154 155 156 157 158 160 161 164 165 166 167 168 169 170 171 173 174 177 179 180 182 183 184 185 186 189 191 192 193 198
1691 133 134 135 136 137 138 140 141 142 143 144 145 148 150 152 153 156 157 159 160 161 162 163 164 165 166 167 168 169 170 171 172 173 174 175 176 177 180 181 182 184 185 186 187 188 189 190 191 193 194 195 198 199 200
2753 134 137 138 140 142 143 144 146 147 148 149 150 153 155 156 157 158 159 161 162 163 164 165 169 170 171 172 173 175 176 177 178 179 180 181 182 183 184 185 186 187 189 190 191 192 193 194 195 196 198 199 200
2540 136 138 139 140 143 145 147 148 149 150 153 155 156 157 158 159 160 162 163 166 169 170 173 174 175 176 177 179 180 183 184 185 186 187 188 189 191 192 193 194 195 199 200
2721 137 138 140 142 144 145 147 149 150 151 153 154 155 156 157 158 159 160 161 162 163 164 165 167 169 170 171 173 174 176 177 178 179 181 182 183 184 185 186 187 188 192 194 195 196 198 199
2899 137 138 139 140 141 142 143 145 147 149 150 151 153 154 155 156 158 159 161 162 163 164 167 168 169 170 172 173 174 175 176 179 182 183 184 185 186 187 189 191 193 194 196 198 199
2063 138 139 140 141 143 145 147 149 150 153 154 155 157 158 160 161 163 167 169 171 172 173 174 177 179 180 182 184 185 186 188 190 191 192 194 200
2181 142 143 144 145 146 148 149 151 152 155 157 158 159 160 161 163 165 166 173 175 176 177 178 179 182 186 188 190 192 193 194 196 197 198 199 200
1745 140 141 142 143 144 145 147 148 150 151 152 154 155 156 157 160 162 163 165 166 168 169 170 171 174 175 176 177 178 179 183 184 185 187 189 190 191 193 194 195 196 197 198 200
2614 141 144 145 147 148 152 153 154 156 157 158 159 161 163 164 166 168 170 171 172 176 177 179 182 183 185 186 188 191 192 193 195 196 197 198
2217 144 145 146 147 148 150 151 152 154 155 156 158 159 160 165 166 167 168 169 172 174 175 176 178 179 180 182 184 185 186 187 189 191 193 194 196 197 198 199 200
2531 143 144 145 146 147 148 149 150 152 153 155 156 158 161 162 163 164 165 166 167 168 169 171 173 174 176 177 178 179 180 181 182 185 186 187 188 189 191 192 193 194 197 198 199
1706 144 145 146 147 148 149 150 151 153 154 156 157 158 159 161 162 163 164 165 166 168 170 173 176 177 180 182 183 185 188 189 191 192 193 195 196 198 200
2234 145 146 147 150 152 153 154 155 157 158 159 160 161 162 166 167 168 169 170 171 172 173 174 177 178 179 180 183 184 185 186 187 188 189 190 191 192 193 194 197 199 200
1527 146 147 148 149 150 152 153 154 155 158 159 160 162 163 164 166 167 168 169 171 172 173 174 175 176 177 179 180 181 182 184 187 188 190 191 193 195 196 197 198
2895 147 149 150 151 153 155 158 159 161 162 164 165 167 169 172 173 176 177 178 179 181 183 184 185 186 188 189 190 191 192 194 195 197 199 200
2294 148 149 150 151 152 153 155 158 159 160 161 162 163 164 166 167 168 169 171 172 173 174 175 176 177 178 179 181 183 184 186 187 189 190 191 192 193 195 196 197 200
1956 152 153 154 155 156 157 158 160 161 162 163 164 165 166 167 168 169 172 173 174 175 177 178 180 181 183 185 186 189 190 191 192 193 196 197 198
1839 150 151 152 153 154 155 157 159 160 161 163 164 166 168 169 170 172 174 175 177 180 181 183 184 185 186 187 188 189 190 191 193 198 199 200
1579 151 152 153 154 155 156 157 158 159 160 162 163 164 167 168 169 174 176 177 178 179 180 183 184 185 186 187 190 192 193 195 198
1530 153 154 157 158 159 160 161 162 163 166 168 169 173 176 177 179 180 181 182 183 184 186 187 188 189 190 191 193 194 199 200
2889 153 154 155 156 157 159 164 165 166 167 168 169 170 171 172 173 174 176 177 178 179 182 184 185 186 190 193 194 195 196 197 198 199 200
1705 154 157 161 162 163 164 165 166 167 168 169 170 171 172 173 174 177 179 181 182 184 186 187 188 189 191 193 194 195 196 198 200
2842 155 158 164 166 167 168 169 170 171 172 175 178 179 181 182 185 187 189 191 192 193 195 196 197 200
2958 156 157 158 159 163 164 165 166 168 169 170 171 172 173 174 175 176 177 179 180 182 183 184 185 186 187 188 189 190 191 193 194 195 196 197 198 199 200
2811 157 158 159 160 161 162 163 164 165 167 168 170 171 172 173 174 175 176 177 180 181 183 184 185 186 188 189 190 191 192 193 194 195 196 197 198 200
1735 158 160 161 162 163 166 167 170 171 172 173 175 176 178 179 180 183 184 186 188 192 194 197 198 199 200
2119 159 160 161 162 163 164 166 168 169 170 171 172 173 174 175 176 177 180 181 183 184 186 188 189 191 193 194 196 197 198 199 200
2485 160 161 163 164 165 166 167 169 170 171 172 173 174 175 176 177 178 179 180 181 184 185 186 187 188 189 192 193 195 196 197 198 199 200
1754 161 162 164 167 168 169 170 172 173 174 175 179 180 181 182 184 185 186 187 188 189 190 191 192 193 194 195 196 197 198 199 200
1737 164 165 166 168 169 170 171 173 174 175 176 177 178 179 180 181 182 184 186 187 188 190 191 192 193 194 195 196 197 198 199
1694 163 164 166 169 170 172 173 174 175 176 178 179 180 183 184 185 186 187 188 189 191 192 193 195 196 198 200
2013 164 167 168 169 170 171 173 174 176 177 179 180 183 185 186 187 188 191 192 193 194 196 197 198 200
2944 166 169 170 171 172 173 175 176 178 179 180 181 182 183 184 185 188 189 190 191 192 194 197 198 199
2466 166 169 170 171 173 174 176 177 178 180 181 183 184 187 188 190 192 193 194 195 198 199
2406 167 170 171 173 174 176 177 178 179 180 183 184 185 186 187 188 191 192 194 196 198 199 200
1891 168 169 171 175 177 178 179 180 181 183 184 185 186 187 188 189 191 192 193 194 196 199 200
1791 169 171 176 177 180 181 182 183 184 185 186 188 191 193 194 195 196 197 198 199 200
2735 173 174 175 176 177 179 180 181 182 183 184 185 186 187 188 190 192 193 195 196 198 199 200
2149 171 173 174 176 179 182 184 185 186 187 188 189 192 193 196 197 198
1664 172 173 174 175 176 177 178 179 180 183 185 187 189 190 192 193 194 195 196 197 198 199 200
2944 173 174 175 176 178 181 182 183 184 185 187 188 191 192 193 194 195 196 198 199 200
2064 174 175 176 177 179 181 182 185 186 187 188 189 191 193 194 195 196 198 199 200
2891 176 178 179 180 181 182 184 186 187 188 189 190 191 192 194 199 200
2358 179 180 181 182 184 185 187 188 190 191 192 194 195 196 198
2496 177 178 179 181 183 188 189 190 191 192 193 194 195 196 197 199 200
1592 178 179 180 181 183 184 185 186 188 189 190 192 193 195 196 197 198 199 200
2798 179 181 182 184 185 187 189 190 191 192 195 196 197 198 199 200
2741 180 181 182 183 184 185 186 188 189 190 191 195 196 198 199 200
1580 181 182 184 185 186 188 190 191 194 195 197 198 199 200
1740 182 183 184 185 186 187 189 190 192 195 196 197 198 200
2665 183 184 185 186 192 193 194 195 196 197
1814 185 186 187 190 191 192 193 194 196 197 198 200
2708 186 187 188 189 190 191 194 197 198 199 200
1503 187 188 190 191 192 193 195 196 197 199 200
2275 187 191 192 194 195 196 197 198 200
2323 188 190 191 192 193 195 196 197 199
2414 189 190 192 193 194 195 197 198 199 200
2497 191 193 194 197 198
2883 191 192 193 194 195 200
2838 192 193 195 196 197 198 199 200
2251 193 194 195 196 198 199
1586 194 196 197 198 199 200
2262 196 198 199 200
2269 196 197 199 200
2192 197 198 199 200
1806 198 200
2308 200
1867 200
1703
