75	10	200	10
-4	27	5
-4	31	9
-1	25	7
-3	30	7
-5	33	7
-4	21	10
-4	23	4
-3	24	5
-4	27	11
-3	21	10
55 3 4 5 6 7 8 9 10 11 12 13 15 16 17 18 20 22 23 25 26 27 28 29 30 31 32 35 36 38 39 40 41 43 44 45 47 49 50 52 53 54 55 59 60 61 62 63 65 66 67 68 69 70 71 72 75
32 3 4 5 6 9 10 11 12 13 14 15 16 17 22 27 29 30 31 32 33 36 39 40 41 44 48 49 51 52 53 54 57 58 59 60 61 62 63 64 67 68 69 70 71 72 73 74
49 4 5 6 8 9 12 13 14 15 16 17 19 23 26 27 29 30 31 33 34 35 36 37 38 39 40 41 42 43 45 46 47 48 49 50 52 54 55 56 57 58 59 62 63 64 68 69 73
56 6 8 9 10 12 13 14 15 17 18 19 20 21 22 23 24 25 26 27 29 30 31 32 33 34 35 37 38 39 40 41 42 44 45 46 48 49 50 51 52 53 54 55 56 57 59 60 64 65 67 68 69 70 71 72
53 6 7 8 9 10 14 15 16 17 18 19 20 22 23 25 27 29 30 31 32 35 36 38 41 42 46 48 49 50 51 53 56 59 60 61 62 63 64 65 66 67 69 70 71 74
49 7 8 9 12 13 14 15 16 17 19 20 22 23 26 27 28 30 31 32 33 34 35 36 37 38 40 41 42 43 45 46 50 51 52 53 54 56 57 59 60 61 63 64 65 68 69 70 71 74 75
53 8 9 10 11 12 13 15 17 19 20 21 22 23 24 25 26 27 29 31 34 35 36 37 39 40 41 42 43 45 46 47 49 50 51 52 53 54 55 57 58 59 60 61 62 63 64 65 66 67 68 70 71 73 74
58 9 10 11 12 14 15 16 17 18 19 20 21 22 23 25 26 28 29 30 31 33 34 37 38 41 43 45 46 48 49 50 51 52 53 54 55 56 59 60 63 64 67 68 69 71 72 75
36 10 11 13 16 18 20 22 25 26 27 28 29 32 33 36 37 40 41 42 43 44 47 48 49 50 51 52 53 54 55 56 57 58 59 60 61 62 64 66 68 69 70 72 73 74 75
32 11 12 13 14 15 18 21 22 24 25 26 28 29 31 32 33 34 35 36 37 38 39 40 41 42 43 45 47 50 51 53 56 57 58 59 62 63 66 69 70 72 73 74 75
47 12 13 14 16 17 18 19 20 21 22 23 25 27 29 30 32 33 34 35 39 40 41 42 43 44 46 47 48 51 52 55 56 59 60 63 64 65 66 69 70 71 74
32 13 15 16 17 18 19 20 22 25 26 27 29 30 34 35 36 38 39 42 43 44 47 48 51 52 53 55 56 59 60 61 63 64 65 66 67 68 69 71 72 73 74
58 14 15 16 18 19 21 22 23 24 25 26 28 29 31 33 34 36 37 38 39 42 43 45 49 50 51 52 53 54 55 56 57 58 59 61 62 63 66 67 69 71 73 74 75
45 15 16 20 21 22 23 24 25 26 27 29 30 33 35 37 40 42 43 44 45 46 48 49 50 51 53 54 55 56 60 61 63 65 68 71 73 74 75
39 16 17 19 20 22 23 24 25 26 27 28 29 30 31 32 33 34 35 36 37 38 39 41 42 43 46 48 49 50 51 52 53 56 58 59 60 62 64 66 68 69 70 71 72 74
54 17 18 19 20 21 22 23 24 25 26 27 29 30 31 33 35 36 37 38 39 40 41 42 44 45 46 47 48 49 50 52 54 55 57 59 60 61 64 66 67 68 69 70 71 72 73 75
39 20 21 22 23 24 26 29 30 31 32 33 34 36 37 38 39 40 42 43 45 47 48 49 50 51 52 53 54 55 56 57 59 60 61 62 63 64 65 66 68 71 72 73
55 19 20 21 22 23 24 25 26 27 29 31 33 35 36 38 41 42 43 44 45 46 47 48 50 51 52 54 55 56 57 58 60 61 62 64 66 67 68 71 73 74 75
31 21 24 25 29 30 32 33 34 35 36 37 38 39 41 42 43 44 46 47 48 49 50 51 54 55 57 58 59 61 62 63 65 66 68 69 70 72 74 75
58 21 22 23 24 25 26 28 30 31 33 35 36 37 38 39 40 41 42 44 45 48 50 51 52 53 55 57 58 59 60 61 62 63 64 67 68 70 71 72 75
59 22 23 24 25 26 27 28 29 30 34 35 36 37 38 39 40 41 42 43 45 47 49 51 52 53 55 56 59 60 62 63 64 65 66 67 68 70 71 72 73
46 23 26 27 28 29 30 31 32 33 35 37 38 39 43 44 45 46 47 48 49 50 51 52 53 54 57 59 61 62 63 65 66 67 68 69 71 72 74 75
60 24 26 29 31 32 33 35 36 37 38 39 40 41 42 43 45 46 48 49 50 51 52 53 54 55 56 59 60 63 64 66 71 72 74
55 25 26 27 28 29 31 33 35 36 38 39 41 42 44 45 46 47 49 50 51 53 56 57 58 59 61 62 66 67 69 71 72 73 74 75
56 26 28 31 34 37 41 42 43 44 45 48 49 50 51 52 53 54 55 59 60 61 64 66 67 68 70 71 72
57 27 30 31 33 34 36 38 39 40 42 43 44 45 47 48 49 50 51 52 53 55 56 57 59 61 62 63 64 66 69 72 73 74 75
58 28 29 30 31 32 33 34 36 37 38 39 40 41 42 43 45 48 52 55 56 57 58 59 60 62 63 66 68 69 70 71 73 74
37 29 31 34 36 38 39 41 42 43 44 45 46 48 49 50 51 52 53 54 58 59 60 61 63 64 65 66 68 69 70 74 75
59 31 34 35 36 38 39 41 42 44 45 46 47 48 51 52 53 55 57 59 60 61 62 63 68 69 70 71 73 74 75
47 31 32 34 37 38 39 40 41 42 43 45 46 49 50 57 58 59 60 61 63 64 65 68 71 72 74 75
52 32 33 34 36 37 38 40 41 42 43 44 45 46 47 48 50 51 52 53 54 55 58 59 60 61 62 63 65 66 68 69 71 74 75
35 33 34 35 36 37 38 39 40 41 43 45 48 49 51 53 54 55 56 57 58 59 62 63 64 65 66 67 69 70 72 73 74 75
45 34 35 36 37 39 40 41 42 45 46 49 51 52 55 56 57 60 63 64 65 66 67 68 69 71 72 73 75
44 36 37 38 39 40 41 43 44 45 46 47 48 49 51 52 53 54 56 57 58 60 62 64 65 67 69 71 73 74 75
33 36 37 39 40 42 43 45 49 50 51 53 54 56 58 59 62 63 64 65 66 67 68 71 73 74 75
45 37 39 41 42 43 44 45 47 48 49 50 51 52 54 55 57 58 59 60 61 62 63 64 65 67 68 70 71 72 74 75
43 39 40 41 42 44 45 46 47 48 50 51 52 54 55 56 57 59 60 62 63 66 67 68 70 72 73 74
49 39 42 44 45 46 47 48 49 51 52 54 55 56 58 59 60 62 64 65 66 68 69 70 73
37 40 46 47 48 49 52 53 55 56 58 59 60 62 64 65 66 67 68 70 72 73 74
52 41 42 43 44 45 46 47 49 50 51 52 53 55 56 57 58 61 62 64 65 66 67 68 71 72 73 74 75
58 42 43 44 46 47 49 50 52 53 54 56 57 63 64 65 68 69 71 72 74 75
56 43 44 45 46 47 48 49 50 51 52 54 55 56 57 58 59 61 62 63 64 66 67 70 72 75
32 45 46 48 49 51 52 53 54 55 56 57 59 61 62 64 65 66 67 68 69 70 71 73 74
49 46 47 49 50 51 52 53 56 57 58 60 61 62 63 67 68 69 70 71 75
57 47 48 49 52 53 55 56 58 59 60 61 62 63 65 67 68 70 71 72 73
52 47 50 51 52 53 56 57 59 61 63 64 65 67 70 72 73 74 75
40 49 50 51 53 54 55 56 60 61 64 65 66 67 68 69 70 71 72
56 49 50 51 52 53 56 59 60 61 64 65 66 68 69 70 71 73 75
48 51 52 55 57 59 60 61 62 64 65 67 68 71 73 75
57 51 52 54 55 57 58 59 60 61 63 64 65 66 67 68 69 70 71 73 74 75
56 55 56 57 58 59 60 61 62 63 65 66 68 69 71 72 73 74
33 54 55 56 59 60 62 64 65 66 68 69 71 72 73
32 54 57 58 59 60 62 65 68 71 72 73 74 75
51 55 56 57 58 59 60 63 64 65 68 69 70 71 73 74
52 57 58 59 60 62 64 68 70 71 72 73 75
33 57 58 60 61 64 65 66 70 71 72 73
45 58 59 61 64 66 67 68 69 70 71 74 75
38 59 60 61 62 63 64 65 69 71 72 73 74 75
59 60 61 63 64 66 68 70 71 72 73 74 75
44 61 62 63 65 66 67 69 70 73 74
59 64 66 69 70 73 74 75
36 65 67 68 70 71 72 73 74 75
51 64 66 67 68 69 70 71 73 74 75
38 66 67 70 71 73 74 75
55 66 68 70 71 73 75
58 67 69 71 72 73
58 68 69 70 72 73 74
37 69 70 72 73 74
47 70 71 73 74 75
39 72 73 75
55 72 73 74 75
37 75
51 74
56 75
50
