50	10	200	1
0	14	4
0	18	7
0	10	3
0	18	4
0	9	5
0	8	2
0	20	4
0	15	7
0	20	6
0	10	8
48 2 3 4 5 6 8 9 11 16 17 18 19 20 21 22 23 24 25 26 28 31 33 36 37 38 39 40 41 42 43 44 45 46 47 48 49 50
57 5 6 8 10 11 13 14 15 16 17 18 20 21 22 24 25 26 27 28 31 32 35 36 37 39 40 42 43 45 46 49 50
42 4 5 6 7 9 10 11 12 15 16 19 21 23 24 27 28 29 30 32 33 34 35 36 37 38 40 42 43 44 47 48 49
59 5 6 7 8 9 10 11 12 14 15 16 17 18 19 21 22 23 25 26 27 28 30 31 32 33 34 35 36 38 39 40 42 43 45 46 47 48 49
59 6 8 9 11 13 14 15 17 20 21 24 25 28 30 31 35 36 37 39 41 42 44 47 49 50
50 7 8 9 10 11 14 16 17 18 19 21 22 25 27 28 29 31 32 34 35 38 39 40 43 45 47 48 49 50
51 10 11 12 14 17 18 19 20 21 22 26 27 28 29 30 32 34 35 38 39 40 41 42 43 45 47 48 49
46 9 11 14 15 17 18 20 21 22 23 24 25 26 27 30 32 34 35 36 37 38 39 40 41 42 43 44 45 46 48 50
42 10 11 12 13 14 16 18 23 24 25 28 31 34 35 36 39 40 41 44 46 48 49
44 12 13 14 15 16 18 20 21 24 26 29 30 31 32 34 35 36 37 38 40 41 42 43 45 47 49
57 12 13 14 18 19 20 22 23 24 25 26 27 29 30 32 33 34 35 36 39 42 44 45 46 47 48 49
46 16 18 19 20 21 22 24 25 26 27 29 30 31 32 33 34 36 37 38 39 40 41 43 44 46 47 50
41 16 17 18 19 20 21 22 23 24 25 26 28 29 32 33 34 35 37 38 40 42 44 45 46 47 49
41 15 16 17 18 19 20 21 22 23 24 25 26 28 29 31 33 34 35 36 37 38 39 41 42 43 44 45 46 47 48 50
57 16 19 21 22 23 24 25 26 27 28 29 30 31 32 37 38 39 41 43 44 45 46 47 50
50 17 19 20 22 23 25 26 27 28 29 30 31 32 34 35 38 39 40 42 43 44 45 48 49
44 18 19 21 23 24 25 26 28 29 30 31 33 34 35 38 40 41 42 43 45 46 47 49 50
49 19 20 21 23 24 26 27 28 30 31 33 37 39 40 41 42 43 44 45 46 47 48
44 20 21 22 25 26 27 28 31 32 33 35 36 37 38 39 41 44 45 46 47 49 50
57 21 22 24 25 27 28 30 31 32 33 36 37 39 40 41 43 44 45 46 48 49 50
43 22 23 24 25 26 27 29 30 31 32 35 37 38 42 43 44 45 47 48 50
57 23 24 26 27 29 31 33 34 35 37 38 39 42 45 46 47 48 49 50
43 25 27 28 29 31 33 34 36 41 42 43 44 45 46 47 49
56 25 26 27 28 30 33 34 35 36 37 38 40 41 43 44 45 46 47 48 49 50
58 27 28 31 32 33 36 37 38 39 40 43 44 45 47 48
53 27 28 29 30 31 32 34 35 37 38 40 41 43 44 45 46 47 48 50
49 28 29 30 31 32 34 35 37 39 43 44 45 46 50
50 30 31 32 33 34 35 37 38 40 41 42 43 48 50
60 30 31 32 33 34 36 37 40 41 42 43 44 45 47 48 49 50
51 31 32 33 34 35 36 37 38 39 40 41 42 43 44 45 46 47 49
57 32 33 36 37 39 40 41 42 43 44 46 47 48 49
54 33 34 36 39 40 41 42 44 45 47 48 49 50
50 35 36 37 38 39 40 41 44 45 46 47 48 50
43 36 37 38 39 40 41 42 43 46 47 49
42 36 37 38 39 40 43 45 46 47 48 49 50
42 38 39 40 41 45 48 49 50
55 40 42 43 44 45 46 47 48 49 50
44 39 40 41 42 43 44 45 46 47 48 49
48 40 41 42 43 47 48 49 50
54 41 45 47 48 49
50 43 45 46 47 48 49 50
46 44 45 46 48 49 50
46 45 46 47 48 49 50
44 45 48 49
60 46 47 48 50
47 47 48 50
57 49 50
49 49 50
52 50
48
