200	10	200	1
0	26	20
0	33	26
0	22	14
0	31	15
0	27	22
0	28	18
0	38	19
0	25	23
0	33	18
0	26	25
48 4 5 7 8 9 11 12 13 14 15 16 17 18 22 23 27 28 29 32 33 36 37 40 42 44 46 47 48 49 52 53 56 57 58 59 60 61 62 64 67 69 72 73 76 77 78 79 80 81 83 85 87 88 89 90 91 92 93 94 95 97 99 100 101 102 103 104 105 107 108 110 111 113 115 117 118 119 120 121 122 124 125 126 128 130 131 134 135 136 139 140 141 142 143 144 146 147 148 150 151 152 153 155 156 158 159 160 161 162 163 164 165 166 167 168 170 172 173 175 176 178 180 182 184 185 186 187 188 191 192 193 194 195 196 197 198 200
57 3 4 5 8 9 10 13 15 16 18 19 20 22 23 24 26 27 28 29 30 31 32 33 34 35 36 38 39 40 42 45 46 47 48 49 50 52 53 54 55 56 57 58 59 61 62 65 66 69 70 71 72 73 74 75 77 78 79 80 81 82 83 84 85 86 87 89 90 91 93 95 96 97 98 100 101 102 107 108 109 110 112 114 115 117 118 119 120 121 123 126 128 130 131 132 133 134 136 137 139 140 141 142 143 145 146 148 149 150 151 152 153 154 156 157 158 159 160 161 162 163 164 165 166 167 169 170 171 172 173 176 177 178 179 180 181 183 184 185 186 187 188 189 190 192 196 197 199
42 4 5 6 8 10 11 12 14 15 16 17 18 19 21 22 23 25 27 28 29 30 33 34 35 37 38 41 43 44 45 46 47 48 51 54 55 56 57 59 60 61 63 64 65 66 67 68 70 71 72 74 75 76 77 78 79 80 81 82 83 85 86 88 89 91 93 94 95 96 97 100 101 102 103 104 105 107 108 109 111 112 115 117 119 120 121 122 123 125 126 127 128 129 131 133 134 135 137 138 139 141 142 143 144 145 146 147 148 149 150 152 156 157 159 160 161 162 163 166 167 168 169 170 171 173 175 176 180 181 182 183 184 185 186 187 189 191 192 193 194 195 198 199 200
59 5 6 9 10 11 13 15 16 17 18 22 24 25 26 27 28 29 31 32 33 34 35 36 37 38 39 41 42 44 45 47 48 49 50 51 53 54 55 56 57 58 59 60 61 62 63 64 65 66 67 68 69 72 73 75 76 77 78 79 80 81 83 87 89 90 92 93 95 96 98 99 100 101 103 104 105 106 107 108 109 110 112 113 114 116 121 122 123 124 126 130 131 132 133 134 135 136 137 138 139 140 142 144 145 146 147 150 151 153 156 157 160 164 165 167 169 170 172 173 175 178 179 180 182 183 184 186 187 188 189 190 191 192 193 197 200
59 7 8 9 11 13 14 15 16 17 18 20 21 22 24 25 26 27 28 29 32 33 34 35 39 41 42 43 44 45 46 47 48 50 54 57 59 61 62 64 65 66 67 68 70 72 73 74 77 78 79 81 83 85 86 87 88 89 90 91 92 93 94 95 96 99 102 103 104 105 106 108 109 110 111 113 114 115 116 117 118 120 121 122 123 125 126 127 128 132 133 134 135 136 137 138 140 141 143 144 145 146 149 152 155 156 157 159 161 162 163 164 165 166 170 174 176 177 178 179 180 181 183 186 187 188 190 191 193 194 196 198 199 200
46 8 9 10 11 12 13 14 18 20 21 22 23 24 25 26 27 28 31 32 33 34 36 37 38 39 41 43 44 48 49 51 53 54 56 57 58 59 60 61 63 64 65 66 68 69 70 71 72 73 74 75 77 78 79 80 81 83 85 87 88 89 90 92 93 95 96 97 99 100 102 103 104 106 107 108 109 110 111 112 113 114 115 116 117 118 120 121 123 125 126 128 129 132 134 136 137 138 139 141 142 143 145 146 147 148 152 153 154 155 156 157 158 159 160 162 164 165 166 168 170 171 172 174 176 178 179 180 181 182 183 184 186 187 188 191 193 195 196 198 200
40 8 9 10 11 12 15 16 17 19 21 22 24 28 29 33 34 35 39 40 41 42 43 45 46 50 51 52 53 54 55 56 57 59 60 61 62 63 65 66 69 71 73 74 75 77 78 79 81 82 83 84 87 89 90 92 93 94 95 96 97 99 100 102 104 105 106 107 110 111 114 115 116 117 118 119 121 122 123 125 126 127 131 132 134 135 136 137 138 141 142 143 144 146 147 148 149 150 151 154 156 157 159 161 162 164 166 167 168 169 171 172 173 175 178 180 183 184 187 189 190 191 192 194 197 198 199 200
56 15 17 22 23 25 28 30 31 32 33 34 35 37 40 41 42 44 45 46 48 50 52 53 54 58 59 61 62 63 64 65 67 72 73 75 77 78 80 81 82 83 84 85 86 87 88 89 90 91 93 94 95 96 97 99 100 101 102 104 105 107 109 110 111 112 113 117 119 121 124 126 128 129 130 131 132 134 135 138 139 141 142 143 144 148 149 152 153 154 155 156 157 159 160 162 163 166 168 169 170 171 172 173 174 175 177 178 179 180 181 182 183 184 185 187 188 190 193 194 195 196 197 198 199 200
45 10 11 12 14 15 16 17 18 19 21 22 24 26 29 30 31 34 35 36 37 38 39 41 42 43 44 46 48 49 50 51 53 55 56 57 60 61 62 63 65 67 70 71 72 73 74 75 77 80 81 82 83 85 86 87 88 91 92 96 97 98 99 100 101 102 103 104 105 106 109 110 111 112 113 114 115 117 119 123 124 128 131 132 134 135 139 140 141 142 143 144 145 147 148 150 151 152 153 154 155 157 159 160 161 162 163 164 166 167 168 170 171 173 174 176 177 178 179 180 181 184 185 186 187 188 189 191 192 193 194 198 200
55 11 12 14 17 19 20 25 26 27 28 29 30 32 33 34 35 36 37 38 39 40 41 42 43 44 45 46 49 52 54 56 57 58 59 61 63 65 66 69 70 72 74 76 77 79 80 81 83 84 85 86 87 89 91 92 95 98 100 101 103 104 105 106 113 116 117 118 120 122 123 124 125 127 128 129 131 132 134 136 139 141 142 144 147 149 150 151 152 153 154 155 156 157 158 159 160 161 164 166 167 168 169 175 176 177 178 180 182 183 185 186 188 190 191 192 193 194 196 197 198 199 200
52 12 13 15 18 19 22 23 24 26 27 29 31 34 35 36 37 38 39 41 44 45 46 47 48 49 50 51 52 57 59 60 61 62 63 66 68 69 70 71 72 73 74 75 77 79 80 81 82 83 86 89 91 92 94 97 99 100 101 102 103 104 105 106 108 110 111 112 113 116 119 120 121 122 123 124 125 126 129 130 131 132 133 134 135 136 137 138 139 140 141 142 144 145 146 148 149 150 153 154 155 156 157 158 159 160 161 163 164 165 166 167 168 169 171 172 173 174 175 177 179 180 181 183 184 185 186 187 188 190 191 193 196 198 199
45 13 15 16 18 19 20 21 23 24 25 26 28 29 34 35 36 37 39 40 41 42 45 46 47 48 49 50 52 53 54 56 58 62 63 65 66 68 70 72 73 74 75 76 77 78 79 80 81 84 85 86 87 89 90 91 92 93 94 95 96 97 98 99 103 104 105 107 108 109 110 111 116 117 118 120 122 123 127 128 130 133 134 138 139 140 141 142 144 145 146 149 150 151 152 155 156 157 158 159 160 163 165 166 167 168 169 172 173 175 177 178 179 180 182 185 186 187 188 189 191 192 193 194 196 198 199 200
55 14 15 16 17 18 19 21 22 23 24 25 26 27 30 32 33 35 36 37 38 40 41 42 43 44 45 46 47 48 51 52 53 54 55 58 60 61 62 63 64 65 66 67 68 69 71 72 74 75 76 77 79 80 81 83 84 85 86 87 89 91 92 95 96 97 99 100 103 104 106 107 108 109 110 111 113 114 116 117 119 120 121 122 123 124 126 127 129 130 132 133 134 136 137 138 139 141 142 144 145 147 148 149 150 151 152 153 154 155 156 157 160 161 162 163 164 165 166 167 168 169 170 171 172 173 174 175 176 177 178 179 180 183 185 186 188 190 191 192 195 196 197 199 200
52 15 16 17 18 20 21 22 24 25 26 27 30 32 33 34 36 37 40 42 43 44 45 47 48 49 50 51 52 53 54 55 56 57 59 60 61 62 63 64 66 68 72 73 74 75 76 77 78 79 81 82 85 86 87 88 89 90 91 94 95 96 98 99 100 101 102 104 105 106 107 108 113 114 116 117 118 119 121 123 124 128 132 134 136 139 141 144 145 146 147 148 151 152 153 154 156 157 158 159 160 161 164 166 167 168 169 171 173 174 177 178 179 180 181 182 183 184 185 186 189 192 193 195 196 197 198 199 200
46 16 19 20 22 23 24 26 27 28 32 33 34 36 37 38 40 42 43 44 45 46 47 48 49 50 52 53 55 56 59 60 63 64 65 66 69 70 71 72 75 78 79 81 85 86 87 88 89 90 91 92 93 95 97 98 100 101 102 105 106 107 110 111 112 113 115 116 117 119 121 122 125 126 127 129 130 131 132 135 136 137 138 139 140 141 142 143 144 145 146 147 148 149 150 151 154 157 158 160 161 163 164 165 166 167 168 169 170 171 173 175 176 178 179 180 182 183 185 186 188 189 190 194 195 196 198
40 17 18 21 22 24 25 27 28 30 31 32 33 35 36 37 38 39 40 41 42 43 45 46 47 48 49 51 52 54 55 56 57 59 60 61 62 64 66 67 69 71 73 76 78 79 81 83 84 85 86 87 88 90 91 92 93 97 98 99 100 101 102 103 104 105 106 107 110 112 114 116 117 118 119 120 121 122 123 124 126 128 129 130 131 132 135 138 139 140 142 143 144 147 148 149 150 151 152 153 157 158 159 160 161 162 164 166 167 168 170 171 172 173 174 175 176 177 178 179 180 181 183 188 189 191 192 193 195 196 197 198 199 200
41 18 19 20 21 22 24 25 26 27 29 30 31 32 33 34 35 36 39 40 41 42 44 45 46 49 51 52 55 56 57 58 60 61 62 63 64 65 67 68 69 70 71 73 74 75 76 77 79 80 81 82 83 84 85 87 88 89 92 93 95 96 97 98 99 100 101 102 103 104 105 106 107 108 109 110 113 114 115 116 118 121 122 125 126 127 129 130 131 132 133 139 146 148 149 150 151 152 155 156 157 158 160 161 162 163 164 168 169 170 171 172 173 174 175 177 178 179 180 181 182 183 184 185 187 188 189 190 191 192 193 194 195 196 197 198 200
46 19 20 21 23 24 25 27 28 29 31 33 34 36 37 39 41 42 43 45 46 47 48 51 52 54 56 57 58 59 63 65 66 67 68 70 71 73 74 76 78 79 80 81 82 83 84 85 86 87 88 89 90 91 92 93 95 97 98 100 103 105 106 107 109 110 111 113 117 118 119 121 122 123 125 126 128 130 131 133 134 136 137 139 141 142 144 146 148 149 150 152 153 156 161 162 164 165 167 168 169 170 171 172 174 175 176 177 178 181 182 183 185 186 187 188 192 193 194 195 196 197 198 199 200
44 20 21 22 24 25 26 27 28 29 32 33 34 37 38 39 40 43 45 47 48 49 52 55 56 57 58 59 60 61 62 63 65 66 67 68 70 71 72 74 75 76 77 78 79 81 82 83 84 86 88 89 90 91 93 94 96 97 99 100 101 102 103 104 105 106 108 109 110 111 113 114 116 121 122 123 124 125 128 129 130 132 134 135 138 139 140 142 143 144 148 149 150 151 154 155 156 159 160 161 162 163 164 167 169 170 172 173 175 176 179 180 181 182 184 185 186 187 188 189 192 193 195 196 198 200
41 22 23 24 25 26 27 28 29 31 33 35 36 39 40 41 42 43 46 47 48 49 51 52 53 54 56 57 58 59 60 62 63 64 65 69 70 71 73 74 75 76 77 78 81 82 84 87 88 89 90 91 92 95 96 99 100 102 104 105 107 108 109 111 112 113 115 116 117 119 120 121 122 123 125 126 127 128 129 130 131 133 134 135 136 137 139 140 142 143 146 148 149 150 151 152 154 155 156 158 160 162 164 165 166 168 170 174 175 176 178 179 180 181 182 184 186 188 189 191 192 193 196 197 198 199 200
59 22 23 24 25 26 27 28 29 30 33 35 37 38 39 41 42 43 45 48 51 52 53 54 55 56 57 58 60 61 62 63 64 65 66 71 72 73 75 76 77 78 79 82 83 85 86 88 89 90 91 92 93 94 95 96 97 99 101 102 103 106 107 108 111 112 113 114 115 116 118 119 120 123 124 126 128 131 133 134 135 137 139 140 141 142 143 144 145 146 147 148 149 150 153 154 155 156 158 159 160 162 163 164 165 167 170 171 172 173 174 175 176 177 178 179 180 181 182 183 184 185 186 187 189 190 191 192 193 195 196 197 198 199 200
50 23 25 28 29 30 31 32 33 35 36 37 38 39 42 43 44 45 46 47 48 49 50 52 54 55 56 58 59 60 63 64 65 66 68 69 70 72 75 76 77 80 81 82 83 85 86 88 89 93 94 95 97 98 99 103 104 105 108 109 110 111 113 115 117 119 122 123 124 125 127 128 129 130 131 132 133 134 136 137 139 140 141 142 143 146 147 148 151 152 154 156 157 158 163 164 166 167 168 169 170 171 172 173 175 177 178 179 181 182 183 185 187 188 190 191 193 195 197 199
51 26 27 28 29 30 31 32 33 35 38 39 40 41 42 43 46 47 48 49 50 51 53 55 56 59 60 61 63 64 65 66 68 69 71 72 73 74 76 79 80 81 83 84 85 87 90 91 92 93 94 95 98 101 102 103 105 106 108 109 112 113 114 115 119 120 121 124 128 129 130 131 132 133 135 136 137 138 139 140 141 144 145 146 147 148 150 152 154 155 156 157 158 159 160 161 162 163 165 166 167 168 170 172 173 176 177 178 181 185 187 189 190 193 194 195 196 199 200
46 25 27 28 30 31 32 35 37 38 39 40 41 43 44 46 47 48 50 52 53 55 56 57 58 59 60 61 62 64 65 66 68 69 70 71 72 73 74 75 76 77 78 80 83 87 88 89 93 94 95 97 98 100 103 104 105 106 107 108 110 111 112 113 114 115 116 118 119 120 121 122 123 125 126 128 129 130 131 132 133 134 137 140 141 142 143 144 145 146 147 148 149 150 151 152 153 156 157 158 159 160 162 163 165 166 168 169 172 173 174 176 178 179 180 183 184 185 187 188 189 190 191 193 194 195 196 198 199 200
42 26 27 28 29 30 31 32 33 35 36 38 40 42 43 44 46 47 48 49 50 52 53 54 56 57 58 59 61 63 64 65 66 67 68 69 70 71 72 73 74 75 76 78 80 82 84 85 89 90 92 93 94 95 97 98 99 102 103 104 105 106 107 109 111 112 113 115 117 118 119 120 121 122 125 126 129 130 132 133 136 137 138 139 140 142 144 145 146 147 149 150 151 152 153 154 155 157 161 163 164 165 166 168 171 172 173 174 175 176 178 179 180 182 184 186 187 188 189 191 192 193 194 195 196 197 199 200
44 27 30 31 34 35 36 37 38 41 42 43 44 45 46 48 52 53 54 55 56 58 61 63 65 67 68 69 70 71 72 73 74 75 78 79 80 82 83 84 86 89 91 92 94 95 96 98 99 101 103 104 105 106 107 108 109 110 111 112 113 114 117 120 122 123 124 126 127 128 129 130 131 132 133 134 135 137 138 139 140 142 147 150 154 156 157 158 159 160 161 163 166 168 169 171 172 174 176 177 178 179 181 182 183 184 188 189 192 193 194 195 196 197 199 200
57 28 29 33 34 35 36 37 38 39 40 41 42 43 44 45 46 47 48 49 50 51 52 53 55 58 59 60 61 62 63 64 65 67 68 70 71 72 73 74 75 76 77 78 79 80 83 84 85 86 87 88 89 92 93 94 95 98 99 100 103 105 106 107 109 110 111 112 113 114 115 119 120 122 123 124 125 126 128 130 131 132 133 134 135 136 137 138 140 141 142 143 144 145 146 147 148 150 152 153 156 158 160 161 162 163 165 166 168 169 170 171 173 175 176 177 178 179 180 181 182 184 185 186 187 188 190 191 192 193 194 195 197 198 199 200
55 29 30 32 34 36 38 40 41 42 43 45 46 48 49 50 51 52 54 55 56 58 59 61 62 64 65 69 70 72 73 74 75 77 79 80 81 83 84 86 87 88 89 91 92 94 95 96 100 101 102 103 104 105 106 107 108 111 114 115 117 118 121 122 123 125 126 127 128 130 131 132 133 134 135 136 138 139 141 142 143 146 147 148 149 151 152 154 155 157 158 159 164 165 168 170 171 174 175 176 178 181 182 183 184 185 186 187 188 189 191 194 199 200
44 31 32 33 35 36 39 41 42 43 44 45 48 49 50 51 52 55 57 59 61 62 63 64 65 66 67 68 69 70 71 72 73 74 75 76 77 78 79 80 82 86 88 90 92 96 98 100 101 102 103 104 105 106 107 108 109 110 111 112 113 114 115 116 117 118 119 120 121 122 123 124 125 126 127 128 129 130 133 134 135 136 138 141 142 144 146 147 148 149 150 152 154 155 156 159 160 162 163 164 165 166 167 171 172 173 174 175 176 177 180 181 183 184 188 192 193 194 197 199 200
40 32 33 34 36 38 39 40 42 44 47 48 49 50 51 54 55 57 59 61 62 64 65 66 69 71 72 74 75 76 80 81 84 85 86 87 89 93 94 95 96 97 99 100 102 105 108 111 112 114 115 116 118 119 120 121 122 125 126 127 128 129 132 133 134 135 136 137 138 140 141 142 143 144 145 146 149 150 155 156 157 158 160 163 164 166 167 169 170 171 173 175 179 180 181 183 186 187 189 190 191 192 193 194 195 196 198 199 200
60 32 33 34 36 38 39 40 41 42 43 45 46 47 48 49 50 51 53 54 55 56 57 58 62 63 64 68 69 70 71 72 73 76 77 78 79 80 81 86 87 89 90 91 92 94 95 96 97 99 100 101 103 107 110 111 112 113 115 116 117 118 119 120 121 123 124 125 127 128 129 130 131 132 135 139 140 142 143 144 145 146 149 150 152 153 154 156 157 158 159 160 161 162 163 164 166 167 168 170 173 174 175 176 178 180 182 183 184 185 187 188 189 190 192 194 195 196 198 199 200
59 33 34 35 36 37 38 42 43 44 46 48 49 50 51 52 53 58 59 60 61 63 65 67 68 69 70 73 76 77 78 79 80 82 83 85 86 87 88 89 91 94 95 96 97 99 100 102 105 106 109 110 111 112 113 114 116 117 119 121 123 124 125 126 128 129 132 133 134 136 137 139 140 141 142 143 144 146 147 148 149 150 151 152 154 156 158 159 161 162 163 165 167 168 170 171 172 173 174 175 177 178 179 181 182 183 184 186 187 189 190 191 192 193 194 195 196 198 199 200
40 35 36 37 38 40 41 43 44 45 46 47 48 49 50 52 53 54 55 56 59 60 61 62 63 64 67 68 69 70 73 74 75 77 78 79 80 81 82 83 85 86 87 90 91 93 94 95 97 99 103 104 106 107 109 111 112 114 115 117 118 119 120 121 122 124 125 127 129 130 135 137 140 142 143 144 145 146 147 148 150 152 153 156 157 159 161 162 165 166 167 169 170 171 172 173 174 175 176 177 178 179 182 185 187 188 189 192 195 197 198 199 200
44 35 36 38 39 40 41 42 43 44 45 46 47 48 49 50 51 52 54 57 59 60 64 65 67 68 71 74 75 76 78 81 82 83 84 85 86 88 89 91 94 97 98 99 102 105 106 107 109 112 113 114 115 116 117 118 119 120 123 124 125 126 127 129 131 132 133 134 137 138 139 140 142 143 144 145 146 148 151 152 153 156 157 158 160 161 162 163 164 165 166 167 168 169 170 171 172 173 176 177 178 179 181 182 184 186 187 188 189 191 192 194 196 197 198 199 200
46 36 37 38 39 40 41 42 43 44 45 46 50 51 52 53 55 56 57 58 60 61 62 63 68 69 71 74 75 76 78 79 80 82 83 84 86 87 89 90 91 92 93 94 95 100 103 105 106 107 108 110 111 112 113 114 115 117 118 123 124 125 127 128 129 130 131 132 133 134 136 137 138 139 140 141 142 143 144 145 149 150 151 153 154 155 156 158 159 160 161 164 166 167 168 171 172 174 177 178 180 181 182 183 184 186 187 190 191 192 193 194 195 196 197 198 199 200
59 37 39 40 41 42 43 45 46 47 49 50 51 52 54 56 57 59 60 61 63 64 65 68 69 71 73 74 76 77 78 79 80 81 82 85 86 87 89 91 92 93 99 100 101 102 104 108 109 110 112 113 114 115 116 117 118 119 120 121 122 123 124 125 127 128 129 130 131 132 133 137 139 140 141 142 143 144 146 147 148 149 151 153 154 155 156 157 159 161 162 163 164 165 166 167 168 169 170 172 173 176 177 178 179 180 181 183 185 189 191 192 194 195 196 199
55 39 41 42 43 45 46 47 48 49 50 54 55 58 61 62 63 65 67 68 69 70 71 72 73 74 76 77 79 81 82 84 85 86 88 90 91 92 94 97 98 100 101 104 105 106 107 108 109 110 111 113 114 115 116 117 118 119 120 121 122 123 125 126 127 128 129 130 131 135 136 138 139 142 143 144 145 146 147 148 149 152 154 155 156 157 158 159 160 162 163 165 166 167 168 169 170 171 173 174 176 177 179 181 183 184 186 189 190 191 194 195 198 199 200
40 39 40 41 43 45 46 47 48 49 50 51 52 53 55 57 58 59 60 61 62 64 65 66 68 69 70 71 73 74 76 77 78 79 80 81 83 85 86 88 89 93 95 96 97 99 101 102 107 108 109 112 113 114 115 116 118 119 120 122 124 125 126 127 128 130 131 132 133 135 137 142 143 144 145 147 149 151 152 153 154 155 156 157 161 162 163 164 165 166 168 169 170 172 173 175 176 177 178 179 182 183 185 187 190 192 193 194 195 197 200
48 40 41 44 45 46 47 48 50 51 52 53 55 56 58 59 61 62 63 64 66 68 70 71 72 73 74 75 76 77 79 81 84 86 87 88 89 90 91 92 93 94 96 97 98 99 100 103 104 105 106 107 108 109 110 113 114 115 116 117 118 119 120 122 123 124 125 127 128 129 130 131 132 133 134 136 137 138 139 140 141 144 145 146 147 148 150 152 153 155 156 157 158 159 162 164 165 167 169 170 172 173 174 176 177 178 179 180 182 183 184 185 186 187 188 190 192 193 194 195 196 198 199
55 41 42 43 44 46 49 50 52 53 54 55 56 57 59 60 61 62 63 65 66 68 69 71 72 73 74 76 78 79 81 82 83 84 85 87 88 90 91 92 93 94 96 98 101 103 104 105 106 108 110 111 112 113 115 117 119 121 123 124 125 126 127 128 129 130 131 134 135 136 138 140 141 143 144 147 152 153 155 156 159 160 161 163 164 165 166 167 169 177 179 180 182 183 184 186 187 188 189 190 191 192 193 197 200
57 43 46 47 48 51 52 53 54 55 56 57 58 64 65 68 70 71 76 78 79 80 82 83 87 88 89 90 92 94 96 97 98 99 100 101 102 103 105 106 108 111 112 113 115 116 117 118 119 120 122 123 124 125 126 127 128 129 130 131 133 134 135 136 137 138 139 140 141 145 146 147 148 149 150 151 152 153 154 155 156 157 158 159 160 162 165 168 169 170 173 174 175 176 177 178 179 184 186 187 188 189 191 192 195 196 197 198 199 200
55 43 44 46 47 48 49 50 51 52 53 55 57 58 61 62 63 65 66 67 69 70 72 73 74 76 77 79 80 81 83 84 86 89 91 92 93 95 97 99 100 102 104 105 107 108 109 113 114 115 116 117 118 119 121 122 123 125 126 127 129 131 132 134 135 137 138 139 140 141 142 143 144 145 146 148 149 151 152 155 156 158 159 160 161 164 165 166 167 168 169 171 173 174 176 178 179 180 181 182 183 185 188 189 191 193 195 198 199
55 44 45 47 49 50 51 52 54 56 57 58 59 60 62 63 64 66 67 68 71 73 74 75 76 77 78 81 82 84 85 86 90 91 93 95 96 97 98 99 101 102 103 104 107 111 112 114 115 116 117 118 119 121 123 124 125 126 127 129 130 131 132 134 136 137 138 139 141 143 144 145 147 148 149 151 152 154 155 157 160 161 162 163 167 168 171 172 173 174 176 179 180 181 182 183 184 185 187 188 189 190 191 194 195 196 197 199 200
42 46 47 48 51 52 54 55 60 62 63 64 65 66 67 69 70 71 73 74 76 77 78 81 82 84 85 86 88 89 90 91 93 94 95 96 97 98 99 100 101 102 104 105 106 107 109 110 112 113 114 117 118 119 123 125 126 127 128 129 130 131 132 133 134 135 136 137 138 139 140 141 142 144 145 146 147 148 149 152 154 155 156 158 159 160 164 165 167 168 169 171 174 175 176 178 181 183 184 188 190 191 193 194 196 197 199 200
46 46 49 50 52 53 54 55 56 57 58 59 60 61 62 63 64 67 68 69 72 73 74 75 77 78 79 81 82 83 85 87 88 89 90 91 92 94 95 97 98 99 101 102 103 105 107 108 110 112 113 115 116 117 119 120 121 122 123 124 125 126 127 129 130 131 133 134 135 136 138 139 140 143 145 146 147 148 149 150 151 152 153 154 156 157 158 160 162 164 165 167 168 170 173 174 175 176 179 182 183 185 187 188 189 190 191 192 193 194 196 197 198 199 200
52 47 48 49 50 52 53 54 55 56 57 58 59 60 61 62 64 66 71 74 77 78 80 81 82 83 84 85 86 87 88 89 90 91 92 93 94 97 98 99 101 102 103 106 107 108 109 110 111 113 114 115 118 119 120 121 122 123 124 125 126 127 128 130 131 132 133 134 135 136 137 140 141 142 144 145 146 147 148 149 151 153 155 156 158 159 161 162 163 164 165 166 168 169 170 172 174 175 178 179 180 181 182 183 184 185 186 189 192 193 194 195 196 197 198 199
46 48 49 50 51 52 53 56 57 58 59 61 63 64 65 66 67 68 69 70 71 74 75 76 78 79 80 83 85 86 87 88 91 92 93 94 95 97 98 99 100 102 103 104 106 107 109 111 112 113 115 117 119 120 121 122 123 124 125 126 127 128 130 133 134 135 136 139 141 142 143 145 146 147 151 153 156 157 158 159 160 161 163 164 170 171 172 175 176 177 178 179 181 183 185 187 188 190 193 194 195 197 198 199 200
41 50 52 55 56 57 59 60 61 62 63 64 65 66 68 69 75 76 77 78 80 82 83 84 86 88 89 90 91 92 93 97 98 99 100 101 102 103 104 106 107 109 111 112 113 114 115 116 117 118 119 120 121 122 123 127 128 129 130 131 132 133 135 137 138 139 140 141 142 143 145 147 148 149 150 151 152 153 155 156 159 160 161 162 163 165 166 171 173 174 177 179 180 182 183 185 186 187 190 191 192 196 197 198 199 200
41 50 52 53 55 58 60 62 63 64 65 66 67 69 70 71 73 74 75 76 79 80 81 82 83 84 85 87 89 92 93 94 96 97 98 99 100 101 102 103 105 106 107 108 111 112 113 114 115 116 117 118 119 120 122 123 124 125 126 128 130 131 132 134 138 140 141 143 144 145 147 149 150 152 153 156 158 159 160 163 164 165 166 170 172 173 175 176 177 178 179 180 182 183 187 188 190 192 193 195 197 199 200
50 51 52 54 55 56 57 58 59 60 61 63 64 65 66 67 68 69 71 75 76 77 79 80 81 82 85 86 89 91 92 93 94 96 97 101 102 104 109 110 112 113 114 115 116 117 118 119 120 123 124 125 126 127 128 129 130 131 133 135 138 139 140 141 143 144 145 146 148 150 151 153 154 156 159 161 162 163 164 166 168 170 171 172 173 175 176 177 179 180 181 182 184 186 188 189 190 191 193 194 196 197 198 199 200
43 52 53 55 56 58 59 60 61 62 64 65 66 67 68 71 72 73 74 75 76 78 79 81 82 83 86 87 88 89 90 91 92 93 96 98 99 100 101 102 103 107 108 109 111 112 113 115 117 118 119 121 122 123 124 126 127 128 132 133 134 135 137 139 143 144 145 146 148 149 150 151 154 157 160 161 164 166 168 170 171 172 173 175 176 177 181 184 185 190 192 193 194 195 196 197 198 199 200
46 53 55 56 58 59 60 61 62 63 64 65 66 67 69 70 71 73 75 77 78 81 82 84 85 86 88 89 90 91 92 95 96 98 99 100 101 102 103 104 105 106 107 108 111 112 113 114 115 116 117 119 121 122 126 127 130 131 132 134 135 136 137 138 139 142 144 145 147 148 149 151 152 155 156 157 158 160 161 162 163 164 165 166 168 169 170 171 173 174 175 176 177 178 179 180 181 183 185 186 187 189 190 191 194 195 196 198 200
50 54 55 56 57 58 60 62 63 64 65 66 69 70 73 75 77 78 79 80 82 83 84 85 89 90 92 93 94 95 97 99 100 101 104 106 107 109 111 115 116 118 119 120 122 123 125 126 127 128 129 131 132 134 135 136 137 138 139 140 141 142 144 145 146 147 148 149 150 151 152 153 154 155 156 158 160 161 162 164 165 166 167 169 170 171 172 173 174 175 176 177 180 181 182 184 187 189 190 191 192 193 194 196 197 198 199
47 55 56 57 58 60 61 63 65 68 69 70 71 72 73 75 77 78 79 80 84 85 86 87 88 89 90 91 93 96 97 98 99 100 101 103 104 105 106 107 108 109 112 114 116 117 118 120 122 123 124 125 126 129 130 132 134 135 136 137 138 139 141 142 145 146 148 149 150 151 153 156 157 158 159 160 161 162 163 165 166 167 168 170 172 173 175 176 177 179 180 182 183 184 187 188 189 190 191 192 193 194 195 196 197
60 56 58 59 60 61 62 64 65 67 70 71 72 73 74 76 77 78 79 81 82 83 84 85 86 89 90 92 93 95 96 97 99 103 105 107 108 109 110 117 118 122 123 126 128 129 130 131 132 133 134 135 136 137 138 139 140 142 144 145 147 149 150 151 152 153 154 155 158 159 160 161 162 163 164 165 166 167 168 169 170 171 173 175 176 177 179 180 181 183 184 185 187 188 189 190 192 193 196 197 199 200
48 58 59 60 61 62 63 68 69 70 71 72 73 74 75 76 77 78 79 80 81 82 83 84 86 87 88 89 93 94 95 96 98 99 101 102 103 105 107 108 109 111 114 115 116 117 118 119 120 121 122 123 124 126 128 129 130 131 132 133 134 136 138 141 142 145 146 147 149 150 152 153 154 155 157 158 160 161 163 164 165 166 167 169 171 173 174 175 177 178 179 180 182 183 184 187 188 189 190 191 194 195 196 198 199
48 58 60 61 62 63 64 65 66 67 69 70 71 72 74 77 78 79 82 83 84 86 87 88 91 94 95 96 97 98 100 101 102 103 104 105 106 107 108 109 111 112 114 115 118 120 121 124 125 126 127 128 129 131 132 133 135 136 137 140 141 143 144 145 146 147 148 149 150 151 152 153 154 155 156 158 159 160 161 162 163 165 166 167 169 170 174 175 177 178 179 181 182 183 184 186 187 188 189 191 192 197 198
58 60 61 63 64 66 67 68 69 70 72 73 74 76 77 82 84 86 88 91 94 95 96 97 98 100 103 105 106 107 111 112 114 116 117 119 120 121 122 123 124 126 127 128 129 130 133 134 136 137 138 139 140 144 145 146 148 150 152 153 154 155 157 159 160 161 163 164 165 167 169 170 171 172 173 175 178 179 180 182 185 186 187 189 191 192 196 197 198 199 200
49 60 62 63 64 66 68 69 70 71 72 73 74 75 77 78 79 81 82 85 88 89 91 93 94 95 97 98 99 100 101 102 104 105 106 107 108 109 111 112 116 117 118 119 120 121 122 123 124 125 127 129 130 131 132 133 134 135 136 138 139 140 141 144 145 146 148 149 150 151 152 155 156 158 159 161 162 163 164 166 167 168 169 173 174 177 178 179 180 181 182 183 184 185 187 188 189 190 191 193 198 199 200
45 61 62 63 64 66 67 69 70 71 72 73 79 82 83 84 86 87 89 90 91 93 94 96 98 100 102 104 105 106 107 108 109 110 111 112 114 117 118 120 122 126 127 128 129 130 131 132 134 135 136 137 139 140 141 142 143 144 146 149 150 153 155 156 157 158 159 161 162 163 166 167 171 172 173 176 178 179 180 182 183 184 187 188 189 192 193 194 195 196 197 198
57 63 64 65 67 68 69 70 71 72 73 74 75 76 77 78 79 80 82 83 84 85 87 88 89 91 93 94 95 97 99 101 102 104 105 106 107 109 110 111 112 114 115 117 118 119 121 123 124 125 129 130 131 135 137 139 140 141 142 143 144 147 148 150 151 152 153 154 156 159 160 161 162 163 165 166 167 168 169 170 171 172 173 176 177 179 181 182 183 184 186 187 191 192 194 199
50 63 64 65 66 67 68 69 70 71 72 73 74 75 76 77 78 79 80 81 82 85 86 87 88 91 92 93 94 95 96 97 98 99 101 102 103 109 110 111 112 113 115 117 118 119 120 122 123 124 125 126 127 128 129 130 132 133 135 136 137 138 141 142 143 144 147 148 149 150 154 155 156 158 159 160 161 162 163 165 166 167 168 172 174 176 178 179 183 184 185 187 188 189 190 191 193 195 196 197 199 200
44 64 65 66 68 70 71 72 73 75 77 78 79 81 83 85 86 88 89 90 91 92 93 95 96 97 98 101 102 103 104 105 106 108 109 111 112 114 116 119 120 122 123 124 125 127 128 129 131 132 134 135 136 137 138 139 140 141 143 144 145 146 148 149 151 152 155 156 157 158 159 160 161 162 163 164 165 167 169 171 172 173 174 178 179 180 182 183 184 186 187 188 191 192 194 195 196 198 200
49 66 67 70 72 73 74 75 76 79 80 81 83 85 86 88 89 90 92 93 95 97 98 99 100 101 103 104 105 106 107 109 110 111 112 114 115 116 117 118 119 120 121 123 124 125 127 130 132 136 138 139 140 141 142 144 145 146 147 148 149 150 153 157 158 161 162 163 164 167 170 171 172 173 174 175 176 177 181 183 184 186 187 189 190 192 194 195 196 198 200
46 66 67 68 70 71 72 75 77 78 79 82 85 86 87 89 90 92 93 95 96 99 101 102 103 104 106 109 110 111 112 115 116 119 120 121 122 125 126 127 128 129 130 133 134 135 136 138 139 140 141 142 143 144 146 148 149 150 151 152 153 156 157 158 160 161 162 163 164 165 166 167 168 170 172 175 176 177 178 180 183 184 185 186 187 188 189 190 193 194 195 196 197 198 200
40 68 69 70 71 72 73 74 77 78 79 80 81 82 84 85 86 88 89 91 92 94 95 96 98 99 101 102 103 104 109 112 113 115 116 117 118 119 120 121 122 123 124 125 126 127 128 130 131 133 134 136 138 139 143 144 145 147 148 151 152 153 154 155 156 157 159 160 162 163 164 165 166 168 169 170 171 173 174 175 177 178 180 181 182 184 185 187 188 189 190 192 193 194 196 198 199 200
51 68 69 71 72 74 75 77 80 81 83 85 86 87 90 91 92 93 94 96 97 99 100 101 102 103 105 106 107 108 109 112 113 114 115 116 117 118 119 121 122 123 124 126 127 128 129 130 131 132 133 136 138 139 143 144 145 146 147 148 151 152 153 154 155 156 157 158 159 160 161 162 163 165 166 167 168 172 174 175 177 179 180 181 183 184 186 188 190 191 192 193 194 195 197 199 200
41 70 71 72 73 74 75 76 77 78 80 81 82 83 84 85 86 87 88 89 91 92 95 96 100 102 103 107 108 110 113 114 115 116 121 122 123 124 125 126 128 130 131 132 133 137 138 139 140 141 142 144 148 150 151 153 154 160 163 165 167 169 170 172 173 174 176 177 179 183 185 187 191 192 193 194 196 197 198 199 200
59 70 71 72 74 77 78 80 81 82 83 84 85 87 93 95 96 97 98 99 100 101 104 105 106 107 108 109 111 112 113 115 118 120 121 122 123 124 125 127 128 129 131 132 133 134 135 137 138 139 140 141 142 144 145 146 147 148 149 150 153 154 156 157 160 161 162 163 166 167 168 169 170 172 173 175 176 181 182 183 184 186 188 189 190 192 193 194 195 196 198 199 200
42 71 72 73 74 75 77 79 80 81 82 83 84 85 86 87 89 91 92 93 94 95 96 97 101 102 104 105 106 108 109 110 111 112 113 114 115 117 119 120 121 122 123 124 125 126 127 128 129 130 131 136 137 138 139 140 141 142 147 148 150 151 153 155 156 157 158 159 160 163 164 165 167 169 170 174 175 176 179 181 182 184 185 186 187 188 189 190 192 193 194 196 197 198 199 200
47 72 74 75 77 78 80 81 87 88 89 90 92 93 95 96 98 99 100 101 102 103 104 105 106 107 109 110 112 113 114 116 117 119 120 121 122 123 125 127 129 130 131 133 138 139 140 141 143 144 145 146 149 150 151 154 155 156 157 158 160 161 165 166 167 169 171 172 173 175 176 177 178 179 180 182 184 185 186 189 190 192 195 196 197 198 199 200
49 74 75 76 78 79 80 81 82 84 85 86 87 88 91 93 96 97 98 99 100 103 104 105 106 107 110 112 113 114 115 116 117 120 121 122 124 125 126 127 128 130 131 132 133 134 135 136 137 138 139 140 141 142 143 144 145 146 147 151 152 153 154 155 157 159 160 162 163 165 166 167 168 169 170 171 173 175 176 177 178 180 181 182 184 186 187 188 190 192 194 195 196 197 198 200
52 75 77 78 79 80 81 82 84 85 87 89 90 92 93 94 97 98 99 100 101 102 103 105 106 107 108 109 111 112 113 114 116 117 118 119 122 123 125 126 127 128 130 133 134 136 138 140 141 142 144 146 151 152 153 154 157 158 159 160 161 162 164 165 167 168 169 171 172 174 175 176 177 178 179 180 181 182 184 185 186 187 188 189 190 192 193 194 195 197 198 200
41 76 77 78 82 83 85 87 88 89 90 91 94 96 97 98 99 100 101 103 104 105 106 107 108 109 111 113 114 115 116 118 119 122 123 126 127 128 129 131 134 135 136 137 138 139 141 142 143 145 147 151 157 158 159 161 163 164 165 166 170 172 173 175 176 178 179 181 182 183 184 186 187 188 195
41 78 79 80 81 82 83 85 86 87 89 91 92 94 95 96 97 98 100 101 102 103 105 106 107 108 109 111 112 113 117 118 119 120 121 122 123 124 125 126 128 130 131 132 133 134 135 136 137 141 142 143 144 145 146 148 149 150 157 158 160 163 164 165 166 167 168 169 170 171 173 174 176 177 178 180 181 182 184 186 187 188 191 193 195 197 199 200
44 77 80 82 83 84 85 86 91 92 93 94 95 96 97 98 99 100 106 107 108 110 111 113 114 115 116 119 120 121 122 123 125 126 127 128 130 131 133 134 135 137 139 140 143 144 146 147 149 150 152 153 154 156 157 160 161 163 165 167 168 169 170 172 173 174 175 177 178 180 181 182 184 185 187 188 189 190 191 192 193 194 196 198 199
57 79 80 81 82 83 84 86 87 88 89 91 92 93 94 95 96 99 104 105 106 108 110 111 112 113 115 117 118 120 121 122 123 124 125 126 127 128 129 130 131 133 134 135 137 138 139 141 142 143 145 146 147 148 149 150 153 154 157 158 159 161 162 163 164 165 167 168 169 171 172 173 174 175 177 178 181 182 183 184 186 187 188 189 190 191 193 195 196 197 198
43 79 81 82 83 84 85 86 87 88 89 90 92 93 94 95 97 98 99 100 101 102 103 104 105 106 107 108 110 111 116 118 120 121 122 123 124 125 126 127 128 129 130 131 132 133 134 136 138 139 140 141 142 143 144 145 146 148 149 150 151 152 153 154 156 157 159 160 162 163 164 165 166 168 169 170 171 172 173 174 175 179 182 183 185 186 187 188 189 190 191 193 194 197 198 200
57 81 82 83 84 85 86 87 88 90 91 93 94 95 97 98 99 104 105 108 109 111 113 114 115 116 117 118 119 120 121 122 123 124 125 127 129 131 133 136 137 138 139 141 142 143 144 145 146 147 150 151 152 154 156 157 159 162 164 165 166 167 168 169 170 171 172 173 177 178 179 180 181 183 184 186 187 188 189 190 191 192 193 196 197
43 81 82 83 85 88 89 91 92 93 94 95 97 98 99 100 101 102 103 106 107 108 109 110 112 113 114 119 121 122 123 125 126 127 129 133 134 135 136 137 139 140 141 142 143 144 145 147 148 150 151 152 153 154 155 156 157 158 160 161 164 166 167 168 171 172 173 174 175 176 178 179 181 183 184 186 187 188 190 191 192 194 195 196 197 198 199 200
56 82 83 84 85 86 88 89 90 91 92 93 94 95 96 97 98 99 100 103 104 105 106 108 109 111 112 113 116 117 120 122 125 126 127 128 130 133 135 136 137 138 139 141 142 143 144 147 148 149 150 151 152 154 155 156 157 158 159 160 161 162 163 165 166 167 169 171 172 175 176 178 179 180 181 183 186 187 190 191 192 194 195 196 198
43 84 85 88 89 90 92 93 95 96 99 100 101 102 103 105 106 107 108 109 111 114 115 116 117 118 119 120 121 122 124 125 126 127 128 129 130 131 132 133 134 136 137 139 140 141 142 143 144 145 146 147 149 150 151 152 155 157 158 160 161 162 163 165 167 168 169 170 172 174 175 176 178 179 180 181 182 183 184 186 188 189 190 193 194 195 196 197 199 200
42 84 85 86 88 89 91 92 93 94 96 97 99 100 101 102 103 105 106 107 109 110 112 113 114 116 118 119 120 121 122 123 124 126 128 129 130 131 133 134 135 136 141 143 144 145 146 147 148 149 151 152 153 154 155 156 157 160 161 162 163 165 166 167 168 169 170 171 173 175 176 177 178 179 180 181 182 184 186 188 189 192 193 194 195 196 197 200
51 85 86 87 88 89 90 91 92 93 94 95 96 97 98 99 100 101 103 107 108 109 110 111 112 113 115 116 117 119 120 123 124 125 127 128 129 130 131 132 135 137 139 140 142 143 144 145 146 147 148 149 151 152 154 156 157 158 159 160 161 163 165 167 168 169 170 171 172 173 174 177 178 181 184 185 188 190 191 193 196 197 198 199 200
51 86 87 88 89 90 92 93 94 95 96 98 99 100 101 102 104 105 106 107 108 109 110 112 113 114 116 117 119 120 121 122 124 125 127 128 129 131 132 134 137 138 139 140 142 144 146 147 150 151 152 155 156 157 159 160 161 163 166 168 169 170 171 174 177 179 180 181 183 184 185 186 187 188 189 191 192 193 194 196 197 198 199 200
44 87 90 91 92 95 96 98 99 105 107 108 110 113 114 116 118 120 122 123 124 126 128 129 130 133 134 135 136 138 139 140 141 142 143 145 146 147 150 151 152 154 155 156 158 159 160 161 162 163 165 166 167 168 169 170 171 172 173 174 175 176 177 178 180 181 182 184 186 187 189 190 191 194 196 197 198 199 200
52 88 89 90 91 92 93 94 95 96 98 100 101 103 106 107 109 110 112 113 114 115 116 117 118 119 120 123 124 125 130 135 136 138 140 141 143 145 147 148 150 151 152 153 154 155 156 158 159 161 162 163 165 166 168 170 171 172 173 174 175 176 177 178 179 181 182 184 185 186 188 189 190 191 193 194 195 196 197 198
45 89 90 91 92 93 94 95 96 97 99 100 101 103 104 105 107 108 109 111 113 115 116 117 118 119 120 121 123 125 126 127 128 132 133 134 136 137 138 141 143 144 146 147 148 149 151 152 153 155 156 158 159 161 162 163 164 165 167 168 169 170 171 173 174 177 179 180 181 182 184 186 187 189 190 192 193 194 195 196 198 199
45 90 91 94 95 97 98 99 100 101 102 103 104 105 106 111 112 114 116 118 119 122 123 125 127 130 131 134 135 136 137 140 141 143 145 150 152 154 155 156 158 159 160 164 165 166 167 168 169 170 174 178 179 180 181 182 183 185 187 188 189 190 191 192 193 195 196 198 200
54 92 93 94 96 97 98 100 102 104 105 106 108 109 111 112 114 116 117 118 120 121 122 123 125 127 128 129 130 134 135 136 138 139 141 142 143 145 147 148 149 150 152 153 155 156 157 158 159 163 165 168 169 170 171 172 173 175 177 180 181 182 183 184 185 187 188 190 191 193 194 195 196 197 198 200
57 92 93 94 96 97 98 101 102 103 105 106 108 109 110 112 114 115 116 117 118 119 120 122 123 124 126 127 129 130 131 132 134 135 136 138 139 142 143 144 145 147 149 150 151 152 153 155 156 157 158 160 161 162 163 164 168 169 170 171 172 173 174 175 177 179 180 181 183 184 185 186 187 188 189 190 191 192 194 196 198 199 200
45 94 95 97 98 99 103 104 105 107 108 109 110 113 114 117 118 120 121 122 123 124 126 127 128 129 131 132 133 134 135 137 138 139 140 141 144 145 146 147 149 150 152 153 154 155 156 159 162 163 164 165 166 170 171 172 173 176 177 180 181 186 188 189 190 191 192 196 197 198 199 200
51 94 95 97 98 99 100 101 102 103 104 106 107 108 109 111 112 114 115 116 117 118 119 120 122 123 124 126 127 129 132 133 134 135 136 137 140 141 142 143 144 145 148 149 150 152 154 155 156 160 161 162 164 166 167 171 174 175 176 179 181 182 183 184 185 186 187 188 189 192 195 197 198 200
45 95 96 97 101 102 104 105 108 109 111 112 113 114 116 117 118 119 120 124 125 126 127 129 131 132 133 136 138 139 140 141 142 144 145 146 147 148 150 152 155 156 159 160 164 166 168 169 170 171 172 174 175 178 179 180 181 182 183 184 185 188 193 194 196 197 199
52 96 97 98 99 101 102 103 104 105 106 107 108 109 110 111 112 113 114 115 116 117 118 121 123 124 125 126 127 128 129 130 131 133 134 135 136 137 138 139 140 142 143 147 148 149 150 151 152 153 154 156 157 158 162 167 168 169 170 171 172 173 174 177 178 181 185 186 187 188 189 190 192 194 196 199 200
50 98 100 103 104 105 106 107 108 109 110 111 113 114 115 116 118 119 120 121 122 124 126 127 128 129 130 131 132 133 134 135 137 138 139 140 141 142 144 146 148 149 150 152 155 156 159 160 162 163 165 166 167 168 169 170 172 173 174 176 177 178 182 184 185 187 188 189 190 192 194 195 196 198 199 200
54 98 99 100 102 103 104 105 106 107 108 110 112 113 115 117 123 124 126 127 128 130 133 134 137 140 141 144 146 147 148 149 150 151 152 153 154 158 159 160 162 164 165 167 168 169 170 171 173 175 176 177 178 180 181 183 184 185 186 187 188 191 192 194 195 196 198 199 200
56 99 100 101 102 103 105 109 111 112 114 115 116 117 118 119 120 122 123 126 127 128 129 130 131 132 133 134 135 137 138 139 140 143 145 147 148 150 152 153 154 155 157 158 159 160 162 163 164 165 166 167 169 170 172 173 174 175 176 177 178 180 181 182 183 184 185 186 187 188 189 191 193 195 197 198 199
58 101 103 104 105 106 107 109 110 112 114 118 119 120 121 122 123 124 125 126 129 130 131 132 133 136 137 138 139 140 141 142 144 145 146 148 149 150 151 153 155 156 157 159 160 161 162 164 165 166 172 173 174 175 176 177 178 181 183 184 185 186 187 188 189 191 192 193 194 195 197 199 200
42 101 104 105 106 107 108 109 110 111 114 115 116 117 118 119 120 121 122 123 125 127 128 130 131 132 133 136 137 139 142 143 145 146 147 148 150 151 152 154 155 156 157 158 159 161 162 165 166 167 171 173 175 176 177 178 179 181 183 184 185 186 187 188 191 192 193 194 195 196 197 199
59 102 105 106 107 108 109 110 112 113 115 117 118 119 120 121 122 124 125 126 127 128 129 132 133 134 135 136 137 138 139 140 141 144 145 147 149 152 153 154 155 159 160 161 163 164 166 167 168 169 170 172 176 182 183 184 185 186 187 189 190 191 193 194 195 196 197 200
46 105 106 108 109 112 113 114 119 121 122 124 125 126 127 128 129 130 131 132 133 137 138 139 141 143 144 145 146 147 148 151 152 153 156 158 159 160 162 163 164 165 166 168 170 171 172 175 176 177 178 179 180 183 184 185 188 189 190 192 193 194 195 199
43 104 106 107 108 109 110 111 112 113 114 115 117 118 120 123 124 126 127 128 129 130 134 135 136 137 142 143 144 145 146 148 149 151 154 155 158 159 165 166 167 169 170 171 173 174 175 176 177 179 180 181 183 184 185 186 189 190 191 193 194 195 196 197 199
52 105 107 108 109 110 111 114 115 116 117 118 119 122 123 124 126 128 129 131 132 133 134 135 136 137 138 140 141 142 143 144 145 147 148 149 150 151 156 157 158 159 162 164 165 166 167 168 169 171 172 173 175 176 177 178 179 180 181 183 184 186 187 188 189 190 192 193 194 195 197 199
41 107 108 109 110 111 112 113 116 117 119 122 123 127 128 129 130 133 134 138 139 142 143 144 145 146 147 148 149 150 151 152 154 155 156 158 160 162 163 164 165 166 167 170 172 173 174 175 177 178 179 180 181 182 183 184 185 186 187 188 190 193 194 195 197 199 200
58 107 108 110 111 113 114 115 116 117 118 119 120 121 122 123 126 127 129 131 132 133 135 136 137 138 140 141 142 143 145 146 147 148 150 154 155 156 157 158 159 161 162 164 165 166 170 171 172 173 174 175 176 179 180 181 182 183 184 185 187 193 195 196 197 200
45 110 111 112 113 114 116 117 118 119 120 121 122 123 125 126 128 131 133 134 135 138 140 141 142 144 145 146 147 148 149 150 151 152 153 154 155 156 160 161 163 164 165 167 168 169 170 171 172 173 174 177 178 179 183 184 185 187 188 189 190 191 192 193 194 195 197 198 199 200
49 109 110 111 112 113 114 115 116 118 119 120 121 122 125 127 128 129 130 131 133 136 137 139 140 141 142 143 149 154 158 159 160 163 165 168 169 171 174 177 180 182 184 186 187 188 189 190 191 194 195 197 199
43 110 111 113 114 115 116 117 118 119 120 121 122 123 124 126 128 129 131 132 133 134 135 136 138 141 142 145 147 150 152 153 154 156 158 159 160 161 163 164 165 166 167 168 169 170 171 172 173 175 177 178 184 186 187 188 189 190 191 192 193 195 196 199
51 111 112 113 114 115 116 117 118 120 121 122 123 124 126 127 128 131 132 133 134 136 137 139 140 143 144 145 146 148 150 152 153 155 156 157 158 160 162 163 164 165 168 170 171 173 174 175 178 179 183 184 185 189 190 191 193 195 196 197 199 200
50 115 117 118 119 120 121 124 126 127 128 129 132 133 135 136 137 139 140 141 142 144 145 146 147 148 149 150 155 157 159 160 161 162 163 164 166 168 169 170 171 172 173 174 176 177 178 179 180 181 183 185 186 187 188 189 190 191 194 196 197 200
42 113 115 117 118 119 120 121 123 126 127 128 130 132 133 134 135 136 137 138 139 140 141 143 144 145 148 149 150 153 155 156 157 158 159 160 161 162 163 164 165 166 168 169 170 171 174 175 176 178 181 182 184 187 188 189 190 191 192 193 194 195 196 199 200
59 114 117 118 120 121 125 127 128 129 130 132 133 134 135 136 138 139 140 141 142 143 145 146 147 148 151 152 153 155 157 159 161 163 164 165 166 167 169 172 173 175 177 178 180 181 183 185 189 192 193 195 198
49 115 116 118 119 122 124 125 126 127 129 132 134 135 136 137 140 142 143 144 145 148 151 152 153 154 156 157 159 160 163 165 166 167 168 169 172 174 176 177 178 179 180 181 182 183 185 188 190 191 193 196 197 198 199
50 116 117 118 120 121 123 124 127 129 130 132 133 135 137 138 139 141 143 144 145 146 147 148 149 151 152 153 154 158 159 160 162 163 164 165 166 167 168 170 171 173 174 175 177 180 181 182 183 184 186 187 188 189 190 194 195 197
53 119 120 121 122 124 126 127 128 129 130 131 134 135 136 137 138 142 143 144 145 149 153 154 155 156 157 158 159 161 162 163 164 165 166 167 168 169 170 171 173 174 175 177 178 179 181 182 183 184 192 194 195 196 197 198 200
49 118 119 120 121 122 124 125 128 130 132 133 135 137 138 139 141 144 145 146 147 148 149 150 151 152 153 155 158 161 162 163 164 165 166 167 168 169 170 171 172 173 174 176 177 178 179 180 181 182 185 187 188 189 190 191 194 195 196 197 198 199
50 119 120 121 122 123 124 125 126 127 128 129 131 132 134 136 137 138 139 140 141 142 143 144 146 147 148 149 151 152 154 155 157 158 159 160 161 162 164 165 167 168 169 170 172 173 174 175 176 177 178 179 180 181 183 184 188 189 191 193 195 196 198 199
60 120 123 124 125 126 127 128 129 131 133 134 135 137 138 139 140 141 142 143 144 145 147 148 150 151 152 154 155 157 158 159 163 168 169 171 172 174 175 176 179 182 183 184 186 187 189 190 193 194 195 196 198
56 121 122 123 124 127 128 129 130 132 133 134 135 137 138 139 140 141 142 143 144 146 150 151 152 153 155 156 157 158 161 162 164 166 167 169 170 172 173 175 176 177 179 180 181 182 184 186 187 188 189 190 191 192 193 195 200
41 122 123 124 125 126 127 128 130 131 132 133 135 137 138 140 142 143 144 145 149 150 151 153 154 155 156 157 158 159 161 162 164 165 169 170 171 175 176 177 178 180 181 184 185 187 188 189 194 195 196 197 198 199
42 123 124 127 128 130 131 132 133 134 135 137 138 139 141 142 144 146 148 150 151 152 153 154 155 156 157 158 160 163 165 166 167 169 170 171 172 173 174 175 177 178 180 181 183 184 186 187 188 189 191 192 193 195 196 199 200
45 124 125 126 127 128 129 130 131 132 133 134 135 137 138 139 140 141 142 144 145 146 148 149 150 151 152 154 156 159 160 161 162 164 165 166 169 170 171 172 173 174 176 178 179 180 181 183 184 185 186 187 188 190 191 192 193 195 196 197 198 199
46 125 126 127 128 129 130 131 132 133 135 137 138 139 141 142 143 144 145 148 151 152 154 156 161 162 163 164 166 169 170 173 174 175 176 177 178 179 180 181 183 185 186 187 188 190 191 192 193 194 195 196 197 199 200
58 126 127 128 130 132 134 138 139 140 142 143 145 146 148 149 151 152 153 155 157 160 161 162 164 165 166 167 168 170 171 172 173 174 175 176 177 178 179 180 181 183 184 185 186 187 188 189 190 191 194 195 200
60 127 128 129 131 132 133 135 137 139 140 141 145 146 148 149 150 151 152 154 157 158 159 160 161 163 164 165 166 167 168 169 170 171 172 173 174 176 177 178 179 181 182 183 184 186 187 189 190 192 193 194 195 196 198 200
46 129 130 131 132 133 134 135 136 137 138 139 140 142 143 144 146 147 148 149 152 153 155 156 157 159 160 162 163 164 165 166 168 169 170 171 172 174 175 176 178 179 181 182 183 184 185 186 188 189 190 191 192 193 196 197 198 199 200
50 129 131 134 136 137 138 139 142 143 144 148 149 152 153 155 156 158 159 160 161 162 163 164 165 166 169 170 172 173 174 178 179 180 182 183 184 185 188 189 190 191 194 195 196 197 199 200
60 130 132 133 134 135 136 137 142 144 145 146 148 149 150 152 153 154 155 157 158 159 160 161 162 163 164 165 166 167 170 172 173 174 175 176 178 179 180 181 182 183 184 187 188 190 191 192 193 194 195 199 200
51 131 132 134 135 136 137 138 139 140 141 142 143 144 145 146 147 148 149 150 152 153 154 156 157 158 160 161 163 164 167 170 171 172 174 175 176 177 179 180 181 182 183 184 185 187 188 189 190 192 193 196 199 200
57 132 133 136 137 138 142 143 146 147 148 150 151 153 156 157 158 159 161 162 164 165 166 167 168 170 172 173 174 175 178 180 181 183 184 185 186 187 188 189 190 192 194 195 198 199 200
43 133 134 137 138 139 140 141 145 146 147 148 150 151 152 153 154 155 156 159 160 161 162 163 166 167 168 169 170 171 172 173 174 175 177 178 179 180 182 183 184 185 186 187 188 192 193 194 196 198 199 200
41 135 136 137 138 140 144 145 146 147 149 150 151 152 154 155 156 158 159 160 161 162 164 165 168 169 170 172 175 178 179 180 181 182 184 185 188 189 190 191 192 194 197 198 200
40 139 140 141 143 144 146 147 148 149 150 151 153 154 156 158 159 160 161 162 163 165 166 167 169 170 171 172 173 174 175 176 177 178 179 180 183 184 185 187 188 190 191 192 193 196 198 199
51 139 140 141 143 144 145 147 148 149 150 151 152 154 156 157 158 159 160 161 162 163 164 166 167 168 170 172 173 175 179 181 182 185 186 188 189 190 191 195 197 198 199
57 137 138 139 140 141 142 143 144 145 146 147 150 151 152 153 155 157 159 160 163 164 167 168 170 171 174 175 176 177 178 179 180 181 182 183 184 185 186 190 191 192 193 194 195 197 198 200
54 141 142 143 145 146 148 150 151 152 155 156 157 159 160 161 162 163 164 167 169 170 171 172 175 176 177 178 179 180 181 186 187 188 189 190 193 194 195 196 197 198
50 139 140 142 143 144 145 146 147 152 153 155 156 157 158 160 162 164 167 169 170 171 172 173 175 176 180 182 184 185 187 188 189 190 192 193 195 196 199 200
43 140 141 144 146 148 149 150 154 155 156 157 159 160 162 164 165 166 167 168 170 171 172 173 174 175 176 178 179 180 182 185 186 187 188 189 190 191 192 193 194 197 198
42 141 142 143 144 145 146 147 148 149 150 151 153 154 155 157 158 159 160 161 163 164 168 169 173 175 177 178 182 183 184 185 186 187 188 189 190 191 192 194 195 196 197 198 199
42 142 143 144 146 149 150 151 152 153 154 156 157 158 163 164 165 166 167 168 169 170 172 173 174 175 177 178 180 181 182 183 185 186 187 188 189 190 191 192 193 195 196 197 198 199
55 143 144 145 146 149 150 151 152 153 154 157 158 160 162 164 166 168 169 172 173 179 180 182 184 185 188 189 190 191 192 193 194 197 198 199
46 144 145 147 149 150 151 152 153 155 156 157 158 162 163 164 165 166 167 168 170 171 172 173 174 175 176 177 180 181 182 183 184 189 191 192 194 196 197 199 200
41 147 148 150 151 152 153 154 156 159 161 162 163 164 165 166 168 169 170 172 173 174 177 178 179 182 183 185 186 187 188 191 192 194 195 196 197 198 199
58 146 148 149 151 152 155 157 158 159 162 163 164 166 168 173 174 175 176 177 178 180 181 182 185 186 187 188 189 190 191 192 193 194 195 196 197 198 199
45 147 149 150 151 152 154 155 156 158 160 161 162 163 164 166 167 168 169 171 172 175 176 177 178 179 180 182 183 184 186 187 188 190 193 195 196 197 200
42 148 149 150 151 152 154 156 157 158 160 161 162 163 165 167 168 169 170 171 172 173 174 176 177 179 180 181 182 183 185 186 187 188 189 191 193 196 197 198 199 200
51 149 150 151 153 155 156 157 158 160 161 162 164 166 167 168 170 171 172 173 174 175 176 178 179 181 182 183 184 185 186 187 188 189 190 193 194 195 196 197 198 199
52 150 151 152 154 156 157 159 160 162 164 165 167 168 170 171 172 173 174 175 176 180 183 185 186 187 188 190 191 193 195 196 197 198 199 200
42 151 152 153 154 155 156 157 158 159 160 161 163 165 166 167 168 169 170 173 174 175 176 178 179 180 181 182 183 184 186 187 188 189 190 193 194 195 197 198 199
56 152 153 154 155 156 158 163 165 166 167 168 169 170 171 172 174 177 178 179 180 182 184 185 188 189 190 191 192 193 194 195 196 198 199 200
57 153 154 155 156 158 159 160 161 163 164 165 166 169 170 172 173 174 175 176 177 178 179 180 181 182 183 184 185 186 187 188 191 192 193 194 195 196 197 198 199
41 154 155 156 159 160 161 162 164 165 166 167 168 169 171 172 176 177 179 180 181 182 183 184 185 188 189 190 192 194 195 196 197 198 199 200
60 155 156 157 158 160 162 163 164 165 167 168 170 172 173 174 175 176 178 179 180 181 182 183 188 189 190 192 193 194 197 198 199 200
60 156 157 158 159 160 162 164 165 166 167 169 170 171 172 173 174 175 176 177 179 180 181 183 184 186 187 188 189 190 192 194 195 197 199
55 160 162 163 164 165 168 169 170 171 173 174 175 176 177 178 179 182 183 184 185 186 187 188 189 191 192 195 197 199
58 158 160 161 164 165 166 168 169 170 171 172 175 176 177 179 180 181 182 185 186 187 188 189 190 191 192 193 194 196 197 198 199
55 159 160 161 162 164 171 172 173 174 175 177 178 182 184 185 188 189 192 193 195 196 199
44 161 163 164 165 166 167 169 170 172 173 174 177 178 179 180 181 182 183 184 185 186 187 188 189 191 194 195 196 197 198 199 200
48 161 162 163 165 166 167 168 170 174 175 176 178 179 180 181 183 184 185 187 188 191 192 193 195 199
54 163 165 166 168 169 172 173 176 177 179 180 181 185 186 187 188 192 193 194 195 196 197 198 199
50 163 164 165 166 167 168 169 170 171 172 173 174 175 179 180 181 184 185 186 188 190 191 192 194 196 197 200
46 165 166 167 169 170 172 175 177 178 179 180 181 182 183 185 186 188 189 190 191 192 195 196 197 198 199
59 165 167 168 171 172 173 174 175 176 177 178 180 181 183 184 185 188 189 190 195 196 197 198 199
53 166 167 171 172 173 174 176 177 178 180 182 183 184 185 186 187 188 190 191 192 193 194 195 196 197
48 167 171 172 173 175 176 177 179 180 181 182 183 184 185 186 187 188 189 190 191 193 194 195 197 199
49 168 170 171 172 173 174 175 178 179 180 181 182 185 186 187 188 189 191 194 195 196 197 198 199 200
40 170 172 173 174 175 176 177 178 179 180 181 183 186 187 188 190 191 192 193 194 195 196 197 198 199
48 171 173 176 177 178 179 180 181 182 183 185 189 190 191 192 193 195 196 197 198 199 200
60 173 174 175 177 182 184 186 187 188 189 191 193 195 199 200
59 172 173 174 175 176 177 178 179 180 181 182 183 187 188 190 192 193 194 195 197 198 199 200
60 173 174 176 178 180 181 182 183 184 186 187 188 190 193 194 196 197 198 199 200
45 175 178 183 184 185 186 187 188 189 193 194 195 197 198
42 175 176 177 178 179 180 181 183 184 185 186 188 190 191 192 194 195 196 197 198 199
56 177 182 183 184 185 186 187 189 190 191 196 197 198 199 200
46 177 178 179 180 181 182 184 185 187 189 190 192 193 194 195 196 198 199 200
44 178 179 180 181 183 184 185 188 190 191 195 196
60 179 180 182 183 184 186 187 188 189 191 192 193 198 199 200
47 180 181 182 184 185 186 187 188 190 192 193 194 197 198 200
57 182 183 184 186 188 189 191 192 193 195 196 197 199
49 183 184 185 187 188 189 193 195 196 197 198 199 200
52 183 185 186 187 188 189 190 191 192 193 194 196 199 200
48 185 187 189 190 191 195 196 198 199
53 185 187 188 191 192 196 197 198 199 200
48 186 188 189 190 191 194 195 196 197 198 200
60 188 189 192 193 194 195 196 198 200
60 190 192 193 195 197 198 199
43 190 191 192 193 195 196 198 199
43 190 191 193 195 196 197 200
43 191 192 193 194 195 196 197 198 199 200
49 192 194 199
44 193 194 195 196 197 198 199 200
46 195 196 198 199 200
53 195 197 198 199 200
53 196 197 200
40 197 198 200
41 198 199 200
60 199 200
49
52
