200	10	10000	1
0	1561	20
0	1132	24
0	1300	17
0	1117	18
0	1489	20
0	1748	20
0	1245	20
0	1956	17
0	1049	20
0	1315	24
924 2 3 4 5 7 8 9 10 12 15 17 18 19 20 22 24 26 29 30 32 33 36 37 39 40 41 43 44 45 46 47 48 49 50 51 52 55 56 57 59 60 62 63 64 65 68 69 70 72 73 74 75 77 78 79 80 81 82 83 84 85 86 87 88 90 91 93 94 95 96 98 100 101 102 103 104 106 107 108 110 111 112 113 114 116 117 118 119 121 122 123 126 127 128 129 130 131 132 133 134 135 140 141 142 144 147 148 149 150 153 154 156 157 158 161 162 163 164 165 166 168 169 170 171 173 174 175 176 177 178 179 180 181 182 183 184 188 189 190 195 196 197 198
726 3 4 5 6 7 8 10 11 12 13 15 16 18 21 22 23 26 27 28 29 30 33 35 37 38 40 42 43 44 45 47 48 51 52 53 54 55 56 58 60 61 62 63 64 65 68 69 73 79 80 81 82 83 84 85 86 88 90 91 92 93 94 95 96 97 98 99 100 101 102 104 105 107 109 110 111 112 116 117 119 120 122 123 124 125 126 127 129 130 131 133 134 135 137 138 140 141 142 143 145 146 149 150 153 154 156 157 159 161 162 163 165 166 167 168 169 170 171 172 174 176 177 178 184 185 186 187 188 189 191 193 194 196 197 198 199 200
849 4 5 6 7 9 10 11 14 15 17 18 19 20 21 22 23 24 26 27 28 29 30 31 32 33 34 35 36 37 38 39 40 42 44 45 48 49 50 51 52 54 55 56 57 58 59 60 61 62 63 66 67 68 69 73 74 75 76 77 78 79 81 83 84 86 89 90 91 92 93 94 95 99 100 101 102 104 105 107 108 109 110 112 113 115 116 117 119 121 122 123 124 125 126 130 131 132 135 137 138 141 142 143 145 146 147 148 149 150 152 153 154 155 156 159 160 165 166 168 169 171 172 173 174 176 178 179 180 181 185 187 188 189 190 191 193 194 195 198 199
203 6 7 8 9 11 12 13 14 15 16 17 18 20 21 22 23 24 25 26 27 28 29 31 32 33 34 36 37 40 41 42 43 45 46 47 49 50 51 52 53 55 56 57 58 60 62 63 64 65 70 74 75 76 77 78 79 80 81 82 84 86 88 89 90 91 92 93 94 95 96 97 99 100 101 103 104 105 106 107 109 110 111 112 113 116 117 120 122 123 124 125 126 129 133 137 139 140 141 143 145 146 147 148 149 150 151 154 155 157 158 159 160 161 162 163 164 166 169 170 171 172 173 174 175 176 177 178 179 182 183 184 186 187 189 191 192 193 194 195 197 198 199 200
795 6 7 8 9 10 11 13 14 15 16 17 19 22 23 24 25 26 27 29 30 31 32 33 34 35 36 37 38 39 41 42 43 44 45 46 47 49 50 51 53 54 55 56 57 58 60 62 64 65 66 68 69 70 71 72 73 74 75 76 77 78 79 81 83 88 89 90 91 93 94 95 96 97 98 101 102 103 104 105 106 107 111 114 115 116 119 120 122 123 124 125 128 129 130 132 133 134 135 137 143 145 146 147 148 149 151 153 154 155 157 158 161 162 163 164 165 167 168 170 171 172 174 176 177 178 179 180 184 185 186 187 188 190 191 192 193 194 195 196 197 200
657 7 8 9 10 11 12 13 15 16 17 19 21 23 24 26 27 28 29 30 32 33 34 35 36 38 39 40 42 43 45 46 47 48 49 50 51 52 53 54 55 56 57 58 59 60 61 62 63 64 65 66 67 68 69 71 72 73 75 76 77 79 80 81 84 85 88 90 91 92 93 96 97 99 100 101 103 104 106 107 108 110 112 115 116 118 119 123 124 125 127 128 129 130 131 132 135 137 139 143 144 145 146 148 149 153 154 155 156 158 160 164 166 167 168 169 170 171 172 173 174 177 178 180 181 182 184 185 186 187 188 190 191 192 193 195 196 197 198 200
615 9 10 11 12 13 14 15 16 17 18 19 20 22 23 24 27 28 30 31 33 34 35 36 37 40 42 43 44 46 47 48 49 50 53 55 57 59 60 61 62 63 64 65 66 68 69 70 71 73 74 75 77 78 79 80 81 82 83 84 86 90 93 94 95 96 97 99 101 102 104 105 106 107 109 111 113 114 115 116 117 118 122 123 124 130 131 132 133 134 136 138 140 142 143 145 146 147 148 151 153 156 157 158 160 161 162 163 165 167 168 169 170 171 172 173 175 177 179 180 183 184 185 186 188 189 190 191 192 193 194 195 196 197 200
907 10 11 12 13 14 15 17 18 19 20 21 23 24 25 26 27 28 29 30 31 34 35 36 37 38 40 42 43 44 47 48 49 50 51 52 53 54 55 58 59 60 61 63 65 66 69 70 71 72 73 76 77 78 79 80 81 83 85 86 87 88 89 90 91 94 96 97 98 99 100 102 107 109 110 111 113 114 116 117 118 119 120 122 124 127 128 129 132 133 134 136 139 142 144 145 146 147 148 149 152 153 155 156 158 159 160 161 163 164 165 167 169 170 173 174 175 176 177 178 179 181 185 186 187 188 189 190 192 193 194 195 196
568 10 11 13 15 16 18 19 21 23 25 26 27 28 29 30 31 32 33 36 38 39 40 41 42 43 44 46 49 50 51 53 54 56 57 59 60 61 62 63 64 65 68 69 70 71 72 73 76 78 80 83 84 85 87 91 92 94 95 98 100 101 103 104 105 106 107 110 111 113 114 116 117 118 120 123 125 127 128 129 130 131 133 134 135 137 138 139 140 141 144 145 147 148 149 150 151 152 153 154 156 157 158 159 161 162 164 165 166 167 168 170 171 173 174 175 178 179 181 182 185 186 188 192 193 194 195 196 198 199
657 12 13 14 15 18 19 20 21 22 23 24 26 27 28 31 33 36 37 38 39 40 41 42 43 45 46 47 48 50 51 52 56 58 59 60 61 62 63 64 65 67 69 70 71 72 74 75 76 77 78 80 82 83 84 86 87 89 90 91 92 93 94 96 97 98 101 102 103 104 105 110 113 114 115 116 118 119 120 121 122 123 124 126 127 128 129 131 132 133 134 135 138 140 142 143 144 145 146 147 149 153 158 159 160 161 162 163 164 165 166 167 168 169 170 171 173 174 175 177 178 179 181 182 183 186 187 188 189 191 192 193 196 198 199 200
269 12 13 14 15 16 17 18 21 22 23 24 25 26 27 31 32 33 34 36 37 38 39 41 42 43 44 45 46 47 50 51 52 53 54 55 56 57 58 59 60 61 63 64 66 68 71 72 73 74 75 77 79 80 81 82 83 84 85 87 88 90 91 92 93 94 95 96 97 99 100 101 102 104 105 107 108 109 110 112 113 114 115 117 118 119 120 121 123 124 125 127 128 130 131 132 133 134 135 136 137 138 139 140 141 142 143 144 145 147 148 149 150 151 153 154 155 156 157 158 159 160 163 164 165 166 168 169 170 171 173 174 176 177 178 179 184 185 186 187 188 189 191 192 193 194 195 196 198 199
139 13 14 17 18 20 21 22 23 24 25 26 27 28 29 31 32 35 39 42 44 45 46 48 50 51 52 53 54 55 56 57 59 60 61 62 63 64 68 69 70 72 73 74 76 77 78 79 80 81 82 83 85 86 87 89 90 91 94 95 96 97 98 100 101 102 104 105 106 107 110 111 113 115 116 117 119 124 125 126 127 129 130 132 134 135 136 137 138 140 141 143 144 145 146 147 148 150 153 154 157 158 159 160 161 163 164 165 166 169 170 172 173 174 176 177 178 179 180 181 182 183 185 186 193 195 196 197 200
318 14 15 17 19 21 22 25 27 28 29 30 32 34 35 37 38 39 40 41 42 43 44 45 46 48 50 53 54 56 57 58 59 60 61 62 63 64 65 66 67 68 70 71 72 73 74 75 77 79 81 84 85 86 87 88 90 91 92 93 94 97 99 100 102 103 105 106 108 109 110 111 113 114 116 117 118 119 122 125 126 129 133 134 135 137 138 139 140 141 143 147 148 149 150 151 152 153 154 155 157 158 159 160 161 163 164 165 166 167 168 169 170 171 173 174 176 177 179 180 181 182 184 187 188 190 191 192 194 195 197 198 200
834 15 17 19 20 21 22 24 25 26 28 30 32 34 35 37 39 40 42 43 44 46 47 50 51 52 53 54 56 57 58 59 61 62 63 64 65 68 69 70 71 72 73 74 75 76 77 78 79 81 82 83 84 85 86 87 88 89 91 92 93 94 95 96 97 98 99 100 101 102 104 105 106 108 109 110 111 112 113 114 115 116 117 119 120 121 122 124 125 126 127 129 130 132 133 134 135 136 137 138 139 141 142 143 144 146 147 150 151 152 153 155 156 157 158 159 160 161 162 163 166 167 168 169 170 171 172 173 176 177 179 180 182 184 185 186 187 188 189 190 192 193 197 198 199 200
942 16 18 19 20 21 23 24 25 26 29 30 31 32 33 34 35 37 38 39 41 42 45 49 51 52 53 55 56 57 59 60 61 62 63 64 65 66 67 68 69 70 71 72 73 74 75 77 80 81 82 84 86 92 93 94 95 96 97 98 99 100 101 102 103 104 105 106 107 108 111 113 115 117 118 119 122 123 124 125 126 128 131 132 133 134 135 136 138 140 141 143 144 150 151 152 153 156 157 158 159 161 162 164 165 166 167 168 169 170 172 173 175 176 178 179 183 187 188 189 191 192 193 194 195 197 198 199 200
143 18 19 20 21 22 23 24 25 26 27 28 30 31 32 35 36 37 38 39 40 41 46 47 48 49 50 52 53 54 58 59 60 63 64 65 66 67 68 69 71 72 73 74 76 77 79 80 81 82 83 85 86 87 88 89 90 92 93 95 100 101 102 103 104 105 106 107 108 109 110 111 112 113 114 115 116 117 119 120 121 122 123 124 125 126 128 132 133 134 136 137 138 140 141 142 145 146 147 148 149 150 151 152 153 154 156 157 158 159 162 163 165 166 168 169 170 172 173 174 175 176 177 178 179 181 182 183 184 186 188 189 191 192 193 194 195 196 199 200
310 18 19 20 22 23 24 25 26 28 29 31 32 33 35 39 40 41 42 43 49 50 51 57 58 59 60 61 62 63 64 65 66 68 69 70 71 74 75 76 77 78 79 80 81 83 84 85 86 87 88 89 93 96 97 98 99 100 101 102 104 105 106 107 109 110 111 112 113 114 115 118 119 121 122 123 124 125 126 128 129 130 131 133 134 136 139 141 143 145 146 147 148 149 150 152 153 154 155 156 158 161 163 165 166 168 169 170 171 172 173 178 179 181 183 185 186 187 189 190 191 195 196 197 198 199 200
966 19 21 22 23 24 25 26 27 29 30 31 32 33 37 38 39 41 42 44 45 46 47 50 51 52 53 54 56 58 59 60 61 63 66 67 68 69 70 71 72 73 74 76 77 79 80 82 83 85 86 87 88 91 92 95 98 100 104 105 106 107 109 112 114 117 118 119 120 121 123 124 125 126 127 128 129 130 133 135 137 138 139 141 144 145 146 147 148 149 151 152 153 156 158 159 162 163 164 165 166 168 169 170 171 172 173 175 176 178 179 181 182 183 184 188 189 190 192 194 195 196 199 200
241 20 21 22 23 24 25 26 27 28 30 31 32 34 35 36 37 39 41 42 43 45 46 47 48 49 50 51 52 53 55 56 57 58 59 60 61 62 65 66 67 68 70 71 73 74 77 78 80 82 83 84 85 87 88 89 90 91 92 93 94 95 96 97 99 100 101 103 104 105 106 107 112 113 115 116 118 119 120 124 128 130 131 132 133 134 135 136 137 139 140 142 143 145 146 148 149 150 151 153 155 156 157 158 159 160 161 162 163 164 165 168 169 170 171 173 174 175 177 178 179 180 181 183 185 186 187 188 192 193 194 195 198 199 200
376 22 23 24 25 26 28 29 31 32 34 35 36 37 38 40 41 43 44 45 46 47 52 54 55 56 58 59 60 61 62 63 64 65 66 67 68 69 70 71 72 73 74 75 76 78 80 81 82 84 88 89 90 91 92 93 94 96 98 99 100 101 102 104 109 110 111 112 113 115 117 118 119 120 121 122 123 124 125 129 132 133 135 136 137 138 141 142 143 145 146 150 151 153 154 156 157 158 159 163 164 165 166 167 169 170 171 172 173 174 175 176 177 179 180 185 186 187 190 191 192 194 197 199 200
733 22 23 24 25 26 27 28 31 32 33 34 35 36 37 38 39 40 41 42 44 45 46 47 48 50 51 52 53 56 57 58 59 60 62 63 64 65 66 69 71 73 74 75 77 78 79 80 82 83 84 85 86 87 88 89 91 94 96 97 99 100 102 103 104 105 106 107 110 111 112 114 115 116 117 119 120 121 122 123 124 125 126 127 128 129 130 131 132 133 134 135 136 137 138 139 141 148 149 150 152 154 155 156 157 158 159 160 161 163 165 166 167 168 169 170 171 175 176 177 178 180 181 183 184 185 186 189 190 191 192 193 194 196 197 198 199 200
970 23 24 26 27 28 29 30 32 33 34 35 36 37 39 41 42 43 44 47 48 49 50 52 53 54 55 56 57 58 59 60 61 62 63 65 66 67 69 70 71 74 75 78 80 86 87 88 89 90 91 92 93 94 95 96 97 98 99 103 105 106 109 112 113 114 115 116 117 118 120 121 123 124 125 127 129 130 131 132 134 135 136 137 138 139 140 141 142 143 144 145 146 147 148 150 152 154 155 157 158 159 160 161 162 165 167 168 172 173 174 175 177 178 179 180 181 182 183 185 187 190 191 192 193 195 196 199 200
836 24 25 26 27 28 30 31 32 33 34 35 36 37 38 39 40 41 42 43 44 45 46 47 48 49 50 51 52 53 54 55 56 58 59 62 63 64 65 66 68 71 72 73 75 76 77 79 80 81 82 83 84 86 87 88 90 91 92 93 94 95 96 97 98 100 101 102 103 104 107 108 109 111 112 113 120 124 125 126 128 129 130 131 133 134 135 136 137 138 139 142 143 144 145 146 147 148 150 151 153 154 155 156 159 161 162 163 164 168 169 170 171 172 173 176 177 179 180 181 182 183 186 187 188 192 193 197 198 199 200
295 28 29 30 31 33 35 36 37 38 39 40 41 43 44 45 47 48 49 50 51 52 53 54 56 58 59 60 61 62 63 64 65 66 68 69 70 71 73 74 75 77 78 79 80 81 82 83 85 86 87 89 90 91 92 93 94 97 99 100 101 102 104 106 108 109 111 112 113 114 117 118 119 120 121 122 123 127 128 129 130 131 132 133 134 136 137 138 141 142 143 144 146 147 149 150 151 153 155 156 157 158 159 160 161 162 163 164 165 166 167 169 170 171 172 175 176 177 178 179 180 181 182 183 184 185 186 188 191 192 194 195 196 200
182 26 27 29 30 32 33 34 36 37 38 40 41 42 44 50 51 52 53 54 55 56 57 59 61 62 63 65 67 68 70 72 73 74 76 77 79 82 83 84 88 89 90 91 92 93 96 97 99 101 102 103 104 105 107 108 109 110 112 113 114 115 116 117 118 119 120 122 123 124 125 127 128 129 130 131 132 133 135 137 138 139 140 141 142 143 144 146 148 149 150 153 156 157 158 159 160 162 163 164 165 166 168 169 172 173 175 177 178 179 181 182 183 184 186 187 188 189 190 191 192 193 194 196 197 198 199 200
408 27 29 30 31 33 34 35 38 39 40 41 42 43 44 45 46 47 48 50 51 52 53 54 55 57 60 62 63 67 68 71 72 75 77 79 82 84 85 87 89 91 92 93 97 98 99 100 102 104 105 107 108 109 110 111 112 113 114 115 116 117 118 120 121 122 125 126 127 129 132 134 135 136 137 140 142 144 145 146 147 148 149 150 151 155 156 157 159 160 162 163 164 165 166 167 168 169 170 171 172 173 174 175 177 178 179 180 181 183 184 185 186 187 189 190 192 193 194 195 197 199
660 28 29 30 31 32 34 35 36 37 39 40 41 42 44 45 46 48 49 50 51 54 55 56 58 59 60 61 63 64 66 67 70 71 72 73 74 75 76 79 80 81 82 85 86 87 88 89 90 93 94 95 96 97 98 99 100 102 103 104 105 106 108 110 111 112 113 114 115 116 117 118 119 120 121 122 123 125 126 128 129 130 131 132 134 135 136 137 138 139 140 142 143 144 145 146 149 150 151 152 153 157 158 159 160 161 163 164 165 168 169 170 172 173 176 177 178 179 181 182 183 187 188 189 190 191 192 193 194 195 197 198 199 200
191 30 31 32 33 34 35 37 38 39 42 43 45 46 47 49 51 52 53 54 57 58 60 61 63 64 65 66 68 69 70 72 73 74 75 76 78 79 81 82 83 86 88 91 92 93 94 95 96 97 98 99 100 101 103 104 109 110 111 115 118 119 120 123 124 125 126 127 128 129 130 131 132 133 135 138 139 143 144 145 146 147 149 150 151 153 154 157 158 159 160 161 162 164 166 168 170 171 172 174 175 176 177 178 179 181 182 183 184 186 187 188 189 190 193 194 195 196 197 198 200
816 31 33 34 35 37 38 39 40 41 42 43 45 46 49 50 51 52 53 54 56 57 58 60 61 62 65 66 69 70 71 72 73 74 75 76 77 78 79 80 82 83 85 87 89 90 91 93 94 95 96 97 98 99 101 102 105 106 107 108 109 110 111 112 113 114 115 116 117 118 119 120 121 122 123 124 125 126 127 131 132 133 136 137 139 140 141 142 143 144 145 146 147 148 151 154 156 157 158 159 160 161 162 163 164 166 167 168 169 171 172 174 176 177 178 179 182 183 184 185 186 187 188 189 190 194 195 196 197 198 199 200
598 31 33 34 36 37 38 39 40 43 44 46 47 49 50 51 52 53 54 56 59 60 61 62 63 64 65 66 67 68 69 71 72 73 75 77 78 79 80 81 82 83 84 85 86 87 88 90 92 93 94 95 97 98 101 102 103 104 105 106 107 109 112 113 114 115 116 117 120 121 122 123 124 126 127 128 129 130 132 133 134 135 139 141 142 145 146 147 149 151 152 154 155 156 157 158 159 160 161 162 163 164 166 167 168 169 170 172 173 174 175 176 177 178 179 180 183 189 190 191 192 193 199 200
127 32 33 34 35 37 39 40 41 42 43 44 45 46 47 49 50 51 52 53 55 57 59 60 61 62 63 66 67 68 71 72 75 76 78 79 80 81 83 85 86 87 88 89 90 91 92 93 94 95 99 100 101 103 104 105 108 110 111 112 113 114 115 116 117 119 120 122 123 124 125 126 128 129 130 132 133 134 136 138 140 142 144 145 146 147 148 149 150 151 152 154 158 159 161 162 163 165 166 168 169 170 173 174 175 177 178 179 180 183 186 188 189 191 192 193 196 198 199 200
750 34 37 38 39 42 43 44 45 46 47 49 50 51 52 54 55 56 58 59 62 63 65 67 69 70 73 75 76 77 78 79 81 82 83 84 85 86 87 88 89 91 92 93 94 95 96 100 101 103 104 105 106 108 109 111 112 113 115 116 119 121 122 123 124 125 126 127 128 129 130 131 132 135 138 139 140 142 144 145 147 148 149 151 152 153 156 158 159 160 162 163 164 166 167 169 170 171 172 174 176 177 178 180 181 182 184 185 186 187 188 189 190 191 192 194 195 196 199
137 34 35 36 37 38 39 42 43 44 45 46 47 48 49 50 51 52 53 54 55 56 57 58 59 61 63 64 65 67 68 69 70 73 75 76 77 79 80 82 83 84 85 86 87 88 90 91 92 93 94 95 96 97 98 99 101 102 103 104 105 107 109 110 111 112 113 114 115 116 117 118 119 121 122 123 124 125 126 127 128 129 131 132 133 135 136 137 141 142 145 146 147 148 149 150 151 152 153 154 157 158 159 160 162 163 164 166 167 168 170 173 175 176 177 179 182 183 185 187 188 190 192 193 194 195 199 200
590 35 37 38 39 40 42 43 45 46 47 49 50 51 52 53 54 55 58 60 61 63 65 67 68 69 70 71 72 73 74 76 77 78 79 80 81 84 85 86 87 88 89 91 93 94 95 96 97 98 99 101 103 104 105 108 110 111 113 115 116 117 118 119 121 123 125 126 127 128 130 132 134 135 136 137 138 143 145 147 148 150 151 153 154 157 158 159 160 161 163 164 166 167 168 169 171 172 173 174 175 177 179 180 181 182 185 187 188 189 190 191 192 194 195 196 197 200
955 37 38 40 42 44 45 46 47 48 51 52 54 56 57 59 60 61 62 63 64 66 67 68 69 70 71 73 79 82 83 84 85 86 87 88 89 90 91 92 94 96 97 98 99 101 102 103 104 105 107 108 109 110 111 113 117 119 120 121 122 124 125 126 127 129 130 132 134 136 138 139 142 143 144 146 148 149 150 152 153 154 155 156 157 160 161 162 163 164 165 166 169 170 171 172 173 175 176 177 179 180 181 183 184 185 186 187 188 190 191 192 194 195 196 198
711 38 39 40 41 42 44 47 48 50 51 52 54 55 56 57 58 59 61 64 65 66 68 69 72 74 75 76 77 78 79 80 81 82 83 85 88 89 90 91 92 94 95 96 97 99 100 101 102 103 106 107 108 110 115 116 117 118 120 121 125 126 127 128 130 131 132 133 135 136 137 138 140 141 142 143 144 145 146 147 148 152 154 155 157 161 165 168 169 170 172 173 174 178 179 180 181 183 185 186 187 188 189 190 191 192 193 194 195 196 197 198 199 200
443 39 40 41 42 43 44 48 49 50 51 52 54 60 61 62 63 65 66 67 70 71 72 73 74 75 76 77 79 80 81 82 83 84 85 89 90 91 93 94 96 97 98 99 102 106 108 109 110 111 113 114 115 116 118 122 123 125 127 129 130 132 135 136 139 140 142 143 145 146 147 148 150 151 152 153 154 155 156 157 158 159 160 161 162 163 164 165 166 167 169 170 172 174 175 176 177 179 180 182 183 185 186 187 188 189 193 194 195 196 197 198 199
101 39 40 41 43 44 45 46 48 49 50 51 55 56 58 59 60 61 62 63 64 65 66 67 69 70 72 74 76 78 80 81 84 86 87 88 89 90 91 92 93 94 99 100 101 102 103 104 105 106 108 110 111 112 114 115 118 122 125 126 127 129 130 131 132 134 135 136 137 139 141 146 148 149 150 152 153 154 156 158 159 161 162 163 164 165 166 168 170 172 176 178 179 180 181 182 183 184 186 187 188 190 191 193 195 196 197 199 200
957 40 42 44 46 48 49 50 51 52 55 56 57 59 60 61 62 63 65 66 67 68 69 70 71 72 75 77 78 79 80 81 83 84 85 86 88 89 90 91 92 93 94 95 96 100 101 102 103 104 105 106 108 110 112 113 114 117 118 119 120 121 122 124 126 131 132 133 135 136 137 140 141 142 144 146 148 149 150 151 152 153 154 155 156 157 158 160 161 162 166 170 171 172 173 174 175 176 177 180 181 182 183 184 186 187 188 189 190 191 194 195 197 198 199 200
295 41 43 45 46 47 48 49 50 51 52 53 56 58 59 61 64 65 67 68 69 70 71 72 73 75 76 77 79 80 82 83 85 88 90 92 94 95 96 97 99 100 101 103 105 107 108 110 112 113 114 115 117 118 119 120 122 123 124 125 126 127 130 131 134 135 138 139 140 143 145 146 147 148 150 151 152 154 157 158 159 161 162 163 165 166 167 169 170 172 175 176 177 178 180 182 185 189 190 191 192 195 196 197 199
722 42 44 45 46 48 49 50 51 53 59 61 63 65 66 67 68 71 73 74 75 76 78 81 82 83 84 85 86 87 88 90 91 92 94 95 96 98 99 100 102 103 104 105 106 107 109 110 111 113 114 115 116 118 119 120 121 122 125 126 127 129 130 131 134 135 136 137 139 141 142 144 145 147 148 150 151 152 154 155 156 158 159 160 161 164 170 172 174 175 176 178 180 181 182 183 184 185 186 187 188 189 191 193 194 195 196 197 199 200
122 43 44 45 46 47 48 49 52 53 54 55 56 57 60 62 63 64 65 66 68 69 70 71 72 73 75 76 77 78 79 81 82 83 84 88 89 90 91 92 93 94 95 101 102 104 105 106 107 109 113 114 115 116 119 120 121 122 126 127 128 131 133 134 136 138 139 141 142 143 144 145 146 147 148 149 150 152 153 154 155 156 157 158 159 160 165 166 167 171 172 173 176 177 183 184 186 187 188 189 190 193 194 196 197 198 200
982 44 47 49 50 51 52 53 54 56 61 67 71 75 76 77 78 81 83 84 85 86 87 88 89 90 91 93 94 95 96 98 99 100 101 102 103 104 105 107 109 110 112 113 115 119 121 122 126 127 128 131 133 135 136 138 143 145 146 147 148 149 151 153 154 155 156 157 158 159 161 162 163 164 166 167 171 172 174 176 178 180 181 183 185 186 187 188 189 190 192 193 194 195 196 197 198 200
446 49 51 52 53 55 56 57 58 60 62 63 67 68 70 71 72 73 74 75 76 77 79 80 81 84 87 88 89 90 93 94 97 98 100 101 103 106 107 108 109 110 111 112 114 115 117 118 119 120 121 122 123 124 126 127 128 129 130 131 132 136 137 138 140 141 144 145 146 147 148 150 151 152 153 154 156 157 158 159 161 162 163 164 165 167 168 169 170 171 172 173 174 175 176 177 179 180 181 182 183 184 187 188 189 190 191 192 193 194 195 196 197 198 199 200
388 48 52 54 55 58 59 62 64 65 66 67 68 71 73 75 76 77 82 84 85 86 89 90 93 94 95 96 97 98 99 100 101 102 103 104 106 108 111 112 113 117 120 121 123 124 125 126 127 130 131 134 135 136 137 138 139 140 141 143 144 146 147 148 149 151 153 154 155 156 157 158 159 160 161 163 165 167 169 170 171 172 173 174 175 176 177 179 180 183 185 186 188 189 190 191 192 193 194 195 196 197 199
873 49 50 51 52 53 55 56 61 62 63 64 65 66 68 70 72 74 75 76 77 78 79 80 81 82 84 85 88 90 91 93 94 95 96 97 99 100 101 102 103 104 105 106 107 108 109 110 111 112 113 114 115 116 117 118 120 121 122 125 126 127 128 129 131 132 133 134 138 139 141 143 145 146 147 150 151 152 153 154 155 156 159 160 162 163 164 165 166 169 170 171 174 175 176 177 179 180 182 183 184 185 186 187 188 189 190 191 192 193 194 195 196 197 198
922 48 50 51 53 56 57 60 62 67 68 69 70 75 76 78 79 80 81 82 83 85 88 89 90 91 92 93 94 97 99 100 101 102 103 107 108 109 110 111 114 116 119 120 121 122 123 124 125 128 129 130 131 132 133 134 135 137 139 140 141 143 146 147 148 149 150 151 155 156 157 158 160 162 164 165 167 168 170 174 176 177 178 180 181 182 184 186 191 192 193 194 195 197 198 199
133 49 50 51 54 55 56 57 58 59 60 63 66 69 70 71 72 73 75 76 77 78 79 81 83 84 85 86 87 88 91 93 95 96 99 100 101 102 103 104 105 107 108 110 111 112 113 114 115 118 119 120 121 122 124 126 127 129 130 131 132 133 134 136 137 138 139 140 142 145 147 148 149 150 151 152 155 157 158 159 160 162 163 164 165 166 169 170 171 173 174 175 176 177 178 180 181 182 183 184 186 187 188 191 192 195 197 199
997 50 51 52 55 56 60 61 62 63 64 67 68 69 72 73 74 77 79 80 81 85 88 89 91 96 97 99 101 102 103 104 107 108 109 111 112 113 114 116 117 118 119 120 121 122 124 126 128 129 130 132 133 135 136 137 139 140 141 142 143 145 146 147 149 150 152 153 156 157 158 160 163 166 167 168 169 170 171 172 173 174 176 177 178 180 181 182 183 186 187 189 190 191 192 194 195 196 197 198 199 200
139 51 53 54 56 59 60 63 64 67 68 69 70 71 72 73 75 76 77 78 79 80 82 83 84 86 87 88 89 90 91 92 94 96 97 98 101 102 103 104 105 106 107 109 111 112 113 114 115 116 117 118 122 123 124 125 128 129 130 132 135 136 138 139 141 142 143 145 146 147 148 151 152 153 154 155 157 158 159 161 162 163 164 165 166 167 168 169 171 173 176 180 181 182 185 186 187 188 189 190 191 192 194 195 196 198 199 200
440 52 53 56 57 58 59 60 61 62 63 64 65 66 67 69 70 71 72 73 76 80 81 82 83 84 85 86 87 88 90 91 92 94 95 96 97 99 100 101 102 106 107 108 109 110 111 112 115 118 119 120 121 123 125 126 129 130 131 132 134 135 136 138 142 143 144 145 146 147 148 150 151 152 154 155 157 158 159 161 162 163 164 165 166 167 168 169 170 171 173 175 177 178 179 180 181 182 183 185 189 190 191 192 193 194 196 197 200
975 53 55 56 58 60 62 63 64 66 67 68 69 70 71 72 73 74 75 76 77 79 80 81 83 84 87 88 89 90 91 92 93 94 97 98 99 103 105 106 108 111 112 113 114 115 116 119 120 122 123 124 125 126 127 128 129 131 132 133 134 135 137 140 144 146 147 148 149 151 152 155 156 159 161 162 163 164 166 167 168 169 170 172 173 174 175 176 177 179 181 183 184 185 189 190 192 193 194 195 196 197 198 199 200
965 56 57 58 62 63 65 66 67 68 69 70 71 72 73 74 75 76 77 81 83 85 87 89 93 97 100 101 102 103 104 105 106 109 110 111 112 113 114 115 117 118 121 122 123 124 126 127 128 129 130 132 133 134 135 136 137 138 139 140 141 142 144 145 146 147 148 150 151 153 154 156 157 158 161 162 163 164 165 168 169 170 172 173 174 176 177 178 179 181 185 187 188 189 192 193 194 195 196 200
450 55 56 57 60 61 63 65 66 68 69 70 71 72 74 75 79 80 81 82 83 84 85 86 87 88 89 90 93 95 96 98 99 100 102 104 106 107 110 113 114 116 117 119 121 122 123 124 125 128 129 130 131 132 134 139 140 141 142 143 144 146 148 149 151 152 153 155 157 159 161 162 163 165 166 167 168 169 170 171 172 173 174 177 179 180 182 183 184 187 188 189 190 191 192 193 194 195 196 200
113 57 58 59 60 61 62 63 64 65 68 70 72 73 74 75 76 77 78 79 80 81 82 84 85 86 88 90 91 92 93 94 95 96 99 100 102 104 105 106 112 113 114 117 118 119 120 121 123 124 125 126 128 131 132 133 134 137 138 140 143 145 146 147 148 149 151 152 153 154 156 157 158 162 163 164 167 169 170 172 173 175 176 177 178 182 184 185 190 191 192 194 195 196 200
557 57 58 59 61 62 63 64 65 66 67 68 69 70 72 73 74 76 77 78 79 82 83 84 87 88 89 91 92 93 95 96 97 98 99 100 102 103 104 105 108 109 111 113 114 115 116 118 120 122 123 124 125 126 128 129 133 134 137 138 139 140 142 145 146 147 149 150 151 152 153 154 155 156 157 158 159 160 161 162 163 166 168 169 170 172 173 175 176 177 179 181 183 184 185 186 187 188 189 190 193 195 197 198 200
115 58 59 62 65 66 67 69 72 74 77 78 80 83 84 86 87 88 89 90 91 92 93 94 96 97 99 100 103 107 108 109 110 111 112 114 115 116 119 120 121 122 123 124 125 128 130 132 133 135 136 137 139 140 143 145 146 147 149 150 151 152 153 154 157 159 160 162 163 165 166 167 168 169 171 172 173 174 175 177 178 179 180 186 189 190 191 192 193 194 195 197 199 200
202 59 60 61 62 64 66 67 68 69 70 71 72 73 75 76 77 79 82 85 86 87 91 92 93 94 97 98 99 100 102 104 105 108 109 110 113 114 115 116 117 118 119 120 121 122 124 125 126 127 129 130 132 134 136 137 139 142 143 144 145 146 147 149 150 151 153 154 156 158 161 162 164 165 166 167 169 170 171 172 174 175 178 179 180 181 182 183 184 187 188 189 191 192 193 195 197 200
385 60 61 63 65 68 69 70 71 73 75 76 77 78 79 80 81 82 84 85 86 87 88 90 91 94 95 96 97 98 100 101 102 105 107 108 110 111 112 113 114 115 116 117 119 120 121 122 124 125 127 129 130 131 132 133 134 135 137 138 139 140 141 142 144 146 147 149 150 152 153 157 158 159 161 162 164 166 167 168 169 170 171 175 176 177 178 180 182 183 187 188 189 190 191 193 194 195 196 197 199 200
377 61 62 63 64 67 68 69 71 72 73 75 76 77 81 82 83 84 85 86 87 88 89 90 91 92 93 95 96 97 98 99 101 102 103 104 105 106 108 109 110 111 112 113 114 115 116 117 118 120 122 123 124 125 126 128 129 133 134 135 137 141 142 143 144 146 150 152 153 154 156 157 158 160 162 163 164 165 166 167 169 171 173 174 176 177 178 179 181 183 185 186 187 188 189 190 192 193 194 195 196 197 198
253 62 63 64 66 67 69 70 71 72 73 76 77 79 80 81 82 85 86 87 91 92 93 96 97 98 99 104 105 106 107 109 110 111 112 114 115 116 120 121 123 125 126 128 130 131 132 135 136 137 138 139 140 141 143 144 146 147 148 149 150 152 153 154 155 156 159 160 161 162 163 164 165 167 168 169 170 171 172 173 174 178 179 180 183 185 186 187 189 191 192 193 194 197 198 200
616 64 66 67 68 69 70 71 72 74 76 77 78 80 81 83 84 85 86 87 88 89 90 92 93 95 96 97 98 101 102 106 107 110 111 113 115 117 119 120 122 124 126 127 129 130 132 133 135 136 138 139 140 142 143 144 146 147 150 152 153 155 156 157 158 159 160 161 162 164 166 167 168 169 170 171 172 173 175 177 178 179 184 185 186 187 188 190 191 193 194 195 196 197 198 200
665 64 66 67 68 69 70 71 73 74 76 77 80 82 83 84 85 87 88 89 91 93 95 96 97 98 100 101 102 103 104 106 107 108 109 110 111 112 113 114 115 116 119 120 121 122 123 125 126 127 131 133 134 136 139 140 142 143 144 146 147 148 150 152 154 155 157 158 159 161 162 164 165 166 167 169 172 173 176 177 178 182 183 184 185 187 188 190 191 192 193 194 196 198
922 65 69 70 71 74 75 77 78 79 80 81 83 84 85 86 88 89 90 93 95 96 98 99 100 101 102 103 104 107 110 111 112 116 119 120 121 123 124 126 127 129 130 131 132 133 134 135 142 144 145 147 148 149 150 151 155 156 157 158 160 162 163 164 165 169 171 173 174 175 177 178 179 180 182 184 186 187 188 190 191 192 193 194 197 198 199 200
941 67 68 72 74 75 77 78 79 83 84 85 86 88 89 90 91 92 93 94 96 97 98 99 101 102 103 105 106 108 110 111 113 114 115 116 117 119 120 121 122 123 124 126 129 132 133 134 135 136 137 138 139 140 141 146 147 148 149 150 153 155 156 158 160 161 162 164 167 168 169 170 171 172 175 177 178 179 180 182 183 184 185 186 187 188 189 190 191 192 193 194 195 196 197 198 200
969 67 68 70 71 72 73 74 75 77 78 79 80 84 85 87 92 93 94 95 96 97 99 101 102 103 105 107 109 110 115 116 117 119 120 121 122 123 124 125 126 127 129 130 131 132 133 134 135 138 140 141 142 145 149 150 151 152 155 156 157 159 162 163 164 165 166 167 168 172 173 174 176 178 179 180 182 183 184 188 189 190 191 192 194 195 196 197 199
795 69 70 71 72 75 76 77 78 80 82 83 84 85 86 87 89 93 94 96 98 99 100 101 102 103 104 105 106 108 112 113 114 115 116 117 118 119 120 121 122 123 124 125 126 127 128 132 133 135 137 138 139 140 141 147 148 150 151 152 153 155 157 158 160 161 163 164 165 166 167 168 170 173 179 180 181 183 184 185 186 187 188 189 192 194 195 196 197 198 200
348 69 70 72 73 74 76 77 78 79 81 82 83 84 85 86 87 88 89 90 92 95 97 100 101 102 103 104 106 107 108 109 110 111 113 114 117 119 120 121 122 123 124 126 128 129 131 133 134 136 137 138 139 140 141 142 146 148 149 151 152 154 155 156 157 158 161 162 164 166 167 168 169 170 171 172 173 174 175 176 177 178 179 181 182 183 184 185 186 187 188 189 190 192 194 195 196 198
480 72 73 75 76 77 79 80 81 83 84 85 86 87 88 89 91 92 93 95 97 99 100 101 103 104 106 107 109 110 113 114 115 118 119 121 123 124 125 126 127 129 131 132 133 135 136 137 140 142 143 144 145 147 148 149 152 153 154 155 156 158 159 160 162 163 164 166 167 168 169 171 172 174 177 179 180 181 183 185 186 187 189 190 191 192 193 195 196 197 198 199 200
146 71 72 74 75 77 79 80 83 84 87 88 92 94 95 96 99 101 102 103 104 109 111 112 113 114 115 118 121 122 123 126 127 128 129 131 134 135 136 137 138 139 140 141 143 144 145 146 147 148 150 153 154 155 156 157 159 160 161 162 163 164 166 167 168 169 170 171 173 174 176 177 178 181 183 185 186 187 188 189 190 191 193 194 195 197 199 200
720 75 76 78 79 80 81 82 83 84 85 86 88 89 91 92 95 96 97 98 100 101 102 105 106 107 109 112 113 114 116 117 118 119 120 122 125 126 128 129 130 131 133 134 135 136 137 138 139 140 141 142 143 144 145 146 147 148 149 152 154 155 157 158 159 160 161 162 163 164 165 166 167 171 173 174 175 176 177 180 182 183 184 185 186 187 190 191 192 193 194 195 196 198 199 200
289 73 74 76 77 79 80 81 82 84 85 86 87 89 91 93 94 95 98 99 100 101 103 104 105 106 107 108 111 113 114 116 117 120 121 122 123 125 129 131 132 133 134 135 136 137 138 139 141 142 144 145 146 147 148 149 150 151 153 154 157 158 159 161 163 164 165 167 168 169 171 172 173 174 175 176 177 178 179 180 181 182 183 184 185 186 187 188 191 192 193 197 198
844 74 75 77 78 81 82 83 84 85 87 88 89 90 92 93 94 95 97 98 99 101 102 103 104 105 106 107 108 109 110 111 114 115 119 123 124 125 126 127 128 129 130 131 132 133 134 135 136 138 139 140 142 143 146 147 148 150 151 152 153 154 155 156 157 158 159 162 164 165 167 169 172 175 176 178 179 180 181 183 184 186 188 189 190 191 192 194 196 197 198 199
173 75 77 78 79 80 81 82 83 84 85 87 88 89 90 91 92 93 94 95 96 97 98 99 100 102 104 105 107 108 111 113 114 118 120 121 122 123 125 126 127 130 131 132 135 136 137 138 141 142 143 144 146 149 150 154 155 157 158 159 160 161 163 164 165 166 167 169 170 171 173 174 175 176 177 178 179 180 181 183 186 187 188 191 192 193 194 195 196 199
885 77 78 79 80 81 83 84 85 86 87 88 89 90 91 92 93 94 95 96 97 98 100 101 102 103 104 109 110 111 112 113 114 115 116 118 120 121 122 124 126 129 131 132 133 134 135 136 137 138 139 140 141 143 144 145 147 148 154 155 157 158 159 162 163 164 165 167 169 170 172 173 174 175 176 179 181 182 184 186 187 188 189 190 191 193 194 195 197 198 199 200
880 78 80 81 83 84 86 88 89 90 91 96 98 99 100 102 103 104 105 106 110 112 113 116 119 120 121 123 124 125 126 128 129 130 131 133 134 136 137 138 139 140 142 147 148 149 150 151 152 154 156 157 158 159 160 161 163 164 165 166 169 170 171 172 173 175 176 177 180 181 182 185 186 189 190 192 193 194 195 197 198 200
328 78 79 80 81 82 83 84 85 86 87 88 91 94 95 96 97 99 100 101 102 104 105 106 107 108 112 113 114 117 119 120 122 123 124 126 128 129 131 132 133 135 136 137 138 139 142 143 144 145 148 149 150 151 152 155 157 160 161 163 164 165 168 169 171 173 175 176 177 179 180 181 183 184 186 188 189 190 191 192 195 196 197 198 200
994 79 80 83 84 86 87 88 90 91 92 94 95 98 99 100 101 102 103 104 105 108 109 112 113 114 116 117 118 119 121 122 123 127 128 130 131 132 133 136 137 138 139 140 141 142 143 144 145 146 148 149 150 151 152 154 155 156 157 158 159 160 161 162 165 166 167 168 170 171 173 174 175 176 177 178 179 181 182 183 185 186 187 188 189 190 193 195 196 197 198 199 200
484 80 81 82 83 84 87 88 89 91 93 94 96 97 98 99 100 101 104 105 108 110 111 112 113 114 115 116 117 118 119 120 122 123 125 126 127 129 130 132 133 134 135 137 138 139 140 141 142 143 144 145 149 150 151 152 153 154 156 157 158 162 165 166 167 168 169 170 171 172 173 174 175 179 181 183 184 186 187 189 190 191 192 195 196 197 198 200
623 82 86 87 89 90 91 92 93 95 96 97 98 100 102 107 108 109 111 112 116 117 119 121 122 124 125 129 130 132 133 134 135 136 137 138 139 140 142 144 145 146 148 149 151 153 154 157 158 160 162 163 164 165 167 168 169 170 171 172 173 174 175 176 177 178 180 181 182 183 184 185 186 188 190 194 195 197 198 199 200
588 82 83 86 87 90 91 92 93 94 95 96 97 99 100 104 105 106 109 112 113 115 117 118 119 120 121 123 124 125 126 127 128 129 130 131 132 135 138 139 140 141 143 144 147 148 150 151 152 158 159 160 162 163 172 173 175 177 179 180 183 186 187 189 190 192 193 194 195 196 199
645 83 84 85 86 87 88 89 93 95 97 98 99 100 101 103 105 106 107 108 109 112 114 116 117 118 119 120 122 123 125 126 127 131 132 133 134 135 136 138 139 140 141 145 147 148 149 150 151 153 154 155 156 157 158 159 160 161 162 163 164 166 167 168 169 170 171 172 174 175 178 179 180 182 185 186 187 188 190 191 193 194 195 196 199 200
201 85 86 87 88 90 91 92 93 94 95 96 97 99 100 101 102 104 105 106 107 108 110 111 112 113 114 116 118 120 122 123 125 126 128 129 130 131 132 133 136 137 138 139 140 141 142 143 144 145 149 151 152 155 156 157 159 162 163 164 167 171 172 173 174 175 176 177 178 179 180 181 182 184 185 186 187 188 189 190 192 193 195 196 197 198 199 200
288 85 86 87 88 91 92 93 94 95 96 97 98 99 100 102 103 104 105 106 109 111 113 114 116 117 118 119 120 121 123 124 125 126 127 128 129 130 131 132 133 134 136 139 140 141 142 144 145 146 147 149 150 151 152 154 155 156 157 158 161 162 165 166 167 169 171 174 175 176 177 178 179 181 182 185 186 188 189 191 193 195 196 197 198 200
587 86 87 88 89 91 92 93 96 98 99 101 102 103 104 106 107 109 111 112 114 115 117 118 119 120 121 122 124 125 128 130 131 133 135 136 138 141 143 145 146 147 148 150 153 154 155 157 159 160 161 162 163 164 165 167 168 170 172 173 174 177 179 180 181 183 184 185 186 187 189 190 191 192 193 194 196 198 200
561 87 89 93 94 95 97 98 99 101 103 104 105 107 108 109 110 113 114 115 116 118 120 121 124 125 126 127 129 132 135 136 140 141 142 145 146 147 149 150 153 155 156 157 158 160 161 162 165 166 169 170 171 173 174 175 176 177 178 181 182 183 184 185 190 191 192 194 195 197 198 199
219 88 89 90 91 92 93 94 95 96 97 99 100 101 102 104 105 106 108 110 111 113 114 116 118 119 121 123 124 125 126 127 129 130 132 134 135 136 140 141 142 143 144 146 149 150 151 152 153 154 160 161 162 165 166 167 169 170 172 173 174 175 176 177 179 180 181 182 184 185 188 189 190 191 194 197 198
171 89 90 91 92 95 96 97 98 99 100 101 102 103 104 106 107 108 109 111 112 114 115 117 118 119 121 122 123 124 125 127 128 131 132 133 136 137 140 142 143 146 147 148 149 150 151 153 154 155 156 160 161 163 164 165 166 168 169 170 171 172 173 174 175 176 177 179 180 183 184 186 188 189 192 193 194 195 196 197 199 200
458 90 92 93 94 95 97 98 99 100 101 102 103 106 107 112 113 115 117 118 119 120 121 122 124 125 126 127 128 129 130 131 132 133 135 137 138 139 140 142 143 144 145 146 147 148 149 151 152 153 154 156 158 159 161 162 163 165 167 168 170 171 174 175 178 179 181 182 184 185 186 187 188 190 191 192 193 194 197 200
467 91 92 93 94 95 96 98 99 101 103 104 105 106 109 110 111 113 114 115 116 117 118 119 121 124 125 126 127 128 129 130 131 133 134 135 137 138 139 140 141 143 144 151 153 156 157 162 163 165 166 168 169 170 171 172 174 175 176 177 178 179 180 181 185 186 187 189 190 191 192 193 194 195 196 197 198 199 200
257 92 93 94 96 99 100 101 102 103 104 105 106 108 109 111 112 113 115 117 118 119 121 122 123 124 125 126 127 130 131 132 135 136 138 139 140 141 143 146 147 149 150 152 153 154 157 160 163 166 169 170 171 175 177 178 179 180 181 182 184 185 188 189 190 194 195 196 198
238 93 95 96 98 100 101 102 103 104 108 110 111 112 113 115 116 117 118 121 122 125 128 129 131 132 134 135 136 138 139 140 141 142 143 144 146 147 148 149 150 151 152 153 155 156 158 159 160 164 165 167 169 171 172 174 175 177 181 182 183 184 186 188 189 190 191 192 193 197 198 199 200
497 94 95 96 97 99 100 101 103 104 105 107 108 111 112 114 116 118 120 123 124 125 127 128 130 131 132 133 134 137 138 139 141 142 143 144 146 149 150 151 152 153 155 156 157 158 159 161 162 163 165 169 170 171 172 173 175 176 177 178 180 181 183 184 185 186 188 189 190 191 192 193 195 196 197 198 200
818 95 96 97 99 100 101 102 103 105 106 107 108 109 110 111 112 114 116 117 118 119 120 122 123 125 126 127 129 131 132 133 135 138 140 141 142 143 144 145 146 148 149 150 151 152 153 154 155 158 159 160 162 165 166 168 170 173 176 177 179 180 182 184 189 192 193 196 198 199 200
957 98 100 102 103 104 106 108 109 114 115 117 118 119 120 121 122 123 124 125 126 127 129 131 132 135 137 139 140 143 146 147 149 150 151 152 153 155 156 157 159 160 161 162 165 167 168 169 170 171 173 174 175 178 179 180 181 182 184 185 186 187 188 191 192 194 196 198 199 200
386 98 99 100 101 102 103 104 105 106 107 109 110 113 116 118 120 121 123 125 126 130 131 132 133 134 135 136 137 138 140 142 143 144 145 150 151 153 154 155 157 158 159 160 161 162 164 166 167 168 169 170 171 172 173 174 175 176 178 179 180 181 182 184 185 186 187 188 189 191 192 194 196 197 198 200
563 98 100 102 103 104 105 109 111 112 113 114 115 116 118 119 120 121 122 123 124 126 128 129 130 133 134 135 137 138 139 140 141 142 143 145 146 148 149 151 152 153 154 156 157 158 159 161 162 165 166 168 169 172 175 176 178 180 181 182 183 184 185 186 187 189 190 192 193 194 196 197 199 200
236 100 103 104 105 106 107 108 109 110 111 112 113 114 115 117 118 119 120 123 124 128 131 134 135 136 137 138 139 140 141 143 144 145 146 147 150 151 153 154 155 156 157 158 162 163 164 167 168 169 170 172 173 175 177 179 180 182 185 187 188 189 190 192 194 195 198 199 200
671 101 105 106 107 109 110 111 112 113 114 115 116 117 119 120 121 122 123 125 126 128 129 130 132 133 134 135 136 137 138 139 140 141 142 143 144 145 148 149 150 151 152 155 156 157 158 159 161 162 163 165 166 167 169 170 172 173 174 176 177 178 179 183 184 186 187 188 189 190 193 195 197 198 200
697 101 102 103 104 105 108 110 112 114 115 116 119 122 123 124 125 126 127 128 129 130 131 132 133 135 136 137 138 139 140 142 144 145 146 147 150 152 153 155 156 157 158 159 160 161 163 164 167 168 169 170 171 173 174 177 178 179 180 181 183 184 186 190 191 192 195 196 198 199 200
583 102 106 107 109 111 115 116 117 118 119 120 124 125 126 128 129 130 131 132 133 134 135 136 137 138 139 140 144 145 146 147 148 149 150 152 153 154 156 157 159 161 163 164 165 166 167 168 169 172 173 174 175 176 177 180 181 182 183 185 186 187 188 189 190 191 192 193 194 195 196 198 199 200
544 103 104 106 107 110 111 112 114 115 117 118 120 125 126 127 129 130 131 132 133 134 139 140 141 143 145 146 147 148 149 150 152 153 154 155 156 157 158 159 160 161 162 163 164 165 166 167 168 169 172 174 175 176 177 181 182 184 186 187 188 189 190 192 194 196 197 200
725 104 107 108 109 111 112 113 114 115 116 117 119 120 122 123 124 125 126 127 128 129 132 133 134 136 137 139 140 141 142 143 145 146 147 148 149 150 152 153 154 155 157 158 159 160 161 162 163 164 165 166 168 170 171 172 173 174 175 176 177 178 179 180 182 183 184 185 186 187 190 191 192 194 195 196 197 198 199 200
349 105 107 109 110 112 115 116 117 118 119 121 122 123 128 129 130 131 132 133 134 135 136 137 138 139 140 141 143 144 145 146 147 149 150 152 153 154 155 157 158 159 162 163 164 167 168 170 171 173 174 176 180 182 184 185 186 187 188 189 190 191 192 193 195 196 197 199
820 106 107 108 111 112 113 114 117 121 122 126 128 130 131 132 134 136 137 138 139 140 141 143 144 145 146 147 148 149 150 152 153 154 155 156 158 159 160 162 163 164 165 166 167 168 169 171 174 175 176 177 178 182 185 186 187 188 189 191 192 193 194 195 196 197 198 199
996 107 108 112 113 114 115 116 117 118 121 123 124 125 126 127 128 129 130 131 132 133 134 135 138 140 141 143 144 145 147 148 149 151 152 153 155 157 158 159 160 161 162 163 164 165 166 167 168 170 172 173 174 175 176 177 178 179 181 182 183 185 186 188 191 192 193 194 197 198 199 200
934 109 111 112 113 114 117 119 120 122 123 124 125 126 127 128 129 130 131 132 133 134 135 137 138 139 140 141 142 143 144 146 147 148 149 150 151 153 154 156 157 158 159 160 161 162 163 166 168 169 172 173 175 176 177 178 179 180 181 183 184 185 186 188 190 192 193 195 196
184 109 110 111 114 116 117 118 119 120 121 122 124 128 129 131 132 134 135 136 137 138 139 140 142 143 144 145 146 147 148 150 153 154 155 156 157 159 160 163 164 165 166 167 168 170 171 172 173 175 177 178 179 180 181 185 190 192 193 194 195 196
727 110 112 113 115 119 120 122 123 127 128 130 131 132 133 134 136 138 139 140 141 142 143 145 146 148 149 150 151 155 159 161 163 165 166 169 171 172 173 175 176 177 179 180 181 183 184 187 188 189 190 191 193 194 195 196 197 198 199 200
965 113 114 115 116 118 119 120 121 122 124 125 126 129 130 131 133 134 135 136 137 138 141 142 143 144 145 146 150 153 154 155 157 158 159 163 164 165 166 167 168 169 170 172 173 174 175 177 178 181 184 185 186 188 189 191 193 197 199 200
953 112 114 115 116 117 119 120 121 122 123 124 126 128 131 133 134 135 136 137 138 139 140 142 143 144 145 146 147 149 150 151 156 157 160 161 165 167 168 169 174 175 176 178 179 180 182 183 184 185 186 188 189 190 191 192 193 194 196 197 198 200
497 113 114 115 116 117 118 121 122 123 124 128 129 130 131 132 134 135 137 138 139 142 143 145 146 147 148 149 151 153 154 155 156 157 158 159 161 162 163 164 165 168 172 174 177 179 180 181 182 183 184 185 186 187 188 189 190 191 192 193 195 196 197 198 200
704 114 116 117 118 119 120 121 122 123 125 128 129 130 132 133 135 136 138 139 140 141 143 144 147 148 149 151 152 153 154 156 157 159 161 162 164 167 168 169 170 171 175 176 177 178 179 180 184 186 187 188 189 190 192 194 196 197 198 200
263 116 121 122 123 125 126 127 128 129 133 134 136 138 139 141 142 145 147 148 151 154 155 156 157 158 160 161 162 163 164 166 169 171 172 174 175 177 178 180 181 182 184 185 187 190 191 192 194 196 197 199
217 117 118 119 121 123 124 126 127 129 130 131 132 133 134 135 136 138 140 141 143 144 146 149 152 153 155 156 158 160 163 164 165 166 167 169 170 171 172 174 176 178 181 182 183 184 185 187 188 189 191 192 193 194 195 196 198 199 200
475 117 119 121 122 123 126 128 129 130 131 132 134 135 138 140 141 144 145 147 148 155 157 159 160 161 162 164 165 166 168 170 174 175 178 179 181 182 184 185 186 187 188 190 191 192 196 198 199 200
445 118 119 120 121 122 123 124 126 127 129 130 133 134 135 138 141 142 143 144 145 150 151 153 154 155 156 158 159 161 162 164 165 166 167 168 169 172 174 176 179 181 182 183 185 188 190 191 192 194 195 196 197 198 199
835 119 120 121 122 124 125 126 127 129 130 131 133 136 137 138 139 140 141 142 144 145 146 147 148 149 152 153 154 155 156 157 159 162 163 164 165 166 167 169 170 171 173 175 176 177 178 179 180 181 182 183 184 188 189 191 192 195 196 199 200
504 121 122 123 124 126 127 128 130 131 132 134 135 136 138 139 140 142 144 146 147 148 149 150 151 152 153 155 156 157 158 159 160 162 163 164 165 166 167 168 170 171 172 175 176 177 180 183 185 186 187 188 189 192 193 194 196 198 199
876 121 122 123 124 125 126 127 129 130 131 133 134 136 139 140 142 143 145 146 148 149 150 151 152 154 156 157 159 160 162 163 164 166 167 168 169 171 173 174 177 179 180 181 183 184 185 187 189 193 194 195 198
141 123 124 125 126 127 128 129 130 131 132 133 136 137 138 140 141 143 145 146 147 149 152 153 155 156 157 158 159 160 162 163 166 167 170 172 174 175 176 179 180 182 183 184 185 186 188 190 191 194 195 196 198 199 200
827 124 125 127 128 130 131 132 133 135 136 137 140 141 143 144 145 147 149 150 151 154 156 157 158 159 160 162 163 168 169 171 172 174 177 178 182 183 184 185 186 187 188 189 190 191 192 193 194 195 197 198 199 200
424 124 127 129 132 134 135 136 137 138 140 141 142 143 146 147 148 149 150 151 152 153 155 156 157 158 159 160 162 163 164 165 166 167 168 169 170 171 172 173 174 175 176 177 179 181 182 183 184 186 190 191 192 195 196 200
957 126 127 128 129 130 132 134 135 136 137 138 139 142 143 145 147 148 149 150 155 156 157 158 159 160 161 164 167 168 170 176 177 180 185 187 189 192 193 196 199 200
693 126 127 128 130 131 132 134 135 136 137 138 140 141 142 143 144 146 147 149 150 151 154 155 157 158 159 160 161 162 163 165 166 169 170 171 172 173 174 175 177 178 180 182 183 184 185 187 188 189 190 191 193 197 198 199 200
935 127 129 130 131 133 134 135 136 137 139 140 143 144 145 146 147 148 150 151 153 154 155 156 158 159 161 163 164 165 166 168 170 173 174 175 176 178 179 180 182 185 187 188 190 191 192 198 199 200
193 128 129 130 131 133 134 135 136 137 138 141 142 143 144 145 146 147 148 149 152 153 155 156 157 162 163 164 167 168 170 171 174 176 177 178 179 182 183 188 190 191 192 193 195 196 199
735 129 130 131 132 133 134 137 138 139 140 141 142 144 147 148 149 153 154 155 156 157 158 163 164 165 167 168 169 170 171 172 173 174 176 177 178 179 180 181 183 184 185 186 187 189 192 193 194 195 196 198 200
284 131 132 134 135 136 137 138 140 141 143 144 146 147 148 150 152 153 155 156 157 158 161 162 163 164 167 169 170 171 172 173 174 175 176 177 178 180 182 184 186 187 188 191 192 194 196 197 198 200
304 131 133 135 137 139 140 142 144 146 148 152 153 154 155 156 157 158 161 163 164 165 166 167 168 169 170 172 173 174 175 176 177 178 179 180 181 183 184 185 186 187 188 190 192 193 194 197 198
682 132 133 134 136 137 138 139 140 141 144 145 147 148 152 153 155 156 159 160 161 162 165 166 167 168 169 171 172 174 175 178 180 181 183 184 185 188 189 190 191 192 193 194 195 196 197 198 199 200
948 133 135 136 137 140 141 142 145 146 147 149 150 151 152 153 154 155 156 157 159 160 161 162 163 164 165 167 168 169 172 174 177 178 179 181 182 184 185 186 187 188 189 190 191 192 193 194 195 197 198 199 200
132 134 135 136 138 139 140 141 142 143 145 146 147 148 150 151 155 156 158 161 164 166 167 168 169 170 171 172 173 174 175 178 179 180 181 182 183 185 186 189 190 192 193 194 195 196 197 198 199 200
992 137 138 139 140 143 146 149 150 151 153 154 155 156 161 162 163 165 166 167 168 169 170 171 172 174 176 177 180 181 182 183 184 185 186 188 190 191 192 193 194 195 196 197 200
292 136 137 138 145 146 147 148 149 150 152 153 154 155 157 160 161 162 163 165 166 169 170 173 174 176 177 178 179 180 181 182 183 185 186 187 188 189 190 192 194 195 196 197 198 199 200
794 138 139 140 142 143 146 147 148 152 153 154 156 157 158 159 160 161 162 163 165 167 168 170 177 179 183 184 185 188 189 191 192 193 196 199 200
423 139 140 142 143 144 145 148 149 150 151 152 153 154 155 156 157 158 160 161 162 163 164 165 166 168 169 171 172 173 175 176 177 179 180 181 182 184 185 186 187 188 189 190 191 192 194 196 197 198 199 200
742 139 141 142 144 146 148 149 151 152 154 155 156 157 158 159 160 161 162 163 165 166 167 168 169 170 171 172 173 174 175 177 178 179 180 181 182 183 184 185 186 187 188 189 190 191 192 193 194 195 197 198 200
481 141 142 143 144 145 146 147 148 149 151 152 153 155 156 157 158 159 161 162 163 164 166 168 169 170 171 173 174 175 176 177 178 179 180 181 182 184 186 187 189 190 191 192 193 196 197 198 200
514 141 143 144 147 148 149 150 151 152 154 155 156 157 158 159 160 162 164 165 166 167 169 170 171 172 173 174 176 179 180 181 183 184 185 186 187 189 190 191 192 195 196 197 198
553 143 146 147 148 151 152 154 155 156 157 158 160 162 165 168 170 171 172 173 175 176 177 180 181 182 188 189 190 191 193 194 196 197 198 199
947 144 145 146 147 148 149 151 154 155 157 158 159 160 161 163 164 166 167 168 169 170 171 172 174 175 176 179 180 181 182 183 184 187 189 193 194 195 197 198 199
193 144 145 146 147 149 150 152 153 157 158 159 160 162 163 165 166 168 171 172 173 175 176 177 178 179 180 181 183 185 186 187 189 193 194 195 196 197 198 199
776 145 146 149 150 151 156 157 158 159 162 163 164 165 166 167 168 169 171 172 173 174 175 176 178 181 184 185 186 187 188 190 191 193 194 198 199 200
140 146 147 151 155 156 157 158 160 161 162 164 165 166 169 170 172 173 174 175 177 180 181 182 184 187 190 191 192 193 194 195 197 198 199
958 150 151 153 154 155 156 158 159 160 161 162 163 165 166 167 169 170 172 173 174 175 177 178 179 181 182 183 184 187 188 189 191 192 193 194 195 196 197 200
781 149 150 151 152 153 154 157 158 159 160 162 163 165 167 168 169 170 171 172 173 174 175 176 177 178 179 180 181 182 184 185 186 187 188 189 191 192 193 194 195 197 198 199 200
797 149 153 154 155 157 158 159 161 162 164 165 166 167 170 174 175 176 177 179 180 181 182 185 187 188 191 193 194 195 198 199 200
460 150 151 153 155 156 157 158 160 161 162 164 165 166 167 170 173 175 177 178 179 181 182 183 184 185 187 188 189 190 191 192 193 194 195 196 197 198 200
487 152 153 155 156 157 158 160 161 162 164 165 166 167 168 170 172 173 174 175 176 178 179 180 181 182 185 186 187 188 190 191 192 193 194 196 197 198
165 152 155 156 157 159 160 162 163 164 166 168 171 172 173 174 175 176 177 178 179 181 182 183 184 185 187 188 189 190 191 192 195 198 200
433 153 154 155 158 159 160 161 163 164 165 166 167 169 170 172 173 174 175 176 181 182 183 184 185 186 187 188 189 190 191 193 195 196 197 198 199 200
151 154 155 156 157 158 160 161 163 164 165 166 167 169 170 171 172 173 174 175 177 178 179 180 182 184 185 188 191 192 193 194 195 197 198 199 200
974 155 156 158 159 162 163 164 166 167 168 171 174 177 178 179 180 181 182 183 185 186 187 188 190 194 197 198 199 200
829 156 159 161 162 163 164 166 167 168 169 171 172 174 177 178 179 180 181 182 184 185 186 187 188 190 191 192 193 194 195 196 197 198
755 157 158 159 160 161 162 163 165 166 167 168 171 172 175 178 181 182 183 184 187 188 189 192 193 194 195 196 197 198 199
203 158 159 160 161 164 167 168 169 171 172 177 180 181 182 183 184 185 186 187 188 189 190 191 192 194 195 198 200
366 159 161 162 163 165 166 168 169 171 172 173 175 177 178 179 180 181 182 183 184 185 186 188 189 191 192 193 196 197 198
114 161 163 164 166 167 168 171 174 175 176 178 180 181 182 183 184 187 189 191 192 193 196 197 198 200
558 161 162 163 164 165 166 167 169 170 171 172 173 174 175 177 178 179 180 181 182 184 185 186 187 189 190 191 192 194 195 196 197 199 200
601 163 164 165 166 168 170 171 173 175 180 181 182 183 184 185 187 188 189 190 191 192 193 194 195 196 198 200
398 163 166 169 170 171 174 175 176 177 179 181 182 184 185 186 187 189 190 191 193 194 195 196 197 198 200
308 164 165 167 169 171 172 173 175 176 180 182 183 184 185 186 187 188 189 190 192 194 195 196 197 200
799 165 167 168 170 171 172 173 175 176 177 178 180 182 183 184 185 186 187 188 190 192 193 194 196 197 198 200
382 167 168 169 170 172 173 174 175 176 177 178 180 181 185 186 191 194 196 197 200
931 167 170 171 172 174 175 176 177 178 179 180 181 183 184 185 187 188 189 190 191 192 194 195 197 198 199 200
716 168 169 170 172 173 174 175 177 178 180 181 182 183 184 185 188 190 191 192 194 195 196 197 198 200
356 169 171 172 174 175 176 177 178 180 181 183 184 185 186 187 188 190 192 193 197 198 199
418 170 171 172 174 176 177 178 179 180 181 183 185 186 187 188 191 193 194 195 196 197 198 199
807 171 173 174 175 176 177 179 180 181 183 184 186 189 190 191 193 194 196 199 200
598 172 173 175 176 177 178 179 182 183 184 185 186 187 189 190 191 192 193 195 197 198 199 200
718 176 177 178 179 180 182 183 185 186 187 189 190 191 192 193 194 196 198 199 200
748 175 178 179 180 181 182 183 184 185 190 193 195 196 197 198 199 200
726 176 178 181 182 183 184 185 186 187 188 189 190 191 192 193 195 196 199 200
936 176 177 178 179 180 181 183 185 186 188 189 190 192 193 194 195 196 197 198 199
282 177 178 179 180 181 182 183 184 186 189 191 192 193 194 195 196 198 199 200
250 179 180 182 183 184 185 186 187 189 191 192 194 195 196 198 200
327 179 180 181 182 183 184 185 186 188 190 191 192 193 196 197 198
660 180 182 184 185 186 189 190 191 192 193 194 195 196 197 198 199 200
394 181 182 183 185 186 187 189 191 192 194 196 197 198 199
917 184 186 187 188 190 191 192 193 194 195 196
347 185 186 187 188 189 190 191 192 193 194 195 196 197 198
772 184 185 186 187 188 189 194 195 196 197 199 200
945 186 187 189 190 191 193 194 195 197 200
745 186 187 188 189 190 191 192 194 196 197 200
749 187 188 189 190 191 192 193 194 195 196 198 199 200
222 188 189 190 191 192 193 194 195 196 199 200
122 190 192 193 194 195 196 198
203 190 191 193 194 195 196 197 198 199 200
273 191 193 194 195 196 197 198 199 200
394 193 195 198 199 200
235 193 194 195 198 199
296 194 195 196 197 198 199 200
995 196 198
528 196 198 199 200
969 197 198 199 200
771 198 199 200
398 199
136 200
396
