100	5	10000	1
0	1662	21
0	1308	21
0	1358	21
0	1446	14
0	1184	23
733 2 4 5 6 7 10 12 15 19 20 21 22 23 24 25 26 27 28 30 33 37 38 39 40 41 45 47 48 50 51 52 53 56 57 59 60 61 62 63 64 66 67 68 69 70 71 72 73 76 78 79 80 81 82 83 85 86 87 89 90 91 92 93 95 96 97 98 99
970 3 4 7 10 11 13 14 16 17 19 21 22 23 24 25 26 27 28 30 32 33 34 37 38 39 41 42 47 48 49 50 51 52 54 55 57 58 59 60 61 62 63 64 65 66 67 70 71 73 74 75 76 77 78 80 82 86 87 88 89 92 94 95 96 97 98 99
924 4 5 6 7 9 10 11 13 14 15 16 20 22 25 26 27 28 30 31 33 34 36 37 38 39 40 42 43 44 45 46 47 48 49 50 51 52 53 55 56 57 58 59 60 63 64 66 67 68 69 70 71 72 73 74 75 76 78 81 83 84 86 88 89 90 91 92 93 94 98
836 6 7 8 9 10 11 14 16 18 19 20 22 25 26 28 29 33 34 36 38 39 40 43 44 45 46 47 48 50 51 52 54 55 57 58 59 63 64 65 66 67 68 69 71 72 75 76 77 78 80 81 82 85 86 89 90 91 94 95 96 99 100
726 7 8 9 10 11 13 16 18 19 20 22 23 25 26 27 30 32 35 36 37 38 39 43 45 47 49 50 51 52 58 59 60 63 64 65 66 67 69 70 72 77 78 79 81 82 83 85 86 88 89 90 91 92 93 97 98 99 100
295 8 10 12 15 16 17 18 19 20 22 24 25 26 27 28 29 30 31 33 34 35 37 38 39 41 42 47 48 50 51 52 53 55 56 58 59 60 62 63 66 67 68 70 72 76 77 80 81 82 83 85 87 89 90 91 92 93 94 96 97 100
182 8 9 12 13 14 15 16 17 18 19 20 21 22 23 25 26 27 28 29 31 32 33 36 37 38 39 43 45 46 47 48 49 50 51 53 54 55 57 58 59 61 62 63 64 66 67 68 69 70 71 73 75 76 77 78 79 83 85 86 87 88 89 90 91 92 94 95 96 98 100
408 10 12 15 16 17 21 23 25 26 27 30 31 33 35 36 37 38 40 42 44 45 46 48 49 50 51 52 53 55 56 57 61 65 66 67 68 69 70 71 72 73 74 76 77 81 83 84 85 86 88 89 90 97 98 99 100
660 10 11 12 13 14 15 16 17 18 19 20 26 28 29 30 32 33 35 36 37 38 39 40 41 42 43 44 45 47 50 51 52 54 57 58 59 60 61 62 63 64 65 66 68 71 72 74 76 78 80 81 82 83 85 87 88 89 91 92 94 95 96 98 99 100
191 12 13 15 16 17 18 19 20 21 22 23 24 27 29 33 34 35 39 40 42 44 45 47 48 49 50 51 52 53 55 57 58 59 60 61 62 63 64 65 66 68 69 70 71 75 76 77 78 79 80 81 84 85 86 87 88 89 90 91 92 93 94 96 98 99
816 13 14 15 17 19 21 23 25 26 27 28 30 31 32 35 36 37 40 41 42 45 46 47 48 49 53 54 55 56 57 58 59 60 61 63 64 66 67 68 71 72 73 75 76 77 79 80 82 83 84 85 86 87 88 89 90 91 92 95 96 97 99 100
598 13 15 16 18 19 22 23 27 28 29 31 32 33 34 35 36 39 40 41 42 43 44 45 47 48 49 51 52 53 54 56 57 58 59 60 61 63 65 66 67 68 69 70 71 72 73 74 75 77 79 83 84 88 89 90 91 92 93 94 95 96 97 98 100
849 14 15 16 19 20 21 24 25 26 27 28 29 31 32 33 34 35 36 37 38 41 43 44 45 46 47 50 51 54 56 57 59 60 62 63 65 66 68 70 71 72 77 78 82 84 85 86 88 89 90 91 92 94 95 96 99 100
203 15 17 18 19 20 21 22 23 24 25 28 30 31 33 34 35 39 41 42 43 44 46 48 50 52 53 56 57 58 59 61 62 64 65 67 68 69 70 72 73 74 75 82 83 86 87 88 89 90 92 93 96 97 99 100
127 16 17 19 20 21 22 24 25 26 29 30 31 32 33 34 36 37 38 39 40 42 46 47 49 50 51 52 54 56 57 58 59 61 62 63 66 67 68 69 70 71 73 74 75 76 78 79 80 81 82 83 84 85 86 87 88 89 90 92 93 94 95 97 99 100
750 17 21 23 25 26 28 32 33 34 36 37 38 39 40 41 42 44 45 46 49 50 51 54 58 59 60 62 67 69 71 73 74 75 77 78 79 80 81 82 84 86 87 88 89 91 93 94 95 96 97 98 99 100
137 18 20 21 22 24 25 26 27 28 29 30 31 32 33 34 35 36 39 41 44 45 46 48 49 50 51 52 53 54 55 56 57 59 61 62 63 64 65 66 68 69 71 74 75 77 78 79 80 81 83 84 85 86 87 88 89 91 93 94 95 96 97 98 99 100
590 19 20 21 22 24 26 27 29 30 31 32 35 36 37 38 39 40 41 42 43 44 45 46 47 48 49 50 51 52 53 54 55 56 57 58 59 61 62 63 65 67 68 69 70 71 72 73 79 81 82 83 85 86 88 89 90 92 95 96 97 98 99 100
795 21 22 26 28 29 30 31 33 34 37 38 39 41 42 48 49 50 51 52 53 54 55 56 57 58 59 60 61 62 64 67 68 69 71 72 73 76 77 78 80 82 83 84 85 87 88 90 92 93 94 95 96 98 99 100
657 21 22 23 24 25 26 29 30 31 32 33 34 35 37 38 40 41 42 43 45 46 47 48 49 50 53 54 55 56 57 58 59 61 64 65 66 67 69 70 71 72 73 75 76 77 78 79 82 84 85 86 87 89 91 92 93 95 97 98
955 23 24 25 26 27 30 31 33 34 35 36 37 38 39 40 41 42 44 46 47 48 49 50 52 54 55 56 57 58 59 61 64 65 66 68 69 70 71 73 76 77 79 81 83 85 88 89 90 92 93 95 97 98 99 100
616 23 27 28 29 30 31 33 34 35 36 40 41 42 44 45 46 47 51 52 53 54 57 61 63 64 65 66 67 68 69 71 73 75 77 78 80 82 83 84 85 86 89 90 91 92 93 94 95 98 99 100
388 24 26 27 28 30 31 32 33 34 35 36 37 40 41 42 43 44 47 48 50 51 55 58 59 60 61 62 63 64 65 66 68 69 71 72 73 74 75 79 80 81 82 84 85 87 89 90 91 92 93 95 97 98 100
873 25 27 28 29 33 35 36 37 39 40 41 43 44 46 47 48 50 51 52 53 54 55 56 57 58 59 60 61 62 63 64 65 66 67 70 71 72 73 74 77 78 80 81 82 83 84 85 87 89 90 93 94 95 96 98 99 100
665 28 29 30 31 32 36 37 38 39 40 41 43 44 45 47 48 49 50 52 53 54 56 57 58 59 60 61 62 63 65 68 70 73 74 75 76 77 79 80 81 82 83 85 86 87 88 89 90 93 94 95 96 97 100
922 27 28 30 31 33 34 35 36 37 38 39 40 41 42 43 45 50 51 53 54 55 56 57 58 59 60 62 63 64 65 68 70 74 75 76 77 80 81 82 83 84 85 87 88 89 90 91 92 93 96 99 100
922 28 29 30 32 33 34 35 37 38 39 40 41 42 43 44 45 49 50 52 53 54 55 56 57 60 61 62 63 64 67 68 70 75 79 80 83 85 87 88 89 91 93 94 96 97 99 100
941 29 30 31 32 34 36 38 39 40 41 42 43 45 46 48 49 50 53 54 56 59 61 63 65 66 67 69 70 73 74 79 80 81 82 83 84 86 87 90 91 92 93 95 96 98 99 100
133 30 32 34 35 36 40 41 43 44 46 47 48 50 51 52 54 55 56 57 58 59 60 61 62 64 65 66 67 68 69 70 71 72 73 74 75 78 80 83 84 85 86 87 88 91 92 94 95 96 98 99 100
997 31 32 33 36 37 38 41 44 45 46 47 49 50 51 52 54 57 58 59 60 62 63 64 65 66 67 68 70 71 72 73 74 76 77 78 79 83 84 85 88 89 90 91 92 93 94 95 96 98 99 100
139 32 33 37 39 40 41 47 49 50 51 53 55 56 57 58 60 61 63 65 66 67 68 69 70 72 73 74 75 76 79 81 84 85 86 89 91 92 93 94 96 97 99
969 33 35 36 37 38 39 41 42 43 48 49 50 53 54 55 56 57 59 60 61 62 64 65 66 68 72 73 74 75 76 77 78 79 80 81 82 83 85 86 87 89 90 91 92 93 94 95 97 98 99 100
795 34 36 37 38 39 40 41 42 44 46 47 48 49 50 51 52 54 55 56 57 58 61 64 65 66 68 69 70 72 73 74 75 77 78 79 80 81 83 84 86 88 89 92 93 94 95 97 98 99 100
348 36 37 39 41 42 43 46 47 49 50 53 54 55 56 58 60 61 62 64 65 66 67 68 69 70 72 73 74 75 76 77 79 80 81 82 84 86 87 88 89 90 91 92 94 95 96 97 99 100
480 36 37 38 39 41 42 43 44 45 46 48 49 50 51 53 54 55 57 58 60 62 63 64 65 66 67 69 71 72 73 74 76 77 78 79 80 81 82 83 84 85 86 88 89 90 91 94 95 96 97 99
440 37 38 39 40 41 42 43 44 48 49 50 51 52 55 57 58 59 60 62 63 64 65 66 68 70 71 72 74 75 76 78 84 86 87 88 89 92 93 94 95 97 99 100
975 38 39 41 42 45 46 47 48 49 50 51 52 53 54 55 56 57 58 60 63 64 65 67 68 69 70 71 73 74 75 77 78 80 81 82 83 84 85 87 88 91 92 94 95 96 97 98 100
146 39 40 42 43 44 45 47 48 50 51 52 53 54 55 56 57 58 60 61 64 66 68 70 71 72 74 77 78 79 81 82 83 84 85 87 88 90 91 92 94 95 97 98 100
720 40 41 42 44 45 46 48 49 50 52 53 54 55 56 57 58 59 60 62 63 64 66 67 68 69 70 72 74 75 76 77 78 79 80 81 82 83 84 86 88 89 93 94 95 98 100
289 41 42 43 44 46 47 49 50 51 54 57 58 61 63 64 65 67 68 69 70 72 73 74 75 77 79 80 81 82 84 85 86 87 91 92 93 94 96 97 98 100
844 44 45 46 47 48 49 50 51 53 56 60 62 63 64 65 67 68 69 71 72 73 74 75 77 79 81 84 86 87 88 90 92 93 95 96 97 99 100
173 44 45 46 47 49 51 52 54 56 57 58 59 60 62 63 64 68 70 71 73 74 75 76 77 78 80 81 82 85 88 89 90 91 92 93 95 96 97 98 99 100
623 44 46 47 48 49 50 51 52 55 57 58 59 62 63 64 66 67 68 70 71 74 75 76 77 78 79 80 81 82 83 84 86 87 88 89 92 94 96 97 98 99 100
588 47 48 49 50 51 52 53 54 58 60 63 65 66 68 69 71 73 74 75 76 77 78 82 83 86 87 88 89 91 92 93 94 95 97 98 99 100
697 46 47 49 50 52 53 54 55 56 57 58 59 60 61 62 63 64 65 66 67 68 69 70 71 74 75 76 77 78 80 81 82 83 86 87 88 89 90 91 92 93 94 95 96 97 98 99 100
645 51 52 54 55 56 57 58 60 61 63 64 65 66 67 68 69 70 71 72 73 74 76 78 79 80 81 82 83 85 86 90 95 96 97 98 99 100
201 48 51 53 54 55 56 57 59 60 62 63 64 66 67 68 70 72 74 75 76 78 79 81 82 83 84 85 86 87 89 90 91 93 94 96 98 99 100
583 49 50 51 52 53 55 58 59 60 61 62 64 66 68 69 72 73 76 78 81 82 83 85 86 89 91 92 93 95 96 97 98 100
544 50 51 52 53 54 56 57 58 60 61 62 63 64 65 66 67 68 70 71 72 75 76 77 78 80 81 82 83 85 87 90 91 93 96 97 100
725 51 52 53 55 56 57 59 60 61 64 66 67 71 72 73 74 75 77 81 82 83 84 85 87 89 90 91 92 93 94 96 98
349 54 56 57 58 59 60 63 65 67 68 70 71 73 75 76 78 79 80 81 83 84 87 89 92 93 94 95 96 97 98 99 100
820 53 55 56 58 59 60 61 62 63 65 66 67 69 71 72 73 74 75 76 77 78 79 80 81 84 85 86 87 89 91 92 93 94 96 97 98 99 100
996 56 59 60 65 66 69 71 73 74 75 76 77 78 79 81 82 83 84 85 86 87 88 89 90 91 92 94 95 96 97 98
934 55 57 59 60 61 62 63 64 68 69 70 71 72 73 74 75 76 78 79 80 82 84 85 89 90 91 92 94 95 96 98 100
288 57 60 61 63 64 65 66 67 69 70 71 72 74 75 76 78 79 81 82 83 84 85 86 88 89 90 91 92 93 94 95 96 97 98 99 100
587 57 58 59 60 61 62 65 66 68 69 72 75 76 77 78 80 81 82 83 84 85 86 88 89 90 91 93 94 96 97 98 100
561 58 59 60 62 63 64 65 66 69 71 72 73 75 76 80 82 83 85 86 88 91 93 94 95 96 98 100
184 60 61 63 64 66 67 68 70 71 73 74 75 77 78 79 80 81 83 84 85 86 87 88 89 90 91 92 93 94 95 97 99
727 60 62 66 67 68 69 72 73 74 75 76 77 78 79 80 81 82 83 84 85 86 87 89 90 91 93 94 96 97 98 100
965 62 63 64 65 66 67 68 70 71 72 73 74 75 76 77 81 82 85 86 87 88 89 90 91 93 96 97 98 100
219 63 64 66 67 71 73 74 75 76 77 78 80 81 83 84 85 86 88 89 90 91 92 93 95 97 98 100
953 64 65 66 68 69 70 71 72 74 75 76 78 79 81 82 83 84 85 86 87 88 89 90 91 92 93 95 96 97 100
171 64 65 66 67 68 70 71 72 73 74 75 76 78 79 80 81 84 85 86 87 88 89 90 91 92 94 95 97 98 99 100
876 66 67 68 69 70 72 73 74 75 76 81 82 86 87 88 91 93 94 95 96 98 100
141 66 68 69 70 71 72 73 78 80 81 83 84 85 86 87 88 89 93 96 97 98 99 100
514 67 69 70 72 73 75 77 79 80 81 83 84 85 86 87 88 89 93 95 96 97 98 99 100
553 68 70 71 72 74 75 76 77 79 80 81 82 83 84 85 87 88 91 92 94 95 97 98 99
827 69 70 72 73 74 76 77 79 80 81 82 84 86 88 89 90 91 93 94 95 96 98 99 100
947 70 71 73 76 77 78 79 80 81 83 85 87 89 91 92 93 94 95 96 99 100
193 72 73 74 77 78 81 82 83 84 85 86 87 88 89 90 91 93 96 97 98 99
424 72 73 74 75 78 79 80 82 83 84 87 88 89 90 94 95 96 97 98 99
957 73 74 75 76 77 78 79 81 83 84 86 87 88 89 90 91 92 93 94 95 96 98
693 74 77 78 80 81 82 83 87 88 89 90 91 92 96 98 99
776 75 76 78 79 81 82 83 84 86 87 88 93 94 96 97 99 100
935 76 77 78 79 80 81 82 83 87 89 90 91 93 95 97 98 99 100
193 80 81 83 84 85 86 87 88 89 90 94 95 96 98 100
735 79 80 81 82 83 84 86 87 88 89 91 97 99 100
250 80 81 82 83 84 85 86 87 89 90 91 92 93 94 96 97 98 99 100
203 81 83 84 85 86 87 88 93 94 95 97 100
366 85 87 89 90 91 92 93 94 95 97 99 100
114 82 84 88 89 92 94 95 97 98 99
327 83 84 85 86 87 88 90 92 94 95 96 97 98 99
558 87 88 89 90 91 92 93 94 95 96 97 98
601 85 86 87 88 89 90 91 92 93 94 95 96 97 98 99 100
398 86 87 88 89 91 92 93 95 96 98 100
308 87 88 90 91 92 95 97 98
660 88 89 91 92 93 94 95 96 97 98 99 100
394 90 93 95 97 99
917 90 91 92 93 95 96 97 98 99 100
347 91 94 98 100
772 93 94 95 96 98 99
799 95 96 97 99
382 95 97 98 99 100
931 95 98 99 100
945 97 98 99
745 97 98 99 100
749 98 100
716 99 100
222 100
122
