100	10	200	10
-1	23	6
-2	35	12
-1	26	10
-3	21	11
-3	20	9
-4	37	11
-2	33	9
-1	39	6
-5	23	13
-4	28	13
38 3 4 5 6 7 9 10 12 14 15 16 18 19 20 22 24 25 28 29 31 32 34 35 37 38 40 41 42 45 46 48 49 50 51 52 54 55 56 57 58 59 60 61 62 63 65 66 68 70 71 74 76 77 78 79 80 83 84 85 87 88 89 91 92 93 95 96 97 98 99
59 3 4 5 8 9 10 11 12 14 18 19 20 21 22 23 25 26 29 30 31 32 34 35 36 38 40 42 43 45 49 50 51 52 53 54 56 57 58 62 63 64 65 66 67 69 70 71 72 74 75 77 79 83 84 86 87 89 90 91 95 96 97 100
52 4 5 7 8 9 10 11 12 14 15 17 19 20 21 22 23 25 26 28 31 32 33 34 35 36 39 42 43 44 47 48 49 50 51 52 54 55 56 57 58 59 60 61 62 63 64 66 68 72 74 78 79 82 84 85 86 87 88 91 92 93 96 97 98 99
59 5 6 8 10 11 13 14 15 16 17 19 24 26 27 28 32 33 34 35 38 39 41 42 43 45 47 48 49 50 51 52 53 54 55 57 59 60 61 62 65 67 69 70 75 76 77 78 81 84 85 86 88 90 91 92 93 94 95 97 99 100
37 6 7 11 13 14 16 17 18 19 20 22 23 25 26 28 29 30 31 32 33 35 36 38 39 42 43 44 46 47 49 50 51 52 57 59 60 63 64 65 66 67 68 69 70 71 72 75 76 79 80 81 82 83 85 86 88 91 94 95 96 99 100
56 8 9 11 13 16 17 20 21 22 23 25 26 28 29 30 31 32 33 34 35 36 37 38 42 43 44 46 48 49 51 52 54 56 58 61 62 63 65 66 68 69 71 75 76 79 80 81 82 83 84 85 87 88 89 92 98 100
54 8 9 10 11 13 14 16 19 20 22 23 24 25 26 27 28 30 31 33 34 35 36 37 38 39 40 42 43 45 46 49 50 51 52 54 55 56 57 58 59 60 61 63 65 67 68 69 70 71 72 76 77 78 79 81 82 83 85 86 87 89 90 92 93 97 98 99 100
39 11 12 13 14 15 16 18 19 21 23 25 26 31 33 35 36 38 40 41 42 43 47 48 49 50 51 53 54 56 59 60 61 62 64 66 67 68 69 70 72 73 74 75 77 79 81 82 83 85 86 88 89 90 91 92 93 94 95 97 100
53 10 11 13 14 15 16 17 18 19 20 21 22 24 25 27 28 29 30 31 33 35 36 37 39 40 41 42 43 45 47 48 49 50 51 52 53 55 56 57 58 59 60 61 62 63 64 65 66 67 68 69 70 71 72 75 77 79 80 81 82 83 84 86 87 88 89 91 92 93 95 96 98 99 100
52 11 15 16 17 18 20 21 22 23 24 26 30 32 33 34 36 40 45 46 48 49 51 52 53 54 55 58 59 60 62 63 65 66 69 71 72 75 77 79 81 82 83 84 85 86 88 90 92 94 97 98
44 12 13 14 16 17 18 20 21 22 23 24 25 27 28 29 31 32 33 34 39 40 41 42 43 44 45 47 49 50 51 52 55 56 57 59 60 61 62 63 64 66 67 68 70 71 72 73 75 76 77 78 79 81 84 87 89 90 91 92 94 95 99 100
52 14 17 18 19 20 25 26 28 29 30 31 32 33 35 36 37 38 41 42 43 44 46 48 49 51 52 53 55 56 57 58 59 60 61 62 64 65 67 72 74 75 76 77 79 80 81 82 84 87 88 89 90 91 92 93 95 97 98
45 15 17 19 21 22 23 24 25 26 27 28 29 30 31 33 34 35 36 39 41 42 46 47 48 49 50 51 53 54 55 56 57 60 62 67 68 69 70 71 72 73 75 78 79 80 81 82 83 84 85 86 88 89 90 91 92 94 98 99
56 17 18 19 20 21 23 24 25 26 27 28 29 30 31 32 33 34 35 36 37 38 39 40 41 43 44 45 47 48 49 50 51 54 55 57 58 60 62 65 66 67 68 69 70 71 72 73 74 75 76 78 79 81 82 84 87 90 91 92 93 95 97 98 99
49 16 17 18 20 22 23 25 27 28 31 32 34 35 37 39 40 41 43 45 46 47 48 49 50 51 52 53 54 55 56 57 58 60 61 62 63 68 69 70 71 72 73 74 75 76 78 79 80 81 82 83 86 89 92 93 94 95 96 98 99 100
49 17 19 20 23 24 25 27 28 30 31 33 34 38 41 43 45 48 50 52 54 55 56 57 58 59 60 61 63 64 65 66 67 68 69 70 72 75 76 77 78 80 81 82 83 87 89 90 91 92 93 96 97
30 18 19 20 21 22 24 26 27 28 29 30 33 34 35 37 38 39 40 41 42 45 47 48 50 52 53 54 57 59 61 62 63 65 66 67 68 69 71 74 75 76 77 78 80 81 83 84 85 86 88 90 91 94 95 96 97 98 99 100
56 19 20 21 22 23 24 27 28 29 32 34 35 37 38 41 42 43 44 45 46 48 49 51 52 53 54 55 56 57 59 61 62 63 64 65 66 68 70 72 73 76 77 78 79 81 85 87 88 89 90 91 92 94 97 98 100
46 20 21 22 24 25 30 31 33 34 35 37 38 39 40 41 42 43 44 45 47 49 50 52 54 56 58 59 60 61 62 65 66 67 68 69 70 71 74 79 80 81 82 84 88 89 90 91 92 93 95 96 97 100
39 21 22 23 26 27 28 29 30 32 33 34 36 37 38 40 41 43 44 45 47 48 49 50 52 53 54 55 56 57 58 61 63 64 65 66 69 70 71 72 74 75 76 77 78 81 82 87 88 89 90 91 92 93 94 95 96 97 98
58 22 23 24 25 26 27 28 30 31 32 33 34 35 36 37 39 41 43 44 48 49 51 52 53 54 56 57 58 59 62 63 64 66 71 74 77 79 80 81 82 84 85 86 87 88 90 92 93 94 95 96 97 98
55 23 24 25 28 29 30 31 32 33 35 36 37 38 39 41 42 43 44 45 47 48 49 50 51 52 53 57 59 62 63 64 67 68 69 70 71 72 73 75 76 79 80 81 82 84 85 88 89 91 93 94 95 96 99 100
56 24 25 26 27 29 30 31 33 34 35 36 37 40 41 43 45 46 47 48 49 52 53 54 56 58 59 60 61 65 66 68 69 70 71 72 73 74 75 79 80 81 83 84 86 87 89 90 92 94 95 96 98 99 100
32 25 27 31 32 33 34 35 40 41 43 44 45 46 47 48 49 50 51 52 53 54 56 58 59 60 63 64 66 67 68 69 70 71 72 73 75 79 80 83 85 86 87 88 91 93 95 96 97 98 99 100
58 27 28 29 31 32 33 34 36 37 38 39 40 41 42 43 44 45 46 47 48 51 52 54 55 56 57 59 61 62 66 69 70 71 73 74 75 76 77 78 80 81 82 86 87 89 90 92 94 96 97 98 99 100
41 27 28 29 30 32 33 34 35 36 37 38 39 40 41 42 44 45 46 47 48 49 50 51 52 53 55 56 57 58 60 62 63 65 70 73 77 79 80 81 84 85 86 88 89 92 93 94 98 99
33 28 30 31 33 34 35 36 37 38 40 44 45 46 47 49 51 52 55 56 60 61 64 65 66 67 68 69 70 71 73 75 76 77 79 80 81 82 84 85 86 87 88 90 91 92 93 97 99 100
60 30 31 33 35 36 37 40 41 42 43 44 45 46 47 48 49 50 54 55 56 57 58 60 61 63 64 67 68 69 72 73 74 75 76 77 78 79 80 81 84 86 87 88 90 91 92 94 97 98 99 100
58 30 31 32 34 35 36 38 39 40 41 43 45 46 47 48 49 51 52 55 56 57 58 59 60 61 63 64 66 67 68 69 70 71 73 74 75 78 79 80 81 82 83 87 88 89 90 91 92 95 96 98 100
49 31 32 33 34 35 36 37 39 40 41 43 44 45 46 48 49 50 52 53 54 55 57 58 59 60 61 63 65 66 67 68 69 70 73 74 75 76 78 80 81 82 84 85 87 88 89 90 91 94 95 96 97 98 99 100
37 32 34 35 36 37 39 40 41 42 44 45 46 47 49 52 54 55 56 57 58 60 61 62 64 65 66 67 68 69 71 73 75 77 78 79 81 82 84 85 86 87 88 89 92 94 96 97 100
35 33 34 36 38 39 40 41 43 44 46 49 50 51 52 55 57 58 61 62 64 65 66 67 68 69 70 71 75 76 77 79 80 83 84 85 86 87 88 89 90 91 92 93 94 95 96 98 99 100
55 34 36 37 38 39 40 41 42 44 45 47 48 50 51 52 55 56 57 58 59 60 61 62 64 65 66 67 68 69 71 75 76 81 83 84 85 86 88 89 90 91 92 93 94 95 96 98 99 100
57 35 37 38 39 40 41 43 44 45 52 53 54 55 56 57 59 60 61 62 64 65 66 67 68 71 72 74 77 78 79 80 81 82 84 85 88 90 91 93 94 95 96 97
57 37 38 39 41 42 43 44 45 48 49 50 52 54 55 56 57 58 59 61 62 65 66 67 68 69 70 71 72 73 76 77 79 81 82 83 84 85 86 88 89 90 91 92 93 95 97 98 100
33 39 40 41 42 43 44 45 46 48 50 52 55 57 58 59 60 62 63 65 66 67 68 69 71 72 73 75 76 77 79 80 81 83 84 85 86 87 89 90 96 99 100
57 39 40 41 42 43 44 45 46 47 48 49 50 53 54 56 57 58 59 60 61 62 64 65 66 67 68 69 70 72 76 77 78 79 81 85 86 88 90 91 92 99
50 40 41 42 43 46 47 50 51 52 54 55 56 59 60 61 64 65 66 67 69 70 72 74 75 77 78 79 82 83 84 87 89 90 93 95 96 97 98 99 100
30 40 41 44 45 47 48 49 52 53 54 55 56 57 58 59 61 62 63 64 65 66 67 68 69 70 71 72 73 75 76 79 81 84 85 86 87 90 93 95 96 98 99
31 41 43 44 45 46 49 51 52 54 55 56 57 58 59 61 62 63 64 65 66 67 68 69 71 72 74 76 77 78 79 80 81 82 83 84 87 88 89 90 91 92 93 94 95 97 98 99 100
59 42 43 44 47 48 49 50 51 52 54 55 56 57 60 62 63 64 66 67 69 72 73 74 75 78 82 83 84 87 88 89 93 96 97 98 99 100
49 44 46 47 49 52 53 55 57 58 59 60 62 63 65 66 67 68 69 70 71 72 73 74 76 77 78 79 80 85 86 89 90 91 92 93 94 95 96 98 99 100
33 44 45 46 47 48 49 50 51 52 53 54 55 56 57 59 60 62 64 65 66 67 70 71 72 73 74 76 77 78 79 80 81 82 83 84 85 86 87 88 89 90 93 94 96 97 99 100
47 45 48 49 50 52 53 57 59 60 61 62 63 66 69 70 71 72 73 75 76 77 78 79 80 81 82 85 86 87 88 89 90 92 94 95 96 97 99 100
37 46 48 49 50 53 54 55 56 57 59 60 61 64 65 68 71 72 74 75 76 78 79 83 84 85 86 88 89 91 92 93 96 99 100
51 48 49 51 52 53 54 55 56 57 58 60 61 62 64 65 66 67 68 69 70 72 73 74 75 76 78 79 81 82 83 84 85 87 88 89 90 91 93 94 96 98 99
48 48 50 52 54 55 56 59 60 61 63 65 66 67 68 69 71 77 79 81 82 84 86 87 90 92 94 95 96 97 98 99
53 49 50 51 53 54 57 58 60 62 63 64 66 67 69 70 71 72 73 74 77 78 80 81 86 87 88 89 90 91 92 94 96 97 99 100
58 50 51 53 56 57 60 61 64 65 66 69 70 71 72 73 74 75 79 80 81 82 84 86 87 89 90 91 92 93 95 97 98 100
33 51 53 54 55 56 57 58 60 61 62 63 64 66 68 69 70 71 73 74 75 78 79 80 81 82 84 86 87 88 91 92 94 95 97 98 99 100
43 53 54 55 56 57 58 59 60 62 63 64 66 67 68 69 75 77 78 80 82 83 84 85 89 90 91 92 93 94 96 97 98 100
56 54 55 56 57 61 63 65 66 67 70 71 72 73 74 75 78 79 80 81 83 84 88 89 90 91 96 97 98 99 100
37 54 55 56 57 58 60 61 62 63 65 66 67 70 74 75 76 77 78 79 80 82 84 87 92 93 98 100
32 55 56 58 59 60 63 64 65 66 67 68 69 70 71 72 73 74 75 76 78 79 81 85 86 88 89 91 93 94 95 96 99 100
47 56 57 58 59 60 61 64 67 68 69 70 71 72 73 74 75 76 77 78 80 81 82 85 86 88 91 92 94 95 96 99 100
51 58 59 61 62 63 64 65 66 71 73 74 75 80 81 82 83 84 87 89 90 91 92 93 94 97 98 99 100
32 58 60 61 63 64 65 67 72 74 75 76 78 79 81 82 83 84 85 89 91 92 93 94 95 96 97 99 100
50 59 60 63 64 66 67 68 69 70 72 73 74 75 77 78 79 80 81 82 83 84 85 87 88 91 92 93 95 96 97 98 99 100
32 60 61 62 63 64 65 66 67 68 70 73 74 75 76 77 79 81 83 84 86 88 90 92 93 94 95 96 98 100
57 62 63 64 66 70 71 74 76 77 78 79 80 81 82 83 84 85 86 87 88 89 90 91 92 96 98 99
54 62 64 65 66 68 69 70 71 72 73 75 80 81 82 83 84 86 88 89 90 91 92 93 96 97 98 99 100
45 63 64 65 66 68 70 71 72 73 75 77 80 81 83 84 85 86 87 88 89 91 92 93 95 96 97 98 100
32 64 65 66 67 68 70 71 73 74 75 77 78 79 80 81 86 87 88 89 91 92 93 95 96 98 99 100
55 65 66 68 69 71 76 77 78 79 80 81 82 83 84 86 87 88 90 93 95 96 97 99
51 66 67 68 69 70 71 72 73 74 78 79 80 81 82 83 87 88 90 91 92 93 94 96 97 98 99
56 68 70 71 72 73 75 76 77 79 80 81 82 83 84 85 86 87 88 89 90 91 92 95 96 97 98 99 100
40 68 70 73 74 75 77 80 81 82 83 84 85 86 87 88 90 91 92 93 94 95 96 98 99
33 70 72 74 75 76 77 78 79 83 85 86 88 90 91 92 94 96 97 98 99 100
60 70 72 73 74 75 77 79 80 82 83 84 85 86 87 88 90 91 92 93 94 96 97 98
45 71 73 74 75 76 77 78 79 81 82 83 84 85 86 87 88 90 91 93 95 97 98
49 72 73 74 76 78 79 80 81 84 85 88 90 91 93 94 95 97 98 99
59 74 75 77 78 79 80 83 85 86 87 88 89 91 92 93 96 98 99 100
39 74 75 77 78 79 80 81 82 85 86 87 88 89 91 92 93 95 96 98 99
44 76 77 78 79 80 81 83 84 85 87 88 89 90 91 92 93 95 96 97 98 99 100
60 77 78 80 81 82 84 85 86 87 88 89 90 91 92 94 95 96 99 100
59 78 79 80 82 83 84 85 86 87 88 89 90 93 94 95 97 100
45 78 79 80 82 83 84 85 86 87 88 89 90 91 93 94 95 96 97 98
60 81 82 84 86 87 88 89 90 91 92 93 94 95 96 100
57 81 82 83 84 85 86 87 88 90 91 92 93 95 96 97 98 99 100
55 81 83 86 87 90 92 95 96 97 98 99 100
55 82 83 84 86 88 89 90 91 92 93 94 95 96 97 98
58 83 84 86 87 88 89 91 92 93 95 96 97 99
56 84 88 89 90 91 92 95 96 98 100
58 85 86 87 92 93 94 95 96 97 99 100
56 86 87 88 91 93 94 95 96 97 98 99 100
38 87 88 90 91 94 100
50 89 90 91 93 94 96 97 99 100
41 89 91 92 93 95 97 99 100
52 90 94 95 96 97 98 99 100
36 91 92 96 97 98
36 94 95 96 97
47 93 95 96 97 100
32 94 96 97 98 100
40 97 99
31 96 98 99 100
58 97 98
45 99 100
31 99
49
31
