100	5	1000	10
-1	193	21
-2	165	14
-1	126	19
-4	177	22
-2	155	24
147 2 3 5 6 7 8 10 12 13 14 15 16 18 20 21 23 24 25 26 27 28 29 30 31 32 33 35 36 37 38 39 41 42 43 45 47 48 49 50 51 52 53 55 56 58 60 62 65 66 67 68 71 72 74 75 76 77 78 79 80 81 82 83 84 85 86 88 89 91 92 93 94 95 96 97 100
82 3 4 5 6 7 9 10 11 12 13 15 16 17 18 19 20 23 24 25 26 27 30 31 32 36 39 40 41 42 43 44 45 46 47 49 50 52 53 54 59 63 67 70 71 72 73 74 75 77 78 79 80 81 82 83 84 86 87 88 90 91 92 93 95 96 97 100
147 5 7 10 11 14 15 16 17 18 23 24 25 26 27 30 31 32 33 34 37 38 39 40 41 42 43 44 45 47 48 49 53 54 56 57 58 59 60 62 63 65 67 68 71 72 73 74 75 77 78 80 81 82 83 84 86 87 88 89 90 91 92 95 96 98 100
125 5 7 8 9 10 11 15 16 17 18 19 22 23 24 25 27 30 31 32 34 37 38 39 40 41 42 43 44 45 46 48 50 52 53 54 55 56 57 59 61 62 66 67 68 72 74 77 79 80 81 83 84 85 86 87 88 89 90 93 94 95 97 98
90 6 7 8 9 10 12 13 14 15 18 20 21 23 24 25 26 27 28 30 31 32 33 34 35 36 37 38 39 40 41 45 47 48 49 52 53 54 56 57 58 59 60 62 63 65 66 67 68 69 71 73 74 75 79 80 82 83 85 86 87 88 90 91 93 94 97 98 99 100
52 7 9 10 16 17 18 19 20 23 25 26 27 28 29 30 32 33 35 36 37 38 39 40 41 42 43 44 45 47 49 50 52 54 55 56 57 59 60 61 62 63 64 66 67 68 69 71 72 73 74 75 76 78 79 80 81 82 83 84 86 87 88 92 93 94 95 96 97 98 99 100
104 8 11 13 14 16 17 18 20 22 24 25 26 27 28 29 31 32 33 35 37 38 39 40 42 43 47 48 52 53 54 55 56 58 59 60 64 65 66 67 69 70 71 72 75 76 80 82 83 84 85 86 88 90 92 94 95 97 98
87 9 10 11 13 14 16 17 18 19 20 21 24 25 26 27 28 29 30 32 33 35 36 38 40 41 42 43 45 46 48 50 51 53 54 55 56 57 58 59 61 63 64 65 66 67 68 69 70 71 72 73 76 77 78 79 80 82 83 85 86 87 88 90 91 92 93 94 96 97 98 99 100
132 10 13 14 15 17 18 20 21 23 24 25 26 27 28 29 30 32 33 34 36 37 38 39 42 43 44 45 46 47 48 49 51 52 53 54 55 56 57 58 59 60 61 62 64 66 68 69 70 71 72 74 75 78 79 81 83 84 85 86 87 88 89 90 91 92 93 94 95 96 97 98 100
125 11 12 15 17 19 20 22 23 25 26 27 28 29 30 31 32 33 39 40 42 43 44 45 46 47 48 49 51 52 53 56 57 58 59 60 61 62 63 64 65 67 70 73 75 76 77 79 80 82 83 84 85 88 89 91 92 93 95 96 97 98 100
143 12 15 17 18 19 20 23 24 25 26 28 30 31 33 34 35 36 37 38 39 40 41 42 44 45 46 48 50 51 52 53 54 56 57 58 59 60 61 63 66 71 72 74 75 76 77 78 80 81 82 84 86 88 93 94 96 98 100
110 13 17 18 21 23 24 26 27 29 30 31 32 35 36 37 39 41 45 46 48 49 50 51 52 53 55 56 57 58 60 61 64 66 68 69 71 73 74 79 80 81 82 83 85 86 93 94 98 99 100
79 14 16 18 19 20 21 22 24 26 27 28 29 30 31 32 33 34 35 36 37 38 39 40 41 42 43 45 46 47 50 52 53 54 55 56 57 58 60 61 65 66 68 69 71 76 80 82 83 84 86 87 88 89 90 92 93 96 98 99 100
127 15 16 19 22 24 25 26 27 28 29 30 31 32 33 34 35 36 37 38 40 41 42 43 44 45 47 49 50 52 53 54 56 58 60 61 62 64 66 68 69 71 73 78 79 80 81 84 86 92 93 94 95 97
126 16 17 18 20 21 23 25 26 27 28 29 30 31 32 33 37 38 41 43 44 45 47 49 50 51 52 54 55 56 57 58 59 60 61 62 64 65 66 67 71 73 74 75 78 79 80 81 82 84 85 86 87 88 89 90 91 92 93 95 96 99 100
73 17 18 19 20 21 22 23 24 25 26 27 30 31 33 34 38 39 40 44 45 47 48 50 51 53 54 55 57 58 59 60 61 62 63 64 65 66 67 68 69 70 71 72 73 74 75 78 80 81 83 84 85 86 87 88 89 91 94 97 98 99
54 18 19 21 22 23 24 25 26 28 29 30 31 32 33 34 36 37 38 39 40 42 43 44 45 46 47 50 51 52 53 55 56 57 58 60 61 62 65 67 68 69 70 72 73 74 75 77 78 79 80 81 82 83 84 85 86 87 88 91 94 96 97 98 100
60 19 20 21 23 24 26 29 30 31 32 33 35 37 39 40 41 42 43 45 46 47 49 50 51 53 54 55 57 58 59 60 62 63 64 65 66 67 68 69 70 72 75 77 78 79 80 81 83 87 89 91 92 93 94 96 98
107 20 22 23 24 25 26 28 29 32 33 34 35 37 39 40 42 43 44 45 46 47 51 52 53 55 58 59 60 61 62 63 65 66 68 69 70 71 72 73 74 75 76 78 79 80 81 83 84 85 90 92 93 95 96 97 98 99
87 22 23 24 25 26 27 28 32 33 34 36 37 38 39 40 42 43 44 46 47 48 49 51 54 55 56 57 58 59 60 61 62 64 65 67 68 71 72 74 75 76 79 80 81 82 83 84 85 88 89 90 93 94 95 96 100
64 22 23 24 25 26 27 28 29 30 31 32 34 35 36 37 41 43 44 45 46 48 49 50 51 52 53 55 56 58 59 60 61 63 65 66 67 68 69 70 71 72 74 75 77 78 80 82 83 84 87 88 89 91 92 93 94 96 97 98 99
150 24 25 26 27 30 31 32 33 34 36 37 39 40 41 42 43 44 45 46 48 50 52 54 55 56 57 59 60 61 64 65 66 67 68 69 70 72 73 74 75 77 78 79 82 84 85 86 87 88 89 90 91 92 93 94 98 99 100
84 24 25 26 29 30 32 33 34 36 39 40 41 44 45 48 50 53 54 55 56 58 59 60 61 62 63 64 65 68 72 75 76 77 79 82 83 84 85 87 88 89 92 94 95 96 97 98 100
137 25 26 27 29 30 31 33 35 36 38 39 41 42 43 44 45 46 47 48 49 50 51 52 53 55 56 57 60 61 62 63 64 66 68 69 70 71 73 75 76 77 79 80 81 83 84 85 86 90 91 92 94 96 97 98 99 100
117 26 28 30 31 32 34 35 36 39 40 42 48 49 50 52 53 55 56 59 60 66 67 68 69 70 71 73 74 78 79 80 82 83 84 87 88 91 92 93 94 95 96 97 99 100
79 27 32 33 34 36 37 39 40 41 42 43 44 45 46 47 49 50 52 53 54 57 58 59 60 61 62 63 65 66 67 68 69 71 72 73 74 75 77 78 80 82 83 84 85 87 88 90 92 94 96 97 98
135 32 35 37 38 39 40 41 43 45 46 48 50 51 52 53 54 56 57 58 59 60 65 66 67 68 69 70 71 72 73 74 75 76 77 78 80 81 83 84 85 86 87 88 89 90 91 92 93 95 97 98 99
111 29 30 32 33 34 36 37 38 39 40 41 43 44 46 47 49 50 54 56 57 58 60 63 64 66 67 68 69 70 71 73 74 75 76 78 79 80 81 83 86 87 89 90 92 94 95 96 97 98 99
103 32 34 37 40 42 43 44 45 47 48 50 52 54 55 56 57 58 59 60 63 64 65 66 68 72 73 74 77 78 79 80 81 82 83 84 86 87 88 89 91 92 94 95 96 97 99 100
63 31 32 34 35 36 37 40 41 43 46 47 48 50 51 52 54 55 56 58 59 60 61 62 63 64 65 66 67 68 70 71 73 74 76 77 78 79 80 81 82 83 84 85 86 87 88 89 90 91 92 94 96 97 98 99 100
100 32 33 35 38 39 40 42 43 44 45 46 52 53 54 55 56 57 58 60 61 62 63 66 68 69 71 72 75 76 79 80 81 82 83 84 85 86 87 88 90 91 92 93 94 97 98 100
148 33 34 38 39 40 42 45 46 47 48 49 50 51 52 53 54 55 57 58 59 60 61 62 63 64 65 66 68 69 72 73 74 75 76 78 79 80 81 82 83 84 85 86 87 88 90 91 92 93 95 97
120 34 36 37 39 40 41 42 44 45 46 48 49 51 52 53 55 57 61 62 63 66 67 68 70 71 73 74 75 76 78 80 81 82 83 84 87 88 91 92 93 95 96 97 98 99 100
79 35 36 37 38 41 44 45 46 47 48 50 51 52 53 54 55 56 57 58 59 61 62 63 65 67 68 71 72 73 74 75 77 78 79 81 82 84 85 86 88 90 91 92 93 94 95 96 99
71 36 37 38 39 45 46 47 48 49 50 54 56 57 58 61 62 63 66 67 69 71 72 73 74 75 76 77 78 79 80 81 83 84 85 86 87 90 91 92 93 95 96 97 98 100
79 37 38 39 40 42 43 45 47 48 49 51 53 54 55 56 57 58 60 61 62 65 67 68 71 72 73 75 76 77 79 80 81 82 83 84 85 86 87 88 89 90 91 92 93 94 95 96 98 99 100
73 39 40 42 44 45 46 48 49 50 52 53 54 55 56 57 58 59 60 61 66 67 69 70 72 73 74 75 78 79 80 82 83 85 86 88 89 90 91 92 93 94 95 96 97 98 99 100
65 39 40 41 42 43 44 45 48 49 50 51 53 54 55 57 58 60 62 63 64 65 66 67 68 72 73 74 77 79 80 81 82 83 84 87 88 89 90 91 92 93 94 95 98 99 100
88 40 41 42 44 47 52 57 58 59 61 62 63 64 66 68 69 72 74 75 77 78 81 83 84 85 87 88 89 91 92 93 94 95 97 99 100
139 41 44 45 47 49 50 51 52 53 54 55 57 58 59 62 63 64 65 66 67 68 69 70 71 72 74 75 77 79 81 83 84 85 86 87 88 89 90 94 95 96 97 98 99 100
115 42 44 45 46 47 48 51 52 53 54 55 57 58 60 61 62 63 64 65 66 67 69 70 73 74 75 76 77 78 79 81 82 83 84 85 86 87 90 91 92 93 95 96 97 98 99 100
123 43 44 45 46 47 48 49 51 52 53 54 55 56 57 58 59 60 61 62 63 64 67 70 71 72 74 77 78 79 80 84 85 86 87 90 91 92 94 95 96 98 99
108 44 47 48 49 50 51 54 56 58 59 60 61 62 63 64 65 66 67 68 69 70 72 73 74 75 76 77 78 79 81 82 83 84 86 87 88 89 91 92 93 94 95 96 97
112 45 47 48 49 51 53 54 55 57 58 60 61 62 65 66 67 68 70 71 73 74 76 78 81 85 86 88 90 91 92 93 94 95 96 97 98 99
103 47 48 52 53 54 56 57 58 59 60 62 63 64 65 68 69 71 72 73 76 77 78 80 81 82 83 84 85 86 87 88 89 90 91 92 93 94 95 96 97 98 99 100
120 48 50 52 53 54 55 56 57 59 60 61 62 66 67 68 70 71 72 75 77 78 79 80 81 82 84 86 87 90 91 92 93 94 95 97 98 100
146 48 49 50 51 52 53 55 57 58 59 60 63 67 68 69 70 71 72 73 76 77 78 79 80 81 82 85 86 88 89 91 92 93 95 96 99 100
81 49 50 51 53 54 55 57 58 59 60 61 62 63 64 66 67 68 70 72 75 76 77 78 80 81 82 84 85 86 87 88 89 91 94 95 96 97
73 50 51 54 55 56 57 58 60 61 63 64 65 66 67 68 69 72 73 74 75 76 77 78 79 80 81 85 86 87 89 90 91 92 93 94 95 96 97 98 99 100
71 51 52 53 55 57 58 59 61 62 63 65 66 67 68 69 70 71 72 73 74 75 76 79 80 81 83 84 86 87 88 89 91 92 93 94 95 96 97 99
132 52 54 55 56 57 58 59 60 61 62 63 64 65 67 68 69 70 71 72 73 74 76 77 78 79 80 82 83 84 85 87 88 91 92 93 94 95 96 98
108 53 54 55 57 58 60 61 62 63 64 66 67 68 69 70 72 73 74 75 77 79 81 82 83 85 88 89 90 91 92 93 95 96 97 98 100
74 54 55 56 57 58 59 60 61 62 63 64 66 67 69 70 71 73 74 77 78 79 80 81 82 83 84 86 87 88 89 90 91 92 93 94 95 96 97 98 99
63 56 57 58 59 60 62 63 65 66 67 68 71 72 74 75 76 77 78 79 80 81 84 87 89 90 91 92 93 94 95 96 97 98 100
113 56 57 58 59 60 61 64 66 67 68 69 70 71 72 73 75 77 78 79 80 81 84 85 86 89 90 91 92 95 97 98 99 100
110 57 58 59 60 62 63 64 65 66 67 68 69 70 71 72 74 76 83 84 85 86 87 89 90 92 93 95 96 98 99
62 58 59 60 62 63 65 70 71 72 73 74 75 76 78 79 80 81 83 85 86 87 88 91 92 96 97 98 99 100
53 60 61 63 64 65 68 69 71 73 76 77 79 80 81 83 85 86 87 90 91 92 93 94 95 97 98 99 100
139 60 61 62 64 65 66 68 71 72 73 74 75 76 77 78 80 81 82 83 84 85 86 87 88 89 91 92 93 97 98 99
51 61 62 63 64 65 66 72 73 75 76 77 78 79 80 81 82 83 85 86 88 89 91 92 96 97 100
147 63 65 66 68 69 71 72 73 74 75 76 77 81 82 86 87 89 90 92 93 94 95 96 97 98 99
147 63 64 65 66 67 68 69 70 73 75 76 78 79 80 82 83 84 85 86 87 88 89 90 92 93 94 95 97 98 99 100
125 64 66 68 69 70 71 72 73 74 76 77 78 80 83 84 85 86 87 88 89 90 91 92 94 95 96 97 100
114 66 67 69 70 71 72 73 75 78 79 80 82 83 84 85 86 87 88 89 90 91 92 93 95 96 97 98 99 100
145 66 67 68 69 70 72 74 75 76 77 78 79 80 83 84 85 86 87 89 90 92 93 94 95 96 99 100
61 67 68 69 71 72 75 77 79 80 81 82 83 88 91 92 93 94 96 97 100
116 69 70 71 72 73 74 75 77 79 80 81 83 84 85 86 87 88 89 90 92 94 95 96 97 99 100
97 69 71 72 73 74 75 76 78 79 80 81 82 83 84 85 88 89 90 91 92 93 95 96 98 100
79 70 72 73 75 76 78 79 82 83 84 87 88 90 92 93 94 95 96 97 98 100
76 71 72 73 74 75 76 78 79 80 82 83 84 85 87 88 89 91 93 96 98 100
57 72 73 74 78 79 83 84 85 86 90 92 94 95 96 97 98 99
114 73 75 77 78 82 83 84 86 88 89 90 91 92 95 97 98 99 100
92 74 79 80 81 82 83 85 86 88 89 91 96 97 98 99
113 75 76 77 79 84 85 86 87 88 89 91 92 95 96 98 99
89 76 77 79 81 82 85 87 89 91 92 93 94 95 96 97 98 99 100
93 77 78 80 81 84 85 87 88 89 90 91 92 93 94 97 98 99
67 78 79 81 83 84 86 87 92 93 94 98 99 100
105 80 81 82 83 84 85 86 88 89 90 92 93 94 95 97 98 99 100
133 80 81 82 83 84 85 87 88 91 92 94 95 96 98 99
113 81 82 83 85 86 88 89 90 91 93 94 96 97 98 99 100
103 82 83 85 86 87 90 91 92 93 94 96 98 99
142 83 84 85 86 87 88 90 92 93 94 99 100
104 84 85 86 88 89 90 91 92 93 94 95 96 98 99 100
96 86 89 90 91 92 93 95 96 97 98 100
134 87 89 91 92 93 94 96 97 99 100
89 87 88 89 90 91 93 97 98
125 88 90 91 92 93 94 95 97 98 100
71 89 90 91 92 93 96 99
119 90 91 92 95 98 99 100
134 93 94 95 96 98 99
99 94 95 97 98 99
66 94 98 100
149 94 95 96 98 100
96 95 96 97 98 99
50 96 97 98 100
119 99 100
150 98 99
120 99
64 100
82
