50	10	10000	10
-4	272	8
-5	614	3
-3	332	3
-5	112	8
-3	889	4
-4	304	2
-3	652	7
-5	980	7
-5	661	5
-1	337	3
2499 2 3 4 5 6 8 10 11 14 15 16 17 18 19 20 22 23 24 25 28 29 30 31 32 33 34 35 37 39 40 41 42 43 44 45 47 48 49 50
2744 4 7 8 10 11 13 14 15 18 19 20 21 24 25 28 29 31 32 33 34 36 39 41 42 46 48 49 50
2150 4 5 6 9 13 14 15 17 18 19 20 21 22 23 24 25 26 28 29 33 34 35 37 38 39 41 42 43 44 46 47 48 49 50
1545 5 7 9 10 11 12 13 15 16 17 18 19 20 23 24 25 26 27 28 29 31 34 36 37 38 40 44 45 46 47 48 49 50
2364 8 9 10 11 12 14 15 16 17 18 20 22 23 24 25 27 32 34 36 37 39 40 42 45 47 48 49 50
2706 7 8 9 10 13 16 17 19 20 21 22 24 26 27 28 30 31 32 33 35 38 39 42 43 44 46 48
3000 8 9 11 14 15 16 17 18 19 20 21 22 23 24 25 26 28 30 31 32 33 36 37 40 44 46 48 49 50
2461 9 11 14 16 17 18 20 21 22 23 24 26 27 29 30 31 33 34 35 36 39 40 41 42 44 45 46 50
1929 10 14 15 16 18 20 21 22 23 24 25 30 31 34 36 37 39 40 41 42 47 48 49 50
2710 11 12 13 15 16 18 19 20 24 26 30 31 33 34 35 36 37 39 41 42 45 48 50
2639 12 13 14 15 16 17 18 19 20 24 27 28 29 31 32 34 36 38 43 44 45 49 50
2861 13 14 15 16 17 18 19 22 23 24 25 31 32 33 34 35 37 41 42 43 44 45 46 48 49 50
1721 14 15 16 18 19 20 21 22 23 24 25 26 27 28 29 30 31 32 34 35 38 39 40 41 42 43 45 46 47 48 49 50
2306 16 18 19 20 21 23 24 25 26 27 29 30 31 33 35 36 37 38 39 40 42 45 46 48 49 50
2045 16 17 18 19 21 26 27 29 31 33 34 35 36 37 38 39 40 41 42 43 45 46 47 49 50
2905 17 20 21 22 23 24 25 26 30 32 34 35 36 37 38 39 40 41 42 46 48
2580 18 19 20 21 22 23 24 25 26 27 29 30 31 32 33 34 35 36 37 38 39 41 43 44 45 46 47 48 49 50
2632 19 20 22 24 25 26 27 28 29 32 33 34 35 36 37 38 40 42 43 46 47 49 50
2207 20 22 24 25 29 30 31 33 34 35 36 37 38 40 41 42 43 44 45 47 48 49 50
2886 21 23 24 25 26 27 28 29 30 31 32 33 35 36 37 39 41 42 43 46 48 49 50
2872 22 23 25 26 27 31 32 34 35 36 37 38 40 42 44 45 46 47 48 49 50
2483 23 26 27 28 29 30 31 32 36 37 38 39 40 42 43 44 45 46 48 49
1629 25 26 27 28 29 33 34 35 36 37 38 40 41 42 43 44 45 46 47 48
2441 25 26 27 29 30 31 32 33 34 35 36 37 38 39 40 41 42 43 44 49 50
1880 26 27 28 30 31 32 34 36 37 38 42 43 44 45 46 47 48 49 50
2121 27 28 30 31 32 33 34 36 37 38 41 43 44 45 46 47 48 50
1747 29 30 31 34 35 37 38 39 40 41 43 47 48 49 50
2939 29 30 31 33 34 35 36 41 42 43 44 45 46 48
2834 30 31 32 33 35 36 37 38 39 40 41 43 45 46
2298 31 32 33 34 35 36 37 38 41 42 45 46 47 48 49 50
1518 33 34 35 36 37 38 39 41 43 45 47 50
1544 33 34 35 36 37 39 40 43 44 46 48 50
2534 34 36 38 41 42 43 46 47 48
2327 35 37 39 40 42 43 45 46 47 50
2566 36 37 38 39 40 43 45 46 48 49
1741 37 38 41 43 44 46 48 50
2420 39 40 41 42 43 44 45 46 48 49 50
2925 39 42 45 46 48 49 50
2396 40 41 42 43 45 47 48 49 50
2703 42 43 44 45 47 48 49 50
1677 42 43 44 46 47 48 49
2258 43 44 45 46 47 49 50
2830 46 50
2977 45 47 48 49 50
2364 46 47 48 50
2251 47 48 49 50
2859 48
1775 49 50
2131 50
2714
