100	5	1000	1
0	132	25
0	115	16
0	176	21
0	156	18
0	185	20
43 2 3 5 6 7 9 13 14 15 16 17 21 22 23 25 26 28 30 31 32 35 36 37 38 42 43 45 47 52 54 55 56 57 58 59 63 65 66 67 68 70 71 72 73 75 76 77 78 82 83 84 87 88 89 90 91 93 95 96 98 99
89 3 4 7 8 9 10 11 12 14 17 18 19 20 24 25 26 28 29 31 33 34 35 36 37 38 41 42 43 44 45 48 51 52 53 54 55 56 58 59 61 63 65 68 70 71 73 74 75 76 77 81 82 84 85 86 87 88 92 93 94 95 96 97
97 4 5 6 7 8 9 11 12 13 14 15 17 18 19 21 22 23 24 25 26 27 30 31 32 33 36 39 41 42 43 44 45 47 48 49 50 51 52 53 54 55 57 59 60 62 64 65 66 67 68 70 72 73 74 75 76 78 79 80 82 83 85 86 87 88 89 90 92 93 95 96 97 100
80 5 6 7 8 9 10 11 12 13 15 16 17 18 20 21 23 24 25 26 28 29 30 35 36 38 39 41 44 45 47 48 49 50 51 52 53 54 56 59 60 62 65 66 68 69 70 71 73 78 79 80 81 84 85 86 87 88 89 91 92 93 94 96 98 99 100
21 6 7 8 10 11 12 13 17 18 19 20 21 22 23 24 25 27 28 29 30 34 36 37 39 40 41 42 43 44 46 47 49 50 54 55 57 59 60 62 63 64 65 66 67 68 69 73 74 75 77 78 79 80 82 85 86 87 89 90 91 93 94 95 97 98 99 100
88 7 8 9 10 11 14 15 18 21 22 23 24 26 27 29 30 31 32 34 35 37 38 40 41 42 44 45 46 47 48 50 51 53 54 55 57 58 62 63 64 65 66 67 68 70 73 75 76 77 78 79 80 81 82 83 85 86 87 88 89 90 91 92 94 96 97 98 100
34 8 10 12 14 15 17 18 19 22 26 27 29 31 32 34 35 36 37 40 41 42 43 45 46 48 49 50 51 52 53 54 55 57 59 60 61 62 63 64 65 67 69 70 71 72 73 74 75 76 79 80 81 83 84 85 86 87 89 90 92 93 95 96 99 100
20 9 10 12 13 14 15 16 17 19 20 21 22 23 24 25 26 27 31 32 33 35 36 37 38 40 41 42 43 44 47 48 49 50 51 52 54 56 57 59 60 61 63 64 65 66 67 68 70 71 75 77 78 79 80 81 82 83 84 86 87 91 92 93 95 96 97 99 100
80 10 11 12 14 15 16 17 18 19 20 21 22 23 24 25 26 29 30 31 32 33 34 35 36 37 38 39 41 42 45 46 49 50 52 54 56 57 59 60 61 62 64 65 66 67 68 69 70 71 73 75 76 77 78 79 80 82 84 87 89 90 91 92 93 95 96 97 98 99 100
86 11 15 17 18 21 23 24 25 28 29 30 31 33 34 35 36 39 40 41 42 43 44 46 47 48 51 52 53 55 56 58 59 60 61 62 63 64 65 66 67 71 72 74 75 76 77 81 82 83 84 86 87 88 89 90 91 92 93 94 95 98 99
88 12 13 14 15 17 18 19 22 23 26 27 28 29 30 31 32 33 34 35 36 37 39 40 41 42 43 44 46 47 48 49 52 53 55 56 58 60 61 63 64 65 67 68 70 71 72 73 74 78 79 80 81 82 84 85 87 88 89 92 94 95 96 97 98 99 100
21 13 14 15 18 19 20 21 22 24 26 27 28 29 30 32 34 35 36 38 39 42 44 45 46 47 48 49 50 51 52 54 56 57 59 60 61 62 63 64 65 66 67 68 71 73 74 76 77 79 80 82 83 84 85 87 88 89 90 93 96 98 99
20 14 17 18 19 20 21 22 24 25 28 29 31 32 33 38 39 40 41 42 43 44 45 47 48 50 51 52 54 56 58 59 63 67 69 70 72 74 75 76 77 78 79 80 81 82 84 85 86 88 89 90 91 94 97 99
72 17 18 19 20 22 23 24 25 29 30 31 32 33 34 36 37 38 39 40 41 42 43 45 46 48 49 50 54 55 56 59 60 61 63 64 65 66 67 68 69 71 73 74 75 76 78 79 82 83 85 88 91 92 95 96 97 98 99
28 16 17 19 20 21 23 24 25 26 28 29 30 33 35 36 38 39 41 44 46 48 49 50 51 52 54 55 57 59 60 61 62 63 65 68 69 71 73 75 76 77 80 81 82 83 84 85 86 87 88 89 90 91 92 93 94 96 97 98 99
13 17 18 19 20 21 22 23 25 27 29 30 31 33 35 36 37 38 39 41 42 43 44 45 47 48 50 52 53 54 56 57 58 60 61 62 63 67 68 69 70 72 73 75 76 77 78 79 80 81 82 83 85 87 88 89 94 98
91 19 20 21 22 23 24 25 26 27 28 29 30 32 33 34 35 36 37 39 41 43 44 45 46 48 50 53 54 56 57 59 60 61 63 65 66 67 68 70 72 74 75 76 77 78 79 80 82 83 84 85 86 87 88 89 90 91 92 93 94 96 97 98 99 100
87 20 22 23 28 29 31 32 33 34 35 36 39 41 43 44 45 46 47 48 49 50 52 56 58 60 61 64 65 67 68 72 73 74 75 76 77 79 83 86 88 89 90 91 92 94 98 99
34 20 21 23 25 26 27 28 29 30 33 34 37 38 41 43 44 45 46 47 48 51 52 53 54 55 56 57 60 61 62 64 65 66 67 68 69 71 72 73 74 75 77 78 80 81 82 83 84 85 86 88 89 90 91 94 96 97 98 99
96 21 23 24 26 27 28 29 30 31 32 33 34 38 40 42 43 46 47 48 49 50 51 52 53 54 55 56 57 58 59 61 62 63 65 66 67 68 69 71 72 73 74 75 76 78 80 81 82 83 84 85 88 89 90 91 92 95 96 97 99
79 22 23 24 28 29 31 32 34 35 36 37 38 39 40 41 42 45 46 47 48 49 50 55 56 57 58 59 60 61 62 63 66 67 69 70 71 72 73 74 76 78 80 81 82 83 86 87 88 89 90 93 94 95 97 99 100
43 23 24 25 26 29 30 32 33 34 35 36 37 38 39 40 42 43 44 45 47 51 53 56 59 61 62 63 66 68 70 71 72 73 75 76 78 80 81 82 85 86 87 88 91 92 93 95 96 97 98 99
38 24 25 27 29 30 31 32 33 34 37 39 42 43 44 45 46 48 50 51 52 53 54 55 56 58 60 61 63 64 65 66 67 68 69 70 71 73 75 76 78 79 81 82 87 88 89 90 92 95 96 97 98 99 100
92 25 27 29 31 32 33 34 35 36 37 38 39 40 41 42 43 44 45 46 48 49 50 52 53 54 55 56 57 58 59 60 61 63 64 65 66 68 69 72 73 74 75 76 77 78 79 80 81 82 83 85 86 87 89 94 96 98 99
74 27 28 30 32 34 36 37 38 39 41 43 44 46 47 48 49 50 51 54 55 57 58 61 62 63 64 65 66 68 69 70 71 73 75 76 79 80 84 86 87 88 89 90 91 92 93 94 95 96 98 99
80 27 29 30 31 32 33 34 35 36 37 38 39 40 43 44 45 46 47 48 49 50 51 52 53 54 55 57 58 59 61 62 63 65 66 67 68 69 70 71 73 75 76 77 78 80 81 83 85 86 89 90 91 92 93 94 95 96 97 98 100
51 28 29 30 32 35 36 37 38 39 42 43 45 48 49 53 54 55 56 59 61 63 64 65 69 70 71 72 73 74 75 76 77 78 80 81 82 84 86 88 89 90 91 92 93 94 95 96 97 98 100
28 30 31 32 34 39 40 41 42 43 44 46 47 48 51 53 54 55 56 57 58 59 60 63 64 65 67 69 71 73 74 75 76 77 78 80 83 84 86 87 89 92 93 94 96 97 98 100
87 30 32 34 35 37 38 39 40 42 43 44 45 46 47 50 51 52 53 54 55 56 57 61 63 65 67 68 69 70 71 72 73 75 78 79 80 82 83 84 87 88 89 91 93 96 97 98 99 100
33 31 32 33 34 37 38 39 40 41 42 43 45 47 48 49 50 52 55 59 60 61 62 63 64 65 66 67 68 69 70 71 72 74 75 76 77 80 81 83 84 85 86 87 88 91 92 93 94 95 97 98 99 100
29 33 35 36 37 39 41 42 44 45 46 47 49 50 53 54 55 56 57 58 59 60 61 62 64 66 67 68 69 70 73 74 75 76 79 80 81 82 83 84 85 87 88 90 91 92 93 96 97 98 99 100
96 33 34 35 37 38 39 40 42 43 44 45 46 47 48 51 52 53 54 55 56 57 58 59 60 61 63 64 65 67 68 69 72 73 74 75 76 77 79 81 83 85 87 88 89 92 94 95 96 97 98 99 100
12 34 35 36 38 39 40 41 42 44 45 46 47 48 49 51 53 57 58 59 60 61 62 63 64 65 67 68 70 71 73 74 77 78 80 82 83 84 85 86 87 88 91 92 93 94 95 96 97 98 99 100
57 35 37 39 40 41 42 43 44 47 48 49 50 55 57 58 59 61 62 63 70 71 73 74 75 76 80 82 83 85 86 87 88 89 90 93 94 95 97 98 100
52 37 40 41 46 47 48 49 50 52 53 54 55 56 57 59 60 61 63 67 68 69 70 71 72 73 74 76 78 80 81 82 83 84 85 86 87 89 91 92 93 94 95 96 98 99 100
15 37 39 40 41 43 44 46 47 48 49 50 51 53 57 58 59 62 63 66 67 70 71 72 73 74 75 78 80 82 83 84 85 86 87 88 89 90 94 96 97 99
87 38 39 40 42 43 44 47 51 52 53 54 55 63 64 65 66 67 68 69 72 73 74 75 76 77 78 80 83 85 86 88 89 90 92 93 94 96 98 100
25 42 44 45 46 48 49 50 51 52 54 55 58 59 60 61 62 63 64 65 66 69 70 71 73 74 75 77 80 82 86 87 89 90 91 92 94 95 96 98 99 100
99 40 41 42 43 44 45 47 48 50 51 53 54 55 56 57 58 60 61 63 64 65 67 68 71 72 73 77 78 80 81 82 83 84 87 88 89 90 91 93 94 96 98
17 41 43 44 45 46 48 49 51 52 53 55 56 57 59 62 63 64 66 67 68 69 70 71 72 73 75 76 77 79 81 82 83 85 87 88 89 91 93 94 95 96 97 98 99 100
30 43 45 46 47 49 50 51 52 53 55 58 61 62 63 64 65 67 68 69 70 71 73 75 76 77 79 80 82 83 84 86 87 88 91 93 94 96 97 98 100
27 43 44 45 46 48 49 50 51 52 53 55 56 57 58 59 62 63 64 65 66 67 69 71 73 76 78 80 83 84 88 89 92 93 94 95 96 97 98 99 100
78 48 50 52 55 56 57 58 59 60 61 62 63 64 65 66 67 68 71 72 73 74 77 78 79 80 81 82 83 86 87 88 89 91 92 93 94 95 96 100
22 45 46 47 48 51 52 54 55 56 58 59 60 62 64 65 66 67 69 70 71 72 73 74 75 76 77 78 79 80 81 82 84 85 88 90 91 92 93 94 97 98 99
70 46 47 48 50 51 52 53 54 55 58 59 61 63 64 65 66 67 68 69 71 74 75 76 79 81 82 83 84 85 88 89 90 91 93 94 97 99
65 47 49 50 51 52 53 56 58 60 61 62 64 66 68 69 72 73 75 76 77 80 81 84 85 87 88 90 93 94 96 97 98 99 100
88 48 49 50 52 53 54 56 59 60 63 64 65 66 67 68 69 70 71 72 73 76 77 78 80 81 82 84 85 86 87 88 89 90 92 93 94 95 96 97 98 99 100
75 49 50 53 54 55 57 60 61 63 68 69 70 72 73 74 76 77 78 79 81 82 83 86 88 89 90 92 94 95 96 97 98 100
80 50 51 53 54 55 56 57 58 60 61 62 64 65 66 68 69 71 72 73 74 75 76 77 78 79 80 85 87 89 92 93 94 95 96 97 99
100 51 52 57 60 62 63 64 65 66 67 68 70 72 73 74 77 78 79 81 82 84 85 86 88 91 92 93 96 97 98 99 100
79 52 53 54 55 56 57 58 59 60 61 62 65 66 68 69 70 71 72 76 77 79 80 81 82 84 86 87 88 90 91 92 94 95 96 97 98 99 100
66 58 59 60 61 62 63 64 66 68 69 70 71 72 73 74 76 77 78 79 80 81 82 83 84 85 86 88 89 91 92 93 94 95 96 97
33 54 56 57 58 59 60 61 62 63 64 66 69 70 73 74 75 78 79 80 82 83 84 85 87 88 90 91 92 93 94 95 96 97 100
70 55 56 57 58 59 60 61 62 63 64 65 66 67 70 71 72 73 76 78 79 80 81 82 83 84 85 86 87 88 89 91 94 95 96 97 98 99
20 56 58 59 60 61 62 65 66 67 68 70 71 75 77 78 80 81 82 85 86 87 88 89 90 91 93 94 95 97 99 100
88 58 59 60 61 62 63 65 66 67 69 70 71 72 73 74 75 76 77 78 82 83 85 86 87 88 89 90 91 92 93 94 96 98 99 100
34 58 59 60 61 62 64 66 67 68 69 70 72 73 76 77 80 83 84 85 87 88 89 90 91 93 95 96 97 99 100
24 59 60 62 63 68 69 73 74 77 78 79 80 81 82 83 85 87 89 90 91 92 93 94 95 96 98 99 100
24 60 61 62 63 64 65 66 69 70 71 73 74 76 82 83 84 85 86 87 89 91 92 93 95 96 97 98 100
54 61 62 63 65 67 68 69 70 72 74 75 77 79 80 82 83 85 86 87 88 89 90 91 93 95 97 98 99 100
55 64 65 66 67 68 70 71 72 75 76 77 78 80 81 82 84 85 86 88 89 90 92 94 98 99 100
77 65 66 68 69 70 71 72 74 75 77 78 79 80 82 83 85 86 87 88 89 90 91 93 94 97 98 99 100
63 64 65 66 67 70 71 72 73 78 79 80 81 82 83 84 88 91 92 93 95 97 98 99 100
48 65 66 68 70 71 72 75 77 79 80 81 83 84 85 86 91 92 94 95 96 97 98 99 100
55 66 67 70 71 72 73 74 76 77 79 80 82 84 85 86 88 89 92 93 94 95 96 98 99 100
66 68 69 70 72 74 76 77 78 79 80 81 83 84 85 87 88 89 90 91 92 93 95 97 98 99 100
100 68 69 70 71 72 73 74 75 76 77 78 79 81 82 83 85 88 89 90 92 94 95 96 98 99 100
52 69 70 71 72 73 74 75 76 77 78 79 80 81 85 86 87 89 91 92 93 94 95 99 100
23 72 73 75 76 77 78 79 80 85 86 87 88 89 90 91 92 94 95 96 98 100
50 71 72 73 74 75 76 77 78 79 80 81 83 84 86 88 89 91 92 94 95 96 98 99
100 75 76 77 78 79 80 82 83 87 89 90 93 94 96 97 99
73 73 76 77 78 80 82 83 84 86 87 88 90 91 92 94 95 96 97 98 99
17 75 76 77 78 79 80 82 83 85 89 91 92 93 95 96 99 100
21 76 78 79 81 84 85 86 91 92 94 96 97 98
36 77 78 79 80 82 83 85 87 88 90 92 94 95 96 97 98 100
89 78 80 83 84 89 90 91 95 96 98 99 100
33 78 79 80 82 84 85 86 87 89 90 91 92 94 96 98 100
15 79 80 81 82 83 84 85 86 87 89 90 91 92 95 96 97 100
35 81 82 83 84 86 87 90 91 92 93 95 97 98 99 100
82 81 83 84 85 86 87 88 89 91 92 94 96 97 99
72 82 83 84 85 90 91 93 95 96 99
37 85 87 88 90 93 94 95 96 97 100
27 84 88 89 92 93 95 98 100
28 86 87 89 90 91 93 95 97 99
22 86 87 88 91 92 94 96 97 99 100
43 87 89 90 91 92 94 95 96 97 98 99 100
38 88 90 92 93 94 95 96 97 99
67 89 90 92 94 95
85 90 91 94 95 97 98 100
40 91 92 93 94 95 96 97 99 100
97 92 93 94 95 96 99 100
45 94 95 96 97 98 99
40 94 95 96 98 99 100
63 95 96 97 98 99 100
45 96 97 98 99 100
90 99
91 98 99 100
87 99 100
25
22
