75	10	200	10
-4	9	5
-4	13	9
-1	7	7
-3	12	7
-5	15	7
-4	3	10
-4	5	4
-3	6	5
-4	9	11
-3	3	10
55 2 3 4 8 9 10 12 13 16 17 19 21 22 23 25 26 27 28 29 30 32 33 34 36 38 40 42 43 44 45 46 47 50 51 53 55 58 59 60 63 66 68 69 70 72 73 74 75
32 3 4 5 6 7 8 9 10 11 13 15 16 18 20 21 22 24 26 27 28 29 30 32 33 34 37 39 40 43 45 47 51 52 54 55 56 57 58 60 61 62 63 66 68 69 70 71 73 74
49 4 5 6 7 8 9 10 11 12 14 16 17 18 19 20 21 24 25 26 27 28 33 34 36 38 39 40 41 42 43 44 45 46 48 49 50 53 54 55 56 57 58 61 62 64 65 66 67 69 70 71 72 73 74 75
56 5 6 7 8 9 10 11 13 14 15 16 17 18 19 20 22 24 25 26 27 29 30 32 33 34 35 37 38 39 41 42 44 45 46 47 48 49 51 52 53 57 58 60 63 64 66 70 71 72 73 74 75
53 8 9 10 11 14 16 20 22 23 24 25 26 28 29 30 31 32 34 36 38 39 40 43 44 45 46 48 51 54 55 57 59 60 64 65 66 67 70 73 74 75
49 8 9 10 11 12 13 14 15 16 17 20 25 28 30 31 32 33 34 35 37 38 39 40 41 42 44 45 46 47 48 49 52 54 57 58 59 61 62 63 65 68 69 70 71 72 73
53 9 10 11 12 13 15 16 18 20 21 23 24 25 26 27 29 30 33 34 36 37 38 40 41 42 43 45 48 50 52 53 55 58 59 60 61 64 65 67 68 71 72 73 75
58 10 11 14 15 17 18 21 22 23 24 25 27 28 29 30 31 32 35 36 37 38 39 41 42 43 44 45 47 49 50 52 53 54 55 56 57 61 63 64 66 67 68 70 71 72 74
36 11 12 13 14 15 16 18 19 20 21 22 24 25 27 28 29 31 33 34 36 37 38 39 40 41 42 43 44 47 48 49 52 53 54 56 57 59 60 61 64 65 67 68 70 72 73 74 75
32 12 13 14 15 16 17 18 19 20 21 22 23 24 26 28 30 31 32 36 37 38 39 41 42 44 46 47 48 49 51 52 53 54 55 56 57 58 60 61 62 63 64 67 68 69 71 72 73 74 75
47 12 14 16 17 18 19 20 21 23 24 27 29 30 32 33 34 36 37 40 41 43 44 45 46 48 49 50 51 52 55 56 57 59 60 61 62 64 65 66 67 68 69 70 71 73 74 75
32 13 16 18 19 20 22 24 25 27 28 30 31 32 33 34 35 36 37 39 40 41 42 44 46 47 49 50 51 53 54 55 56 58 59 60 61 62 63 64 67 68 69 70 72 74 75
58 15 17 18 19 20 22 25 27 28 29 31 32 33 35 36 37 38 39 40 41 43 44 45 47 54 55 56 58 60 61 63 65 66 67 68 70 71 72 73
45 16 17 19 21 22 23 24 27 30 31 32 33 35 36 37 39 40 41 44 46 47 49 50 54 55 56 57 59 62 64 65 66 67 69 70 71 72 74 75
39 17 18 21 23 24 25 26 28 30 32 33 35 38 39 40 42 43 44 47 48 49 50 51 53 54 55 57 58 60 62 63 64 66 68 69 70 71 72 73 74 75
54 17 18 20 21 22 24 25 26 29 30 31 32 33 34 35 36 37 38 39 41 42 43 44 46 48 50 51 52 53 55 56 58 60 64 66 68 70 71 72 73 74 75
39 18 20 21 22 23 24 25 27 28 29 31 32 36 39 40 42 43 44 45 46 48 49 51 52 53 54 55 56 58 60 63 64 66 67 68 72
55 19 20 21 22 23 24 25 26 27 28 29 30 33 34 35 36 37 39 40 41 42 43 44 46 47 48 51 52 53 57 58 59 60 61 65 66 67 68 72 74 75
31 20 23 24 25 27 28 29 31 32 33 35 36 37 38 39 41 43 44 45 48 49 51 55 57 58 60 61 62 63 68 69 70 71 72 74
58 21 22 23 24 26 27 28 29 31 32 33 34 35 38 39 40 41 42 43 44 45 47 48 49 50 51 53 54 55 56 58 60 62 63 64 65 66 67 68 69 70 71 72 74
59 24 25 26 27 28 29 30 32 33 35 36 38 39 41 42 43 44 45 46 47 48 49 50 51 52 53 54 60 61 62 65 67 68 69 73 75
46 23 24 25 28 29 30 32 34 35 36 37 38 40 42 43 44 45 46 48 49 50 53 55 56 57 58 59 61 63 64 65 66 67 69 70 71 72 73 74 75
60 24 26 27 28 29 30 31 32 33 34 36 37 40 41 42 43 44 45 46 47 48 50 53 54 55 56 57 60 61 63 64 65 66 67 68 70 73
55 25 26 27 28 29 31 32 33 34 37 38 39 40 41 42 43 44 45 46 47 50 52 53 54 55 56 57 59 60 61 62 63 66 67 69 71 72 75
56 26 27 31 33 35 36 37 38 40 42 43 44 45 47 48 51 52 55 58 59 63 64 66 67 69 70 71 73 74
57 28 30 31 32 34 36 37 38 39 40 41 43 44 45 46 47 48 49 50 53 54 55 56 58 59 60 61 62 63 64 65 66 68 69 71 72 74 75
58 29 30 31 32 33 34 35 36 37 38 39 41 42 43 47 49 50 51 53 54 55 56 57 58 59 60 61 62 63 64 65 66 68 70 71 74
37 29 30 31 32 34 35 37 38 40 41 43 44 45 46 47 48 49 50 51 53 54 55 57 58 60 61 64 65 67 68 70 71 73 75
59 30 31 33 35 36 37 38 40 41 42 44 45 49 51 52 53 55 56 57 59 62 63 65 66 67 68 69 70 71 72 74
47 33 34 39 40 41 42 44 45 46 47 48 49 50 51 52 53 55 56 57 59 60 61 63 65 66 68 69 70 71 75
52 32 33 35 36 38 40 41 42 45 48 50 51 53 56 57 58 59 60 61 64 68 70 71 73
35 33 34 36 39 40 41 45 46 48 49 51 55 56 58 59 60 62 63 64 65 67 70 71 74
45 34 38 40 41 42 43 45 46 47 49 51 52 54 56 57 58 59 62 63 64 65 66 68 69 70 71 72 75
44 35 36 37 38 39 41 42 43 44 45 46 47 49 50 52 53 56 57 58 59 60 61 62 63 64 65 66 67 68 69 70 72 73 75
33 36 37 38 39 40 41 42 43 44 45 46 47 48 49 50 51 52 53 55 56 58 59 60 62 63 64 65 66 67 71 73 74 75
45 38 39 40 45 46 48 49 53 54 55 56 63 64 67 68 69 70 71 72 73 74 75
43 38 40 41 44 45 46 47 48 49 52 54 55 56 57 58 59 60 61 62 63 64 65 67 69 72 74 75
49 39 41 43 44 45 46 47 48 49 50 52 55 57 58 59 60 61 63 64 65 67 69 70 72 73 74 75
37 43 45 47 48 50 51 52 54 55 56 58 59 61 64 65 66 70 71 72 73
52 41 42 43 45 46 47 49 50 51 52 53 54 56 58 59 60 61 62 63 64 65 66 67 69 72 73 75
58 42 43 44 45 46 47 49 51 53 54 55 56 58 60 61 62 64 65 66 68 69 70 71 74 75
56 43 44 45 46 47 48 51 52 53 54 55 59 61 62 64 66 68 70 72 74 75
32 44 46 48 49 50 52 53 54 55 56 57 60 62 63 66 67 68 69 70 71 74
49 45 46 47 49 50 51 52 53 54 55 58 59 62 64 65 66 69 71 72 73 74 75
57 47 48 49 50 52 53 54 55 56 58 61 62 65 66 67 68 69 70 72 73 75
52 47 48 50 51 52 53 56 58 59 60 61 62 63 64 65 67 68 69 70 71 72 74
40 48 50 51 54 55 57 58 59 60 61 63 64 68 69 70 71 72 73 74 75
56 49 50 53 54 56 57 58 59 60 61 62 63 65 67 68 69 71 72 74 75
48 51 52 54 55 56 57 59 60 61 62 65 66 67 68 69 70 71 74 75
57 53 54 55 56 59 62 64 65 67 68 69 70 74
56 52 54 55 56 59 60 61 62 63 64 65 66 67 69 70 71 72 74
33 53 54 55 56 58 60 61 62 64 65 66 67 68 69 70 71 72 73 74 75
32 54 58 60 62 63 64 65 67 68 70 72 73
51 56 57 58 59 60 61 62 64 65 66 67 68 69 70 72 73 74 75
52 56 57 58 59 60 61 62 63 65 67 68 70 72 73
33 57 59 61 62 63 64 65 66 68 69 70 71 72 75
45 59 60 61 62 63 64 66 67 68 69 70 71 72 73 74 75
38 59 60 65 66 68 70 71 73 74 75
59 60 61 62 64 65 67 70 71 73 74 75
44 62 63 65 66 67 68 71 72 74 75
59 62 63 64 65 66 68 69 70 71 72 73 74
36 64 65 66 67 68 69 71 72 75
51 64 65 66 67 68 69 70 71 72 73 74 75
38 68 69 70 71 72 73 75
55 66 67 68 71 73 74
58 68 69 70 73 75
58 69 70 71 73 74
37 70 72 73 74 75
47 71 72 73
39 72 73 75
55 72 73 74 75
37 73 74 75
51
56
50
