75	10	200	10
-2	28	13
-5	36	6
-1	25	4
-3	28	6
-1	40	6
-4	29	7
-4	34	8
-4	30	6
-4	35	13
-2	35	6
22 3 4 5 7 10 11 12 13 14 15 16 17 18 19 20 22 24 25 26 27 28 29 32 34 36 37 38 39 40 42 43 44 45 46 47 48 49 50 51 52 53 55 57 60 61 63 65 66 67 69 70 72 73 74 75
24 5 6 7 8 9 10 11 12 13 14 15 17 19 20 21 23 24 25 26 27 28 29 30 33 34 36 37 38 39 41 42 43 44 46 47 49 52 53 54 56 59 60 61 62 64 66 67 68 69 70 71 72 73 74 75
10 6 8 9 11 13 14 17 20 21 22 23 24 27 29 30 31 32 33 35 36 39 40 41 42 44 45 46 47 48 51 53 54 56 58 59 60 61 62 64 66 68 69 70 73 75
25 5 6 7 9 11 13 14 15 16 17 18 20 21 22 23 24 25 26 27 28 29 30 31 33 36 37 38 39 40 41 42 44 45 46 48 49 50 52 53 54 55 56 58 59 60 61 63 64 65 66 67 68 70 71 72 73 75
25 8 10 11 12 15 16 17 18 19 20 22 23 25 26 27 28 29 32 33 34 35 36 37 40 43 46 47 48 49 50 51 52 53 54 55 56 57 58 59 60 61 62 63 64 65 67 69 71 72 73 74
19 7 8 12 14 15 16 17 18 20 23 24 25 26 27 28 29 30 32 33 34 36 37 38 39 40 41 42 44 48 53 55 58 59 61 62 64 66 68 69 70 71 72 73 74
16 9 11 14 15 17 19 20 23 24 25 26 27 28 29 30 33 34 35 39 43 44 46 47 49 51 54 56 57 58 59 60 61 62 63 66 67 68 70 71 72 73 75
22 13 15 17 18 19 20 21 22 23 24 26 27 28 29 31 32 34 35 37 39 40 43 46 49 50 52 53 55 59 60 61 62 66 67 68 69 71 73 75
25 11 12 13 15 16 17 18 20 21 23 24 25 27 28 30 31 32 33 35 36 37 38 41 44 47 48 49 50 51 52 54 55 56 57 58 59 61 62 63 64 65 66 68 69 71 72 73 74 75
27 12 13 14 15 16 17 20 21 22 23 27 29 31 32 33 35 36 37 38 39 40 41 42 43 44 45 46 48 51 52 53 54 55 56 57 58 59 60 61 62 65 67 68 70 71 72 73 74 75
17 12 15 17 18 20 21 22 24 25 26 27 28 30 33 34 37 38 40 41 42 43 45 46 47 48 49 50 53 54 56 57 58 59 62 63 66 67 68 69 70 71 72 73 74
24 13 15 17 19 20 21 22 27 28 29 31 32 33 34 35 36 38 39 41 42 43 45 48 52 55 56 57 58 61 63 64 65 66 67 68 70 72 74 75
18 14 15 16 17 19 20 22 23 24 25 27 28 29 32 34 36 38 39 40 41 43 44 45 46 47 48 49 50 51 52 54 56 57 58 59 60 61 62 63 64 65 66 68 69 70 71 72 75
25 15 16 17 18 19 20 22 24 26 27 28 29 30 31 33 34 35 36 37 38 39 41 42 43 44 45 46 48 49 50 51 54 55 56 57 58 60 61 62 63 64 65 67 68 69 70 71 72 74 75
15 17 18 19 21 24 25 28 29 30 32 33 36 37 39 42 45 46 47 48 50 57 58 61 62 63 64 66 70 73 74 75
15 17 18 19 22 23 26 27 28 29 31 32 33 34 35 37 39 43 44 45 46 47 48 49 51 52 53 54 55 56 57 58 61 62 64 65 66 67 68 69 71 73 74
27 18 19 20 21 22 23 24 28 29 31 33 37 39 41 42 43 45 46 47 49 50 52 53 54 55 58 59 60 61 62 64 65 66 67 69 70 71 74 75
12 19 20 22 25 26 27 28 29 30 31 32 33 34 35 36 37 38 39 40 41 42 43 44 48 49 52 53 54 55 58 59 61 62 66 67 68 70 71 73 74
29 20 21 22 24 25 26 30 31 32 34 36 37 38 40 41 43 45 46 47 50 51 52 54 55 56 57 58 60 61 62 63 64 66 67 68 69 70 71 72 73
15 21 22 23 24 25 26 27 28 30 31 32 36 37 38 39 40 42 43 46 47 48 49 51 54 55 57 58 59 62 64 65 69 70 73 75
27 22 24 25 26 28 29 30 32 33 34 35 36 37 38 39 40 41 43 45 46 47 48 49 51 52 54 56 57 58 59 60 62 65 66 67 68 69 72 73 75
21 23 26 27 28 32 33 35 36 38 41 43 44 45 47 48 49 51 52 53 55 56 57 58 59 60 64 65 69 70 71 73 74 75
15 24 25 26 27 30 33 34 35 36 39 41 42 44 45 46 47 48 50 51 52 53 54 56 57 58 59 60 61 62 63 65 66 67 69 70 72 75
24 25 26 28 29 30 31 32 33 34 35 37 39 40 41 42 44 47 48 49 50 53 55 56 57 58 59 60 61 62 65 68 70 71 72 73
19 28 31 33 34 35 36 37 39 40 41 42 45 46 48 49 51 52 55 57 61 62 63 64 65 66 67 68 69 70 73 74 75
22 29 30 31 32 33 34 36 40 42 44 45 46 47 48 49 50 53 54 55 57 58 59 61 64 65 66 67 68 69 71 72 73 74
22 28 29 30 31 32 34 38 39 41 42 43 44 45 47 49 50 51 53 54 55 56 57 58 59 60 61 62 63 64 65 67 69 70 71 72 73 74 75
23 30 31 32 33 34 35 36 38 39 41 43 44 45 46 47 48 51 52 53 54 55 56 57 60 61 62 63 65 66 67 68 70 71 73 75
18 30 31 32 33 34 35 36 37 38 39 40 41 42 43 44 48 49 51 52 53 54 55 58 59 60 61 63 65 66 69 70 72 73 75
17 31 32 35 37 38 39 40 43 45 48 49 50 51 53 54 55 56 57 58 59 60 62 63 64 66 69 70 71 73 74 75
10 32 33 36 37 39 41 42 44 51 55 56 57 58 59 60 61 62 63 64 65 66 67 68 70 71 72 74
13 33 34 35 36 37 39 42 43 45 48 49 50 52 56 57 59 60 64 65 66 67 68 69 70 71 72 74
28 34 35 36 37 38 39 40 41 42 43 44 45 46 47 48 49 50 51 54 55 56 57 58 60 61 62 63 64 66 68 69 70 71 72 74 75
11 35 36 37 38 40 44 45 46 47 49 50 51 52 53 54 55 56 57 58 59 61 63 64 65 66 67 68 69 70 72 74 75
12 37 38 39 40 45 46 47 48 49 50 51 52 53 54 55 56 57 58 59 60 61 62 63 64 65 66 67 68 69 70 71 72 74
10 37 39 41 42 43 45 47 48 50 53 55 56 58 61 62 63 64 65 66 67 70 72 73 74 75
17 38 40 41 42 43 44 45 46 48 50 55 56 59 62 63 64 66 68 69 71 72 73 74 75
26 39 41 42 43 44 47 48 49 50 51 52 53 55 56 57 58 59 63 65 66 67 68 69 72 75
27 41 42 43 44 45 46 48 49 50 52 53 54 55 57 58 59 60 61 62 64 65 66 67 68 72 73
12 41 43 44 46 47 48 49 51 53 54 55 56 58 59 60 61 62 63 64 65 66 67 68 69 71 72 74 75
25 43 44 46 47 49 50 51 52 53 54 55 56 57 58 59 61 63 64 65 66 67 69 70 71 72
28 43 44 45 46 47 50 51 52 54 55 56 57 58 59 60 61 62 63 64 68 69 70 71 73 74 75
29 44 46 47 48 49 51 52 54 56 58 60 61 62 63 64 66 67 68 69 70 71 72
16 45 47 48 50 51 52 55 56 57 58 59 61 62 63 64 65 66 67 68 69 70 71 74 75
10 48 49 50 51 53 55 56 57 58 59 61 62 63 64 65 68 69 70 72 73 74
27 47 50 51 52 53 54 55 56 57 59 60 61 65 66 67 68 69 70 71 72 73 74 75
26 49 51 53 54 55 56 57 58 59 60 61 62 63 64 65 67 68 69 70 72 75
28 49 50 51 52 53 54 55 56 57 59 63 65 66 67 69 70 71 72 73 74
15 50 51 53 54 56 57 60 61 63 64 65 67 69 71 75
21 51 52 54 55 56 57 58 59 61 63 65 68 69 70 73 74 75
25 52 53 55 56 58 60 62 63 64 65 66 67 69 70 71 73 75
26 56 57 58 60 61 63 65 66 67 68 69 70 71 72 73
26 54 55 58 60 61 62 63 65 67 68 69 70 71 72 74
18 55 57 58 60 61 62 63 64 65 68 69 70 71 74 75
21 56 57 59 60 61 63 65 66 68 69 70 71 73 75
29 57 58 59 63 68 69 73 74 75
10 58 59 60 61 62 64 65 66 68 70 71
17 59 61 62 64 66 67 68 69 70 71 72 73 74 75
17 60 61 62 64 66 67 69 70 72 74 75
22 61 64 65 66 68 69 71 72 73 75
17 62 63 64 67 68 69 71 72 74
27 63 64 65 67 70 71 72 73 74
21 65 66 68 70 71 73
29 66 68 69 70 71 73 74 75
14 66 67 68 69 70 72 74 75
27 67 68 71 72 74 75
16 69 71 72
23 69 70 71 74 75
29 70 72 73 75
13 71 72 74 75
28 72 73
22 75
21 74
20
15
