50	10	1000	10
-2	113	10
-5	141	3
-1	98	3
-3	157	7
-1	100	2
-4	127	3
-4	78	5
-4	178	6
-4	150	9
-2	165	2
249 2 3 5 7 8 9 10 14 15 16 17 18 19 20 21 22 24 25 26 27 28 30 31 34 37 38 41 42 45 46 48 50
289 5 6 11 12 13 15 19 22 24 26 27 28 29 30 31 32 33 34 35 38 39 40 41 42 44 45 46 47 49 50
202 4 5 7 8 9 10 13 15 17 18 19 20 21 22 23 25 26 28 29 30 31 32 33 38 40 41 42 44 45 47 49 50
283 5 6 7 8 9 11 12 13 14 15 16 17 18 20 21 22 24 31 35 40 41 42 43 44 45 46 47 48 49 50
267 7 8 9 10 11 14 15 16 17 18 19 20 21 23 26 27 28 29 31 32 33 35 38 43 44 45 46 47 48 49 50
253 7 9 10 12 14 15 16 17 18 19 22 23 24 25 26 28 29 30 32 34 35 37 38 41 44 45 46 47 50
261 9 10 12 13 14 15 17 18 20 21 22 25 26 27 28 29 30 31 32 33 34 35 36 38 40 41 44 45 46 48 50
260 9 10 13 15 18 19 20 21 22 23 24 27 28 30 33 37 38 39 40 41 42 43 46 47 49 50
239 10 11 12 13 14 15 16 17 18 20 22 23 24 25 26 27 28 31 32 35 36 37 38 39 41 43 45 46 47 48 49 50
298 11 12 13 15 16 17 18 19 20 21 22 23 25 26 27 28 29 30 32 34 38 39 40 42 43 44 45 46 47 49 50
262 13 14 16 17 18 19 21 22 23 24 25 26 28 29 30 31 32 33 35 37 39 40 41 43 46 47 48 49 50
240 13 16 17 19 20 21 23 24 25 26 27 28 29 30 31 32 33 34 35 36 37 39 41 43 44 45 50
223 16 17 18 21 22 23 25 26 27 29 31 32 33 34 35 37 39 41 42 45 46 47 49 50
246 15 17 18 20 21 24 25 26 28 29 30 31 32 33 34 36 39 40 41 42 44 45 46 48 49 50
266 16 17 18 19 20 22 23 24 25 26 27 28 29 30 31 32 33 35 37 38 39 40 43 44 45 47 48 49 50
221 17 19 20 21 22 23 24 25 26 27 30 31 33 34 37 38 40 42 43 44 45 48
275 19 20 21 22 24 25 27 28 29 30 31 32 34 35 36 37 41 43 44 46 47 48
254 20 21 22 23 24 26 28 29 30 31 33 34 36 38 39 40 41 43 46 47 48 49 50
297 20 21 23 24 25 28 30 31 32 33 35 36 37 38 39 40 41 42 43 46 47 50
297 21 23 24 26 27 28 29 30 32 33 34 35 37 38 42 44 45 46 47 50
238 22 23 24 25 26 28 30 31 32 33 34 35 36 39 40 41 42 43 44 45 46 47
295 23 26 28 30 31 32 33 35 36 37 38 39 40 41 42 43 44 45 46 47 48 49 50
269 24 25 27 29 30 31 32 33 35 36 37 38 40 42 43 44 45 47 48
215 25 26 27 28 29 30 31 32 33 36 37 38 39 41 42 43 44 46 47 48 50
275 26 28 29 30 31 32 33 34 36 37 40 41 42 44 45 46 47 48 49 50
229 27 28 29 30 31 34 35 36 37 40 43 44 45 46 48 49
292 28 29 30 31 33 34 35 36 37 38 39 41 43 44 46 47 48 49 50
211 29 30 31 33 35 37 38 39 40 42 43 44 45 47 49 50
277 31 32 33 34 35 37 40 42 44 45 46 47 48 49 50
287 31 32 34 35 36 37 38 40 41 42 43 44 47 48 49 50
275 33 34 35 36 37 38 39 40 41 42 43 44 45 46 48 50
253 33 35 36 37 41 42 43 44 45 46 47 48
247 35 36 40 41 42 43 44 45 47 48 49
234 37 38 40 41 42 44 45 46 47 48 49 50
263 37 38 39 40 41 42 43 44 45 46 48 49
237 37 39 40 41 44 46 48
264 38 39 40 41 43 45 47 50
284 39 40 43 44 45 46 48 49
293 40 41 42 43 44 46 47 48 49 50
201 41 42 43 44 46 47 48 49 50
229 42 43 44 45 46 49 50
282 43 45 46 47 48 49 50
254 44 45 46 48 49 50
285 45 46 47 48 49 50
289 46 47 48 49
213 48
229 48 50
229 49 50
275 50
250
