100	10	1000	1
0	53	10
0	188	15
0	182	6
0	62	12
0	24	12
0	183	11
0	50	10
0	51	7
0	97	8
0	145	9
270 4 5 6 7 9 11 12 13 14 15 16 18 20 21 22 26 27 29 30 32 33 35 37 38 39 42 43 44 45 46 47 48 49 50 51 52 53 54 57 58 59 60 61 62 63 64 65 66 67 68 74 75 76 77 82 84 85 86 87 88 90 91 95 96 97 98 99 100
211 3 4 5 6 8 10 11 12 13 15 16 17 18 19 21 22 23 25 26 27 28 29 30 31 32 33 34 35 36 37 38 39 40 41 42 44 45 46 47 48 49 51 52 53 54 55 56 58 59 60 61 62 63 64 65 69 70 71 72 74 75 76 77 79 80 82 83 84 87 88 90 91 93 95 96 97 98 99 100
278 4 5 8 10 12 13 14 15 16 17 20 23 24 25 26 27 28 29 30 31 33 35 38 39 40 42 44 46 48 49 50 52 53 54 56 62 63 64 65 66 67 68 69 70 71 72 73 76 77 78 82 83 84 86 87 88 90 92 93 94 96 97 99
278 6 7 9 10 11 12 14 16 17 19 21 23 24 25 26 27 28 31 32 35 36 37 38 39 40 41 42 43 44 45 46 48 50 51 52 55 61 62 63 64 66 67 68 70 71 72 74 75 77 80 82 83 84 86 90 91 92 94 96 97 99
210 6 10 11 13 14 15 16 17 18 19 20 21 22 23 24 26 29 30 31 33 35 36 37 38 40 41 42 43 44 46 47 48 50 51 52 54 55 57 58 59 60 61 62 63 66 69 70 71 72 76 77 78 79 81 83 84 85 86 87 88 89 90 91 92 94 95 97 98 100
277 7 8 9 10 11 14 15 17 18 20 21 22 26 27 29 33 34 36 37 38 39 40 41 42 45 46 47 48 50 51 52 53 56 57 58 59 60 61 62 66 67 69 72 73 75 76 77 78 79 80 82 83 85 86 87 88 90 91 92 93 94 95 96 97 98 100
224 9 10 12 13 15 18 19 21 24 27 28 29 30 31 33 34 36 37 38 39 40 41 42 43 44 45 49 52 53 54 56 57 59 60 62 63 64 65 67 68 69 71 73 74 76 79 81 82 83 84 86 87 88 89 91 92 93 94 96 97 98 100
286 9 10 12 13 15 17 19 21 22 23 24 26 28 31 32 33 34 35 36 38 42 43 47 48 49 51 52 53 54 56 57 58 60 61 62 63 64 65 66 68 70 72 73 76 78 79 80 84 85 86 87 88 89 91 93 94 97 98 99
269 10 13 14 15 16 17 20 21 22 24 27 28 29 31 32 34 36 39 41 43 45 47 49 51 52 53 55 56 57 59 60 61 62 64 65 66 67 68 69 70 71 73 76 77 78 80 83 84 86 87 88 91 92 96 98 100
264 11 12 16 17 18 19 20 21 23 24 25 26 27 28 29 31 33 34 35 36 39 40 42 43 45 46 47 48 49 51 52 53 54 55 56 57 58 59 60 61 62 64 65 66 67 69 70 72 73 74 75 76 78 80 81 82 83 84 85 86 87 88 89 91 92 94 95 96 97 99
279 12 13 14 17 18 19 21 22 23 27 29 30 32 33 34 35 37 39 43 44 45 46 47 48 51 52 53 54 55 56 57 59 60 61 63 64 67 68 69 72 73 74 76 77 78 79 80 81 84 85 87 88 89 90 91 92 94 96 97 98 99
287 13 14 16 18 21 22 23 24 27 31 35 36 37 38 39 40 41 42 44 45 47 48 49 51 53 54 55 57 58 59 61 62 63 65 66 67 68 71 73 74 75 77 79 80 81 82 83 84 85 86 87 89 90 92 94 95 96 98 99 100
224 14 15 16 18 19 21 22 24 25 27 28 29 30 31 33 34 35 37 38 39 44 45 46 47 48 49 50 51 52 53 54 56 57 59 60 62 63 65 70 71 72 73 75 76 78 79 82 83 86 88 89 90 92 93 95 96 97 99 100
210 15 16 17 18 19 20 21 23 24 25 26 27 28 29 30 31 32 33 34 35 36 37 39 42 45 46 47 48 49 52 53 54 55 56 57 58 59 60 62 64 66 70 72 74 75 76 77 79 80 81 82 83 84 86 87 89 93 94 95 96 97 98
270 16 17 18 19 20 21 22 26 28 30 31 32 33 35 37 38 39 40 41 42 43 45 46 47 49 53 56 57 58 59 60 61 62 63 64 68 69 70 72 73 74 75 76 77 78 79 80 81 82 83 84 85 87 88 89 90 91 93 94 95 96 97 98 99
276 20 21 22 24 25 26 27 30 31 33 34 35 36 38 39 40 41 42 45 47 48 49 52 53 54 55 56 57 58 59 61 63 64 65 66 67 68 69 70 71 72 73 75 76 77 78 79 80 81 82 83 84 86 87 88 89 90 94 95 96 97 98
211 19 20 23 24 25 27 30 32 33 34 37 38 39 40 41 42 43 44 45 46 47 49 50 51 53 55 56 58 59 60 61 62 64 65 67 69 70 71 72 73 74 75 76 77 78 82 85 86 88 89 90 91 94 95 96 99
262 20 21 22 23 25 26 27 29 30 32 34 35 37 38 39 41 43 44 45 46 49 50 51 52 55 56 57 59 60 62 63 64 65 67 69 71 72 73 74 77 78 80 81 82 83 84 86 87 88 89 90 91 92 96 97 98 99 100
300 20 22 24 25 26 27 30 31 33 37 38 39 40 41 43 48 49 50 51 52 53 54 57 58 60 62 63 64 65 71 72 73 74 75 76 77 79 80 81 83 84 86 87 88 89 90 91 92 93 95 96 99 100
203 21 23 24 25 29 30 32 34 38 42 44 45 46 50 52 53 54 57 59 62 64 65 66 68 69 70 71 72 73 74 75 76 78 79 80 81 84 87 89 90 91 92 94 95 96 98 99
281 22 23 26 27 29 30 31 32 33 35 36 39 44 45 47 48 50 51 53 54 55 56 59 61 62 63 65 66 67 68 71 72 73 74 75 79 80 81 82 87 88 89 90 91 92 94 95 99
261 23 24 25 26 27 28 30 32 33 34 35 37 38 39 41 44 45 46 47 48 49 50 51 52 56 57 58 59 60 61 63 64 65 66 67 68 69 70 72 73 74 76 77 80 81 82 83 84 86 87 89 90 91 92 93 94 95 98 99
233 24 25 27 29 30 31 33 35 37 39 40 42 43 44 46 47 48 49 50 51 52 54 55 58 59 60 61 62 63 64 65 66 68 73 74 75 79 81 82 83 84 87 88 89 92 93 94 96 97 99 100
228 25 26 27 28 29 30 31 32 33 34 35 37 38 40 41 42 43 44 45 46 47 48 49 50 52 55 56 57 59 60 61 62 64 65 66 68 69 70 71 72 75 78 79 80 81 82 83 84 85 87 88 89 90 91 92 93 94 95 96 98 99 100
282 26 28 31 32 33 34 36 39 41 42 46 47 48 51 53 54 55 56 59 61 63 66 68 69 70 72 73 74 75 77 78 80 82 83 84 85 86 87 91 92 93 94 95 96 97 99
236 27 28 29 32 33 35 36 38 39 40 41 42 44 45 47 48 49 50 51 52 56 57 58 60 62 64 65 67 68 69 72 73 74 75 76 78 79 80 83 84 85 87 88 90 91 92 94 97 99 100
296 28 30 31 33 34 35 36 37 38 40 41 42 44 45 46 49 50 51 53 55 56 58 59 60 61 63 65 68 69 70 71 72 73 74 75 79 81 82 83 85 87 89 91 92 93 94 95 96 98 99 100
219 29 30 32 34 35 37 39 40 41 42 43 44 45 48 49 51 52 53 57 58 63 64 65 66 68 69 70 72 73 74 76 78 79 80 81 82 83 85 86 88 89 90 92 94 95 96 98 99 100
242 31 32 33 34 36 38 39 40 44 45 47 48 52 53 54 57 58 59 60 61 62 66 67 68 69 70 71 72 73 75 78 80 81 82 84 87 88 89 90 91 92 93 94 95 97 99 100
289 33 34 35 36 37 40 44 45 46 48 49 51 52 53 54 57 59 62 63 64 66 67 68 69 70 71 72 73 74 75 76 78 79 80 81 82 83 85 87 88 89 90 93 94 95 96 98 100
291 34 35 36 37 38 40 41 43 46 47 48 51 54 55 58 62 63 64 65 67 70 76 77 78 79 80 83 84 85 86 87 88 89 90 92 93 95 96 97 98 100
264 34 35 36 37 38 41 43 46 47 48 50 52 53 55 56 57 59 62 64 65 66 67 68 70 71 72 73 74 75 76 78 79 81 83 84 85 86 87 88 89 90 91 93 98 99 100
270 34 35 38 39 40 41 42 44 46 47 48 49 50 51 52 53 55 56 58 60 61 64 66 67 68 70 72 74 75 76 80 82 83 86 87 88 89 90 93 96 98 99 100
293 37 42 43 44 45 47 48 49 50 51 52 53 54 55 56 57 58 59 60 61 63 64 67 68 69 71 73 74 75 78 80 81 82 83 84 86 89 90 91 95 96 97 98
218 36 38 39 41 42 44 45 46 48 49 50 51 52 55 56 57 58 59 60 63 64 65 67 68 69 71 72 73 74 75 76 77 78 80 84 86 87 88 89 91 92 93 94 95 96 98 99 100
277 37 38 40 41 42 43 44 46 47 48 49 52 54 56 59 60 62 63 64 65 66 68 69 72 74 75 77 78 82 83 84 86 87 88 89 90 91 92 93 94 95 97 98 99 100
223 39 40 41 42 44 45 46 47 48 50 51 52 53 54 55 56 60 61 63 64 66 67 68 69 71 72 73 76 79 80 81 82 83 85 87 88 89 91 93 96 97 98 99 100
286 39 42 43 48 49 53 54 55 57 59 61 62 63 64 66 67 68 70 71 73 74 75 76 78 79 80 81 85 86 87 88 89 90 91 93 95 96 97 98 99 100
202 40 41 42 43 46 47 48 49 50 51 52 53 54 55 57 58 60 61 62 63 65 66 67 68 69 70 71 73 75 76 79 82 83 85 86 87 88 90 92 93 94 95 96 97 100
247 41 42 43 45 46 47 48 49 50 51 52 53 54 55 56 58 59 61 63 65 66 68 69 71 72 74 75 78 79 80 81 82 83 84 85 86 87 88 89 90 91 93 94 97 98 100
205 42 43 44 47 49 53 54 56 57 58 60 61 63 65 67 68 69 71 72 74 75 77 78 79 80 83 84 86 87 92 94 96 97 98 99 100
277 44 46 47 48 49 51 52 53 54 55 57 59 60 61 64 65 68 69 70 71 72 73 74 75 76 77 78 80 81 82 83 84 86 87 91 92 93 94 100
293 45 46 48 52 54 55 57 58 59 60 61 62 63 66 68 69 70 71 73 74 75 76 77 79 80 83 84 85 86 87 88 89 90 91 92 93 96 98 100
265 45 47 48 50 51 52 54 55 56 57 58 59 62 64 65 67 70 71 72 75 76 78 79 80 83 84 85 86 88 91 92 94 95 97 98 100
261 46 47 48 49 52 53 54 55 56 58 60 61 62 63 65 67 69 71 75 76 77 78 79 81 82 83 84 85 87 88 89 90 92 94 95 96 97 98 99
268 47 48 51 54 55 56 57 58 59 60 61 62 65 66 67 74 75 76 77 79 82 84 85 86 88 89 90 91 92 93 94 96 98 100
212 48 49 51 52 53 54 55 56 57 58 60 61 62 63 64 66 70 71 72 75 77 78 80 81 82 84 85 86 87 89 92 93 94 95 96 97 98 99 100
270 49 50 51 53 55 57 58 62 63 65 67 70 71 72 74 75 76 77 78 79 80 82 86 87 88 92 93 94 95 100
290 50 51 53 54 55 58 59 61 62 64 66 68 70 72 73 75 76 77 79 80 82 83 87 89 90 91 92 93 96 97 98 99 100
256 51 52 53 54 55 57 58 59 60 61 62 63 64 65 67 68 71 72 74 76 77 79 80 81 82 83 84 85 86 87 88 89 90 91 92 94 95 97 99
223 53 54 55 56 58 59 62 63 64 65 66 69 70 72 73 75 76 77 78 80 81 82 83 84 85 88 90 91 94 95 96 98 100
260 57 58 60 61 62 63 64 65 66 68 69 70 73 75 76 77 81 82 83 84 85 87 88 89 90 91 92 93 94 95 97 99 100
214 58 60 61 64 65 66 67 68 69 70 71 74 75 76 78 79 80 81 82 84 85 86 87 88 89 92 93 95 96 98 100
244 55 56 58 59 61 62 63 65 66 69 71 72 73 74 75 76 77 78 79 80 81 84 85 86 87 88 89 90 91 92 93 94 95 96 97 99 100
245 56 57 58 61 62 63 65 66 67 68 69 70 75 77 78 79 80 81 82 85 87 88 89 90 91 93 94 95 96 98 99 100
274 57 60 62 65 66 67 69 73 74 75 76 78 79 80 81 82 84 85 86 89 91 93 94 95 98 99
260 58 59 60 61 63 64 65 66 67 68 69 72 73 74 75 76 77 79 80 81 83 84 85 86 87 90 91 92 93 94 95 96 97 98 99 100
255 59 60 62 67 68 70 71 72 76 79 80 81 82 83 84 85 86 87 92 93 94 98 99
278 62 63 64 65 66 68 69 70 72 73 74 76 78 80 81 82 83 87 88 89 90 91 92 93 94 95 96 97 99
290 61 62 63 65 66 67 68 71 72 75 77 78 80 81 82 83 84 85 91 93 95 98 99 100
265 62 63 64 66 68 69 70 73 77 79 80 82 83 84 87 88 90 91 92 93 95 96 97 98 99
269 63 64 68 69 71 72 73 74 75 78 79 80 83 84 87 88 89 91 93 94 95 97 98 99
210 64 66 68 69 71 73 76 77 80 82 84 86 87 88 89 90 92 93 96 97 98 100
278 65 66 67 72 74 76 78 80 81 83 87 88 89 91 93 94 95 96 97 98 99 100
224 66 68 69 70 73 74 75 76 77 78 79 80 81 82 84 85 88 89 90 91 92 94 95 96 97 98 100
214 67 68 69 70 73 74 75 76 77 78 79 82 84 85 86 87 88 89 90 91 93 97 98 99 100
297 68 69 70 72 73 74 75 76 77 79 80 85 86 87 88 89 90 91 92 96 97 100
205 69 70 72 75 76 77 78 79 80 81 82 83 84 85 86 87 88 89 90 91 92 93 95 96 99 100
290 71 72 73 74 75 76 78 79 80 82 84 85 86 87 88 90 91 92 94 96 97 99 100
240 72 73 74 75 76 78 80 81 82 83 84 86 87 89 90 91 92 95 96 97 98 99 100
290 72 73 74 75 76 77 78 80 81 84 85 87 89 90 92 93 94 95 96 97 100
207 74 76 78 79 80 81 82 86 87 88 89 90 91 92 94 95 96 97 98 99
211 74 75 76 77 78 80 81 82 83 84 85 86 87 88 89 90 91 92 95 96 97 98 100
279 75 77 78 79 80 81 82 83 84 85 86 87 88 90 91 92 93 94 95 97 98 99 100
223 76 77 78 79 80 81 82 84 86 88 89 91 92 93 94 95 96 98 100
225 77 79 80 81 82 83 84 85 86 87 88 91 92 94 95 97 98 100
251 78 80 81 82 84 85 86 87 90 91 92 93 94 95 97 99 100
256 79 80 81 82 83 85 87 88 89 90 91 92 93 95 98 99 100
242 81 82 83 84 85 87 88 90 91 92 93 94 96 98 99 100
213 81 82 83 84 85 86 87 88 94 95 96 97 98 99 100
263 82 84 85 86 87 88 89 90 93 94 95 99 100
205 83 85 88 93 94 95 96 97 98 100
272 86 88 90 91 93 94 96 97 99 100
212 86 87 88 89 90 94 95 96 97 98 99 100
233 86 88 89 90 92 93 94 95 96 97 99
257 87 89 90 91 92 93 95 96 98 99 100
275 90 91 92 93 94 95 96 97 98 99 100
287 89 90 91 93 94 95 97 98 99
235 90 91 92 94 96 97 98 99
230 91 92 93 94 95 96 97 98 99 100
277 92 95 96 97 98 99
218 93 94 95 96 97 99 100
228 94 95 97 98 100
230 97 100
253 96 99
235 97 99
280 98 99 100
281 99 100
215 100
212
