200	10	1000	1
0	161	24
0	114	25
0	189	16
0	163	19
0	154	24
0	104	21
0	138	16
0	142	17
0	194	18
0	187	20
270 3 5 6 8 12 14 15 16 19 20 21 22 24 25 27 29 30 31 32 33 35 37 38 39 40 41 42 43 44 45 47 50 51 52 53 54 55 57 59 60 62 64 65 66 67 68 69 70 72 73 74 75 77 78 81 82 83 85 86 87 88 90 91 92 93 94 95 98 101 104 106 107 108 109 110 111 113 114 117 118 119 120 121 122 123 124 125 126 128 131 133 135 136 138 139 140 142 145 146 147 149 150 152 155 156 158 160 161 162 163 164 165 167 168 170 171 173 174 175 176 177 178 179 180 182 183 184 185 186 188 189 190 192 193 196 198 199 200
211 3 4 5 6 7 8 11 12 15 17 18 19 20 23 24 25 26 27 31 32 33 34 36 37 38 40 41 42 43 44 45 47 49 50 51 54 55 56 57 60 62 64 65 66 68 71 73 74 75 76 79 80 81 83 84 86 88 90 91 92 93 94 95 96 98 103 104 105 106 107 108 109 110 115 116 117 118 119 120 121 122 124 125 126 127 128 129 130 131 132 134 136 137 138 139 140 142 144 145 146 147 149 150 151 152 154 155 156 157 158 159 162 163 164 165 166 167 168 169 170 171 172 173 174 175 176 177 178 181 184 185 186 189 190 191 192 194 195 198 199 200
278 4 6 8 9 10 11 12 13 14 15 16 17 18 19 20 22 23 24 25 26 28 31 32 34 35 36 37 38 39 40 41 42 43 44 45 46 47 48 49 50 51 52 53 54 55 57 58 59 60 61 62 63 64 67 68 69 70 71 73 74 75 78 79 81 83 84 86 87 88 90 91 92 94 96 97 98 99 102 104 105 108 109 111 112 113 115 118 119 121 122 123 126 127 131 132 135 136 137 138 139 140 143 144 146 148 149 150 151 152 153 154 156 158 161 163 164 166 167 168 169 170 172 173 176 179 181 182 183 185 186 187 188 189 190 191 194 195 196 198 200
278 5 6 8 9 10 11 12 13 14 16 17 18 20 21 22 23 24 25 26 27 28 29 30 31 36 37 38 39 42 43 44 45 46 47 48 50 53 54 56 58 59 61 62 63 65 66 69 70 71 72 74 77 78 79 80 81 83 85 86 87 91 92 93 96 100 101 102 103 104 105 106 107 111 113 114 115 116 118 119 122 123 125 126 128 129 130 131 132 133 134 136 141 144 145 146 148 150 152 153 155 156 158 161 162 163 164 165 166 167 168 169 170 172 173 175 176 177 178 180 181 182 183 184 185 186 187 188 189 190 192 193 194 195 196 197 200
210 6 7 9 10 11 12 14 16 21 22 23 24 25 26 27 28 30 31 33 34 35 36 37 38 39 40 43 45 47 48 49 51 52 53 54 55 59 61 64 65 68 69 70 71 72 73 74 76 77 78 80 81 82 84 85 86 87 88 89 90 91 93 94 95 97 99 100 102 104 105 106 107 110 112 113 114 115 117 118 122 123 124 126 127 128 129 130 131 132 133 136 137 139 140 141 142 144 146 153 154 155 156 157 158 159 160 161 162 163 164 165 167 168 169 170 171 172 173 174 175 177 178 179 180 181 182 183 184 185 186 188 189 190 193 196
277 8 9 10 11 12 13 15 16 17 18 20 21 22 23 24 25 26 28 29 30 31 32 34 35 36 37 38 39 40 41 42 43 45 46 47 48 51 52 54 55 56 57 58 59 61 62 63 64 66 67 68 70 73 74 75 76 77 81 86 87 90 93 95 96 97 99 100 102 104 105 106 108 109 110 111 112 113 114 116 117 118 119 121 122 123 124 125 126 127 130 131 132 134 138 139 140 141 142 143 144 146 147 148 150 151 152 153 154 155 158 159 160 162 163 164 165 166 167 168 170 171 174 179 180 181 182 184 186 188 189 190 191 193 196 197 198 199 200
224 8 9 10 11 12 13 15 16 18 19 20 21 23 24 25 27 28 29 31 32 33 34 35 36 39 40 42 43 44 45 46 47 48 49 53 54 55 56 57 59 60 61 62 64 65 67 68 72 74 75 76 77 78 80 81 82 83 84 85 87 88 89 90 91 92 93 95 96 100 101 102 104 106 107 108 111 112 113 114 115 116 118 120 121 122 123 124 125 128 129 130 131 133 134 135 136 138 141 142 143 144 145 146 147 148 149 150 151 152 154 156 160 161 163 164 165 168 169 171 172 173 174 178 179 181 182 183 184 186 187 188 189 190 191 192 193 194 195 197 198 200
286 11 12 13 15 16 18 19 20 22 23 24 25 26 27 28 31 32 34 35 36 37 38 39 41 42 43 45 46 50 51 52 53 54 55 56 58 59 60 61 62 63 64 69 70 71 73 74 75 76 78 79 80 81 83 84 86 87 88 90 91 93 94 95 96 97 100 101 102 103 104 105 106 107 108 110 111 112 113 114 115 116 118 119 120 122 123 125 126 128 130 132 133 134 135 137 139 140 142 144 146 147 148 151 152 155 156 157 159 161 163 164 165 168 172 173 175 176 177 178 179 180 181 182 183 184 185 187 188 189 191 192 193 196 197 198 200
269 11 12 14 17 18 19 20 21 22 23 24 26 27 28 29 30 31 32 34 35 36 38 39 41 42 43 45 46 47 48 49 50 51 52 53 54 55 61 65 66 70 71 72 73 76 77 78 79 80 81 82 83 85 86 87 88 89 91 92 93 94 96 98 99 100 101 105 106 111 114 117 118 119 120 121 122 123 124 125 128 129 130 132 133 134 137 138 139 140 141 142 143 146 147 150 151 154 155 156 159 160 161 162 163 164 166 167 169 173 174 175 176 178 180 181 182 183 185 186 193 194 196 198 199
264 11 12 13 14 15 16 17 19 23 25 26 28 29 30 31 32 33 35 36 37 38 39 41 42 43 44 46 47 48 50 51 53 54 55 56 57 60 61 62 64 67 68 69 70 71 74 75 76 77 79 81 82 83 84 85 87 88 89 93 95 96 99 100 101 102 103 104 105 107 108 110 112 113 114 115 117 118 120 121 122 123 124 125 126 127 131 133 134 135 137 140 141 142 144 146 147 148 149 152 153 156 157 158 159 161 162 165 166 167 168 169 171 174 175 176 177 178 179 181 182 183 184 185 186 187 189 191 192 193 194 195 196 199
300 12 14 15 16 18 19 22 23 24 25 26 27 28 29 30 31 32 34 35 36 37 39 40 42 45 46 49 50 51 52 55 57 63 65 66 69 71 72 73 74 76 78 79 80 82 83 84 85 89 90 91 93 95 96 97 98 99 100 102 104 105 106 107 108 109 112 113 116 117 118 119 120 121 122 123 124 125 126 127 129 130 131 132 134 136 137 141 142 143 144 145 146 147 148 150 151 153 154 156 157 158 159 160 161 162 163 164 166 168 170 171 173 175 176 177 178 181 182 183 184 186 188 189 190 191 192 193 194 197 199
258 14 15 16 20 21 23 26 27 28 29 30 32 33 34 36 37 38 40 41 42 43 49 50 51 53 54 55 58 60 64 65 69 70 71 72 73 76 79 80 82 83 84 85 87 88 89 90 91 92 94 95 96 97 98 100 103 104 105 109 113 114 115 119 120 121 123 124 125 126 127 132 133 135 136 137 138 139 140 141 142 143 144 146 149 150 153 156 157 158 159 161 162 163 164 165 166 167 168 169 170 171 172 173 174 175 176 178 179 180 183 184 185 186 187 188 189 190 191 192 194 195 197 198 199 200
269 14 16 17 18 19 20 22 23 24 25 26 27 28 29 30 32 33 34 35 36 37 41 42 43 44 46 47 48 49 52 53 55 56 57 59 60 61 62 63 64 65 67 68 69 70 72 73 75 76 79 82 85 87 89 90 91 94 95 97 99 100 101 102 103 105 106 107 109 110 111 112 114 115 116 118 119 120 121 122 123 124 125 127 130 131 133 134 135 141 142 143 145 146 147 148 150 152 154 155 157 158 159 160 161 162 163 165 166 167 168 171 172 173 174 175 176 178 179 180 181 182 184 186 187 188 189 190 191 192 193 194 195 196 197 198 199
251 16 18 19 20 21 22 23 25 27 28 29 30 31 33 35 36 37 38 41 42 43 44 45 46 47 48 49 50 51 55 56 57 58 59 60 61 62 63 64 65 66 67 69 71 72 75 76 77 78 79 80 84 88 89 90 91 92 93 94 96 97 99 100 102 103 104 106 107 108 109 111 113 115 117 118 119 122 124 125 126 127 129 130 131 132 134 135 138 140 141 143 144 145 147 148 149 150 152 153 154 155 159 160 161 162 163 165 166 167 168 169 171 172 173 174 175 176 177 178 179 183 184 186 187 188 189 190 192 199 200
221 17 19 20 21 22 23 25 26 27 28 32 33 34 35 36 37 39 40 42 43 44 45 46 47 48 49 50 53 54 55 56 57 58 59 60 61 62 63 64 65 67 68 69 70 71 74 75 76 77 78 80 81 82 83 84 85 87 88 89 93 94 104 105 106 110 111 114 116 117 121 122 123 124 125 126 127 130 134 135 136 137 138 139 140 141 142 143 144 145 147 148 149 150 151 153 154 155 156 159 160 162 163 164 167 168 169 170 172 173 174 175 176 177 178 179 180 181 182 183 184 185 186 187 188 190 191 192 193 195 196 200
204 18 19 20 21 23 25 27 29 32 33 34 36 38 40 42 44 46 47 48 50 51 52 53 57 60 61 62 63 64 65 66 67 69 70 71 72 74 75 77 78 79 81 82 83 84 85 86 87 88 89 90 91 99 106 107 108 110 111 113 116 119 120 124 125 126 128 129 131 133 138 139 140 141 142 143 144 146 147 148 149 150 154 155 156 157 159 160 161 162 164 165 166 167 168 170 172 173 175 176 178 179 180 181 182 183 184 185 188 189 190 191 193 194 197 199 200
253 19 21 22 25 28 29 30 31 32 33 34 35 36 38 40 41 42 43 45 48 49 50 51 53 54 56 57 58 59 61 62 63 64 66 68 69 70 71 74 75 76 77 78 79 80 82 83 84 85 86 88 90 91 92 93 94 96 97 98 100 102 103 106 107 108 111 112 113 114 115 117 118 119 120 121 122 123 127 128 130 131 132 133 134 135 137 138 140 141 142 143 145 147 148 149 150 153 154 155 156 157 159 160 163 164 165 168 169 170 171 173 174 176 177 178 180 181 182 184 186 188 192 193 195 197 198 200
227 21 22 23 25 26 27 28 29 31 32 33 35 36 38 40 41 42 43 44 45 47 48 49 50 51 54 56 57 60 61 62 65 66 68 69 70 71 72 73 75 76 78 79 80 82 83 84 85 86 87 88 90 91 93 94 95 97 98 99 100 101 102 103 105 108 109 111 112 114 115 116 118 119 120 121 122 126 127 130 133 136 138 139 140 142 143 144 151 152 153 154 157 159 161 163 165 166 167 168 169 172 173 176 177 178 180 181 182 183 184 185 186 187 188 189 190 191 192 194 195 199 200
291 22 23 24 25 26 27 29 30 31 35 38 39 40 41 43 45 46 48 49 51 52 53 54 55 56 57 59 61 62 63 66 67 69 70 71 72 73 74 76 77 78 79 80 81 85 86 88 89 90 91 92 93 94 95 99 100 101 102 104 106 107 110 111 113 114 117 120 121 122 124 125 126 127 128 129 130 131 132 134 135 137 138 139 141 143 146 147 148 150 151 152 153 155 156 158 159 161 162 163 164 165 166 167 170 171 172 173 176 177 178 179 180 181 182 184 185 186 187 188 189 190 191 192 193 194 196 197 198 199 200
286 22 24 25 26 27 29 31 32 33 34 35 36 39 41 42 43 45 46 47 50 51 52 53 55 57 58 59 60 61 62 63 65 66 67 68 70 71 72 75 78 79 80 83 84 85 86 87 88 89 91 93 96 97 98 100 101 103 105 107 108 110 112 113 114 115 116 117 118 119 120 122 123 126 127 130 132 133 134 135 136 137 138 139 142 143 144 145 147 148 150 151 152 153 154 156 158 160 162 163 164 166 167 168 169 171 172 173 174 175 176 177 179 182 183 184 185 186 190 191 193 194 195 196 197 198 199 200
205 26 27 28 29 31 32 33 34 36 37 38 39 40 41 42 43 44 46 47 48 49 50 52 55 57 59 60 61 62 63 66 67 69 72 73 74 77 79 80 81 84 85 86 89 90 91 92 93 94 95 96 97 98 99 100 101 102 103 104 105 106 107 108 109 110 112 113 115 116 118 123 125 126 128 129 131 133 135 136 137 138 139 141 142 144 145 147 148 151 152 153 154 156 157 160 161 162 163 164 165 166 167 168 169 170 171 172 173 175 176 177 179 180 181 183 184 185 186 187 188 189 191 192 193 194 195 197 198
226 23 24 25 26 28 30 31 32 34 36 37 38 39 40 41 43 44 45 46 47 48 50 53 54 55 57 58 60 61 62 63 65 66 67 69 70 72 73 74 75 76 77 78 79 80 82 84 85 86 87 88 89 90 91 94 95 96 97 99 100 101 104 105 106 107 108 109 110 111 112 113 117 118 119 125 127 128 129 130 132 134 135 136 137 138 139 140 141 144 145 148 149 150 151 153 155 156 158 159 164 165 166 167 169 171 172 173 176 177 178 181 182 183 184 185 187 189 191 194 195 196 197 200
217 24 26 27 29 30 32 33 34 35 36 37 38 39 40 42 43 44 46 47 48 50 51 52 53 55 56 57 58 60 63 64 67 68 69 70 71 72 73 74 76 77 78 79 81 82 84 86 87 88 90 91 92 93 94 95 96 97 98 100 101 102 104 105 106 108 112 114 116 117 119 120 122 123 124 125 127 128 130 132 133 134 136 137 138 139 140 141 144 150 151 152 153 156 157 158 160 161 162 163 164 165 166 167 168 170 171 172 174 175 176 177 178 179 181 183 184 185 186 187 189 190 191 193 194 199
234 25 27 29 31 33 35 36 37 38 39 41 43 44 47 49 50 52 55 57 58 60 62 63 64 65 67 69 72 74 75 76 78 79 81 82 83 84 85 86 87 88 89 91 92 94 95 98 99 100 101 102 103 105 107 110 111 113 114 115 116 118 119 121 122 125 126 127 129 130 131 132 133 134 135 136 137 139 141 144 145 146 149 150 151 153 154 155 157 158 159 160 161 162 163 165 166 167 169 170 171 173 174 175 176 177 178 179 180 181 182 183 185 186 187 189 191 192 193 195 196 197 198 200
279 29 32 33 35 36 38 39 42 43 45 46 47 48 49 50 54 55 56 57 58 59 61 62 63 65 67 68 69 70 71 73 74 76 77 78 82 83 84 86 87 89 90 92 93 94 95 97 98 99 101 102 103 106 107 109 110 111 112 113 114 115 119 120 121 122 125 129 130 132 133 134 135 136 137 139 140 142 145 146 147 148 149 151 152 153 154 155 157 159 161 162 163 164 165 166 167 169 170 171 172 173 175 176 177 178 179 180 181 182 185 186 188 189 190 191 196 199 200
287 27 29 30 31 33 34 38 39 40 41 42 43 44 45 46 48 50 52 55 56 57 58 60 61 63 64 66 70 71 72 74 75 76 77 78 79 80 81 83 85 87 88 89 91 94 95 96 98 99 101 102 103 105 106 107 109 112 113 114 115 117 121 122 123 126 129 131 132 133 136 137 138 139 142 143 144 145 146 147 149 150 151 154 155 156 158 159 160 164 167 169 170 171 172 174 175 177 178 179 180 181 182 183 184 186 187 188 189 190 192 194 195 197 198 199 200
224 29 30 35 36 37 38 40 41 42 43 46 48 50 51 52 53 54 55 57 59 60 61 62 63 64 65 66 70 72 73 74 75 76 77 78 79 80 81 82 84 85 86 88 89 90 91 94 96 97 98 99 100 101 103 107 108 109 111 113 115 116 117 118 119 121 122 124 125 126 127 128 131 132 133 135 136 137 138 139 140 141 145 147 149 150 152 153 154 155 156 157 158 159 160 161 163 164 167 168 169 170 171 172 173 175 176 182 183 185 186 188 190 192 193 195 196 197 198 200
210 30 31 32 34 35 36 40 41 42 44 47 48 50 51 52 53 54 55 56 57 58 60 61 63 64 65 66 68 71 72 73 74 77 80 81 82 85 86 87 89 90 91 93 94 95 97 99 100 102 103 104 106 107 108 109 112 113 114 116 117 119 120 122 123 124 125 126 128 129 131 132 134 135 138 140 142 143 145 146 147 148 150 151 152 155 156 157 158 159 160 161 162 164 165 166 167 168 169 170 171 172 174 175 178 179 180 184 186 187 188 190 191 193 195 196 198 199 200
270 32 33 34 40 41 44 46 47 49 50 51 53 54 56 58 60 62 63 64 65 66 70 71 72 73 74 75 76 77 79 80 81 85 87 88 89 90 92 95 96 97 98 101 102 104 105 106 107 109 110 111 112 113 114 117 118 119 121 122 123 124 126 127 128 129 131 132 133 135 136 138 139 140 141 142 143 145 147 148 149 153 157 159 160 161 162 163 164 165 167 168 170 172 173 174 175 176 177 180 182 183 184 185 186 188 189 190 191 193 195 196 198 200
276 31 32 34 35 36 38 39 41 42 43 44 47 48 49 50 51 54 55 56 57 58 60 61 63 64 65 66 70 71 72 73 74 78 81 82 83 84 86 89 90 91 92 93 94 95 96 97 98 99 102 103 105 106 108 109 110 112 113 114 115 116 117 118 120 122 123 124 125 126 127 131 132 134 136 139 140 142 144 145 148 149 150 151 152 153 154 155 158 159 161 164 165 166 168 170 171 172 175 176 177 180 182 183 184 185 187 188 189 190 192 193 195 196 197 198 199
211 32 33 34 35 36 37 38 39 41 43 44 47 48 49 50 51 53 55 57 58 59 60 62 63 64 66 67 68 69 70 71 72 73 74 75 76 78 79 80 81 82 83 85 86 87 88 89 90 92 93 95 96 98 99 100 102 103 104 106 107 108 109 110 111 112 113 114 116 117 122 123 127 128 129 130 132 134 137 138 140 142 143 145 146 149 150 151 153 156 157 158 159 160 161 165 169 170 171 172 173 175 176 178 179 180 182 185 186 188 189 190 191 192 194 195 197 199 200
262 34 35 36 37 39 40 41 42 44 45 46 47 48 50 52 53 55 57 58 59 60 61 62 65 66 67 68 71 72 73 74 77 78 80 81 82 83 84 85 88 90 91 93 95 97 98 99 100 101 102 103 104 107 108 109 110 111 113 115 116 119 121 122 123 126 127 128 129 131 132 133 135 136 137 138 139 140 141 142 143 144 145 148 149 150 152 153 154 156 157 159 161 162 163 164 165 166 170 171 172 175 176 178 179 180 181 182 183 184 185 187 188 189 192 193 194 195 196 197 198 199 200
300 34 35 36 37 38 39 40 41 42 43 44 46 48 51 52 53 55 57 58 59 60 61 62 63 65 66 68 69 70 71 73 74 75 76 80 81 82 83 84 85 87 89 90 91 92 94 95 96 97 98 99 100 101 102 104 105 106 107 109 111 112 114 115 116 117 118 119 120 122 123 124 125 126 127 129 130 131 132 133 134 135 136 137 138 140 141 142 143 146 147 152 153 154 155 156 157 158 160 161 162 165 166 168 170 174 175 176 177 179 180 182 184 185 187 188 189 190 191 195 197 198 199
203 36 37 40 41 42 45 47 49 51 52 53 54 56 57 59 60 61 62 63 64 65 68 69 70 72 73 74 75 77 78 80 81 85 86 89 90 91 92 93 95 96 97 98 99 100 102 104 105 107 109 110 111 112 115 117 118 119 122 123 124 126 127 128 129 130 131 132 134 135 137 142 144 145 146 147 148 149 151 152 153 154 157 160 161 162 163 164 166 167 168 169 170 171 172 176 177 178 179 182 183 184 185 186 187 190 191 194 195 197 199
281 37 40 41 42 45 46 47 48 51 53 54 55 56 57 58 59 60 62 63 65 66 68 70 72 73 74 75 76 77 78 79 80 81 82 83 84 85 88 89 90 92 93 94 96 97 98 99 101 103 104 106 108 109 110 111 112 113 114 116 118 119 120 122 124 125 126 127 128 129 130 131 133 136 137 138 139 140 141 143 144 145 146 147 148 149 150 151 152 155 156 157 158 159 161 162 163 164 167 168 169 170 171 173 174 175 176 177 178 179 180 181 182 185 186 188 189 192 193 195 196 197 198 199 200
261 37 38 40 42 45 46 49 50 52 53 55 56 57 58 59 61 63 64 65 66 67 69 70 71 72 74 76 77 78 79 80 81 82 83 85 86 87 89 90 91 92 94 95 96 97 99 100 101 103 104 105 106 107 108 109 110 111 112 113 114 115 116 118 120 122 123 125 126 127 128 129 130 131 132 133 134 136 137 138 139 140 141 142 143 147 148 150 151 153 154 155 156 157 158 159 161 162 165 167 168 169 174 175 176 177 179 180 181 182 184 185 186 187 188 189 190 192 194 195 197 199 200
233 38 39 40 41 42 44 45 47 49 51 52 53 54 55 56 57 60 61 65 67 68 69 70 75 77 78 79 80 81 82 83 85 86 89 90 91 94 95 96 97 98 99 100 101 102 107 108 109 110 113 114 116 117 118 119 120 121 122 123 125 126 127 129 130 131 132 134 136 137 138 139 140 141 142 146 149 150 151 152 153 154 160 162 163 164 167 168 170 171 173 174 175 178 179 180 181 184 185 186 187 188 189 191 193 195 196 198 199 200
228 41 42 43 45 46 48 49 51 52 55 56 58 59 60 61 62 64 67 69 70 71 72 73 76 77 78 80 81 82 83 85 86 88 89 92 93 95 97 98 99 103 104 105 106 107 109 110 111 113 114 115 116 118 120 121 122 123 124 125 128 130 131 133 134 135 136 138 140 142 143 145 146 147 148 149 150 151 152 154 155 156 158 159 160 161 162 163 165 166 167 168 169 174 175 178 179 180 182 183 186 187 188 189 190 191 193 195 197 199 200
282 40 42 43 47 48 49 50 51 52 53 54 56 57 60 62 63 64 69 72 73 76 77 78 79 80 81 85 86 88 89 91 95 96 97 98 99 100 101 102 103 104 106 107 108 109 110 111 112 113 116 117 118 121 122 123 125 126 127 128 131 132 133 134 136 137 139 140 142 143 144 145 146 147 148 151 152 154 156 159 160 161 162 163 164 165 166 167 168 169 170 171 172 173 174 175 177 178 179 180 181 182 183 184 186 187 189 190 191 192 193 194 195 196 197 199 200
242 41 42 44 45 46 47 48 50 51 53 54 55 56 58 59 62 63 64 66 67 68 69 71 72 73 74 75 76 78 79 80 81 84 85 86 87 89 90 91 92 93 97 98 99 101 106 107 108 109 112 114 115 116 118 120 121 122 123 125 126 127 129 130 131 132 134 136 137 138 139 140 141 142 143 144 146 147 148 149 150 152 153 154 155 156 157 159 161 163 164 166 167 168 172 173 174 176 178 180 182 186 187 188 189 191 192 194 195 197 198 199 200
200 42 43 45 46 47 48 49 50 51 53 54 56 57 58 59 60 61 62 63 64 65 66 68 70 71 72 74 75 76 77 78 80 82 84 85 86 87 88 90 91 92 94 95 97 99 100 101 102 104 106 107 109 111 114 115 116 118 120 121 123 125 126 128 129 130 133 134 136 137 139 140 141 143 144 145 146 147 148 149 150 151 153 154 155 156 157 158 159 161 162 165 166 168 169 170 171 172 174 175 177 178 184 186 192 194 195 196 197 198 199 200
292 43 45 47 49 51 52 53 54 55 57 58 59 60 61 62 63 64 65 66 67 71 72 75 77 78 79 80 81 82 83 85 86 88 89 90 92 93 95 97 100 101 102 103 104 105 106 107 108 113 115 116 117 118 120 122 125 126 127 128 130 131 132 133 135 136 137 139 141 142 143 145 146 149 150 151 153 154 155 156 158 159 161 162 163 165 166 167 168 170 172 173 174 176 177 182 183 185 186 187 188 189 190 191 193 194 195 196 197
224 44 45 47 48 50 51 52 53 55 56 59 60 61 62 63 64 66 67 69 70 71 72 73 74 75 76 78 79 80 81 82 84 85 86 87 89 90 91 92 93 94 95 100 101 102 103 104 105 107 108 109 111 112 113 116 118 119 122 124 126 127 128 129 130 132 133 134 135 136 138 140 141 143 144 145 146 147 148 149 151 155 156 157 158 159 163 166 167 168 169 170 171 173 174 177 178 180 181 182 184 185 188 189 190 192 194 195 196 199 200
277 45 50 51 53 54 56 58 61 64 65 66 67 68 69 71 72 74 75 76 77 79 80 81 82 83 86 87 88 90 91 92 94 95 96 97 98 101 102 105 107 108 109 110 111 112 113 114 115 117 118 121 123 124 125 127 129 130 132 133 136 137 138 139 140 142 143 146 147 149 150 151 152 153 154 155 157 158 159 160 161 164 165 167 168 169 170 171 172 173 174 175 176 178 179 180 181 183 185 186 187 190 192 195 196 197 199 200
202 48 50 51 52 53 54 55 56 57 59 60 61 62 63 64 65 66 67 68 69 71 72 75 76 77 79 80 81 82 83 86 87 89 90 91 93 95 96 97 98 99 100 101 102 103 104 105 107 108 109 110 111 112 113 114 115 116 119 122 123 125 126 127 129 130 131 132 133 134 136 139 140 141 143 144 148 149 150 151 153 154 155 158 159 160 161 162 163 164 166 168 169 170 171 172 173 174 175 176 178 179 180 181 182 183 184 186 188 189 191 192 194 196 197 199
232 48 49 50 53 54 55 57 58 59 60 61 62 63 64 65 66 68 69 70 71 72 73 74 75 76 77 78 81 82 84 87 88 89 90 91 92 94 95 98 99 100 106 107 110 111 112 113 114 115 117 119 122 123 124 127 128 129 130 132 134 136 138 139 140 141 143 144 145 149 150 151 152 154 155 156 159 161 162 164 165 166 167 168 169 171 174 175 176 177 179 180 181 183 184 185 186 187 188 191 192 193 194 196 197 198 200
243 48 49 50 51 53 55 56 57 58 61 63 67 68 69 70 71 72 73 74 75 78 80 81 83 85 87 88 89 90 91 92 93 94 95 96 98 100 101 102 103 104 106 107 108 109 111 112 113 114 115 116 117 118 120 122 123 124 130 131 132 133 135 136 137 140 142 143 144 145 146 147 148 149 150 151 153 156 158 160 161 162 165 166 167 168 169 170 171 172 174 178 181 183 184 187 190 191 192 193 194 197 198 199
238 49 50 53 55 57 60 61 62 63 65 66 69 70 71 72 74 75 76 77 79 81 82 84 85 86 87 88 89 90 91 93 94 95 96 97 99 100 101 102 106 108 109 110 111 112 114 115 116 117 118 120 121 122 123 126 127 128 129 130 131 132 133 134 136 138 139 140 141 142 143 144 145 147 150 151 153 154 155 156 157 158 160 162 163 164 165 166 167 168 171 172 173 174 175 176 177 178 179 182 184 185 187 188 189 191 192 193 194 195 196 197 198 200
212 53 54 55 57 60 61 62 63 64 65 67 68 69 70 71 72 73 74 75 76 77 79 80 84 85 87 88 90 91 93 94 101 102 103 104 105 106 107 108 109 112 113 114 115 116 118 119 121 124 125 127 128 129 130 132 134 135 136 137 138 141 142 143 146 147 148 150 152 153 154 155 156 157 158 160 161 162 164 165 167 168 169 170 171 174 175 176 177 178 179 180 182 183 184 185 186 189 193 194 195 196 197
236 52 53 54 56 57 58 59 60 61 62 63 64 66 67 68 70 71 73 74 75 76 77 78 79 80 81 82 84 85 89 90 93 94 97 98 99 100 101 102 104 105 106 107 110 111 112 113 115 116 117 118 119 121 122 123 125 126 127 128 129 130 132 133 135 136 137 139 140 141 142 143 144 146 147 149 150 152 153 155 156 160 161 162 163 164 165 166 168 169 170 171 172 173 177 179 181 182 183 185 186 188 190 193 194 195 196 197 199 200
296 52 53 55 57 58 59 61 62 63 64 67 70 71 72 73 74 76 81 82 84 85 86 87 88 89 93 94 95 97 98 99 101 102 103 104 106 107 108 109 110 112 113 114 115 116 117 119 120 121 122 123 124 125 126 127 128 129 130 133 134 135 136 137 138 140 142 145 146 147 148 149 151 152 154 155 159 160 161 163 164 165 167 170 171 172 173 174 175 177 178 179 180 181 182 183 184 185 186 187 189 190 191 192 193 195 196 198 199
219 53 55 56 57 58 60 62 63 64 65 66 67 68 70 72 73 74 75 76 78 79 80 81 82 84 85 87 88 91 93 94 95 98 99 100 101 103 105 106 107 108 112 113 115 116 118 119 120 121 122 123 124 125 126 127 128 129 130 131 133 135 136 137 138 139 140 141 143 145 147 148 149 151 152 155 157 158 160 162 163 164 165 167 169 170 172 173 176 177 179 181 182 183 184 185 186 187 188 190 192 193 197 199 200
242 54 55 56 57 60 61 62 63 64 65 66 67 68 69 70 71 73 75 79 80 82 83 84 85 87 88 89 90 91 95 97 100 101 102 103 104 105 106 107 108 110 111 112 114 115 116 121 122 123 124 127 128 130 132 133 134 135 137 139 141 142 143 145 146 148 149 150 151 153 154 155 156 158 159 160 162 163 164 165 166 167 168 169 170 172 174 175 176 177 180 182 183 184 185 187 188 189 190 193 197 198 199
289 55 56 57 58 59 60 61 62 64 66 68 69 70 73 74 75 76 78 80 81 83 85 86 88 92 93 94 95 96 97 98 99 100 101 102 103 104 105 106 107 108 109 110 111 113 114 115 117 119 120 122 123 124 125 126 127 129 130 131 132 133 134 136 138 139 140 141 143 144 145 146 147 148 149 150 151 152 155 156 157 161 162 164 166 168 170 171 174 175 176 177 178 179 180 181 182 183 185 186 187 188 190 193 194 195 197 198 199 200
291 57 58 60 61 64 65 66 67 68 69 70 73 74 75 76 78 79 80 81 83 84 85 88 89 91 92 94 96 97 98 99 102 103 104 105 106 107 108 109 110 112 114 119 120 121 122 123 124 126 128 130 131 132 135 137 138 139 140 142 144 145 146 147 148 149 150 151 152 153 154 156 159 160 161 162 163 164 165 166 167 168 170 171 173 174 175 177 178 179 180 182 183 184 185 186 189 191 192 193 195 196 197 198 199
289 59 60 61 62 63 65 68 69 70 72 73 74 77 79 80 82 84 85 92 93 94 95 96 99 101 102 103 105 106 107 108 109 110 112 114 117 119 122 123 127 129 130 132 135 137 138 139 140 141 142 143 144 146 147 148 149 150 154 156 157 158 159 160 162 163 164 165 167 168 170 171 172 173 174 175 176 177 178 179 180 181 183 185 186 187 190 192 193 194 195 196 197 199
220 59 60 61 63 66 68 70 75 76 78 82 83 85 88 89 90 91 93 94 95 99 101 102 103 104 106 107 112 115 116 118 119 120 121 123 125 126 130 134 135 137 140 141 144 145 146 147 148 149 151 157 160 162 163 164 165 166 167 168 169 172 173 174 175 176 177 178 180 181 182 183 184 185 186 187 189 190 195 196 197 198 199 200
201 59 60 62 63 64 66 67 68 69 71 72 73 76 77 79 80 82 83 84 86 87 88 90 91 93 94 95 97 98 99 100 101 102 103 105 106 107 108 110 111 113 118 119 120 121 122 124 125 126 127 128 129 131 132 133 135 139 140 141 142 143 144 145 148 151 152 155 156 157 158 159 160 163 165 166 168 171 173 175 176 178 180 181 184 185 187 189 190 192 196 197 199
257 60 61 63 64 65 66 68 70 74 76 77 78 79 81 82 84 85 86 87 88 90 92 93 94 96 97 98 99 100 101 102 106 110 111 113 114 116 118 119 121 122 124 125 126 128 130 132 134 136 137 138 139 141 142 144 145 147 148 149 150 151 152 153 154 155 156 158 159 160 161 162 163 164 166 167 168 169 170 172 173 174 175 176 177 178 179 180 182 183 184 185 186 187 188 190 191 192 193 194 195 196 197 198 199 200
201 61 66 69 73 75 76 77 78 80 82 84 85 86 88 89 90 91 92 93 94 99 100 102 103 104 105 107 108 109 110 112 113 114 116 117 118 119 120 123 124 128 129 131 139 140 141 142 144 145 146 147 148 149 150 152 153 154 158 159 160 161 163 164 165 166 167 168 171 172 174 175 176 178 179 180 183 186 188 194 195 196 197 199 200
212 62 63 66 67 68 71 73 74 75 76 77 78 79 80 81 83 87 88 90 91 93 94 97 99 100 101 103 104 105 106 107 109 111 112 113 114 116 117 118 119 120 122 124 126 127 129 131 133 134 135 136 137 138 139 140 141 143 145 147 148 149 151 152 154 155 156 157 158 160 161 163 164 165 167 168 169 171 172 173 174 175 176 177 178 180 183 185 186 187 189 190 191 192 194 195 196 197 199
283 63 64 65 66 67 69 70 71 72 78 82 84 86 88 90 91 92 94 96 98 100 101 102 103 105 106 107 110 111 113 114 115 117 119 120 121 122 123 124 125 126 127 128 129 133 135 136 138 140 142 145 146 147 148 149 151 152 154 156 157 158 159 160 162 164 166 167 168 169 170 171 172 174 175 177 180 181 182 183 184 185 186 187 188 189 191 192 193 194 196 198 200
235 67 68 69 71 72 73 76 78 80 81 82 83 84 85 86 87 88 90 91 93 94 96 97 101 102 105 106 107 108 109 112 113 114 115 116 117 118 119 120 121 122 126 127 128 133 134 135 137 139 140 141 143 146 147 149 150 152 153 154 155 156 157 158 159 161 162 163 164 165 166 168 169 170 172 173 174 175 176 177 178 183 186 187 190 191 194 197 198 199 200
234 66 67 68 69 70 71 74 75 76 77 79 80 81 82 83 84 85 87 88 89 90 91 93 94 95 96 97 99 102 103 104 106 109 111 112 113 114 115 116 117 119 120 121 122 123 125 126 127 128 129 130 131 133 134 135 137 138 139 140 141 142 143 144 145 146 148 150 152 153 154 155 157 158 159 160 161 162 167 168 169 170 171 173 174 175 177 179 180 183 184 185 186 187 188 189 190 191 192 194 195 197 200
219 67 68 69 72 73 74 75 77 78 80 81 82 84 85 87 88 89 90 92 93 94 98 99 102 103 105 110 111 112 113 114 115 116 117 122 123 124 126 127 128 129 130 131 133 136 139 140 141 142 143 144 145 148 150 151 153 154 156 157 160 162 163 166 168 170 171 172 173 174 175 177 178 179 181 182 184 186 188 189 190 191 192 194 195 200
264 67 69 71 72 73 74 75 76 77 78 79 81 82 83 84 85 86 87 88 89 90 92 93 94 95 97 98 99 102 103 104 105 106 107 109 110 111 112 113 114 115 116 117 119 120 121 122 126 127 128 131 132 136 138 139 140 141 142 143 145 146 147 149 150 151 152 153 154 157 158 163 164 165 166 167 168 169 170 171 172 173 174 175 176 178 179 180 182 183 184 185 187 188 189 191 192 193 195 197
270 68 70 71 72 73 74 76 77 80 82 83 84 85 87 88 89 90 91 93 94 96 97 99 101 102 103 105 106 107 108 110 112 113 116 117 119 122 123 124 125 126 127 128 129 130 131 135 136 137 138 139 141 142 143 144 145 146 148 149 151 152 154 155 156 158 159 160 161 163 164 165 166 167 168 175 176 177 178 180 182 183 184 186 188 189 190 191 192 193 194 195 197 198 199
293 70 71 72 76 77 78 79 80 82 83 84 85 86 87 89 91 95 97 98 99 100 101 102 104 105 106 107 115 116 118 120 122 124 125 126 127 128 129 130 131 133 136 137 140 141 142 143 145 146 147 148 149 150 151 152 153 154 156 157 158 159 161 162 163 164 165 167 168 169 172 173 175 176 178 180 181 182 183 184 185 187 189 194 195 196 197 198 199
218 70 72 73 74 76 78 80 81 82 83 84 85 86 88 90 93 95 98 99 100 101 102 103 104 105 106 108 110 111 113 114 115 116 118 119 120 122 123 125 127 129 130 131 134 135 136 137 138 139 141 143 144 145 146 148 149 150 151 153 154 155 156 157 158 159 160 162 163 164 165 167 168 169 171 172 173 174 175 176 177 178 180 182 183 186 189 190 193 194 195 196 197 198 199 200
277 71 74 75 77 80 81 82 83 84 86 87 90 92 93 94 95 98 100 102 103 104 108 109 110 111 112 113 114 115 117 118 120 121 122 123 124 125 127 130 131 132 133 134 135 137 138 139 140 141 142 144 147 149 152 155 156 157 158 159 160 161 162 163 164 165 166 168 170 171 172 174 177 179 180 184 185 187 188 189 191 192 193 194 195 196 198 199 200
223 72 73 74 75 76 77 78 79 80 81 82 84 85 86 87 89 90 92 96 97 98 100 101 102 103 107 108 109 113 114 115 117 118 120 121 125 126 127 128 129 130 132 133 134 136 137 138 139 142 144 146 147 148 149 151 152 157 158 159 160 162 164 165 167 168 169 170 171 172 174 176 177 178 179 181 182 183 184 186 187 188 190 191 192 193 194 195 196 197 198 199 200
286 73 75 77 78 79 80 82 83 84 85 86 88 89 90 91 93 96 97 98 100 101 103 104 107 108 109 110 111 113 115 116 118 119 121 122 123 125 126 127 128 129 130 131 132 133 134 136 137 138 140 143 146 149 150 151 152 153 156 158 159 161 162 164 165 166 168 169 171 173 175 177 179 180 181 185 186 187 189 190 191 192 193 194 196 197 198 199 200
202 74 75 77 78 80 81 82 83 84 85 87 88 89 90 91 93 95 96 97 99 100 101 102 103 104 106 107 108 109 111 112 114 115 116 118 119 120 121 123 125 126 128 129 130 131 133 135 137 138 140 142 143 144 145 146 147 148 149 150 151 153 154 155 156 157 158 160 161 162 163 164 165 166 167 168 169 170 171 173 174 175 178 180 181 182 184 186 187 188 189 191 193 194 195 196 197 198 199
247 75 76 77 78 79 81 82 84 85 87 88 90 91 92 93 95 96 97 98 100 102 103 104 105 106 107 108 109 110 111 112 113 115 118 119 120 121 122 123 124 125 127 128 129 130 132 134 136 138 140 141 142 143 145 146 148 149 150 151 152 156 158 159 160 161 163 164 166 167 168 169 170 172 173 175 176 177 179 180 181 182 183 186 188 189 190 191 192 193 195 196 197 199
205 77 78 80 81 83 84 85 86 88 89 90 91 92 93 94 95 97 99 100 101 102 103 104 105 107 108 110 111 112 114 115 116 117 118 120 121 122 123 124 127 131 132 133 134 135 136 137 138 140 141 144 145 146 148 149 150 152 153 156 158 160 161 163 164 165 166 168 170 171 172 175 176 177 178 179 180 181 182 183 184 187 188 189 190 191 192 193 195 197 199 200
277 77 79 80 81 82 83 85 88 91 92 95 96 98 99 100 101 102 103 106 107 108 109 110 111 112 114 115 116 119 120 121 122 124 128 132 133 134 135 136 137 138 139 140 142 143 144 148 150 151 153 154 156 157 158 161 162 163 164 165 166 167 168 169 171 173 174 176 177 178 179 182 183 184 185 186 187 188 189 193 194 196 200
293 78 80 82 84 86 89 90 91 92 96 98 99 100 101 102 103 104 105 106 107 108 109 111 114 116 117 118 119 120 123 124 125 126 130 131 132 133 134 137 141 143 144 145 146 147 149 150 152 155 157 159 160 161 162 163 164 166 167 169 170 173 174 177 178 180 181 184 186 187 188 189 190 191 192 193 195 196 197 199 200
298 79 80 81 83 85 87 88 89 90 91 92 93 94 95 96 97 98 99 100 101 102 105 107 109 111 114 115 118 120 122 123 124 126 128 129 130 131 132 133 134 135 137 139 140 142 143 144 145 147 148 149 150 151 152 156 157 159 160 161 162 165 167 168 169 170 171 172 174 177 178 179 180 182 183 184 185 186 187 189 193 194 195 198 199
297 80 81 82 83 84 86 87 90 91 93 97 98 99 100 101 102 104 105 107 108 109 110 112 113 114 115 117 118 120 121 122 123 125 127 131 132 133 134 135 137 138 139 140 142 143 144 146 148 149 150 151 152 153 154 155 156 158 159 160 164 165 166 167 168 169 172 173 174 175 176 178 179 180 181 183 184 185 186 188 192 193 194 195 196 197 198 200
228 81 82 83 84 85 86 87 88 90 94 95 96 97 98 99 100 102 103 104 105 106 108 111 112 114 119 121 124 125 126 129 130 131 132 135 137 138 139 141 142 144 146 147 148 149 150 151 153 154 155 156 157 158 159 161 162 166 167 169 170 171 172 173 174 175 176 177 180 181 182 183 184 185 186 187 188 191 192 193 195 196 197 198
270 82 83 84 86 87 88 89 90 91 92 94 95 96 97 98 99 100 102 103 105 106 107 108 110 112 113 114 115 116 117 118 119 120 121 122 124 125 126 128 129 130 131 134 135 138 141 143 144 145 146 147 148 150 152 153 154 156 157 158 159 160 162 164 165 166 170 171 172 173 174 175 176 177 179 180 183 184 185 186 187 188 189 190 191 192 193 194 195 197 200
238 83 84 85 86 88 89 90 92 94 95 96 101 102 105 106 107 109 111 112 113 114 115 116 117 118 122 123 124 126 127 128 129 131 132 133 135 137 138 139 141 143 144 146 147 149 150 151 153 155 156 160 161 162 163 164 167 168 169 171 173 174 176 177 178 182 183 184 185 186 187 189 190 192 193 197 200
248 84 87 88 89 92 93 96 98 99 100 101 102 103 106 108 109 110 112 113 114 115 118 119 122 123 124 126 128 133 134 137 138 139 140 141 143 145 146 147 148 149 150 151 153 154 155 156 157 158 159 162 164 165 167 168 169 170 171 172 174 176 177 178 180 182 183 184 186 187 190 192 193 194 198 199 200
206 90 91 92 93 94 95 97 98 100 101 104 105 106 107 108 109 110 112 113 114 115 117 118 119 120 121 122 125 128 129 131 133 134 135 137 139 141 143 144 146 147 149 150 152 153 154 155 157 158 159 161 162 163 165 167 168 170 171 173 174 175 176 177 179 180 181 182 183 186 188 189 190 192 193 195 198 199 200
265 86 89 90 92 93 94 95 98 99 100 101 103 104 105 106 108 109 110 111 112 113 114 115 117 118 120 121 122 123 124 125 127 132 133 134 135 138 139 140 141 142 143 144 145 146 147 148 149 151 153 154 155 156 157 159 160 162 163 164 165 166 168 170 171 172 174 175 176 177 178 180 181 182 183 184 186 187 188 190 191 193 196 200
261 88 89 90 91 95 96 97 98 100 101 102 103 105 106 108 111 112 113 114 115 117 118 119 120 121 125 126 127 128 129 132 133 134 136 137 138 139 140 142 143 144 145 146 147 148 149 151 153 155 156 157 159 161 162 163 164 165 166 168 169 170 171 172 173 174 175 176 177 178 181 182 183 185 187 188 189 190 191 192 193 194 195 198 199
268 89 90 91 92 93 94 95 96 97 98 99 100 101 103 104 105 107 108 110 111 112 113 114 117 119 120 122 124 125 127 128 130 132 133 135 136 137 138 139 140 141 142 143 144 146 147 149 150 153 157 158 159 161 162 165 166 168 169 170 175 176 178 179 181 182 183 184 185 186 187 188 190 191 192 193 194 196 197 199 200
212 89 90 91 92 93 95 96 97 98 99 101 102 103 104 105 106 108 109 110 112 113 115 116 117 118 120 121 123 124 125 126 127 129 130 131 132 133 134 135 136 137 138 139 141 142 143 144 145 146 147 148 151 152 153 154 155 156 157 158 160 162 163 164 166 167 168 169 170 171 172 173 174 175 180 181 182 185 187 188 189 190 191 193 195 196 197 198
270 91 92 93 94 96 97 100 102 103 105 106 107 108 109 110 112 113 114 118 119 120 121 123 124 125 127 128 131 133 134 135 136 137 138 139 142 144 145 146 147 148 149 150 151 152 153 154 155 156 157 159 161 162 166 168 169 170 171 172 173 174 175 177 179 182 185 186 187 190 191 192 194 195 197 198 199 200
290 91 92 93 94 96 97 99 100 101 102 103 106 107 108 109 110 111 112 114 115 116 117 119 120 121 122 123 125 127 128 129 132 133 135 136 138 141 142 143 144 145 147 149 151 152 154 155 156 159 160 161 162 163 164 165 166 167 168 169 170 171 172 173 174 175 176 177 178 179 180 181 182 184 185 188 190 192 193 195 197 198 199
256 92 93 95 96 99 100 101 102 103 104 105 108 109 110 112 113 115 117 121 122 124 126 127 128 129 131 132 135 136 137 138 140 141 143 144 145 146 148 149 150 151 155 156 160 161 162 163 164 165 166 167 168 169 170 171 172 175 177 178 180 181 182 183 185 188 189 191 192 193 194 195 196 197 198 200
223 93 94 97 98 99 100 102 103 104 105 107 108 109 110 111 112 113 114 115 116 118 119 120 121 122 123 124 125 126 127 130 131 132 135 136 139 141 142 143 144 145 146 148 149 151 152 153 154 156 157 158 159 160 161 163 165 166 168 169 172 173 174 175 176 179 180 181 182 183 184 185 186 188 189 190 191 193 195 196 197
260 94 97 98 99 102 104 105 107 109 110 111 112 113 114 115 116 117 119 120 122 123 125 126 127 129 130 131 132 133 134 135 136 138 139 140 141 143 144 145 146 147 148 149 151 152 154 156 157 158 160 162 164 167 168 175 177 179 180 181 182 184 185 187 188 189 190 191 192 194 195 197 199 200
214 96 97 98 100 101 102 103 104 105 107 108 109 110 112 113 114 115 117 120 121 126 127 128 129 130 131 133 135 136 138 139 140 141 142 143 144 145 146 147 148 149 154 155 158 159 160 161 162 163 164 165 166 167 168 169 171 172 174 176 177 180 181 182 183 184 185 186 189 190 191 192 193 195 196 198 199
244 97 98 99 100 101 102 103 105 106 107 108 109 111 112 114 115 118 119 120 121 122 123 125 127 128 129 130 131 133 137 138 139 140 141 142 143 145 146 148 149 150 151 153 155 158 159 164 165 166 168 169 171 172 173 174 175 177 179 180 181 182 183 184 185 187 188 189 190 192 193 194 197 198 200
245 97 98 100 101 102 104 105 106 107 108 109 111 113 114 115 117 118 120 121 123 125 126 127 128 131 133 134 135 136 137 138 139 140 142 143 144 145 147 149 152 155 156 157 158 159 160 161 162 165 166 167 169 170 172 173 174 175 176 177 178 183 184 185 187 188 189 191 192 193 194 195 197 199 200
215 99 100 101 102 103 104 105 106 108 109 110 111 112 114 115 118 119 120 121 122 123 124 125 126 127 128 129 132 134 135 137 138 139 142 143 144 148 149 150 153 154 155 157 158 160 161 163 165 167 168 169 172 173 174 175 176 177 178 179 181 183 184 185 186 187 188 189 192 193 195 196 197 198 199 200
219 99 100 103 105 106 107 108 110 112 113 114 116 117 118 119 120 121 122 123 124 125 126 128 129 132 133 134 136 139 140 143 144 145 146 147 149 152 153 154 155 156 157 158 159 160 162 163 164 165 166 167 171 172 173 174 176 178 179 180 181 183 184 185 187 188 189 191 192 193 194 195 196 198 199 200
217 101 102 103 105 106 108 109 111 112 113 114 115 117 118 119 120 121 122 123 124 128 130 131 132 133 134 136 138 140 141 142 143 145 146 148 152 154 157 158 160 161 162 163 165 166 167 168 169 170 171 172 173 174 176 177 178 180 181 182 183 184 185 186 187 188 189 190 192 193 195 196 197 198 199 200
249 101 102 103 104 106 107 109 110 111 112 113 114 116 118 121 122 124 126 128 129 130 133 134 135 138 139 140 141 142 143 144 146 147 148 150 152 153 154 155 158 159 160 162 163 164 165 167 168 169 171 172 174 177 178 179 180 181 182 183 184 186 188 189 191 192 193 194 195 197 198 199 200
289 103 105 106 109 110 111 112 113 114 115 117 118 119 120 123 126 128 129 131 132 133 134 136 139 140 141 142 143 146 147 148 149 151 152 157 158 160 162 163 164 165 167 170 172 173 174 177 178 179 180 181 182 183 187 188 191 192 193 194 196 197 198 199 200
259 104 105 106 108 109 112 113 114 116 117 118 119 121 122 123 124 125 126 127 128 130 132 133 134 136 141 142 144 146 147 148 149 151 152 153 155 157 159 160 161 162 163 164 165 166 167 168 169 172 173 174 177 180 181 182 183 184 185 186 187 188 189 190 191 192 193 194 197
288 104 106 107 109 110 111 112 113 114 115 117 118 119 120 123 124 125 126 129 131 133 134 135 136 137 138 140 142 143 144 145 147 148 149 150 151 152 154 155 157 158 159 160 162 163 164 166 167 168 169 170 172 173 174 175 176 177 178 181 183 184 185 186 187 189 191 193 196 197 198 199 200
257 105 106 108 112 114 116 117 118 121 123 125 126 127 130 131 132 133 134 135 136 138 139 140 141 142 143 145 146 147 148 149 150 151 152 153 154 156 158 159 160 161 163 164 166 167 168 169 171 174 176 177 183 184 185 186 187 188 189 190 191 192 193 195 196 197 198 200
271 106 107 108 109 110 111 112 114 116 117 119 120 121 122 126 127 128 129 130 131 133 134 135 136 137 138 139 140 141 143 144 146 147 148 150 151 152 153 154 155 157 159 161 162 164 165 166 168 170 172 174 175 177 178 179 180 181 182 183 186 188 191 192 195 196 197 198 199 200
214 107 108 109 110 111 115 118 119 120 122 123 128 130 133 134 136 137 139 140 141 142 145 146 149 150 151 152 156 157 158 159 160 161 162 165 166 167 168 169 170 171 172 174 176 177 178 181 183 184 186 187 188 191 193 194 195 196 197 199 200
222 108 109 110 111 112 114 115 116 117 119 121 122 123 127 128 131 134 135 136 137 139 140 141 142 143 144 146 147 148 150 151 152 153 154 155 156 158 160 161 162 163 165 167 169 170 173 175 178 179 180 181 182 184 185 187 188 190 191 192 193 195 196 199
253 110 111 114 115 117 118 119 120 121 123 125 126 127 128 131 133 134 135 137 139 140 141 142 144 146 147 148 151 152 153 154 155 156 158 159 160 161 164 166 169 170 171 172 173 174 175 176 177 178 179 180 181 182 183 185 186 187 188 189 190 191 192 194 195 197 199
274 111 112 113 114 115 116 117 119 120 122 123 124 126 127 128 129 130 132 133 134 135 136 138 144 146 148 151 153 155 156 157 160 161 164 165 166 167 168 169 170 171 172 174 176 177 178 181 182 183 184 185 186 188 191 192 193 194 195 196 197 198 200
260 112 113 116 117 120 121 123 125 126 128 129 132 133 135 141 144 145 148 149 150 151 152 153 154 155 156 157 159 160 162 163 165 166 167 169 170 171 172 174 176 177 178 180 181 182 183 184 187 188 189 190 192 193 194 195 196 197 198 199 200
255 112 113 114 115 116 117 118 120 121 122 123 125 126 128 130 131 132 133 134 140 141 142 143 144 145 147 148 149 150 151 152 155 158 160 161 163 165 166 169 172 173 174 175 176 177 178 180 181 182 183 185 186 188 189 190 192 193 194 195 198 199 200
278 113 114 116 118 119 121 122 125 128 130 132 134 135 136 137 139 140 141 143 144 145 147 149 150 155 156 157 159 160 162 163 167 169 170 172 173 174 175 176 177 181 182 183 184 185 186 189 190 192 193 194 196 197 198 199 200
290 114 115 116 118 119 120 121 122 123 124 126 127 128 129 130 131 132 134 136 137 138 139 140 141 142 143 144 146 147 149 150 151 154 155 157 159 160 161 162 163 164 165 166 167 168 169 170 171 172 174 175 176 177 178 182 184 185 186 187 189 190 191 192 194 195 197 198 200
265 115 117 119 120 121 122 124 125 127 128 129 130 133 134 135 136 138 141 142 144 149 150 151 154 155 156 157 158 159 160 162 163 164 165 166 167 168 169 172 175 176 177 178 179 181 183 184 186 187 188 189 191 193 194 195 196 197 200
269 116 117 118 119 120 121 122 123 124 126 127 129 130 131 134 135 137 138 141 144 145 146 151 153 154 155 158 159 160 161 163 165 166 167 168 171 172 173 174 175 177 178 179 182 183 184 187 188 189 192 193 196 197 198 200
210 118 120 122 123 124 125 126 129 132 133 134 135 136 137 138 139 140 141 143 144 146 148 149 152 153 154 155 156 158 160 161 164 166 170 171 173 174 175 176 177 178 179 180 181 182 183 184 186 187 188 189 190 192 193 195 197 198 199 200
278 118 120 122 127 129 130 132 134 135 142 143 145 148 149 150 151 152 153 155 158 159 160 161 162 164 167 168 170 171 173 175 176 177 179 181 182 183 184 185 187 188 189 192 193 194 195 198 200
224 120 123 125 126 127 130 131 132 133 135 136 137 138 140 142 143 144 146 147 148 149 152 154 155 156 158 159 161 162 163 164 166 167 168 172 173 174 176 179 180 181 182 183 184 185 186 187 189 191 192 193 194 195 196 197 200
214 120 121 123 124 125 126 130 133 134 136 137 140 142 146 149 150 151 153 154 155 156 157 158 159 160 161 162 166 167 168 169 170 172 173 174 176 178 179 180 181 182 183 184 185 186 187 188 190 192 193 194 196 197 198 199 200
267 121 122 123 124 126 128 129 130 131 132 136 137 138 139 140 142 143 144 145 146 147 149 150 151 152 153 154 155 156 157 158 159 160 162 164 165 166 167 168 171 172 174 176 178 179 181 182 185 186 187 188 189 190 192 193 194 196 197 198 199 200
249 122 123 125 126 127 128 129 130 131 132 133 134 135 136 140 141 142 143 144 145 146 147 148 149 150 151 152 153 154 157 158 160 163 164 167 169 170 171 172 173 174 175 178 179 181 182 183 184 186 188 189 190 191 192 194 195 196 199 200
275 123 125 127 129 130 131 132 134 135 136 138 139 140 141 142 145 148 149 150 151 152 153 154 156 159 160 162 163 165 167 168 171 172 174 175 176 177 178 179 181 182 183 185 188 191 193 195 196 197 198 199
220 124 125 126 128 129 130 131 132 135 136 138 139 140 142 143 144 146 147 148 149 152 153 155 156 158 159 160 161 162 164 165 166 167 168 169 171 172 173 174 175 176 178 179 181 182 183 184 186 187 189 190 192 193 194 196 198 199
214 125 127 130 131 132 133 135 137 138 140 141 142 143 144 145 146 150 153 154 155 156 157 158 159 160 162 163 164 165 166 167 168 172 173 174 175 177 179 180 182 183 184 185 186 187 188 189 190 191 192 193 194 195 196 199 200
246 127 129 130 133 134 135 136 137 138 139 141 142 144 145 146 148 149 150 152 154 155 156 157 158 159 162 166 167 171 172 173 174 175 177 178 179 180 181 182 183 185 187 188 189 191 193 194 197 198 199
243 127 128 130 131 132 134 135 137 138 139 140 141 143 144 146 147 148 149 150 151 152 153 154 155 156 157 158 159 160 161 162 163 165 168 172 173 174 176 177 178 179 180 182 188 189 192 193 194 195 197 198 200
291 128 131 133 135 136 137 138 139 141 142 143 145 146 147 148 149 151 152 153 155 157 159 160 165 166 167 168 169 170 172 174 176 177 178 179 180 182 185 186 189 190 191 192 193 196 197 198 199 200
250 129 130 131 132 133 134 135 138 139 140 141 142 143 144 146 147 148 149 150 152 154 155 156 157 158 159 160 161 162 163 165 166 167 168 169 173 175 176 177 180 181 182 183 184 186 189 190 191 194 197 199
215 131 132 133 135 136 137 138 139 140 141 142 143 145 146 147 149 150 151 152 153 154 155 156 158 159 160 161 162 164 165 167 170 171 172 173 177 179 181 183 184 185 188 189 190 193 196 197 200
297 132 133 134 135 137 138 139 140 142 143 144 145 147 148 149 150 151 153 154 155 157 160 162 163 165 166 167 168 169 170 171 172 174 175 176 178 179 180 181 182 183 184 185 187 188 189 190 191 192 193 195 196 198 199 200
205 133 135 136 137 138 139 140 141 142 143 145 146 147 148 149 151 152 153 154 155 156 157 158 160 161 162 164 167 168 170 171 172 173 174 175 176 177 178 179 180 181 182 183 184 190 192 194 195 198 200
290 133 134 135 136 138 139 140 141 142 143 144 145 146 147 148 149 152 154 155 156 159 160 161 162 164 165 166 168 169 172 173 174 177 178 179 182 183 184 186 187 189 191 192 195 196 199 200
240 134 136 137 138 139 140 141 142 143 145 146 147 148 149 150 151 152 153 154 155 157 158 159 160 161 163 164 165 166 169 172 173 174 175 176 177 178 179 180 182 183 184 185 187 188 190 193 195 196 197 199 200
290 135 136 137 139 140 141 142 144 146 147 148 149 151 152 153 154 155 160 162 163 167 168 170 172 173 174 175 177 178 179 180 181 183 184 186 187 188 189 190 191 192 193 194 196 197 198 200
207 136 141 142 144 145 146 147 149 151 153 154 156 157 158 160 161 162 163 166 168 169 170 173 174 175 176 178 179 182 185 187 190 192 195 196 197 199
211 137 138 140 141 142 143 144 145 147 148 149 150 152 153 154 155 156 157 158 159 160 161 163 165 166 167 168 169 171 172 173 174 175 177 178 180 181 182 184 185 187 188 189 190 192 193 194 196 197 198 199
279 138 139 140 142 144 146 147 149 150 154 156 157 158 159 161 162 163 164 167 168 169 170 172 173 174 175 176 178 183 185 186 187 190 191 192 193 195 198 199 200
223 140 142 146 147 148 149 152 154 155 156 159 162 163 164 165 166 168 169 170 171 177 178 179 181 182 183 185 187 188 189 193 195 197 198 199
225 140 141 142 143 144 145 146 147 148 149 150 151 153 154 155 156 157 158 159 161 162 163 164 165 166 167 168 169 170 172 173 174 176 177 181 182 184 186 187 188 190 191 192 193 194 196 197 198 199 200
272 142 144 145 147 148 149 151 152 156 157 158 159 160 161 163 164 165 166 168 169 170 172 174 176 177 178 179 182 183 185 186 188 189 190 191 192 195 196 198 199 200
283 143 144 145 146 147 148 149 150 151 152 155 156 157 158 159 161 162 164 166 167 168 170 171 172 173 175 176 178 182 184 187 188 189 190 191 192 193 194 195 196 197 198 199 200
286 144 145 146 147 148 151 152 154 157 159 161 162 163 164 165 166 167 168 169 170 171 173 176 177 178 179 180 182 185 186 187 188 189 190 191 192 193 195 196 197 198 199 200
240 144 145 147 148 151 152 153 155 156 157 161 163 165 166 167 168 169 170 173 174 175 177 178 179 181 184 185 186 187 188 190 191 192 193 194 195 196 197 198 199 200
247 145 146 147 148 149 150 151 153 154 155 156 157 161 162 164 165 166 167 168 169 171 172 173 175 176 180 181 182 184 185 186 187 188 189 190 191 192 194 196 197 198 199 200
242 148 149 150 151 153 154 155 157 158 159 160 161 163 164 166 167 168 170 172 173 176 177 179 180 181 183 184 185 186 187 188 189 190 192 195 196 198
251 148 149 152 154 155 157 159 160 164 165 166 167 168 169 172 174 178 179 180 181 182 183 184 185 188 189 191 192 194 195 196 197 198 199
256 148 149 150 151 152 153 154 155 156 157 158 164 165 168 169 170 171 172 173 175 176 177 178 180 181 184 185 186 188 189 192 193 194 197 198 200
242 151 152 153 156 157 159 163 164 165 166 167 169 170 171 172 174 175 177 179 180 181 182 183 184 186 187 188 190 191 192 193 195 196 198 199
213 150 152 155 156 157 158 159 161 162 163 165 166 167 169 172 173 174 175 176 178 179 180 183 184 185 186 187 190 192 194 195 196 197 198 199 200
263 151 152 153 154 155 156 157 158 159 160 161 164 165 166 167 168 169 170 172 173 175 176 177 178 181 183 184 185 186 187 189 190 191 192 193 194 195 198 199
205 155 156 157 158 160 163 164 167 169 173 174 176 177 180 181 182 183 185 188 189 190 193 194 195 196 197 198
272 153 154 155 156 158 160 162 168 170 171 172 173 174 175 177 178 179 180 181 183 185 186 187 188 189 190 191 193 196 197 198 200
287 154 155 156 158 160 161 163 164 165 166 168 169 170 173 175 179 181 182 184 185 189 190 191 192 193 195 196 197 199 200
245 156 157 160 161 162 163 164 165 166 168 169 170 171 173 174 175 176 177 180 181 182 183 184 185 186 187 188 190 191 193 194 198 199 200
248 156 157 158 159 160 161 162 163 164 165 166 167 168 169 170 172 173 176 177 178 180 182 184 185 186 188 189 190 191 192 193 196 197 198 200
208 158 159 160 162 163 164 166 168 169 172 175 176 177 178 179 181 182 183 184 186 187 188 190 191 192 193 194 196 197 198 199
241 158 161 163 165 166 167 168 169 170 171 172 173 174 176 178 179 181 185 186 187 188 189 190 193 194 195 196 199 200
250 161 162 164 165 167 168 170 171 173 174 175 176 178 179 180 181 182 184 185 186 188 189 191 192 193 194 195 196 197 198 199 200
291 160 161 163 164 166 167 168 172 173 174 178 179 180 183 185 186 187 188 189 190 191 192 193 194 196 198 199 200
281 162 163 164 165 166 167 168 169 170 171 172 173 174 175 177 179 180 181 183 184 186 187 188 190 191 193 196 197 198 200
293 162 163 164 165 166 167 171 172 173 174 175 176 177 178 179 180 181 184 185 186 187 188 190 191 192 193 194 195 196 197 198 200
243 163 164 166 167 168 169 170 171 172 174 177 178 179 180 181 183 184 185 186 187 188 189 190 191 192 193 194 195 197 198 199
212 164 165 167 168 169 170 171 173 175 176 178 181 184 185 186 187 189 190 191 192 193 195 196 197 200
233 166 169 170 171 173 174 175 176 178 179 180 181 182 183 184 186 188 189 193 195 196 197 199 200
257 166 167 169 170 173 174 175 176 177 178 179 180 182 183 184 185 186 187 190 191 192 193 197 199 200
275 167 168 169 170 171 175 176 177 178 180 181 182 183 184 185 187 188 189 190 191 192 194 196 197 198 199 200
287 168 169 170 171 172 173 174 175 176 178 179 180 181 183 184 186 187 188 189 190 196 198
235 169 170 172 173 174 176 177 179 180 181 183 188 189 190 191 192 193 194 196 198 199 200
230 170 171 173 176 177 178 179 180 182 183 185 186 187 189 190 191 192 195 196 197 200
277 171 174 177 178 180 181 182 183 184 185 186 188 190 191 192 193 194 195 197 198 199
239 172 173 174 177 179 180 181 183 184 185 186 187 188 190 192 193 194 195 197 198 199
288 174 175 176 177 178 179 180 183 184 185 186 188 189 190 192 193 195 196 197 198 200
262 174 175 176 177 178 179 180 183 184 185 186 187 189 191 192 194 195 196 198 199
277 175 176 178 179 181 183 184 185 186 188 189 191 192 193 194 196 197 198 199 200
278 176 177 179 181 183 184 185 187 188 190 191 192 193 194 195 196 200
283 180 181 183 184 186 187 189 190 191 192 195 198 199
222 180 182 183 184 187 188 189 190 191 192 194 195 196 197 199
216 179 181 184 186 187 190 191 194 195 196 197 198 199 200
293 180 181 184 186 188 191 192 193 194 195 196 197 199 200
261 181 182 183 184 185 189 190 191 192 193 194 195 196 197 198 199 200
218 182 183 185 186 187 189 190 191 195 196 198 200
228 183 184 186 187 188 189 191 192 194 196 197 198 200
230 184 187 188 189 191 193 194 195 196 197 199 200
253 187 189 190 191 194 195 197 199 200
235 187 193 194 195 199 200
280 187 190 191 192 193 196 198 199 200
281 189 190 193 194 196 197 198 200
215 190 191 192 193 194 195 196 198 199 200
212 190 191 192 193 194 196 197 198
256 193 194 196 197 198 199 200
236 192 193 194 195 196 198 200
216 194 195 197 198 199 200
224 194 195 196 197 200
253 196 197 198 199 200
253 196 198 200
205 197 198
283 198 200
237 199 200
204
237
