100	5	200	1
0	18	22
0	6	21
0	16	19
0	6	14
0	21	24
41 2 5 6 8 9 10 12 13 14 15 16 17 18 19 20 21 22 23 24 25 26 27 28 29 30 31 33 34 35 36 37 38 39 40 42 43 44 45 46 50 51 53 54 56 57 59 61 62 64 66 67 68 69 70 71 72 73 74 75 78 80 81 82 83 84 85 87 88 89 90 91 92 94 95 97 98 99 100
48 3 4 5 6 7 11 12 13 14 16 17 18 19 20 21 22 23 24 25 26 27 28 29 30 31 32 33 36 38 40 42 43 44 47 49 50 51 52 53 54 55 58 59 60 63 64 66 70 71 73 76 78 81 82 84 85 87 88 89 90 91 92 93 95 96 98 99
59 4 5 6 8 9 10 11 12 13 15 16 19 20 21 22 23 26 27 30 31 32 33 34 36 37 38 39 44 45 47 49 50 52 53 54 55 57 58 59 61 62 63 64 68 69 71 73 74 75 76 77 78 79 80 81 83 84 86 88 89 91 92 93 94 95 96 97 98 99 100
53 5 6 8 9 11 12 13 14 15 18 20 21 22 24 25 27 28 29 31 32 34 35 36 37 38 39 40 43 44 45 46 47 48 49 50 51 52 53 55 56 57 59 60 61 62 63 64 65 68 69 70 71 72 73 74 75 76 77 78 79 80 81 82 83 86 87 89 90 91 92 93 94 95 97 98 99 100
7 7 8 9 10 11 12 13 14 15 16 17 18 21 23 24 26 27 28 29 30 32 34 37 38 39 40 41 42 43 45 46 48 49 51 53 54 55 57 58 60 61 64 65 66 67 68 70 74 75 76 77 78 79 80 81 82 84 85 86 87 89 93 94 95 97 99 100
41 7 10 11 15 17 18 20 21 22 23 24 25 27 28 30 32 33 34 35 37 39 40 41 45 46 47 48 50 51 54 56 59 60 61 65 67 68 69 70 71 72 73 74 75 77 79 83 85 87 89 90 91 93 94 95 96 97 98 99 100
14 8 9 10 11 12 14 15 17 18 19 20 22 23 24 25 27 28 29 30 31 32 33 34 35 37 38 39 40 41 42 43 46 49 50 51 52 53 55 56 58 61 62 63 65 66 67 68 69 70 71 72 73 74 75 77 78 79 80 81 82 83 84 85 86 87 88 89 90 92 93 94 95 96 97 98 99
7 9 10 13 15 16 17 18 21 22 23 24 25 27 28 29 30 31 32 35 39 40 42 43 44 45 46 48 49 51 53 54 55 56 57 59 60 61 62 63 66 67 68 70 72 74 75 77 78 79 81 82 83 86 87 88 89 92 93 94 95 96 97 98 100
21 10 11 12 14 15 17 19 21 22 24 25 26 27 29 30 31 34 37 38 39 41 42 43 45 46 47 48 49 50 51 52 55 58 61 62 64 66 67 68 70 71 72 73 74 75 76 79 80 81 83 87 88 89 90 91 93 94 97 98 99 100
37 12 17 19 21 22 24 25 26 27 28 30 31 32 34 35 37 38 39 41 43 45 46 47 48 50 51 52 53 54 55 56 57 58 59 64 65 66 68 69 70 71 72 74 76 77 80 81 82 83 84 85 86 90 91 92 93 95 96 97 98 99 100
7 12 14 16 17 18 19 21 22 23 26 27 31 33 34 36 37 38 39 40 41 42 43 44 46 47 48 49 50 51 53 54 55 56 57 58 60 62 64 66 68 69 70 71 72 73 74 75 78 79 80 81 83 84 86 87 88 89 90 94 95 97 98 100
59 13 14 15 16 18 19 21 22 23 24 25 26 29 30 31 32 33 34 36 37 39 40 41 42 43 45 46 47 48 50 51 52 53 55 56 57 58 59 60 61 65 67 68 69 70 71 74 75 79 82 83 84 85 86 87 88 92 93 95 96 98 100
33 15 17 18 20 21 22 23 24 25 26 27 28 30 33 34 35 37 41 43 44 46 47 48 49 50 53 54 55 56 59 60 62 63 64 65 68 69 70 71 72 74 75 76 77 78 79 80 81 82 84 85 86 87 88 89 90 92 93 95 96 99 100
48 16 17 18 19 20 22 23 24 25 26 27 28 29 30 31 35 37 38 39 41 42 43 45 46 48 49 51 52 53 54 55 57 58 59 61 62 63 64 65 68 69 70 71 73 75 76 77 78 79 80 81 82 83 84 85 86 87 88 89 90 92 93 95 97 98 99 100
8 17 18 19 20 21 22 27 29 30 31 34 35 37 38 39 40 43 44 45 46 49 50 52 53 54 55 57 58 59 60 61 62 64 65 66 67 68 69 72 73 75 76 77 78 79 80 81 82 83 84 85 86 87 88 89 90 91 92 94 95 96 97 98 99
3 17 18 20 21 22 23 24 25 27 28 29 30 32 33 34 36 38 39 40 41 42 44 45 47 48 49 50 51 52 56 57 58 60 61 62 63 64 65 66 67 68 69 71 72 73 74 75 76 77 78 80 81 82 85 86 88 89 90 92 93 94 95 96 99 100
42 21 22 24 29 30 31 32 33 34 35 36 38 39 40 41 46 47 49 50 51 52 55 57 59 61 62 64 65 66 68 69 70 71 73 75 76 77 78 80 81 82 84 85 88 89 90 91 93 94 95 96 99 100
4 19 20 21 24 25 26 27 29 30 31 32 34 35 36 37 38 39 40 41 42 43 44 45 46 47 48 49 50 51 53 55 56 57 58 59 60 62 63 64 65 66 67 69 70 72 74 75 76 79 80 81 82 83 84 86 88 89 90 91 92 94 95 96 97 99
32 20 21 22 23 24 25 26 27 29 30 31 33 35 36 37 39 41 42 43 45 46 47 50 52 54 55 57 61 62 65 69 70 71 72 73 74 76 78 79 83 84 85 86 87 88 90 91 98
45 23 24 25 26 28 31 32 33 34 35 36 39 40 41 42 45 46 50 51 52 53 54 55 56 57 62 64 67 68 70 72 73 75 76 77 78 80 85 86 87 88 89 90 92 93 94 96 98 99
36 22 26 27 29 31 32 33 34 35 36 37 38 39 40 41 43 44 45 46 47 49 50 51 52 53 54 57 58 59 60 61 62 64 66 67 68 69 70 71 72 73 74 75 76 78 80 81 82 83 84 85 86 87 88 90 93 95 96 97 98 99 100
55 24 26 27 28 29 30 31 33 34 36 37 38 39 40 42 44 45 46 48 49 51 52 53 55 57 58 60 61 63 64 66 67 69 70 71 72 73 74 75 80 81 82 83 85 86 89 90 92 93 94 96 97 98 99 100
34 25 26 27 28 29 30 31 32 33 34 36 37 40 41 42 44 45 46 47 48 50 51 52 53 54 56 57 58 59 60 61 63 64 65 66 67 68 69 73 75 76 77 78 82 83 84 85 86 87 88 91 94 95 97 98 99 100
20 25 27 29 30 31 32 35 36 38 39 40 41 42 43 45 46 47 49 51 53 54 55 57 58 59 60 62 63 64 66 69 72 73 75 77 79 81 82 83 85 86 87 88 90 91 94 95 96 97 99
50 27 29 31 32 33 34 36 37 38 40 41 42 45 46 47 48 49 52 53 54 55 56 57 59 60 62 63 64 65 66 68 69 70 72 74 75 76 77 79 80 81 84 85 86 88 89 90 91 92 93 94 96 98 100
21 27 29 31 34 35 36 37 40 41 42 44 45 47 48 49 51 52 54 55 62 63 64 65 66 68 70 72 75 77 79 80 81 83 84 86 87 89 90 92 93 96 97 98 99
37 28 30 31 32 33 36 37 38 39 40 41 42 44 45 46 47 48 50 52 53 54 55 56 58 59 60 61 63 64 65 69 70 71 72 73 74 75 76 77 78 79 80 81 83 84 85 86 87 88 91 92 94 100
53 29 31 32 33 34 35 36 38 39 40 41 42 43 44 45 46 47 49 52 54 55 56 58 59 60 62 63 64 67 69 72 75 76 77 78 79 81 82 83 85 87 88 90 91 92 96 98 99
53 31 34 35 36 37 39 40 42 43 44 45 46 47 49 51 52 53 54 55 56 57 59 62 64 65 66 67 68 69 70 71 75 77 78 81 82 84 85 86 88 92 93 94 95 96 98
54 32 34 35 37 38 40 43 44 46 47 48 49 50 51 52 53 55 56 57 58 60 61 64 65 66 67 68 69 71 72 75 76 79 80 81 82 85 86 87 88 89 90 91 92 93 94 95 96 97 99 100
4 33 34 35 36 39 41 43 44 45 46 48 49 50 51 53 54 55 57 58 61 62 63 64 65 68 69 70 71 72 74 75 76 77 78 79 80 81 83 84 85 86 87 88 90 91 92 94 95 96 97 99 100
58 34 35 37 38 39 40 44 46 48 51 53 54 55 56 57 58 61 62 63 64 65 66 68 69 70 71 72 73 74 75 76 78 79 86 87 88 90 91 92 93 94 95 99 100
4 34 35 36 37 38 39 41 42 44 45 46 48 50 52 53 54 57 58 59 60 62 63 64 65 67 69 70 71 72 73 74 75 76 78 79 80 81 82 83 84 88 89 90 92 93 95 97 98 100
56 35 36 37 39 40 42 43 44 46 48 49 50 51 52 53 55 57 58 61 62 63 64 66 67 68 69 70 71 74 76 77 78 79 80 81 83 84 85 87 88 90 91 92 95 96 98
59 37 38 42 43 45 46 47 48 51 52 53 54 55 56 59 60 62 64 66 67 68 69 70 71 73 74 75 77 78 82 83 84 85 86 88 89 91 92 93 94 95 99 100
17 37 38 40 43 44 46 47 48 50 53 55 56 58 60 61 62 63 65 66 67 68 71 73 74 75 76 77 78 79 80 81 82 83 84 86 87 88 89 90 91 93 94 95 97 98 99
25 38 39 40 42 44 45 46 48 51 55 57 58 61 63 64 65 66 67 70 71 72 73 74 75 76 77 80 81 83 84 85 86 87 88 89 90 92 93 94 96 97 98 99 100
23 39 40 42 43 44 45 46 47 48 51 52 54 55 56 58 61 63 64 65 67 68 69 73 76 77 79 81 84 86 87 88 92 93 94 95 96 98 99 100
56 40 42 43 44 45 46 47 48 49 50 54 55 56 59 61 62 64 65 66 67 69 70 71 72 73 75 76 77 78 79 80 81 82 83 84 85 87 88 89 91 92 93 94 95 96 97 98 99 100
4 41 42 43 46 48 49 52 53 54 56 57 58 59 60 62 64 65 66 69 70 72 73 75 78 79 80 81 83 84 85 86 88 89 90 91 94 96 100
40 42 44 45 46 47 48 49 50 53 54 55 57 58 59 60 61 63 65 68 69 72 73 74 75 78 79 81 83 84 85 87 88 89 90 91 92 93 95 96 97 98 99
13 43 44 45 46 47 48 49 50 51 54 55 56 57 58 60 62 63 64 65 66 68 69 71 74 77 78 80 81 82 83 84 85 88 89 90 93 94 95 96 97 99
48 44 45 46 47 48 49 50 52 53 54 55 56 57 58 60 63 64 66 67 68 72 73 74 75 76 78 79 81 83 84 85 86 87 90 92 93 94 96 97 100
34 47 49 50 51 52 55 56 57 58 59 61 62 63 64 65 66 67 68 69 70 71 73 74 75 78 79 80 81 82 83 84 86 87 88 89 90 91 92 93 94 96 98 99 100
32 47 48 49 50 51 52 53 54 55 56 57 59 61 62 63 65 71 72 73 75 76 77 78 79 80 82 83 87 88 89 90 91 93 94 95 96 97 98 99 100
39 48 50 51 52 53 54 56 59 60 62 64 65 66 67 69 70 71 72 73 74 75 76 77 78 79 80 82 84 85 86 87 88 90 92 93 94 95 97 98 99 100
60 48 49 50 51 52 53 54 55 57 59 60 61 62 63 67 68 69 70 71 72 75 77 79 80 81 83 84 85 86 87 88 89 90 92 93 94 95 96 98 99 100
32 49 50 51 52 53 54 55 56 57 58 59 60 61 62 64 65 66 70 72 73 76 78 79 80 81 82 83 85 87 88 91 95 96 97 98
29 50 52 53 54 55 56 58 59 60 62 63 64 65 66 67 68 70 73 74 75 76 77 79 80 81 82 85 87 88 89 90 91 92 93 95 98 99 100
41 51 54 56 62 63 64 66 67 68 73 74 75 76 77 78 79 80 81 84 86 87 88 89 91 92 93 96 97 99
17 53 54 55 56 57 58 63 64 65 66 67 68 69 70 71 73 75 77 78 79 80 81 82 83 84 86 88 89 90 91 93 94 95 97 99 100
47 53 54 55 57 61 64 65 67 69 71 72 73 74 75 76 77 78 79 80 81 83 84 86 87 88 89 90 91 92 94 95 96 97 99 100
58 54 55 57 58 59 62 64 65 66 69 71 72 74 75 76 77 78 79 80 81 82 83 84 85 86 87 88 92 93 94 96 97 98 99 100
54 55 56 57 59 61 62 66 67 68 69 71 74 75 76 77 78 79 80 81 85 87 89 91 92 94 95 97 98 99 100
13 56 58 60 61 62 63 64 65 66 67 68 69 70 71 72 75 76 78 80 82 83 84 85 86 87 88 89 90 91 93 94 95 96 98 100
32 58 59 60 61 62 65 66 67 69 70 71 72 73 75 76 77 78 79 80 81 82 85 86 87 88 90 91 93 94 96 97 98 99 100
30 58 59 62 64 65 66 67 68 69 70 72 73 74 75 76 77 78 81 82 83 84 85 86 87 88 89 90 92 93 94 95 96 97 99 100
7 60 61 62 63 64 70 75 76 77 78 79 80 81 84 85 87 88 89 92 93 94 95 96 97 98 99
41 60 61 62 63 64 65 66 68 69 70 71 72 73 74 76 77 79 80 81 83 86 87 88 89 90 92 95 96 97 98 99 100
56 62 63 64 65 66 67 73 74 75 76 77 78 80 81 84 87 88 90 96 98 99 100
9 62 65 66 71 72 73 74 76 77 78 79 80 81 82 85 87 88 89 91 92 95 96 97 98
55 64 66 67 68 69 70 71 72 73 74 75 77 78 80 81 82 83 84 86 87 90 91 92 93 94 95 96 97 98 99 100
50 64 65 66 68 69 70 71 72 73 74 75 81 82 83 84 85 87 88 89 90 91 93 95 97 98 99 100
4 65 66 68 70 71 73 74 75 76 77 78 79 80 82 83 85 86 87 91 92 93 95 96 98 99 100
27 67 68 69 70 72 73 74 80 81 84 85 86 87 90 92 93 94 96 97 98 99 100
30 67 68 71 72 74 75 76 78 79 80 81 82 83 84 85 88 89 90 91 92 94 95 96 97 98 100
47 68 69 70 71 72 73 74 75 76 77 78 80 81 84 87 88 89 90 95 96 98 100
54 69 70 72 75 77 78 79 80 83 84 85 86 88 89 90 91 92 94 95 98 99 100
7 70 72 74 76 77 79 81 82 83 85 86 87 88 89 90 91 92 93 94 95 96 97 99 100
22 71 72 73 74 75 76 77 79 80 82 85 86 87 88 89 90 91 92 93 95 98 99 100
55 72 74 75 76 77 79 80 82 83 84 87 88 89 90 95 100
39 73 74 75 76 77 78 79 80 81 82 83 84 85 86 90 91 92 93 95 97 98 99
44 74 78 79 81 82 83 86 88 90 91 93 94 95 96 97 98
54 76 77 78 79 81 83 84 85 86 89 90 91 92 93 95 96 97 98 99 100
7 76 78 79 80 81 82 83 84 85 86 88 90 95 97 98 100
41 78 79 81 82 83 84 86 87 90 91 92 93 96 98 99 100
47 78 79 80 81 82 83 85 86 88 89 92 93 95 98 100
59 79 81 82 83 85 86 88 89 90 91 93 95 96 97 99 100
8 80 81 83 84 85 86 87 88 89 90 91 92 93 94 95 99 100
18 84 86 87 88 89 91 92 93 94 95 96 99
60 82 83 85 89 91 92 93 94 95 96 99
16 83 84 85 88 90 92 93 94 98 99 100
30 84 86 87 88 89 90 92 94 95 96 97 98 99
33 85 87 88 89 90 91 93 94 95 96 98 99 100
20 86 87 88 89 90 91 93 94 95 96 97 98 99 100
15 88 90 91 92 93 94 97 98 99 100
37 88 90 91 93 94 95 96 98 100
20 89 90 91 92 93 94 95 97 98 100
53 90 91 92 93 96 98 99
17 91 92 93 95 96 99 100
44 92 93 96 97 98 99 100
45 94 95 96 97 98 99
19 94 95 98 99 100
53 95 96 98 100
54 96 97 98
42 97 99
42 99 100
40 99 100
9 100
3
