200	5	1000	10
-4	142	50
-4	194	35
-1	187	44
-3	119	33
-5	121	38
179 2 4 8 9 10 11 13 15 16 18 20 21 22 23 24 25 26 28 30 32 34 36 37 38 40 41 42 43 44 45 46 47 48 50 51 52 53 54 56 57 60 61 63 65 66 68 70 71 74 75 76 77 79 80 81 82 83 84 87 88 89 90 91 92 93 95 96 98 100 101 102 103 104 105 106 108 110 111 113 115 118 120 121 123 124 126 127 128 129 133 134 135 136 137 139 141 143 146 149 150 152 154 155 157 158 160 162 163 165 166 169 174 175 176 180 182 183 184 185 186 187 188 189 190 191 192 193 194 195 198 199 200
187 3 4 5 6 8 9 10 12 13 14 15 16 17 18 19 20 21 22 23 24 27 28 29 30 31 32 33 34 35 39 43 45 46 47 51 52 53 55 56 57 58 59 61 62 64 65 66 67 68 69 70 71 72 74 76 78 79 80 83 85 86 87 88 89 90 91 92 93 94 95 96 97 98 101 102 103 104 108 110 111 112 113 114 117 118 120 121 122 125 126 127 130 131 132 133 135 136 137 138 140 145 148 150 151 152 156 157 158 159 160 161 163 164 165 166 170 172 173 174 175 176 179 181 182 183 184 185 187 189 191 192 193 194 197 199 200
170 4 5 7 8 9 10 11 12 13 15 16 18 19 20 21 23 25 26 27 28 31 33 34 36 37 38 39 40 41 42 43 44 45 46 47 49 50 51 54 55 57 58 59 61 62 63 65 66 67 68 69 70 71 72 73 74 75 76 77 78 79 81 84 85 86 87 88 89 90 93 94 95 97 100 101 102 106 107 110 111 112 113 115 116 118 119 120 121 122 124 127 129 130 131 132 133 135 136 137 140 141 142 143 144 145 146 147 148 149 151 153 154 155 159 160 161 162 165 167 168 169 170 172 176 178 180 185 186 187 188 189 190 191 192 193 194 195 196
111 6 7 11 12 14 18 19 22 25 26 27 28 29 32 33 34 35 36 37 38 39 40 43 44 45 46 47 48 50 51 53 54 57 60 65 68 69 70 71 72 73 75 76 77 78 79 80 81 82 84 85 86 87 88 89 90 91 92 93 94 95 97 99 100 101 102 103 104 107 108 110 113 114 115 116 119 120 121 122 124 125 126 127 128 129 131 132 133 134 135 136 137 138 143 144 145 146 147 148 153 154 155 157 158 159 162 163 164 165 166 167 169 171 174 176 177 180 182 183 184 185 186 187 190 192 193 194 195 198 199 200
178 6 7 8 10 12 14 15 16 17 18 19 20 21 22 23 24 25 26 27 28 31 32 33 34 35 36 37 39 40 42 43 44 46 48 50 51 52 53 54 55 56 57 58 59 60 62 63 64 65 66 67 68 69 70 71 73 74 77 78 79 81 82 83 85 86 88 89 90 91 92 93 95 96 97 98 99 100 103 104 105 107 108 109 110 112 113 114 115 116 117 118 119 120 121 122 123 124 126 127 128 129 130 131 132 133 136 137 138 139 141 142 143 144 145 146 147 148 149 150 151 152 156 157 159 161 163 164 165 166 167 168 170 171 172 174 175 176 178 179 180 181 182 183 184 185 186 187 189 193 194 195 197 198 199 200
124 7 10 11 12 13 14 15 16 17 18 19 20 21 23 24 27 28 29 30 31 33 34 35 37 38 39 42 44 45 47 48 49 52 54 55 56 57 58 60 62 64 65 66 68 69 70 71 72 73 74 75 76 77 78 83 84 85 89 91 92 93 94 96 97 98 101 102 103 104 105 107 108 109 110 111 113 114 115 117 118 119 120 121 123 124 126 127 128 129 130 133 134 135 137 138 139 140 142 143 144 145 146 148 149 151 152 153 154 156 157 159 160 161 162 163 164 165 166 167 168 170 171 172 173 175 176 178 179 180 181 183 184 185 186 188 189 190 193 194 197 199
110 8 9 10 11 12 14 16 17 18 19 21 22 23 25 26 28 29 30 31 32 33 37 38 39 40 41 42 43 44 45 46 47 49 50 51 54 55 56 58 59 61 62 63 64 65 66 67 68 69 72 73 74 75 76 77 79 80 81 82 85 86 90 92 93 95 96 97 98 99 100 101 102 105 106 107 108 109 110 111 112 113 116 117 118 120 122 123 124 125 127 128 129 130 132 134 135 138 141 144 145 146 148 149 150 151 152 153 154 155 157 158 159 160 161 163 164 165 167 169 170 172 173 174 175 176 177 178 179 180 181 183 186 187 188 191 193 194 195 197 200
170 10 11 12 13 14 15 16 18 19 20 21 23 24 25 26 27 31 33 34 39 40 41 42 45 46 47 50 51 52 53 54 56 58 60 61 62 63 64 65 66 67 68 69 71 72 74 75 76 77 78 79 82 83 84 85 86 87 89 91 93 95 96 97 99 100 102 103 104 105 108 109 111 113 114 115 117 118 119 121 122 123 125 126 128 130 131 132 133 136 137 138 139 141 142 143 144 148 150 151 152 155 156 157 159 161 163 164 165 167 169 170 173 174 175 176 180 181 183 184 185 186 187 190 192 193 194 195 196 197 198 199 200
176 10 11 12 14 15 16 17 18 19 20 23 24 26 27 28 30 31 33 35 36 40 41 43 44 45 47 48 49 52 53 54 55 56 57 58 60 61 62 63 64 65 66 67 68 69 70 71 72 74 75 79 80 81 82 83 84 87 88 89 91 92 93 95 97 99 100 101 102 104 105 108 109 110 111 112 113 114 115 116 117 118 119 120 121 122 123 126 127 129 131 132 134 136 138 140 141 142 146 147 151 152 153 154 156 157 158 160 161 162 163 165 166 167 168 170 173 176 178 179 180 181 183 184 186 187 188 191 192 193 195 196 197 198 200
178 13 14 17 18 20 22 23 24 26 27 29 30 31 33 34 37 38 39 40 41 42 43 45 46 47 51 52 53 54 55 58 62 64 65 66 69 71 72 73 74 75 78 79 80 81 82 83 85 86 87 88 90 91 92 93 94 95 96 100 101 103 106 107 108 109 110 112 114 116 117 118 119 120 121 124 127 128 129 131 134 135 137 138 140 141 142 143 144 146 148 149 150 151 153 154 155 157 158 159 160 161 162 163 164 165 167 168 169 171 172 174 175 176 177 178 179 180 181 182 183 184 185 186 187 188 189 190 191 192 193 195 197 198 199 200
111 13 14 16 19 22 23 25 28 30 31 32 35 36 37 38 40 41 42 44 45 46 48 49 50 51 55 56 57 59 61 62 64 65 66 68 70 71 72 73 74 77 78 79 81 82 84 85 87 88 89 91 93 94 97 98 99 102 103 106 107 108 109 110 113 114 115 117 118 119 120 121 122 123 124 125 126 127 129 130 131 132 134 135 136 137 139 140 141 142 143 144 146 148 150 151 152 153 155 156 158 160 161 162 164 165 167 169 172 174 175 176 177 179 180 181 182 187 189 192 193 194 195 196 197 199 200
110 13 16 18 19 20 21 22 24 26 27 28 30 32 33 34 36 37 38 39 40 41 42 45 46 47 49 51 53 54 55 56 59 60 62 64 67 68 70 71 72 74 75 76 78 80 81 82 83 84 85 86 87 89 90 91 93 94 95 96 99 100 102 103 104 105 106 108 110 112 115 117 119 120 121 123 126 128 130 131 133 134 136 137 138 139 140 141 142 143 146 150 151 152 153 154 155 156 157 158 159 160 161 162 163 165 166 167 168 169 170 171 175 176 177 178 181 182 184 186 187 188 189 190 191 193 195 196 197 198 199
162 14 15 16 17 18 19 20 21 22 24 25 30 31 32 33 35 36 37 38 39 42 43 45 46 48 49 50 51 52 54 55 58 59 60 61 62 63 64 65 68 70 72 73 75 77 79 80 81 83 85 86 89 90 91 93 94 95 96 97 98 100 101 102 103 104 105 106 107 108 110 113 114 115 117 119 120 121 123 124 125 129 130 131 132 133 138 139 140 141 143 146 147 148 151 152 153 154 156 157 159 161 162 164 165 167 173 175 178 179 183 185 188 189 192 194 195 196 197 199 200
200 15 17 19 21 22 23 24 26 27 28 29 30 31 32 33 34 35 36 37 38 40 41 42 43 45 49 50 54 57 58 59 60 62 63 64 65 66 67 68 70 71 74 75 76 77 78 79 80 81 82 84 86 87 89 91 93 94 95 96 97 99 100 101 102 103 106 108 111 112 113 117 118 119 120 121 122 123 125 126 127 128 130 131 132 134 135 136 137 139 141 143 146 147 148 149 150 151 153 154 155 156 157 158 159 161 162 163 164 165 167 168 169 171 174 176 177 179 180 181 182 183 185 186 187 194 195 197 199
103 17 19 20 22 23 24 25 29 32 33 34 35 36 37 40 41 42 43 44 45 46 47 48 49 50 52 53 54 56 57 58 59 60 61 63 64 65 66 67 68 69 71 73 74 75 76 77 78 79 81 82 83 84 85 86 89 92 93 94 95 96 97 99 101 102 103 104 105 106 107 108 109 110 111 112 113 114 115 116 117 118 120 121 124 126 128 129 130 131 132 136 138 139 140 142 143 144 145 146 149 151 153 156 159 160 163 164 166 168 169 170 171 172 175 176 177 179 180 182 184 185 186 188 189 190 191 192 194 196 198 199
181 17 18 19 21 22 23 26 27 32 33 35 36 37 38 39 40 42 43 45 51 52 53 55 58 60 61 62 64 66 68 71 79 80 81 82 84 85 87 89 91 92 93 94 95 96 99 100 101 102 103 104 105 106 107 108 109 111 112 113 116 118 119 122 124 125 126 129 132 133 137 138 140 141 142 143 145 146 148 149 150 151 152 153 154 155 157 158 159 160 161 162 164 165 166 167 168 169 170 171 172 173 174 175 177 178 180 181 183 184 186 187 188 189 191 192 194 195 196 197 199 200
177 19 20 21 25 27 28 29 30 31 32 33 34 35 36 37 41 44 45 47 48 51 52 53 54 55 57 59 60 61 62 64 65 66 68 69 70 71 73 75 76 77 78 79 80 81 83 86 88 90 91 94 95 97 99 100 101 102 103 104 105 106 107 108 109 110 112 113 114 115 116 121 123 124 125 127 129 132 134 136 138 139 140 141 144 145 147 150 152 153 154 158 159 160 161 162 164 165 166 167 168 171 175 176 177 178 179 181 185 187 188 189 190 191 192 196 197 199 200
124 19 21 23 25 26 27 28 30 31 32 33 34 35 36 39 40 41 43 44 48 49 51 53 54 55 56 58 59 60 61 62 63 64 66 68 72 73 75 76 77 78 79 80 81 83 84 85 87 88 90 92 93 94 95 96 97 98 99 100 101 103 104 105 106 107 108 109 111 112 113 114 115 117 118 119 120 121 123 124 125 128 130 131 132 133 134 135 139 141 143 144 146 147 150 151 154 155 156 157 158 160 161 162 164 167 168 170 171 172 175 176 178 179 182 183 184 186 187 188 189 190 195 196 198 199 200
161 21 22 23 24 25 28 29 30 35 36 41 42 43 45 46 47 48 50 54 56 57 60 61 63 65 67 68 69 70 71 72 73 74 75 77 78 79 80 83 84 85 86 87 88 89 90 91 93 94 95 97 99 100 101 102 103 105 106 107 108 109 110 113 114 116 118 119 120 121 123 127 128 129 130 131 132 133 136 138 139 141 142 143 144 145 146 147 149 150 152 153 154 155 156 157 158 159 160 161 162 163 165 167 168 169 170 171 172 173 174 175 176 177 178 179 180 181 182 183 185 186 187 190 191 193 194 195 197 198 199 200
186 21 22 24 25 26 27 29 30 31 32 33 34 35 37 39 40 41 43 44 46 47 48 49 50 52 53 57 58 60 61 65 69 70 73 74 75 77 78 80 84 85 87 88 89 91 92 93 94 95 97 98 99 100 101 102 103 104 105 106 108 109 112 114 115 116 118 120 121 122 123 124 125 126 128 129 131 134 135 137 139 140 141 143 145 146 147 149 150 151 153 154 155 156 157 158 159 162 163 164 166 167 168 170 171 173 174 175 176 177 178 179 180 182 183 185 186 187 188 189 192 193 195 196 198 199
169 22 23 24 27 28 29 33 35 37 39 40 41 42 43 46 47 48 49 50 52 53 54 55 56 57 59 60 61 62 63 64 65 66 67 70 71 72 73 74 76 78 80 81 82 84 86 87 88 89 92 93 94 95 96 97 98 99 100 104 108 110 112 113 115 117 119 120 121 122 125 126 129 130 131 132 133 135 136 140 142 143 144 145 146 147 148 149 150 151 153 154 155 156 157 158 159 161 162 163 165 166 167 168 169 172 173 174 175 176 177 178 179 180 181 182 187 188 190 191 192 194 197 198
133 23 24 25 26 27 29 30 31 32 34 35 36 37 41 42 43 47 49 50 51 52 54 55 56 59 60 61 63 68 70 72 73 74 75 76 77 78 79 80 83 84 85 86 87 88 89 90 94 95 96 98 99 100 101 102 103 104 105 106 108 109 111 112 113 114 115 116 117 119 121 123 125 127 128 129 131 132 134 135 136 137 138 139 140 141 142 143 144 145 146 148 149 150 154 155 156 159 160 161 164 166 169 170 172 173 175 176 177 178 179 181 182 183 185 186 187 189 190 191 192 193 194 195 196 198 199 200
128 24 25 27 28 29 30 33 34 35 36 37 40 42 43 44 46 47 48 49 51 52 53 54 57 58 59 60 63 64 65 67 68 69 72 74 75 76 77 79 80 81 82 83 84 85 91 92 93 94 95 96 97 99 104 105 106 107 108 109 111 112 114 115 116 118 119 120 121 123 124 125 126 127 129 132 133 134 135 136 137 139 140 141 142 143 144 145 147 148 150 152 154 155 156 157 158 159 161 162 165 166 167 168 169 172 174 175 177 179 182 183 184 185 186 187 188 189 190 191 192 193 195 197 199 200
182 26 27 29 31 32 33 34 35 36 37 39 41 44 45 46 48 50 51 52 53 54 57 58 59 62 63 65 66 67 68 69 70 71 72 73 75 76 79 80 81 82 83 84 86 87 88 91 94 96 97 99 101 103 104 105 106 110 111 112 113 114 116 117 119 120 121 122 123 125 126 127 128 129 130 131 133 134 136 137 138 140 142 143 144 147 151 152 153 154 155 158 159 163 164 165 166 167 168 169 172 173 174 178 179 180 181 182 183 184 185 186 188 190 191 192 195 197 198 199 200
164 26 30 31 33 34 37 38 40 41 42 44 46 47 48 49 52 53 55 56 57 58 59 60 61 62 63 64 65 66 67 69 71 73 74 75 76 77 78 81 83 84 85 89 90 91 92 93 94 95 96 97 98 100 102 103 106 107 109 113 114 115 116 118 119 120 124 127 128 129 130 131 133 134 135 136 137 138 139 140 141 143 144 145 147 149 150 151 152 153 154 155 156 157 159 160 161 162 163 164 165 166 167 168 169 171 172 173 174 176 177 179 180 181 182 184 185 186 187 188 189 190 191 192 194 195 196 197 198 199
200 28 29 30 32 33 34 35 36 37 40 41 44 45 48 50 51 52 54 55 57 58 59 61 62 65 66 67 68 69 70 71 72 73 74 75 77 79 80 82 85 87 89 90 91 92 93 94 96 97 98 99 101 103 104 105 106 114 115 118 119 120 122 123 124 125 126 128 129 130 131 132 134 135 139 140 141 143 144 145 146 147 148 149 150 151 152 153 154 155 157 160 161 162 163 164 165 167 168 169 170 171 172 173 174 176 177 179 180 182 183 184 186 187 188 190 192 193 194 195 198 199 200
158 29 30 32 33 34 35 36 40 41 42 43 44 45 48 50 51 55 59 62 63 64 65 66 67 69 70 71 72 73 74 75 77 78 80 82 85 86 87 88 91 93 94 95 96 97 98 100 102 103 105 106 107 108 112 113 114 115 116 118 122 124 125 127 128 129 132 133 134 135 136 137 138 139 140 141 142 143 144 145 146 147 148 149 150 152 153 157 158 159 160 161 162 163 164 165 166 168 169 170 171 172 173 174 175 176 178 179 180 181 182 186 187 188 189 190 191 192 193 194 195 197 198 200
142 31 32 34 35 38 39 41 43 44 46 47 48 51 53 54 55 56 58 59 61 62 64 67 68 69 70 71 72 73 74 75 76 77 78 81 82 84 86 87 88 90 91 92 93 94 95 96 97 99 100 101 104 106 107 108 110 111 112 114 116 117 118 119 120 121 122 123 124 125 127 129 130 132 133 134 135 136 137 138 139 140 141 142 143 144 145 146 147 148 149 150 151 152 153 154 155 156 158 159 160 161 162 165 167 168 170 171 173 174 175 176 177 178 180 181 182 183 184 186 189 190 191 192 193 194 195 196 197 198 200
169 30 32 33 36 37 39 41 42 43 45 46 47 48 49 50 52 53 55 56 57 58 61 63 64 65 67 68 69 70 75 76 77 79 80 81 82 83 88 89 90 91 93 94 95 96 97 98 101 106 107 109 110 111 112 113 115 116 118 119 120 124 125 128 129 130 131 133 136 137 141 142 144 145 146 149 150 151 152 153 155 156 157 158 161 162 163 164 165 167 168 169 170 171 172 175 176 178 180 181 182 183 185 186 187 188 189 191 192 193 194 196 197 198 199 200
100 31 32 33 34 36 38 39 41 42 45 46 48 49 50 52 53 54 55 56 58 59 62 64 65 67 69 70 71 72 73 75 76 79 80 81 82 83 84 85 86 87 88 89 90 91 92 93 94 95 96 100 105 106 107 108 112 114 115 116 117 119 120 121 122 123 124 125 127 128 129 130 132 133 134 135 136 137 139 140 141 142 145 146 148 149 151 155 157 159 161 162 163 164 165 167 168 169 170 171 174 176 177 178 179 181 182 183 184 186 190 191 192 193 194 195 196 197 198 199 200
151 32 33 34 36 37 38 40 41 42 43 44 45 46 48 49 50 51 52 55 56 58 59 62 64 66 68 69 70 71 72 73 74 75 77 78 79 80 81 85 87 88 91 93 94 95 99 100 101 102 103 104 106 107 110 111 117 119 122 124 127 128 130 131 132 133 135 137 140 142 143 145 146 147 149 151 153 154 157 158 159 160 164 165 166 167 168 169 170 171 172 173 174 175 176 177 178 180 181 189 191 192 193 198 200
121 33 34 35 36 37 38 39 40 41 42 43 45 47 48 49 51 57 58 59 62 63 65 66 68 71 72 76 77 78 82 84 87 88 89 91 93 94 96 97 98 99 101 102 105 106 107 108 109 111 112 116 117 118 119 121 122 123 124 125 126 127 129 130 131 132 133 135 136 137 138 139 140 141 142 143 144 145 146 147 148 149 150 151 153 155 157 158 159 160 161 163 166 167 168 170 171 174 175 177 178 179 182 184 185 186 187 188 192 193 194 196 199 200
104 34 35 38 39 41 43 44 46 47 48 49 50 51 52 56 57 58 59 60 64 66 67 68 69 70 71 73 74 77 78 80 83 84 85 86 88 90 91 92 93 94 95 96 98 100 101 102 103 106 107 108 111 112 113 115 116 117 118 119 120 121 122 123 124 126 127 129 132 134 136 139 143 144 146 148 149 150 151 152 153 154 156 157 158 159 160 161 162 164 165 167 168 169 170 171 174 175 176 177 178 179 180 181 184 185 187 188 189 191 192 193 194
153 35 36 37 38 40 41 43 44 46 47 49 52 53 54 55 56 57 58 60 61 62 63 65 66 67 68 69 71 72 73 76 77 78 79 80 81 82 84 85 86 88 89 90 91 93 94 95 96 97 98 99 100 101 102 104 105 106 107 109 111 112 113 114 115 116 119 120 122 123 124 125 126 127 128 129 130 133 134 135 136 137 138 139 141 144 145 146 148 149 150 151 155 156 157 158 159 162 163 167 168 169 170 172 173 174 175 176 177 178 181 182 183 184 185 186 187 189 190 193 195 196 197 198 199
192 37 41 42 43 45 46 47 48 49 50 51 54 55 56 57 58 59 61 63 64 66 68 69 70 71 72 73 74 75 76 77 78 80 81 86 87 88 89 90 91 92 94 95 96 99 100 101 102 104 105 106 107 108 111 112 113 114 115 116 117 118 119 122 123 124 125 126 131 134 135 137 138 139 140 143 144 145 146 147 148 149 150 151 152 153 154 155 156 158 160 161 162 164 165 166 167 168 169 170 171 172 173 174 175 176 177 178 179 181 182 183 185 186 188 189 190 191 192 196 198 200
127 37 38 39 41 42 43 44 46 47 48 49 50 51 54 55 56 57 63 64 65 66 68 69 70 71 72 73 74 76 77 78 79 80 81 82 83 84 85 87 88 89 92 93 95 96 98 100 101 102 105 106 107 108 112 113 114 115 116 117 118 120 121 122 124 126 127 128 129 131 132 133 134 135 136 139 143 144 145 147 148 149 150 151 153 154 155 156 158 160 161 164 166 168 169 170 172 173 174 175 177 180 181 183 185 186 189 190 192 194 195 196 198 199 200
191 38 39 40 41 43 44 45 46 47 52 54 55 56 62 63 64 65 68 69 70 71 72 73 74 75 76 78 79 80 81 83 84 86 87 88 89 90 92 93 94 95 96 97 98 99 100 101 104 109 110 115 116 118 119 120 121 122 123 124 125 127 128 129 131 132 133 134 135 136 137 139 140 141 142 143 144 145 146 147 148 150 153 154 155 156 157 158 160 161 164 166 168 169 170 171 172 173 174 175 178 180 182 183 184 185 186 187 189 190 192 194 195 198 200
186 39 41 43 44 47 48 49 51 53 54 55 56 57 59 61 64 65 66 67 69 70 71 77 78 79 80 81 82 83 84 86 87 88 89 91 92 93 94 95 96 98 101 102 103 105 106 107 108 110 111 114 116 118 119 120 122 123 124 125 126 128 130 131 132 133 134 135 136 137 139 140 141 142 143 144 145 146 147 149 150 151 154 156 157 159 160 161 163 164 165 166 167 168 169 170 171 172 174 175 176 177 178 179 181 182 184 185 186 188 191 192 193 194 195 197 198 199 200
124 40 42 43 45 46 47 48 51 52 53 54 55 56 58 59 61 62 63 64 65 67 69 70 71 74 75 77 78 79 81 83 85 86 89 91 92 94 95 98 101 102 103 105 109 110 112 113 114 115 119 121 123 125 126 127 128 129 131 132 133 137 138 139 140 141 142 143 144 145 147 148 149 150 152 154 156 157 158 159 164 165 166 168 171 172 173 174 175 179 180 181 182 185 186 187 188 190 193 195 196 197 199 200
177 41 42 43 46 50 51 53 54 55 56 58 60 62 63 64 66 67 68 69 70 71 73 74 75 76 77 79 80 81 82 83 84 85 86 87 89 90 92 94 95 96 97 98 99 101 102 103 104 105 107 110 111 112 113 114 116 117 118 120 121 122 123 124 125 126 127 129 130 132 133 134 135 136 137 139 140 141 142 143 144 146 148 149 151 154 155 156 157 158 159 160 161 162 163 164 165 166 167 168 171 172 173 174 177 179 181 182 185 186 187 189 190 192 193 194 195 196 197 199
102 42 44 47 50 52 55 57 58 59 62 63 65 72 73 77 78 79 80 81 83 85 87 91 92 93 94 96 97 99 101 102 103 105 107 108 109 110 111 113 114 115 116 117 118 120 122 124 125 126 127 128 129 133 134 135 136 138 140 141 142 144 145 146 148 149 152 154 155 157 158 159 160 161 163 165 166 167 168 169 172 173 174 176 177 178 179 184 185 187 189 190 191 193 195 197 198 199
132 44 45 46 47 49 53 54 55 56 60 62 63 64 65 66 67 68 69 73 75 76 78 79 80 81 82 83 84 85 87 88 89 92 93 94 95 97 98 102 103 104 105 107 109 110 111 117 118 120 121 122 123 124 125 126 127 128 134 135 136 137 139 140 142 143 145 146 148 150 151 152 153 155 156 157 158 159 161 162 163 164 165 166 167 168 169 170 173 174 176 178 180 181 182 183 184 186 187 188 191 192 193 194 195 196 198 199 200
105 44 47 50 51 52 54 56 57 58 59 60 61 62 64 67 69 70 71 73 74 75 77 79 80 81 82 84 85 89 91 92 93 94 95 96 97 100 101 105 107 108 110 111 112 114 116 117 118 119 120 121 122 126 128 129 130 131 133 135 137 139 140 142 143 145 146 147 148 149 151 152 153 154 156 157 159 160 161 162 163 164 166 168 169 172 174 176 177 178 179 182 185 187 190 191 192 193 194 195 196 198 199 200
126 46 47 48 49 51 52 53 54 56 57 58 59 60 61 62 63 66 67 68 70 72 74 77 80 84 85 86 87 88 90 91 92 93 95 96 97 98 99 100 103 104 105 106 109 110 111 112 113 114 115 117 119 120 121 123 124 125 127 129 130 133 134 135 136 137 138 140 141 142 144 145 146 147 148 149 150 151 153 154 155 156 157 158 160 161 162 163 164 166 167 168 173 176 177 178 179 184 185 190 192 194 195 199
117 46 47 49 50 52 53 54 55 57 59 61 62 63 64 65 67 69 70 72 73 74 75 77 78 80 81 82 85 86 87 88 89 90 91 92 93 95 96 97 98 99 101 102 103 104 105 107 109 111 113 114 115 116 117 118 121 124 125 126 127 128 130 131 132 133 134 135 136 138 142 143 144 145 146 147 150 151 152 153 155 156 157 158 159 160 163 164 165 167 168 173 175 176 177 179 180 181 182 183 184 185 186 188 189 191 192 193 194 195 197 198 199
143 47 48 49 50 51 53 54 55 57 58 59 60 61 62 63 64 68 70 72 73 74 75 76 78 80 81 82 83 85 86 89 92 93 94 95 96 97 98 99 101 102 103 104 106 108 109 110 111 112 113 114 116 117 118 119 122 124 125 126 129 130 131 132 133 134 135 136 137 138 139 140 142 143 144 145 146 147 149 150 151 152 153 155 156 157 159 160 161 162 163 164 167 171 172 173 175 176 177 179 180 181 182 184 187 188 189 194 195 196 197 199
134 52 53 54 55 56 57 58 60 61 64 66 67 68 69 70 71 72 73 74 75 76 77 78 81 82 83 84 85 87 88 89 91 92 93 96 97 98 99 101 103 104 105 107 108 109 110 113 114 118 119 120 121 123 124 129 130 131 132 133 135 136 138 140 141 143 144 147 148 150 151 152 153 154 159 161 162 165 167 169 171 172 173 174 176 177 179 180 181 182 183 184 185 189 190 191 192 193 194 196 198 199 200
138 49 50 52 54 55 56 57 58 59 60 61 63 64 65 66 67 69 70 71 72 73 74 77 78 80 81 82 84 85 86 87 88 89 93 94 96 97 98 99 100 101 102 104 105 106 107 110 111 112 114 117 118 120 124 125 126 127 129 130 132 134 136 137 138 140 142 143 145 146 148 150 151 152 154 155 156 157 158 159 160 161 162 163 164 166 167 168 170 171 172 173 174 176 178 179 180 181 183 185 187 188 189 192 194 195 198 199 200
112 51 52 54 55 59 61 62 64 67 70 71 72 73 74 75 76 78 79 83 84 88 89 90 92 94 96 98 99 100 101 104 105 106 107 108 109 111 112 113 114 115 116 117 118 119 121 122 124 126 127 128 129 130 131 133 134 135 136 137 139 140 141 143 144 145 146 147 148 149 150 152 154 156 158 159 160 161 162 163 164 165 166 168 169 170 171 172 173 175 176 177 178 179 180 182 183 184 185 186 187 188 192 193 194 195 196 197 199 200
138 51 52 53 54 55 56 58 60 63 65 68 70 71 73 74 75 76 78 79 80 84 89 90 91 92 93 94 95 96 97 100 101 102 103 105 106 107 108 110 111 112 113 115 116 117 118 121 122 123 124 126 128 129 131 132 134 135 136 139 141 142 143 145 146 147 148 151 152 153 154 155 156 158 159 163 165 166 168 169 170 171 172 173 174 176 177 179 181 183 187 188 189 190 191 192 193 194 195 198 200
164 52 53 54 55 56 57 59 60 61 62 64 67 68 69 70 71 73 76 77 79 80 81 82 83 84 85 86 87 89 90 92 93 94 95 96 98 99 100 101 102 104 105 106 107 108 109 110 114 115 117 121 122 123 124 128 130 131 133 134 136 137 138 139 140 141 142 144 145 146 149 152 153 154 155 156 159 160 162 163 164 165 166 167 168 169 170 171 174 175 177 180 181 182 183 184 185 186 187 188 189 190 191 193 194 195 197 199
136 53 54 56 57 58 59 60 61 62 63 64 65 66 67 69 70 71 72 73 74 76 78 79 80 82 84 85 86 87 89 90 91 92 93 94 96 99 102 103 105 106 107 108 109 111 112 114 115 116 118 119 120 121 122 123 127 128 131 132 135 137 138 139 140 141 145 146 147 148 149 150 154 155 156 157 158 159 160 162 163 164 165 168 169 170 171 172 173 174 175 176 177 180 181 182 183 185 186 188 191 192 193 194 196 197 198 199 200
196 54 55 59 60 61 62 63 64 70 71 73 74 75 78 80 82 83 84 85 86 87 91 92 93 94 95 96 97 98 99 101 104 105 106 107 108 109 110 113 114 115 116 117 118 119 120 121 123 124 127 130 132 133 134 135 136 139 140 142 145 146 147 151 152 153 156 158 159 161 162 163 165 166 167 170 171 173 174 175 176 177 178 179 181 182 183 186 187 188 189 191 192 194 195 196 197 198 199 200
170 56 58 59 62 64 65 66 67 71 72 76 81 82 83 84 85 86 88 89 90 91 92 93 94 95 97 98 99 101 104 105 106 108 110 111 112 113 115 116 117 119 120 121 122 123 124 125 126 132 134 137 139 140 141 142 146 147 148 149 150 151 152 153 154 156 158 159 160 163 167 168 169 170 171 174 176 178 179 180 181 184 185 186 188 189 190 192 193 194 196 198 199 200
193 58 59 60 61 62 63 65 67 68 69 70 71 73 75 76 77 78 79 81 82 83 84 85 86 87 88 89 90 92 93 94 95 98 99 100 102 104 105 106 107 109 110 111 112 114 115 117 118 119 122 123 125 126 127 128 129 130 132 133 135 136 139 140 141 143 144 146 147 149 151 152 153 154 155 156 159 160 161 162 163 165 166 167 168 171 172 174 176 178 179 181 183 184 185 187 188 189 190 192 193 194 196 200
118 57 58 59 60 61 62 63 66 67 71 72 74 75 76 77 79 80 81 82 83 84 85 87 88 89 90 92 93 94 96 98 99 101 103 104 106 107 109 112 113 115 116 117 118 119 120 122 124 125 126 127 128 129 130 132 133 135 136 139 140 142 144 145 146 148 149 150 151 152 153 154 155 156 157 158 160 162 163 165 166 167 168 169 171 173 174 175 176 177 178 180 181 183 184 185 186 187 188 189 190 191 192 193 194 195 196 197 199 200
177 59 60 61 62 63 65 66 67 68 71 72 73 74 75 76 77 78 80 81 84 85 87 88 89 91 93 94 96 98 99 100 101 102 104 105 106 109 112 114 115 116 117 118 119 120 122 123 124 128 129 130 131 132 134 135 136 137 138 139 141 142 144 145 146 147 150 151 152 153 154 155 156 157 158 159 161 162 164 165 166 167 170 171 172 173 174 175 179 181 183 185 187 190 191 193 196 197 200
123 59 60 61 62 63 64 65 66 67 68 69 70 71 72 73 75 81 82 83 84 85 86 87 88 90 91 94 95 96 97 98 99 100 101 103 104 105 106 107 108 109 111 112 113 114 115 117 118 119 121 122 124 125 126 127 128 129 130 133 135 136 138 139 141 142 143 145 147 148 149 151 152 153 156 157 158 159 160 162 164 169 170 172 173 174 175 177 179 180 182 185 186 187 188 189 190 192 193 194 195 196 198 200
119 61 62 63 64 65 66 67 68 70 72 73 77 79 81 82 84 85 86 87 88 89 91 92 93 94 95 96 97 98 99 101 102 103 104 105 107 108 109 110 112 114 115 116 118 120 121 122 123 124 125 127 128 129 130 131 132 135 137 138 140 141 142 143 145 146 147 148 149 150 152 154 155 156 157 158 159 160 161 163 164 165 166 167 168 170 172 173 175 176 177 178 179 181 182 183 185 187 188 191 192 196 197 198 199
186 61 63 66 67 68 70 72 74 76 77 79 80 82 83 84 85 86 87 90 91 92 93 94 95 96 97 98 101 102 104 105 106 107 110 111 113 114 116 117 118 119 120 121 129 131 132 135 136 140 141 142 144 146 147 149 150 152 153 154 155 158 164 165 166 170 171 172 175 176 177 178 179 180 183 184 186 188 189 190 191 193 197 198 199 200
102 63 64 65 66 67 69 70 71 72 74 75 76 77 78 79 80 84 85 86 87 88 89 90 91 92 93 94 97 98 99 100 102 103 104 105 106 107 110 111 112 113 115 117 118 119 121 122 123 124 125 126 128 130 131 132 133 135 136 137 139 142 143 144 146 147 148 149 150 152 153 155 156 157 158 159 160 162 163 164 169 170 172 173 175 177 180 182 183 184 188 190 191 193 196 197 198 199 200
147 63 64 65 66 67 68 69 70 71 72 73 74 76 80 81 82 84 85 87 88 89 92 93 95 96 97 98 100 102 103 104 105 106 107 108 110 111 112 113 114 116 117 120 121 122 123 124 126 128 129 132 133 134 135 136 137 139 140 141 142 144 145 146 147 150 153 154 155 156 157 158 159 160 161 162 163 164 165 166 167 168 172 174 175 176 177 178 179 180 182 183 184 185 186 187 188 189 191 193 194 196 197 198 199 200
142 64 65 66 68 69 72 73 75 77 78 80 83 84 85 88 89 90 91 92 93 94 96 97 98 99 102 103 104 105 106 109 112 113 116 118 122 123 125 126 127 128 130 131 132 133 134 135 136 137 138 139 140 143 144 145 146 147 150 151 153 154 155 156 157 158 160 161 163 165 166 167 168 170 171 173 175 176 177 179 180 181 183 184 185 187 189 191 193 194 196 197 198 199 200
189 65 66 68 69 70 71 72 74 75 77 78 79 80 83 84 85 86 87 90 93 95 96 97 98 99 100 101 102 104 105 107 109 110 111 112 113 114 115 116 117 118 120 123 124 125 126 127 129 130 131 133 134 136 138 139 140 142 143 144 146 147 149 150 151 153 154 155 156 158 160 161 162 164 166 167 168 170 172 173 175 176 177 178 179 181 182 184 185 186 188 191 192 193 194 196 198 199 200
105 66 68 69 70 71 72 73 75 80 82 84 85 87 89 90 91 92 93 94 96 97 98 99 101 102 104 105 106 108 110 111 112 113 114 117 118 119 121 123 124 126 127 128 129 131 132 133 134 135 136 137 139 140 142 143 144 146 148 153 154 156 157 158 159 162 163 165 166 167 169 172 174 175 183 184 185 187 188 190 191 192 193 194 196 197 199 200
177 67 69 70 73 75 76 78 79 81 82 83 84 85 87 89 90 91 93 94 97 98 100 101 102 103 106 107 108 109 111 113 114 115 116 117 118 119 120 121 124 125 126 127 128 129 132 133 134 136 137 138 140 141 142 143 144 145 146 147 148 149 150 154 155 156 157 159 161 164 165 167 170 175 176 177 178 179 181 184 185 186 188 189 191 192 194 196 197 200
191 68 69 70 75 76 77 78 79 80 81 83 84 85 86 87 89 91 92 93 94 95 96 97 98 99 100 102 104 105 106 109 110 111 112 114 116 117 118 119 120 121 123 124 125 126 127 129 131 132 133 134 139 141 142 143 144 145 146 147 148 149 150 151 152 153 154 155 156 157 158 159 160 161 163 165 166 169 170 171 172 173 174 175 178 180 181 182 183 184 185 187 188 189 190 191 192 194 195 197 198 199
193 71 73 74 76 78 79 80 82 85 89 90 91 92 93 95 96 97 98 100 101 104 105 106 107 108 109 111 113 114 116 119 120 122 124 125 126 127 128 129 130 131 133 134 135 136 138 139 141 142 144 145 146 147 148 150 151 152 156 157 160 161 162 163 164 166 167 169 170 171 172 173 174 177 178 180 181 182 183 184 185 187 188 190 191 192 193 195 196 198 199 200
189 70 72 76 77 78 79 80 81 85 86 87 88 91 92 93 95 96 97 100 103 105 107 108 112 114 115 116 117 119 122 123 124 126 129 130 131 132 134 135 136 137 138 139 140 141 144 145 146 147 151 152 153 154 155 156 158 160 162 163 164 165 167 168 169 171 172 173 174 175 178 179 180 182 183 184 185 190 191 192 197 198 199 200
198 71 72 73 74 76 78 79 80 81 82 83 84 88 89 90 91 93 94 95 97 98 99 100 101 102 103 104 106 107 108 109 110 111 112 113 114 116 117 118 119 120 121 122 123 124 125 126 127 128 129 130 131 133 134 135 136 137 138 139 140 141 143 144 146 147 148 149 152 153 154 155 156 157 158 159 160 161 162 163 164 167 168 169 170 172 175 176 177 178 180 181 182 183 184 185 188 190 194 197 199 200
120 73 74 75 76 77 78 79 80 81 82 83 84 85 86 88 90 91 92 93 94 97 98 99 100 101 103 104 106 107 108 110 111 112 114 115 117 120 122 124 125 127 129 130 131 132 134 135 139 140 141 143 144 145 147 149 150 152 153 155 157 158 159 161 162 164 166 167 169 170 171 172 174 175 176 177 178 179 180 181 183 184 185 187 188 192 194 195 197 200
101 73 74 75 76 77 78 79 80 81 82 85 86 87 88 91 92 95 96 98 99 102 104 105 106 108 109 111 113 115 116 118 120 121 122 124 126 127 128 129 130 132 133 134 135 137 139 140 141 142 145 146 147 150 152 160 161 162 163 165 166 170 172 173 174 175 176 179 180 181 182 183 184 185 186 187 189 191 192 193 196 198 199 200
197 74 75 77 78 79 81 82 85 86 87 88 89 90 91 92 93 95 100 101 103 105 106 108 109 110 111 112 113 115 116 118 119 120 121 122 124 125 126 127 130 131 132 133 134 135 136 137 138 139 140 141 142 143 144 145 146 147 151 152 153 156 157 158 160 162 163 164 165 166 167 168 169 172 173 175 177 178 179 180 183 184 185 186 189 190 191 193 194 196 198 199 200
128 76 77 78 80 81 84 85 88 89 90 91 92 93 96 97 98 99 100 102 103 104 105 106 107 110 115 116 117 119 120 122 123 124 125 126 127 128 129 130 131 132 134 135 136 138 139 140 141 142 143 144 145 146 148 149 150 151 152 154 155 156 157 159 160 161 162 163 164 165 167 169 170 174 175 176 179 181 182 184 185 186 187 188 189 190 191 193 194 195 196 197 199 200
157 76 78 80 83 84 85 86 87 88 89 90 92 94 95 97 98 99 100 101 102 103 104 106 107 108 109 110 111 113 114 115 118 120 121 122 123 124 127 128 130 131 132 133 134 137 138 139 140 141 143 144 145 147 148 149 150 152 153 155 156 157 162 163 164 165 166 167 169 172 175 176 177 178 179 180 181 183 184 185 187 188 189 190 191 192 195 197
170 77 78 81 82 83 84 85 87 89 90 91 92 93 94 96 98 99 100 102 103 105 106 107 108 109 110 112 113 114 115 116 117 119 121 122 124 126 127 131 133 135 137 138 139 140 141 142 143 144 146 147 149 150 151 154 155 156 158 160 163 165 166 168 170 172 173 175 176 177 179 180 182 183 184 186 189 190 192 195 197 200
101 78 79 80 81 83 86 87 88 90 91 92 93 94 97 98 99 101 102 103 105 106 107 108 109 110 111 112 113 117 118 119 121 122 123 124 126 127 129 130 131 132 133 134 136 137 138 141 142 144 147 149 154 157 158 163 164 168 171 175 176 177 180 181 183 184 185 190 191 192 194 195 197 198 200
138 81 82 83 84 85 86 87 91 92 94 97 99 100 101 102 103 104 106 107 110 111 112 114 116 117 118 119 121 123 124 128 131 133 134 135 136 137 138 139 140 141 144 145 148 151 152 153 155 157 158 159 161 162 163 166 167 168 169 170 172 173 174 175 176 180 181 182 185 190 192 193 194 196 197 198 200
112 80 81 82 83 84 85 86 87 89 90 91 92 93 94 95 98 100 101 102 103 104 105 109 111 112 113 114 116 117 118 121 123 124 125 126 127 128 132 133 136 137 138 140 141 142 143 145 146 147 148 149 150 152 153 154 155 156 157 158 159 160 161 162 163 165 166 167 168 170 171 172 175 178 180 181 182 183 184 186 187 189 191 192 193 194 195 196 197 198 199 200
183 81 82 83 84 86 87 88 89 90 91 92 93 94 96 97 102 103 104 105 106 107 109 111 113 116 118 119 122 124 130 131 132 133 136 137 139 140 141 142 143 144 145 146 147 148 150 152 153 154 155 156 158 159 160 162 163 165 166 167 168 169 170 171 172 173 174 175 176 177 178 179 181 182 183 184 186 187 188 189 190 191 192 193 194 195 197 198 199
135 83 84 86 87 89 90 91 94 95 96 97 99 101 102 103 104 106 107 108 110 113 115 116 118 119 120 121 122 123 124 125 126 127 128 129 131 132 134 135 138 139 140 142 143 144 145 146 147 148 149 150 152 153 154 156 159 162 163 165 166 167 168 171 174 175 176 177 178 180 182 183 186 187 188 189 190 191 192 193 194 195 196 197 198 199
148 83 85 86 87 88 89 90 92 95 96 98 99 100 101 103 104 107 108 109 110 111 112 114 116 117 118 119 120 122 124 125 128 131 132 133 135 137 138 139 141 143 145 148 149 151 152 154 155 156 158 159 160 161 162 163 164 165 166 169 171 173 174 175 176 177 178 179 183 186 187 188 189 192 193 195 196 197 198 200
134 84 86 87 90 91 95 97 98 99 100 104 105 106 108 110 111 112 114 117 119 120 121 123 124 125 127 130 132 134 135 137 139 140 141 143 146 147 148 150 152 154 155 156 157 158 159 160 161 162 163 165 166 167 168 169 170 171 172 173 174 175 176 179 180 181 182 183 185 187 188 190 192 193 194 197 199
119 85 86 87 89 90 91 94 97 98 99 100 101 102 104 105 106 107 109 111 112 113 114 115 117 121 123 124 125 126 127 128 129 130 131 132 134 135 140 141 142 143 144 145 148 149 154 155 158 159 161 163 164 165 166 168 169 170 171 172 173 175 176 179 181 183 184 185 186 188 189 191 192 197 198 199 200
106 87 88 89 91 93 96 97 98 99 100 101 102 108 109 111 113 114 115 116 119 120 121 122 123 125 126 127 128 129 130 131 132 134 135 136 137 140 141 142 143 146 148 149 150 151 152 154 155 156 158 159 160 161 162 165 166 167 168 170 171 172 173 174 177 178 179 182 184 186 187 188 189 191 193 194 195 196 198 200
161 87 88 90 91 92 93 94 95 96 97 98 99 100 101 103 104 105 106 107 109 111 112 113 114 117 118 120 121 122 125 127 128 130 131 132 133 134 136 138 139 140 141 142 143 144 146 147 148 149 151 152 153 154 155 156 158 159 161 162 164 166 167 169 170 171 172 173 174 175 176 177 179 180 181 182 183 187 188 190 191 192 193 194 195 196 197 198 199
174 89 90 91 92 93 95 96 97 98 101 102 104 106 107 108 110 113 114 116 117 118 119 120 123 124 126 127 128 130 132 133 134 135 137 141 142 144 145 147 148 149 150 153 154 155 157 158 159 160 161 162 163 164 165 166 167 168 169 170 171 172 174 176 177 178 179 181 183 184 187 188 189 190 191 192 194 195 198 199 200
168 89 91 92 93 95 97 98 101 104 105 106 107 108 109 114 116 118 119 124 125 128 129 130 133 135 136 137 138 139 140 141 142 143 144 145 146 147 148 149 150 151 153 154 156 158 159 160 161 162 164 165 166 167 168 169 170 171 172 176 178 179 180 182 184 185 188 190 191 194 195 196 198 199 200
112 91 92 94 96 97 99 100 101 102 103 104 105 106 107 108 110 111 112 113 114 115 116 117 119 120 121 122 123 124 125 129 130 131 133 135 136 137 139 142 143 144 145 146 148 149 151 152 153 154 155 156 158 159 160 161 164 165 166 167 169 170 171 172 173 174 175 176 178 180 182 183 184 185 186 187 188 189 190 191 192 196 197 198 199 200
160 91 92 93 94 95 96 98 99 100 103 105 106 107 109 110 111 112 114 115 118 119 120 122 123 127 128 129 130 131 132 133 134 135 138 139 140 141 143 144 146 147 148 152 153 155 156 157 158 160 161 162 163 164 165 166 167 168 169 170 171 172 173 175 176 177 178 180 181 183 184 186 187 188 189 190 193 194 195 196 197 198
155 93 94 95 96 98 99 100 102 103 104 105 106 107 109 110 111 112 113 114 115 117 119 120 121 122 123 124 129 130 132 134 135 136 137 138 139 140 141 142 143 144 145 147 148 149 150 151 152 153 155 156 158 159 160 161 162 163 164 165 166 168 171 173 175 177 178 179 180 181 184 185 186 190 191 192 193 194 195 197 200
178 93 94 95 96 97 98 99 101 103 105 106 107 108 109 113 117 118 120 121 124 126 127 128 129 131 132 136 137 138 139 142 144 145 147 149 150 152 154 155 156 157 158 160 162 163 165 167 168 169 170 171 172 173 174 177 178 179 180 181 182 183 184 185 186 187 189 190 192 193 194 195 196 197 198 199
190 95 97 98 99 100 101 102 104 105 106 107 109 113 115 116 118 119 120 122 123 124 127 129 130 132 134 135 136 137 138 139 140 141 142 143 144 145 147 149 150 151 153 158 161 162 163 164 165 166 168 170 171 172 173 175 176 177 178 179 181 182 183 185 186 188 189 190 191 192 193 194 195 196 197 200
165 95 97 98 100 101 103 104 105 110 112 113 114 115 116 118 120 122 123 124 125 126 127 128 129 131 134 135 136 137 138 139 141 142 143 144 146 148 149 150 151 153 154 155 156 157 158 160 162 165 166 167 168 169 170 171 173 174 175 177 179 180 181 182 183 184 187 188 190 191 192 193 194 195 196 198 199 200
170 96 97 98 99 100 101 102 103 104 105 107 108 109 110 111 112 113 114 115 117 120 122 123 124 125 126 128 129 131 132 133 134 135 137 140 141 143 144 145 146 147 150 151 152 153 155 156 158 159 160 161 165 167 168 169 170 171 172 173 174 175 177 180 182 183 184 185 186 187 188 189 191 192 193 194 195 196 199 200
190 98 99 100 101 103 104 105 106 107 108 109 110 111 112 114 116 117 118 119 120 122 123 124 126 127 129 130 131 135 136 138 139 144 145 147 148 149 150 151 152 155 156 158 159 160 161 165 166 167 169 171 173 174 176 177 178 179 180 181 182 183 184 185 186 187 188 189 190 191 193 194 196 198 199 200
169 99 102 105 106 110 112 113 114 115 116 118 119 120 121 127 129 130 131 132 134 136 137 138 139 140 143 144 145 146 147 149 150 151 152 154 155 157 158 159 160 161 162 163 164 166 168 169 170 172 173 174 175 176 177 179 180 182 183 184 185 187 188 189 190 191 192 194 195 197 198 200
156 99 100 101 102 103 104 105 108 109 110 111 112 113 114 117 118 119 122 123 124 125 126 127 128 129 130 131 132 133 134 136 139 141 142 144 146 147 148 149 150 151 152 153 154 155 156 158 159 160 161 162 164 165 166 167 168 169 170 171 172 173 174 175 176 178 179 181 183 184 185 187 188 190 192 193 194 195 196 197 198 199 200
123 104 105 107 108 109 110 111 113 114 116 119 120 121 122 124 125 127 128 130 131 132 133 135 137 138 139 140 141 142 143 145 146 147 148 149 150 152 153 154 155 156 157 158 160 162 163 164 165 166 167 169 170 171 172 173 174 175 177 179 180 181 183 184 187 189 190 191 192 193 194 195 196 198 199 200
160 101 102 103 104 105 106 107 108 109 110 112 114 115 116 117 122 123 125 126 128 129 131 132 135 136 137 139 140 142 143 144 145 146 147 148 150 151 152 153 154 155 156 157 158 159 160 161 162 164 167 168 171 172 173 175 176 180 181 182 183 184 185 186 187 189 190 192 193 194 195 199 200
110 102 104 107 108 110 111 112 113 114 115 117 118 119 120 121 123 124 125 126 127 128 129 130 132 133 134 136 137 140 141 142 143 145 146 147 148 149 150 151 152 153 155 156 157 158 160 161 162 164 165 166 167 168 169 170 171 172 176 177 179 180 181 183 184 185 187 188 190 192 194 195 197 198 199 200
178 104 105 106 108 109 110 111 114 115 117 118 120 121 122 123 124 125 126 128 129 130 132 135 136 138 139 140 141 142 144 146 149 150 151 153 156 157 158 162 164 165 166 167 168 169 170 171 174 175 177 181 182 183 184 187 188 189 190 191 194 200
124 104 105 106 107 109 110 111 112 113 114 119 120 121 123 124 125 126 127 128 129 131 132 134 135 136 137 138 139 140 142 145 146 148 149 150 152 153 154 157 158 159 161 162 164 166 168 169 170 172 174 175 176 177 178 179 180 181 182 184 186 187 188 191 193 195 196 199
114 105 107 110 111 112 113 116 118 119 120 121 122 124 127 128 129 130 131 132 133 134 135 136 137 138 139 140 142 143 144 145 146 147 148 149 150 151 154 155 156 157 159 160 161 162 166 167 168 169 171 172 173 174 177 179 180 182 183 185 187 188 189 190 192 195 196 197 199 200
114 107 108 109 110 111 112 113 114 115 117 118 119 121 122 124 125 126 127 129 133 134 135 136 138 140 141 142 143 144 146 147 149 150 152 153 154 155 158 159 161 164 166 168 169 170 171 172 173 175 177 178 179 180 181 183 184 185 188 189 190 191 192 193 195 197 199
144 108 109 111 112 115 117 118 119 120 121 122 126 127 128 129 130 131 133 135 136 137 138 140 142 143 144 146 147 148 151 153 154 156 158 160 161 162 163 164 165 166 167 168 169 171 174 175 176 178 179 181 183 184 185 186 187 188 189 191 193 195 196 198 200
145 108 110 112 113 114 115 116 118 120 125 126 128 129 130 131 132 133 135 137 138 141 142 143 144 145 146 148 149 150 151 152 154 155 156 158 160 161 162 163 164 165 167 168 169 170 171 172 173 174 175 178 179 182 183 184 185 186 187 188 190 191 192 194 197 198 199 200
167 110 113 114 116 118 119 120 121 123 125 126 128 129 131 132 133 134 135 136 137 138 139 141 143 145 146 147 149 150 151 152 153 155 156 157 158 159 160 161 165 166 168 169 172 174 176 178 179 180 181 182 184 186 187 188 189 190 191 192 193 194 195 196 199
115 110 111 112 115 118 119 120 121 123 124 125 127 130 132 133 134 135 136 138 141 143 145 146 147 148 149 150 151 152 153 155 156 157 158 159 161 162 163 164 165 166 167 168 170 171 172 175 177 178 180 181 182 183 184 185 187 188 190 191 192 193 194 196 197 198
149 111 112 113 114 117 118 119 120 123 124 125 126 127 128 129 130 132 133 134 135 136 137 138 140 141 144 145 148 149 150 151 152 153 154 155 156 158 161 163 165 167 168 169 170 171 172 173 174 176 178 179 180 181 182 183 184 185 186 187 188 189 190 191 192 193 194 195 196 197 198 199 200
119 112 113 114 116 118 119 121 122 123 124 125 126 127 128 129 130 131 132 133 134 135 136 137 138 140 142 146 147 148 149 150 154 155 156 157 158 160 161 162 163 164 165 166 167 168 169 172 173 174 175 176 177 178 180 183 184 185 186 187 189 190 191 192 195 196 197 199 200
117 113 114 115 116 117 118 119 120 121 122 123 125 126 127 128 129 130 131 132 134 135 136 139 140 142 143 145 148 151 152 153 154 155 156 157 158 159 160 161 162 163 164 165 166 167 170 171 173 174 176 177 178 179 180 181 182 183 184 185 186 187 188 191 192 193 194 195 196 197 198
175 114 116 117 118 119 120 121 122 123 124 126 127 128 130 132 133 134 136 137 138 139 140 141 142 143 144 145 146 147 148 149 150 151 152 153 154 155 156 157 158 160 161 162 163 165 166 167 168 171 172 173 174 176 177 178 179 180 181 182 183 185 186 187 188 189 190 191 192 194 195 196 197 198 199 200
149 115 117 118 121 122 123 124 126 128 129 130 132 133 136 137 138 139 140 141 142 143 145 146 148 149 151 152 154 155 156 157 158 159 160 161 162 163 164 165 166 167 170 171 173 175 177 178 181 182 183 185 186 187 188 189 190 191 192 193 194 196 197 198 200
120 117 118 119 121 122 123 128 129 130 133 134 135 136 137 138 139 141 143 144 146 148 149 150 151 152 153 154 155 156 157 158 160 161 164 165 167 170 171 172 173 174 175 176 177 178 179 180 182 184 185 186 187 189 191 193 194 195 197 199 200
189 117 120 121 122 123 125 126 127 128 129 131 133 134 135 136 137 138 139 141 142 145 146 147 149 151 152 153 154 156 157 160 162 163 164 165 166 167 168 169 170 171 172 173 174 175 176 177 178 179 184 185 186 190 191 193 194 195 196 198 199 200
159 119 122 123 125 126 127 129 130 131 132 134 137 139 140 143 144 146 148 149 153 154 158 159 160 161 163 164 165 167 168 169 170 174 176 177 180 181 183 184 186 187 190 191 192 193 194 197 198 199
188 119 120 121 122 123 124 125 126 127 128 129 130 132 134 135 137 138 139 141 143 144 146 147 148 151 152 153 154 155 157 159 161 162 164 165 166 167 168 169 171 172 175 176 178 179 181 182 183 184 185 186 187 188 190 191 195 196 198 199 200
157 120 124 125 126 127 130 132 133 134 135 137 138 140 141 143 144 145 146 147 148 149 150 154 155 157 158 160 162 163 165 166 167 168 173 175 177 178 179 180 181 182 183 184 185 187 188 190 193 195 196 197 199 200
114 121 122 123 125 126 127 128 129 131 132 134 135 136 140 142 146 148 150 151 153 155 156 157 159 160 161 162 163 164 165 166 167 169 170 171 172 174 175 178 179 180 181 182 183 184 185 186 187 189 190 192 193 194 195 196 197 198 199
171 122 124 126 127 129 130 131 132 133 136 137 138 139 140 142 143 144 147 148 149 150 152 154 155 156 157 161 163 164 165 167 169 171 172 175 177 178 180 181 182 183 184 185 186 188 190 191 192 193 194 195 196 197 198 199 200
146 123 124 126 127 129 131 132 135 136 137 139 140 142 144 145 146 150 151 154 155 156 157 158 159 160 162 164 166 167 169 170 173 174 175 176 178 179 181 182 183 184 186 187 188 189 190 191 192 193 196 197 198
143 124 125 126 128 130 133 134 135 136 137 139 142 146 147 149 150 152 153 154 155 157 159 160 162 163 165 167 168 170 174 175 176 177 178 179 180 181 183 184 185 186 187 188 189 191 192 194 196 197 198 199
191 125 127 128 129 131 132 134 135 136 137 141 143 145 147 149 150 151 152 153 154 155 156 157 159 161 163 164 165 166 170 171 172 173 174 175 176 177 179 180 181 182 183 184 185 186 187 188 191 192 193 194 195 196 198 200
150 126 129 130 133 135 136 137 140 141 142 143 145 146 147 148 149 150 152 153 154 158 159 161 162 164 165 167 168 169 170 173 177 178 179 180 182 183 184 185 187 188 189 190 191 192 193 194 195 197 198 200
114 127 129 130 131 132 134 135 136 137 138 140 141 142 143 144 145 146 147 148 149 150 152 153 157 158 159 162 164 166 171 172 173 174 176 177 178 179 180 182 184 185 186 187 188 189 190 194 195 196 197 198 199
122 129 130 131 132 133 135 136 138 140 142 143 144 145 146 147 149 150 151 152 154 156 157 158 160 161 162 163 164 165 168 169 170 171 173 177 180 181 182 184 187 188 189 191 192 193 195 196 197 198 199 200
153 132 137 139 140 142 146 147 148 149 150 151 153 154 155 156 157 160 162 163 165 166 167 169 170 171 172 174 175 176 177 178 179 180 182 183 184 185 187 188 190 192 193 194 197
115 132 133 134 135 136 137 139 140 141 142 144 145 146 147 148 150 152 153 155 159 160 162 163 164 165 167 168 169 170 171 173 175 176 177 178 179 180 181 182 185 186 187 189 190 192 194 195 196 197 198 200
151 132 133 134 136 138 139 140 142 143 144 147 148 149 150 151 152 153 154 155 156 158 159 160 161 163 165 166 169 170 171 172 173 174 175 178 179 180 181 182 185 186 187 188 189 190 191 193 194 195 196 199
156 134 135 136 137 138 139 140 141 142 143 144 145 147 148 149 150 151 152 153 154 155 156 158 159 160 161 162 163 164 165 168 169 170 171 174 175 176 177 178 180 181 182 183 185 186 187 188 189 191 192 194 196 197 198 200
190 133 134 135 136 137 139 140 141 143 144 147 148 149 150 152 153 154 155 158 159 161 162 163 165 168 169 170 171 172 173 174 175 176 178 180 181 182 183 186 188 189 192 193 194 195 197 198 199 200
142 134 135 136 138 141 142 144 147 148 149 150 152 153 155 158 159 160 161 162 163 164 166 170 172 174 175 176 177 178 179 180 181 182 183 184 186 188 189 190 191 192 193 197 199
113 135 136 137 138 139 140 142 143 144 146 147 149 150 151 152 153 155 157 161 162 164 166 167 170 172 173 174 175 177 178 179 180 181 183 184 185 186 187 188 189 191 193 194 195 196 198 199
140 136 138 139 140 141 142 143 144 146 147 148 150 151 154 156 157 158 159 160 164 165 166 167 169 170 171 172 173 175 178 179 180 181 184 186 187 188 189 190 191 193 195 196 197 198 199
190 137 138 140 142 143 144 146 149 150 151 152 153 154 156 158 159 161 162 163 165 166 167 168 169 170 171 173 174 175 177 180 182 183 184 186 187 188 190 191 192 193 195 196 197 198 199 200
163 138 139 140 141 144 146 149 150 152 153 154 155 157 158 159 162 163 165 166 167 168 169 170 172 173 174 175 176 177 179 180 181 182 184 185 186 187 189 190 192 193 194 195 197 200
107 139 140 144 145 146 147 151 152 154 155 156 157 158 159 160 161 162 163 164 165 167 170 172 173 175 176 177 178 179 180 181 182 183 184 186 189 190 192 194 197 198 200
111 143 144 145 146 147 148 150 151 152 153 154 155 157 158 159 160 161 162 163 164 165 167 168 170 171 173 175 179 181 183 185 186 187 188 189 190 191 192 193 195 196 197 198 199
179 141 146 148 151 153 154 157 158 159 160 161 162 163 164 165 166 167 168 169 171 172 173 175 176 177 179 180 181 182 185 186 187 188 189 191 192 193 195 196 197 198 199
123 144 147 149 150 151 153 155 158 160 161 162 164 165 166 168 169 170 172 173 175 176 177 178 179 181 183 184 185 186 187 188 190 191 192 193 194 195 196 198 199
105 143 144 145 146 147 148 149 151 152 153 154 156 158 159 161 165 167 168 170 172 173 174 175 176 177 180 181 182 183 184 185 186 188 189 190 192 194 195 196 197 198
125 144 147 148 149 150 151 152 153 154 155 156 157 158 159 160 161 163 164 165 166 168 169 170 172 173 174 175 176 178 180 185 188 189 190 191 192 193 194 195 196 197 198 199 200
172 145 146 147 150 151 152 153 154 155 156 157 158 159 160 161 162 164 166 169 171 172 173 174 175 176 177 178 180 182 183 184 185 187 188 191 192 193 195 197 198 199 200
187 146 147 149 150 151 152 154 155 156 157 158 159 161 164 165 166 167 169 170 171 173 174 175 177 178 180 181 183 184 185 186 188 189 191 192 193 195 196 197 199
172 147 149 150 153 155 156 158 159 160 161 163 165 166 167 169 170 171 172 173 175 177 179 180 181 182 184 185 186 189 190 191 193 194 195 196 200
145 148 149 150 151 152 153 154 155 156 157 159 160 162 163 165 167 168 169 170 172 173 174 176 179 180 181 182 184 185 186 188 190 191 192 194 195 196 197 198 199 200
183 149 150 151 152 153 154 155 156 157 158 162 163 164 166 167 168 169 170 171 172 180 181 182 183 184 185 187 188 190 191 193 194 195 196 197 198 199 200
148 152 154 155 156 158 160 161 162 165 166 169 170 172 174 175 176 177 178 181 187 188 191 192 193 194 195 198
108 151 152 153 154 156 159 163 164 166 167 168 169 170 174 175 176 177 178 179 180 182 183 184 185 186 187 189 191 192 193 195 196 198 199
141 152 154 155 156 158 159 160 163 164 165 166 167 168 169 170 171 172 175 176 178 179 180 181 185 186 187 188 189 190 191 192 194 195 198 200
186 155 156 157 159 160 161 162 163 164 165 166 167 168 169 171 172 174 175 176 178 180 181 182 183 184 185 187 188 189 190 193 194 196 197 198 200
140 154 155 158 161 162 163 165 166 167 168 169 170 171 172 173 174 176 177 178 180 181 183 184 185 187 188 189 192 194 199 200
150 156 157 158 159 161 164 165 167 168 169 170 171 172 173 174 177 178 179 180 181 182 184 185 186 187 189 195 196 197 198 199 200
191 156 157 159 160 162 163 164 165 166 167 168 169 170 171 172 173 174 175 177 178 179 180 181 182 185 187 188 190 191 192 193 194 195 198 200
181 157 158 159 162 163 164 165 166 167 168 170 171 172 173 174 175 176 178 179 180 181 182 184 186 188 191 192 193 195 196 198 199
147 158 160 161 163 166 167 168 169 170 171 172 174 175 177 178 179 180 181 182 183 187 188 189 190 191 192 193 194 195 196 197 198 199
193 159 160 161 164 165 167 168 169 170 172 173 174 175 177 179 180 181 182 183 184 186 188 189 190 191 193 194 195 196 199
142 160 163 166 167 169 174 176 177 180 181 184 188 189 191 192 193 194 195 196 197 198 199 200
143 161 163 164 167 168 172 173 174 176 177 179 180 181 184 185 188 189 190 192 193 194 195 196 197 198 199
114 162 164 165 166 169 170 171 173 174 176 182 183 184 187 188 189 190 191 192 193 194 195 196 198 199 200
154 163 164 166 167 168 170 171 172 173 174 175 176 177 178 180 181 183 184 187 188 190 192 193 196 197 198 199
118 164 166 167 168 171 174 175 177 178 180 181 182 183 184 185 186 187 188 189 191 192 193 194 195 196 198 199 200
112 165 167 168 171 172 173 175 176 177 178 179 181 182 184 185 186 188 189 190 191 192 196 197 198 199 200
133 166 167 168 169 170 171 172 173 174 175 176 178 180 181 182 183 184 185 186 187 188 189 190 191 192 195 196 197 198
128 167 169 170 171 172 173 176 177 179 180 181 182 183 184 186 188 190 193 194 196 197 198 199 200
157 169 170 173 174 175 176 177 178 179 180 181 182 183 184 188 189 190 191 192 193 194 195 196 197 200
175 169 170 172 173 174 175 176 178 180 183 184 186 188 189 190 191 192 193 196 197 198 199
130 170 171 174 175 179 180 181 182 183 184 185 186 187 189 190 191 192 193 194 195 196 197
187 171 173 174 176 178 179 180 181 182 183 184 185 187 188 189 190 191 192 193 196 198 199 200
135 172 173 174 175 176 177 178 179 180 181 183 184 187 189 190 191 192 193 195 196 197 198 199 200
130 174 175 176 177 178 181 183 184 185 186 187 191 192 193 198
153 176 181 182 183 186 188 190 192 193 195 196 197 198 199
135 175 177 179 182 183 185 187 189 190 191 192 194 196 197 198 200
180 176 178 179 180 182 183 184 185 186 187 188 189 191 192 193 195 196 197 198 200
181 178 180 183 185 186 187 188 189 190 192 194 195 196 197 198 199 200
177 178 180 181 182 183 185 186 187 188 191 192 193 194 195 196 197 198 199 200
115 180 183 184 185 186 187 188 189 191 196 198
112 180 184 185 186 187 188 190 191 192 193 197 198 199
156 181 183 184 185 186 187 188 189 191 193 194 195 198 199 200
139 182 183 184 185 186 187 188 189 191 194 197 198 199 200
188 183 184 185 186 188 189 190 191 192 194 195 197 198 199 200
136 184 185 186 187 188 189 190 191 192 194 195 196 197 198 199 200
116 185 187 188 189 190 191 192 194 195 196 197 198 199
124 186 188 189 192 193 194 195 196 198 199
153 187 189 191 192 193 194 195 198 199
153 188 191 192 193 194 197 198 199 200
162 190 191 192 194 195 199 200
177 190 191 192 193 196 197 198 199 200
178 191 192 193 194 197 199
183 192 193 194 195 196 199
105 195 196 197 199 200
183 194 196 197 198 199 200
122 196 197 198 199 200
137 196 199 200
104 197 199 200
137 198 199
116 199 200
193
161
