75	5	1000	10
-2	30	9
-5	42	12
-1	77	17
-3	31	22
-1	94	15
156 2 3 10 13 14 15 17 18 24 25 26 28 30 33 38 40 43 44 47 52 55 60 61 63 66 67 68 70 75
197 5 12 13 15 20 24 30 31 33 34 38 46 47 50 52 53 54 57 62 63 64 65 67 68 69 71 72 73 75
272 5 7 8 12 17 18 20 22 23 25 28 37 40 47 51 52 54 57 58 60 68 70 74 75
191 6 7 8 9 10 11 12 18 26 27 28 29 30 33 35 39 40 42 44 47 48 49 50 51 58 59 61 70 72
270 9 10 11 13 14 15 16 17 24 25 27 29 30 32 33 34 37 41 42 43 45 46 47 49 51 54 58 64 67 69 71 72 74 75
228 7 8 9 11 13 15 19 20 22 23 28 29 31 32 35 36 40 41 44 45 46 47 49 50 54 55 57 66 67 68 69 74
168 9 11 12 13 15 17 18 19 27 29 30 31 33 34 38 40 41 42 45 46 47 54 55 56 58 65 66 68 70 71 72 75
154 9 16 20 22 26 28 34 35 40 42 43 45 47 55 56 58 61 63 66 69 71 72 73
192 10 11 15 20 23 25 28 29 33 36 40 41 42 45 51 54 55 56 57 58 59 65 66 70 71 74
174 11 12 13 14 17 19 24 30 36 37 40 41 43 47 49 50 51 57 60 62 63 64 65 70 71
176 13 14 17 18 20 22 25 27 28 29 31 32 33 34 35 39 42 46 47 48 49 50 51 52 58 60 61 62 65 66 70 71 73
267 21 22 24 26 29 30 32 33 36 39 41 42 49 50 51 53 56 60 65 67 69 70
227 15 19 20 22 25 29 30 34 35 36 44 47 48 50 54 56 57 58 60 62 66 68 70 72 73 75
253 15 16 19 20 21 23 27 28 33 39 41 42 45 47 49 52 54 56 60 64 65 68 69 70 72 75
278 19 21 22 23 25 27 29 31 33 34 38 39 41 45 46 47 49 50 51 54 55 59 61 64 66 68 71 72 73 74
153 25 26 27 29 30 31 34 38 45 47 48 51 53 56 60 61 69 72 73
288 21 23 24 28 29 33 34 36 43 44 47 56 61 62 63 65 67 70 71 73
282 20 21 23 24 25 26 30 31 33 35 41 44 45 50 54 56 57 59 60 61 63 65 66 67 69 70 71 73 74
279 22 23 24 25 26 28 29 30 34 35 39 40 42 44 48 52 57 63 64
195 22 23 25 26 27 34 36 37 38 39 42 44 45 52 53 54 55 62 65 66 67 69 71 72 73
173 27 28 32 34 35 36 37 38 42 47 50 57 59 61 63 65 66 67 68 73 75
157 23 24 26 29 32 34 37 40 42 45 47 48 49 53 54 59 60 61 62 65 66 67 70 72 73 74 75
209 29 31 32 37 41 46 51 52 55 59 60 62 66 67 68 70 71 74
155 26 27 32 33 44 46 48 50 51 58 59 62 64 66 68 72 74
180 27 29 32 34 37 38 39 41 44 45 46 47 48 53 54 55 60 61 66 72 73
278 27 31 33 34 35 39 40 43 46 49 53 54 55 57 61 62 63 66 67 68 69 70
300 39 43 44 52 57 58 60 65 66 74 75
290 30 33 40 42 43 45 49 52 54 55 56 57 60 61 62 63 66 68 69 70 71 75
172 31 32 34 44 46 48 50 53 54 55 56 58 60 62 66 69 74 75
275 31 34 36 37 38 40 44 46 50 51 52 55 59 61 62 63 67 69 71 72
297 34 38 42 43 44 47 50 51 52 53 56 58 59 62 65 68 69 71 72 74 75
267 44 45 47 48 50 53 56 57 60 63 64 67 68 70 71
290 34 39 40 42 44 50 51 54 59 61 62 65 67 68 69 70 74
256 35 37 38 42 43 44 45 46 47 49 50 51 53 55 63 67 68 71 72 75
150 38 41 43 45 46 48 62 67 68 73 75
213 39 40 41 44 47 48 50 51 54 59 66 72 75
178 38 39 40 43 45 47 48 49 50 52 56 58 60 67 73
224 40 42 45 47 51 56 58 60 65 70 73 74 75
265 40 41 42 46 47 51 58 60 61 69 75
247 43 44 46 47 49 50 52 56 58 60 61 67 74 75
157 44 46 50 51 52 56 57 59 61 66 70 72
260 43 48 51 52 54 55 56 57 60 61 62 64 68 69 70 74 75
218 46 49 50 56 57 58 59 69 70 71 74
205 45 46 50 51 52 54 58 59 61 65 66 67 69 72 74
157 52 54 55 58 59 60 63 65 66 67 73 74 75
276 48 50 54 55 57 58 59 60 61 63 70 71 73 75
292 51 56 58 59 60 64 66 68 69 72
279 50 52 53 55 60 63 64 65 73 75
279 53 56 59 65 72 74
300 51 53 54 59 60 62 63 65 69 70 72 73 74
194 56 59 62 65 67 68 70 72
280 53 54 60 61 64 65 66 67 69 71 73 74
193 58 59 61 62 63 65 70 71 72
281 55 59 60 61 62 66 67 68 72 74 75
281 56 57 59 60 61 69 71 72 73 74 75
164 58 59 63 65 69 70 72
243 61 63 65 66 67 68 72 73 74 75
274 60 63 64 65 66 67 68 70 71 74
157 60 61 63 66 73 74 75
153 63 66 68 69 74 75
150 65 67 68 71
152 64 66 67 69 70 71 75
206 64 66 68 72 73 75
209 68 69 70 71
250 66 72 75
298 67 68 69 70 72 73 74
209 70 71 72 73 75
151 71 72 74
202 71 72 75
291 72
288 75
234 73 74 75
299 74 75
215
197
