50	5	1000	10
-2	175	12
-5	174	9
-2	150	5
-1	182	14
-2	121	10
147 2 4 5 7 8 10 11 19 21 22 30 31 37 40 41 43 44 46 48 50
82 5 6 7 8 10 13 14 15 19 20 22 23 28 29 33 35 41 43 45
147 4 5 7 9 14 15 19 25 26 28 41 42 45 48 49 50
125 6 7 9 10 14 15 17 21 23 26 27 28 30 31 32 33 35 41 42 45 46 47 50
90 12 16 17 18 19 22 24 30 31 32 33 34 35 38 41 44 46 50
52 12 14 15 19 22 23 25 27 28 32 34 35 37 39 40 41 42 43 46 47
104 8 9 10 11 14 21 25 27 31 32 37 38 40 41 42 43 44 45 47 49
87 9 15 18 19 23 24 25 26 29 33 38 39 40 41 42
132 13 19 24 26 33 38 41 45
125 11 12 14 19 21 26 27 28 31 33 34 35 36 37 43 46 48
143 12 15 22 24 25 27 28 29 34 36 37 39 40 44 48 50
110 13 16 18 19 20 22 24 26 27 28 30 32 35 40 42 45 46 47 50
150 15 17 20 22 26 27 28 29 30 35 37 42 43 44 45 47
84 15 17 19 20 21 22 30 32 33 39 40 43 44 47 48 49 50
137 16 17 22 23 25 28 29 31 33 34 36 37 41 43 44
117 21 28 29 38 39 43 47 50
79 18 19 25 26 30 35 40 42 44
135 20 22 25 28 29 32 34 35 36 37 39 40 44 45 50
111 20 24 27 33 38 40 43 44 46 50
103 23 24 29 30 34 36 39 40 45 47 48 50
63 30 31 39 41 43 46 47 48 50
79 24 26 27 31 34 35 37 38 39 43 44 45 46 49
73 26 30 31 35 37 39 42 43 44 46 50
65 27 32 33 34 35 37 38 41 42 43 44 45 48 50
88 27 36 38 39 40 42 46 49
139 28 29 30 32 38 39 41 43 44 45 47 50
113 28 30 32 34 36 40 41 42 43 50
110 36 39 40 41 42 45 49
62 30 35 36 38 40 43 49
53 32 34 35 36 37 40 41 43 45 46 50
139 37 38 40 41 42 43 44 45 49
51 33 35 37 38 43 45 48 50
147 37 42 45 47
147 35 36 37 38 39 41 42 43 45 50
125 39 47
114 39 41 44 46
145 38 43 45 46 47 48 49 50
61 42 44 45 48 49
116 40 41 44 46 47
97 41 44 45 46 47 48 49
67 42 44 45
105 47 50
133 44 45 46
113 45 47 49 50
103 46 50
142 48
104 48 49 50
96 50
134 50
89
