75	10	10000	1
0	1193	6
0	1620	11
0	1850	2
0	1589	9
0	1122	9
0	1400	9
0	1093	6
0	1379	5
0	1853	10
0	1118	8
2030 4 5 7 14 17 18 19 27 28 30 31 33 35 39 42 45 46 47 49 50 53 55 57 59 63 64 65 68 74 75
2623 3 4 10 12 13 19 22 24 28 30 36 40 41 42 44 45 46 48 49 52 58 63 67 68 69 74
1691 5 10 11 16 18 19 22 23 24 28 32 34 39 44 45 49 53 54 59 60 61 62 71 73
2753 9 10 11 14 20 21 22 24 26 27 28 33 35 36 43 46 48 49 55 56 58 61 64 67 69 71 73 74 75
2754 8 9 12 13 14 17 19 23 27 29 30 31 33 36 37 38 39 40 42 44 45 47 49 51 54 55 56 57 58 63 64 66 71 73
1664 13 14 15 18 20 22 23 26 27 28 31 33 37 38 49 50 56 59 62 63 72 74
2766 8 11 12 13 14 20 21 23 24 27 29 30 31 32 33 38 42 47 48 49 53 55 58 60 61 64 66 70 72 73 74
2900 10 14 21 25 27 30 36 37 38 39 42 46 48 52 54 55 57 58 65 68 70 73 75
1891 11 12 16 18 22 23 31 32 34 35 39 44 45 47 54 55 56 57 58 60 62 67 70 72 74
1664 11 14 15 17 18 19 26 33 37 38 39 43 44 48 49 53 57 67 68 72 74
2621 14 15 17 19 23 25 26 27 32 33 34 37 38 39 41 50 51 54 55 56 57 58 63 69 70 71 74 75
2721 14 17 18 19 20 24 26 27 29 30 32 34 35 38 42 44 48 51 54 57 62 63 65 66 69 70
1683 14 16 17 23 25 28 30 34 39 40 41 43 44 45 48 49 50 52 57 58 62 63 64 66 70 71 72
2496 18 19 20 21 28 29 30 31 34 36 41 42 45 50 52 53 54 56 59 60 63 64 65 67 68 70 71 73
1799 16 17 21 22 25 26 27 28 30 35 37 38 40 41 44 45 46 47 54 59 62 64 67 70 72 75
1554 18 19 20 23 25 28 29 30 32 33 35 39 45 46 47 51 52 53 54 56 57 59 62 63 64 66 67 70 71 74
2800 20 21 28 29 32 33 35 40 51 52 53 55 59 63 64 65 66 67 70 72 73
1806 19 20 21 22 23 24 25 28 30 31 32 34 36 39 41 42 50 58 60 61 62 65 67 68 70 71 75
2181 22 25 28 30 31 32 33 36 38 40 46 49 54 56 59 64 65 69 73
2631 22 23 24 25 28 30 31 35 42 43 47 48 49 50 51 52 54 55 56 57 59 63 65 66 67 69 74 75
2995 22 23 24 27 28 29 30 31 32 33 35 42 47 48 50 52 56 57 59 60 62 67 69 71 72 74 75
1791 23 26 28 29 31 34 35 36 41 42 47 49 50 52 53 55 56 59 63 64 70 71 72 75
2735 31 33 39 40 42 46 50 53 54 56 58 59 64 65 69 73 75
1882 27 30 31 32 40 45 46 48 49 51 52 54 56 57 59 61 62 67 70 72
2891 26 35 36 38 42 44 45 47 48 49 50 51 52 53 56 57 59 60 63 66 67 68 71 75
1533 27 31 32 34 36 43 44 45 46 51 53 54 57 58 61 64 65 69 72 74
2261 29 31 32 34 36 44 49 53 58 60 66 71 75
1592 30 32 33 38 42 44 46 48 51 60 61 64 65 67 74 75
1786 34 36 38 39 42 48 50 52 58 59 60 61 72 73
2590 32 33 35 36 39 40 43 44 46 47 48 50 52 53 54 56 58 60 63 64 66 72 74 75
1702 33 35 36 37 38 40 44 46 47 52 53 54 57 58 62 66 68 71 75
2628 37 38 47 48 50 53 55 61 62 63 65 66 68 72 74 75
2947 38 39 40 41 45 46 47 49 54 55 56 60 61 62 67 68 69 70 71 73 74
2411 35 38 39 40 46 47 53 57 58 61 62 64 65 67 69 72 74
1876 38 40 42 45 46 47 48 53 54 55 56 59 62 63 64 65 66 75
2475 40 41 42 45 47 48 51 59 61 62 64 68 70 71 75
1739 39 40 42 44 45 48 51 52 56 59 60 62 63 66 68 70 71 75
2466 39 41 42 43 45 46 48 49 50 54 56 57 59 61 64 65 66 73
2389 40 41 42 47 49 50 53 55 56 57 60 61 62 66 68 71 74
2751 44 46 48 49 52 56 60 62 63 64 68 69 72 73
2941 43 44 50 51 52 53 54 56 60 61 67 69 70
2540 44 46 47 49 50 52 55 56 57 59 63 64 65 67 69 71 72
2606 45 46 50 51 54 60 61 62 64 68 69 71 72 73 74
1668 48 49 50 52 53 54 55 56 61 65 68 70 71 73 74
2754 53 55 57 60 62 65 66 70 73 74 75
1889 48 49 50 51 53 54 57 62 63 64 68 73 74 75
2361 50 52 55 57 59 70 73 74 75
2121 51 52 54 55 56 60 65 66 67 69 75
2954 50 51 52 54 56 57 58 59 66 69 70 75
2149 52 55 57 59 62 65 68 72 75
2944 54 55 58 59 63 64 65 68 70 73
1627 54 55 56 59 61 64 66 67 68 70 71 72 73 74
2233 54 55 58 61 62 64 66 67
2406 58 60 61 63 65 70 71 72 73
2182 57 59 62 64 70 71
1723 62 64 68 73 74
2508 60 61 64 66 67 68 69 74 75
2495 59 60 65 66 69 73
1785 62 65 67 69 70
1706 61 63 64 66 70 74
2033 62 63 71 73 75
2417 65 67 70 71 72 75
2703 65 68 69 71 72 74 75
2899 65 68
2064 67 69 70 71 72 74 75
1982 68 73
2733 68 69 70 74
1947 69 72 74 75
1800 70 71 72
1954 73 75
1995 72 75
2358 73
2063 75
2790
2798
