100	10	10000	10
-5	1735	6
-4	1126	12
-5	1490	10
-1	1215	11
-3	1744	9
-1	1819	11
-2	1062	9
-1	1959	6
-3	1695	13
-3	1023	13
766 5 6 8 11 13 16 19 23 29 30 37 42 48 50 53 55 56 58 59 63 65 67 70 76 77 78 79 80 81 83 88 91 94 97 98
1437 7 13 14 15 19 20 24 25 27 29 30 36 41 42 43 47 49 53 55 59 62 63 64 67 71 72 73 74 75 77 88 89 92 93 94 97
1227 6 7 8 9 10 11 13 17 18 19 20 21 23 28 32 33 38 40 41 47 48 49 50 52 53 54 55 56 57 63 65 66 71 72 74 75 76 77 79 81 85 86 89 92 93 96 97 98 100
1445 6 8 11 12 19 22 23 32 34 38 44 45 53 54 55 58 59 61 64 65 67 70 71 73 74 75 76 77 78 79 80 81 82 83 85 86 89 91 93 95 99
748 7 9 14 15 17 18 19 20 22 23 26 28 29 32 35 36 38 39 40 41 42 43 45 46 50 52 53 62 64 69 71 72 73 74 75 78 79 80 84 86 89 90 91 92 93 95
1335 13 16 17 19 21 23 26 27 31 32 36 37 45 48 49 50 52 54 62 66 68 69 75 77 78 81 83 87 89 90 93 94 95 97 99
1273 8 13 14 15 17 20 21 23 24 25 26 27 28 30 31 32 33 37 38 39 41 42 45 47 50 56 58 59 61 66 68 69 79 81 85 87 90 91 93 97
817 9 10 13 15 16 17 20 21 22 25 28 39 40 43 45 46 47 48 50 52 53 59 61 63 66 70 76 78 79 82 84 90 91 93 94 97 100
1247 12 14 16 18 24 29 38 43 47 49 50 54 57 61 64 69 71 75 77 83 87 89 91 93 95 96 97 99 100
1220 13 14 15 16 18 21 24 27 29 30 31 32 33 37 39 40 41 47 51 53 55 56 62 65 71 73 76 77 79 80 86 87 89 90 91 96 97
958 12 14 15 18 19 20 21 23 28 29 31 33 34 35 38 41 42 50 51 58 60 63 64 65 66 70 73 78 80 81 84 87 88 89 90 92 93 96 97 99 100
1223 16 19 21 24 25 31 32 35 38 39 42 43 45 46 52 53 54 57 58 60 61 66 67 76 77 78 81 87 92 98 100
987 15 19 25 26 27 28 32 33 42 45 46 52 54 55 68 70 71 72 73 74 76 79 80 97
1362 15 18 21 23 24 25 30 34 38 40 42 45 49 51 52 54 57 58 60 64 65 74 75 79 80 82 85 86 91 98 100
1127 18 19 20 24 30 31 32 33 34 37 39 42 43 45 46 48 49 52 58 59 62 66 70 71 74 79 80 87 89 90 91 100
1116 17 20 23 29 30 32 35 38 39 40 42 44 47 53 54 63 65 66 67 78 79 80 82 84 85 87 88 89 90 91 92 93 95 97
527 18 22 23 25 26 28 38 39 40 41 43 45 50 52 55 56 63 64 65 66 73 74 76 78 79 82 83 87 88 92 93 99
1353 21 22 25 29 31 33 35 38 41 45 46 49 50 55 58 59 60 63 64 66 67 69 72 73 77 79 81 82 88 89 90 91 92 94 98
1016 23 24 25 27 32 40 41 43 48 50 53 56 58 60 61 62 63 66 67 68 71 74 75 76 78 79 81 82 84 95 98 99
788 21 23 26 28 29 30 31 32 33 34 40 43 44 46 48 49 50 51 52 57 59 61 65 67 68 70 72 73 75 77 78 81 83 84 85 89 90 92 95 98 100
1423 25 26 28 29 31 36 39 41 46 57 59 61 62 70 75 76 78 80 81 82 88 92 95 100
1322 23 24 30 33 34 36 40 41 43 47 50 51 59 62 63 64 67 70 71 75 78 79 81 83 84 91 95 96 97 99
1341 25 28 29 30 31 38 39 42 44 51 53 54 58 60 67 69 70 72 73 74 75 79 82 83 84 86 87 88 91 94 96
591 25 26 28 31 32 38 39 41 43 48 51 52 55 56 57 61 62 64 67 73 74 79 80 82 89 100
1397 27 34 38 45 46 49 50 51 52 57 58 60 62 64 65 67 68 70 71 72 74 79 81 85 92 94 99
880 27 28 34 37 38 40 42 44 46 49 50 51 52 54 55 58 60 62 67 68 74 80 82 83 84 87 88 95 98 100
603 28 31 34 41 43 51 52 56 61 62 64 72 73 78 79 80 87 88 89 93 95 97
1484 34 35 40 42 43 45 48 54 57 60 70 71 72 76 77 79 83 84 85 88 89 90 91 92 94 100
1413 31 40 41 43 46 51 52 54 57 58 60 61 64 65 66 68 70 71 76 80 85 88 89 90 91 93 94 95 96 97 99 100
1125 32 33 35 37 40 41 42 44 47 48 56 58 60 62 66 69 71 83 86 87 88 90 91 96 100
727 35 36 38 41 45 53 56 60 63 64 67 74 75 77 79 81 84 88 89 90 93 95 97 98 99 100
688 35 36 39 40 44 46 47 49 51 56 57 58 60 61 65 66 70 71 73 80 81 82 84 86 87 92 93 94 96 97 99
1331 34 39 40 42 44 50 51 52 56 59 64 68 71 81 86 87 90 95 97 98 99 100
1369 40 42 45 46 52 54 57 58 60 63 64 65 69 72 75 78 79 80 81 83 84 90 91 92 93
1365 36 37 40 41 43 47 51 54 55 59 64 65 71 72 77 79 84 85 90 92 95 96 100
619 38 42 45 46 51 52 54 60 62 65 66 67 68 71 73 75 76 77 78 80 81 85 88 92 94 95 96 99 100
1375 41 43 44 51 54 56 57 60 61 65 66 67 68 69 70 72 76 79 80 84 86 89 90 94 95 96 100
1150 40 45 53 55 59 62 64 65 66 71 72 73 74 78 79 81 82 83 84 86 87 90 92 95 97 98
522 41 42 46 49 54 56 57 60 67 69 71 72 73 76 80 83 86 88 91 93 97
541 43 47 48 51 53 54 57 61 62 63 66 67 69 71 72 73 74 76 77 78 81 82 84 86 91 92 93 97 98 100
1440 43 45 46 47 49 52 59 61 62 64 66 67 69 72 73 81 83 91 92 99
1133 43 44 46 48 49 53 56 57 60 63 64 73 75 77 78 80 82 86 87 88 89 91 95 96
611 47 48 51 60 62 64 66 68 69 70 71 73 79 80 82 84 85 86 90 92 95 96 97 99
1064 45 46 47 48 51 52 54 58 59 61 62 66 67 72 80 83 84 85 86 87 88 96 98 99 100
747 46 47 50 52 53 55 56 57 58 64 65 69 71 72 75 76 77 79 81 82 88 89 96 98 99
1172 52 53 55 57 58 59 60 61 68 69 71 72 79 80 81 84 85 89 90 91 92 94 96 99 100
1093 49 50 53 56 61 63 68 69 70 75 76 77 79 81 83 84 85 87 88 90 92 94 96 98 99
1249 49 50 51 53 55 58 62 65 66 73 74 78 81 83 86 89 90 91 93 94 96 97 98 100
1420 50 59 60 63 64 65 67 74 75 77 78 82 84 86 100
603 52 53 54 56 57 59 61 62 68 69 74 75 76 77 78 79 81 82 84 92 93 96 97
944 55 57 62 64 67 69 70 71 75 78 79 85 87 88 90 94 95 96
1347 54 55 61 62 63 64 65 67 68 69 71 72 80 84 88 89 90 93 96 100
749 56 57 58 59 62 63 67 69 71 73 75 78 79 84 85 87 88 89 90 94 95 96 98
582 57 59 66 70 72 75 76 77 78 80 81 84 89 94 96 100
1060 57 58 59 60 62 63 65 71 73 76 77 78 79 80 82 85 88 89 95 97 98 100
1176 59 60 66 67 70 72 75 76 83 87 90 93 94 96 98
584 58 59 63 66 67 74 80 81 85 89 91 98 100
1145 60 61 67 68 69 70 73 75 77 80 82 83 86 87 88 91 92 94 95 97 98 100
593 62 63 66 68 69 70 71 76 78 79 86
1364 61 65 67 71 74 77 79 80 81 84 85 86 87 88 91 92 93 98
1276 62 67 69 71 73 75 84 85 87 89 90 91 92 93 99 100
997 66 67 74 83 86 89 90 96 97 98 100
595 65 66 69 75 76 77 79 81 82 83 88 93 94 97
1317 68 73 74 75 79 83 85 87 89 91 93 94 97 98 100
1199 66 67 68 72 74 75 77 79 87 88 90 91 93 94 95 98 99
1345 68 72 73 78 79 80 83 84 85 86 87 90 91 92 97 98 99
840 70 73 76 78 81 82 83 87 88 91 93 94 95 99
622 69 73 74 76 78 79 82 83 84 86 90 93 94 96 99 100
1491 72 76 77 78 82 84 89 90 91 97
988 71 74 75 78 80 82 83 87 88 91
1126 73 74 75 76 77 78 80 81 86 93 94 99
1455 75 78 81 82 83 88 91 92 93 95 96 100
794 74 78 79 80 83 84 87 89 98
961 80 81 82 85 86 89 90 92 95 96 98 100
1488 79 81 86 87 99
1431 79 82 88 90 92 97 99
983 79 80 82 83 84 85 87 88 89 90 94 96 97 100
1489 86 92 93 96 97 100
1386 81 82 84 88 92 94 96 99
1324 83 86 89 91 94 95 100
1322 85 86 87 90 94 97
1396 86 87 88 89 90 95 96 97 98 100
1334 86 87 88 94 95 96 100
1419 85 87 88 90 91 92 94
1357 90 92 94 95 96 97 99
782 88 89 96 97 98 99
1149 89 93 97 98 99 100
866 89 91 93 95 97 98
1222 90 93 98 99
695 91 100
708 92 93 94 97 98 99 100
1060 93 98
593 94 96 99
824 96
533 97 99
1416 97 99
998 98 99 100
546
1120 100
537
