25	10	1000	1
0	122	4
0	177	4
0	147	2
0	139	3
0	156	2
0	140	2
0	185	2
0	168	2
0	173	2
0	154	2
49 9 11 12 16 19 20 22 24
72 3 6 7 12 21
52 5 9 12 17 20 22 23
290 6 7 8 11 12 16 17 18 21 22 23 24 25
289 8 10 23 24
227 9 12 16 18 25
14 10 12 15 17 21 23 25
254 10 11 14 18 19 20 21
31 13 16 18 19 22 23
289 11 13 16 17 18 20 22 23 24 25
57 15 16 17 19 20 22
73 20 21 23 24
92 16
260 17 19 20 22 23 24
199 16 17 21 25
241 20 23 25
182 20 22
200 20 21 22 23
268 20 22 25
168 21 23 25
64 24 25
102 25
157
167
150
