75	10	10000	1
0	1332	4
0	1627	8
0	1118	7
0	1498	6
0	1601	8
0	1645	8
0	1343	7
0	1865	6
0	1194	12
0	1248	9
1324 2 3 8 14 18 20 25 30 32 34 35 39 42 43 47 50 51 56 58 61 63 64 65 66 67 68 69 73 74 75
595 3 6 7 12 13 16 22 25 26 28 29 31 35 41 46 47 48 51 52 53 56 58 62 63 64 65 68 69 73 74 75
1126 4 6 7 8 9 16 18 22 24 25 26 30 31 33 34 36 37 38 39 40 42 47 50 58 59 61 65 66 70 71 73 74
1362 6 7 11 13 23 31 41 44 46 50 53 54 56 58 70
1133 6 7 14 17 18 19 22 24 28 35 38 39 40 41 43 44 46 47 52 54 60 66 69 71 74 75
1247 7 8 9 10 11 16 17 18 19 20 22 28 32 33 35 38 46 51 55 57 58 59 65 68 69 70 71 73 74
1420 9 15 18 22 27 28 36 39 40 41 48 52 53 58 60 61 63 68 73 75
695 11 12 16 21 25 26 28 29 34 36 38 42 44 46 47 49 53 56 58 62 63 64 65 70 71
582 11 14 17 19 21 22 23 24 27 28 30 31 32 33 36 39 40 42 44 46 48 51 53 54 56 58 59 60 63 64 70 71
1060 13 14 15 17 21 22 24 26 44 45 47 49 51 54 55 57 58 60 61 62 64 67 69 70 71 72 73
591 15 18 19 22 23 27 28 34 35 43 48 50 54 56 58 61 62 64 65 66 69 70 72 73
1419 17 20 23 26 27 28 29 37 39 40 46 48 52 54 55 57 58 59 63 66 67 69 70 71 73 75
788 15 17 25 28 30 31 32 33 36 37 39 42 43 46 48 50 51 52 53 54 59 62 66 67 74
1273 15 20 22 25 26 27 32 35 37 39 40 44 46 49 52 54 56 57 59 60 61 63 67 68 69 72 75
817 18 20 21 26 27 29 33 37 39 41 42 43 45 47 48 50 52 53 56 57 58 61 62 66 68 69 70 72 75
1322 17 20 22 26 28 30 31 32 36 39 40 41 46 48 52 53 56 57 64 65 66 71 75
533 19 21 23 28 29 30 31 33 35 37 38 40 41 44 45 46 47 48 50 52 53 58 59 60 65 66 68 70 73 74
1397 25 26 27 30 31 32 37 40 44 48 50 51 52 55 58 65 66 67 69 70 75
1445 20 24 27 30 31 33 34 35 36 39 40 43 44 45 46 47 48 51 53 57 58 60 61 62 64 65 67 69 70 71 73 75
1016 21 22 26 38 39 40 43 44 46 50 51 52 54 56 57 59 60 62 67 69 70
1489 22 28 29 30 32 33 35 43 44 45 46 47 53 54 55 58 59 60 62 65 66 67 69 70 71 72 75
1322 23 24 25 28 29 30 36 39 40 41 43 45 48 51 53 59 60 61 62 63 71 72 73 74
1341 28 30 33 34 37 38 39 40 41 47 59 68 69 70 73
1369 27 29 36 38 40 46 49 51 52 53 60 65 72 75
1416 36 38 39 41 44 46 48 49 51 52 53 54 55 58 60 63 66 69 71 73
1488 29 30 34 48 49 53 59 61 65 66
1491 34 35 41 43 45 49 53 56 62 63 70 71 75
1431 29 30 31 39 48 50 51 52 53 54 57 65 66 67 69 72
1064 30 31 36 39 48 49 55 57 58 62 63 65 67 68 71 73 75
1223 31 34 36 37 38 39 40 43 44 45 46 47 48 50 53 54 56 58 59 64 72 74
688 32 35 47 48 52 53 54 62 63 64 66 67 68 71 73 74
987 33 35 37 39 41 44 45 50 55 56 57 58 60 66 71 73 74
961 35 38 40 47 50 51 52 56 59 62 67 69
983 36 39 41 42 51 53 55 57 58 61 62 64 65 67 75
944 36 39 42 44 48 53 54 58 59 61 62 68 72
1125 42 43 44 45 46 49 51 52 53 58 62 64 66 67 68
749 42 45 47 49 52 57 58 62 66 69 72 73 74 75
1220 39 40 43 44 45 48 50 51 54 65 70 73 74 75
1396 40 45 53 57 58 63 65 69 74
1334 41 45 46 49 52 53 54 66 73 74 75
584 42 43 44 46 47 52 55 58 60 69 70 73
1276 45 48 51 52 54 58 59 64 65 66 67 68 69 70 73 74
541 44 47 48 49 50 55 60 61 62 63 68 69 72
1440 47 50 51 52 53 58 59 71 72 73 74
1227 52 62 64 68 71 73 74
824 50 51 57 60 65 68 70 71 72 73
1357 49 51 53 58 60 61 66 67 69 72 75
1093 50 52 53 55 59 60 62 66 68 70
866 53 57 58 63 64 69 70 71 72 74
1386 51 53 55 59 66 68 69 72 75
1347 52 56 57 59 62 64 65 68 69 72 73 74
611 59 63 65 66 67 69 70 71 73
593 56 57 59 61 62 63 64 66 71 72
1176 58 63 64 65 67 69 72 73
997 59 60 61 64 69 70 71 73 75
1222 57 61 67 69 75
603 59 75
988 64 67 68 69 73
766 60 68 69 75
1437 62 65 66 68 69 70 71 73
958 64 66 67 69 70 71 74 75
1455 63 64 65 69 75
708 66 72 73
1199 66 67 69 71 75
782 70 72 74
1331 70 74
1413 69 71 74
1423 69 71 73 75
727 71 75
1060 71 72 73 75
794 72 74
1317 75
747 75
1172
1345
