100	10	200	1
0	15	10
0	20	12
0	18	7
0	11	10
0	13	10
0	14	6
0	10	9
0	6	12
0	19	9
0	2	15
28 8 15 23 25 26 27 30 34 35 36 38 39 45 51 52 55 60 65 66 69 71 72 74 75 78 81 82 86 91 93 94 96 98 99
37 3 4 8 9 10 17 19 20 26 27 33 38 39 40 41 43 44 45 49 53 54 55 57 58 61 64 65 66 67 68 69 71 72 73 75 76 79 80 81 83 84 86 89 90 91 92 93 95 97
22 4 6 10 17 21 24 31 34 35 39 40 42 43 44 48 50 51 55 56 57 59 61 65 66 67 68 74 77 81 84 91 97 98 99
39 6 7 8 10 16 24 26 27 29 30 31 37 42 47 50 52 53 54 56 57 60 61 62 63 64 69 71 76 77 78 82 83 84 85 86 88 89 91 93 95 96
39 6 8 10 13 14 15 17 18 19 20 23 24 25 27 28 29 31 33 36 38 39 41 44 45 54 65 70 72 74 79 81 83 85 87 90 92 96 99 100
26 9 10 11 12 13 15 17 21 23 30 32 33 34 35 36 37 38 39 41 42 43 45 46 47 48 51 53 54 55 56 57 58 61 62 64 71 73 75 79 80 84 86 92 94 95 96 97 100
20 9 11 13 14 22 24 26 32 33 36 40 43 44 45 48 49 53 59 60 67 73 74 80 81 83 84 87 88 90 92 93 97 98 100
36 10 14 17 19 26 27 28 32 33 34 35 41 44 46 47 49 51 53 54 57 58 60 61 63 73 75 76 81 82 84 85 88 93 94 97 100
25 15 18 22 30 32 35 36 39 40 41 42 45 49 52 55 56 57 58 60 63 75 76 85 87 91 93 94 98
35 18 19 25 28 30 34 36 40 42 43 44 47 50 51 56 57 60 69 77 78 80 84 88 91 94 95 96
39 14 17 18 25 28 29 33 35 37 38 40 41 43 46 55 61 63 65 66 67 68 71 72 75 76 78 79 82 84 88 93 94 97 98 99
30 13 15 16 17 18 19 22 25 26 28 32 38 41 42 43 44 46 47 57 58 59 60 61 68 69 71 72 79 82 83 88 89
31 14 23 30 34 37 38 43 46 51 52 53 54 55 56 57 61 67 69 70 71 73 74 75 76 79 80 84 86 87 89 90 93 94 95 98 99 100
26 18 20 22 23 26 27 29 32 34 37 42 44 46 51 52 53 54 55 59 66 69 70 73 74 76 78 85 94 99 100
22 23 24 28 30 31 34 38 45 46 49 51 59 61 63 64 66 68 73 77 82 86 87 88 89 92 93
24 20 22 24 27 29 38 43 44 46 48 49 52 59 60 61 66 68 73 76 77 78 87 98 99
37 18 23 24 27 31 36 38 40 41 43 45 46 47 49 57 60 62 65 69 70 71 72 80 81 82 84 86 87 88 91 93 95 98 100
35 19 20 27 29 34 35 38 39 40 43 45 50 55 56 57 60 67 70 71 72 75 79 80 84 85 88 92 93 95 96 97
24 20 21 22 23 24 26 28 29 30 32 33 35 41 42 46 47 49 50 51 53 55 57 60 61 62 63 65 68 72 76 79 80 83 84 94 96 98 99 100
20 27 29 32 33 34 37 48 49 55 58 59 61 63 65 69 70 71 72 75 76 77 78 79 81 83 84 87 91 94 95 99
40 25 26 30 31 33 35 37 38 39 46 50 51 53 55 59 61 62 63 67 68 69 70 71 72 73 75 77 78 80 81 82 85 88 89 95 97 100
39 26 29 37 38 41 42 43 44 45 46 47 49 50 52 53 55 57 62 64 66 68 72 74 80 83 86 87 90 91 92 94 95 100
26 25 29 34 36 40 41 42 43 44 45 46 47 48 51 52 56 60 63 64 67 68 82 84 85 88 94 95 98 99 100
21 26 27 28 29 33 34 39 40 41 42 43 47 48 51 53 55 61 67 70 72 73 85 89 91 92 93 97 98 99
21 27 28 29 33 34 37 39 45 54 56 59 64 66 70 71 72 74 75 79 80 83 84 86 90 91 97
30 32 37 39 40 41 44 45 54 56 60 65 68 69 71 73 76 78 80 81 84 85 86 87 91 92 94 97 98 99
23 30 34 36 39 41 44 47 50 51 55 56 59 60 62 65 66 68 69 76 77 80 82 84 87 88 91 92 93 95 98
26 29 30 32 33 42 54 57 59 60 64 65 67 72 73 74 75 76 78 80 81 82 85 87 88 90 94 97 99
30 31 32 35 41 44 45 46 47 48 49 54 55 61 63 65 66 67 69 72 76 80 85 86 97 98 99
37 33 35 38 48 49 51 53 55 56 57 61 67 69 70 75 76 79 83 84 86 87 89 91 92 95
30 32 34 36 39 43 44 46 47 48 50 51 52 53 54 57 63 67 69 70 72 73 74 78 79 84 87 89 90 92 93 98
24 33 37 47 48 56 58 62 66 68 73 80 82 84 86 88 89 92 93 97
29 34 36 37 39 41 42 45 48 52 54 55 56 57 59 63 64 66 68 69 72 73 74 78 88 89 92 96 97 98 99
26 37 39 41 42 48 56 58 59 61 63 65 69 79 81 82 87 92 93 100
20 39 41 43 46 50 64 66 67 68 71 84 85 91 92 94 97 98
31 42 44 48 49 50 52 58 60 61 62 64 65 68 70 73 79 80 81 83 88 89 91 92 93 95 96 98
21 39 40 45 46 47 48 50 52 53 56 58 60 64 65 68 69 71 72 73 76 79 81 83 84 85 86 87 90 93 94 96 100
39 41 44 45 46 48 49 51 52 55 59 63 65 66 68 71 73 77 79 80 81 82 84 86 87 91 92
22 40 42 43 44 46 50 52 55 60 62 64 67 68 71 72 73 74 76 80 81 84 85 92 95 100
24 43 44 46 48 51 53 55 57 58 63 64 67 69 70 74 77 78 81 82 86 90 91 92 94 95 96
37 43 44 46 48 50 51 53 56 58 59 64 65 67 71 72 75 77 82 84 85 88 96 97
23 48 49 52 54 56 59 63 67 73 74 76 79 82 83 84 85 86 92 94 97
37 46 47 49 51 53 55 59 61 62 63 69 70 71 74 75 83 85 86 87 89 90 93 94 97 100
23 45 48 51 52 61 63 65 73 76 80 82 84 85 88 91 92 94 98
36 47 48 51 58 59 61 62 63 67 69 70 72 74 79 80 86 87 88 92 96 97 100
23 47 52 53 54 55 58 59 60 63 64 67 68 69 76 78 82 83 86 87 89 91 92 94 98
22 48 54 55 56 61 62 63 64 65 73 79 80 83 84 85 86 87 90 94 95 100
31 53 54 55 57 59 61 64 65 67 68 69 74 75 78 79 88 91 93 94 96 98
31 50 51 52 53 55 62 64 65 66 68 70 71 73 74 76 77 80 84 85 90 91 93 95 96 98
36 53 54 55 56 59 61 62 64 65 66 69 70 74 78 83 89 97 98 100
38 55 57 60 61 67 70 78 82 96 98 99
22 56 59 62 63 65 66 72 73 79 80 81 84 85 88 89 90 92 93 94 96 98 100
39 55 56 57 64 68 70 74 76 77 81 83 88 91 92 94 96
26 56 59 60 61 67 68 69 76 80 81 83 85 86 89 92 93 95 96 98 99
23 56 57 63 64 67 72 76 77 81 82 86 89 91 92 93 95 96 98 100
33 59 64 65 66 67 68 70 73 74 75 76 78 81 82 84 85 86 91 93 95
29 58 60 63 65 66 68 69 71 74 78 84 87 88 90 92 94 99 100
30 65 66 67 71 72 76 80 81 82 86 89 91 94 97 98
40 61 62 65 74 75 77 81 84 85 87 88 89 94 96 99
36 62 64 68 69 72 74 75 76 77 82 84 86 91 93 96 97 98 100
21 63 68 69 73 81 82 86 90 91 92 93 94 95 99 100
22 63 72 74 76 79 82 86 88 90 91 93 94 96
25 66 67 73 74 77 79 82 85 89 98 100
26 68 69 70 79 83 84 86 87 89 90 95 99
31 66 67 70 71 73 74 76 77 78 80 85 87 90 91 93 94 99
37 67 69 75 76 81 82 84 86 88 90 94 96
34 68 70 72 79 86 88 89 91 92 94 95 97 98 100
30 69 72 73 75 76 77 84 86 94 95 96 98 99 100
23 70 71 77 78 79 83 86 88 89 90 91 94 95 96 99 100
22 71 72 74 76 78 82 86 89 91 94 96 100
22 72 76 79 80 81 91 93 94 99 100
35 74 77 80 82 90 93 95 96 97 98
26 74 76 77 78 79 81 85 86 87 89 92 94 95 96
21 76 79 82 84 85 92 96 97 98
38 77 80 81 83 86 89 90 94 100
25 78 79 80 87 89 94 95
35 81 83 84 85 86 89 90 92 96 99 100
24 79 80 81 83 86 93 95
28 84 86 87 88 89 90 91 92 94 96
34 82 87 88 90 93 98 100
30 84 89 90 91 94 96 98 99
26 83 85 87 89 90 93 94 97 100
39 84 87 93 94 95 96 99 100
33 86 88 96 97 99
28 88 90 93 94 95 99
26 87 89 92 93 95 97
24 90 92 97 98 99 100
40 90 91 93 95
27 90 94 96 99
37 95 97 98
29 93 94 98
32 100
28 96 100
33 96 97 98
28 97 99 100
40 99
40 98 100
23
23 100
23
