50	10	1000	10
-3	127	1
-1	186	8
-3	175	6
-5	153	6
-1	174	5
-4	135	5
-5	157	3
-3	163	6
-2	184	5
-2	182	5
252 4 6 8 13 16 19 21 22 23 25 27 29 35 37 39 41 42 46
175 4 5 8 21 22 23 31 33 34 36 41 43 49
293 5 6 9 10 12 13 16 18 19 23 24 25 26 36 42 43 45 47 48
153 7 8 9 13 14 19 21 22 23 24 27 29 30 32 39 42 43 45 47 49 50
173 20 22 24 28 29 32 33 34 35 36 37 40 42 45 50
275 11 13 18 21 25 27 28 35 37 38 40 41 44 45 46 47 49
224 12 13 14 15 17 19 20 24 25 27 28 29 32 36 37 40 45
167 10 13 16 17 18 21 22 23 25 26 27 28 30 31 32 34 36 40 42 43 44 46 47 50
159 12 13 14 16 18 19 20 21 22 23 35 37 38 39 40 43 44 45 49
279 15 17 19 21 23 24 27 32 33 34 42 45 48
222 15 16 19 22 23 24 26 33 36 43 44 50
211 13 14 15 18 24 25 27 28 29 30 31 34 37 40 42 43 45 48 49
224 17 18 20 23 25 28 44 45 46
198 15 16 19 22 24 25 27 34 36 37 40 44 49
183 16 18 19 26 30 31 32 33 37 40
299 19 20 22 24 25 34 38 40 42 46 47 48 50
166 18 21 22 23 24 26 32 34 35 36 39 40 43 44 45 47 48 50
295 21 27 31 33 36 38 41 43 44 45 47 48 50
288 22 26 29 32 33 34 35 36 37 38 39 45 46
297 21 22 24 25 28 31 32 35 40 44 46 48
283 22 23 24 25 26 27 36 37 38 40 41 44 47 50
160 24 25 27 29 30 32 34 36 39 41 42
253 27 31 32 33 34 38 39 40 41 45
187 28 30 31 36 38 39 40 42 43 44 46 47 49
283 26 29 31 32 34 37 41 42 47 49 50
284 28 30 33 37 40 41 42 43 45 48 50
272 29 31 36 38 40 41 42 46 48
276 31 33 36 37 38 39 42 43 47 49 50
212 31 32 38 42 44 45 48 49
290 32 38 39 48
248 32 33 34 36 40 41 50
248 33 36 39 40 44 45 47 48 50
240 34 38 39 40 42 46 47
288 35 36 44 47 50
280 36 38 39 42 47
234 39 42
272 38 43 45 46 47
289 44 45 46 47 48 50
223 43 45 47
216 43 44 46 50
214 42 43 45 46 47 48 50
202 43 46 50
165 46 47
231 48 49
227 46
174 47
230 50
290 49
173
158
