200	10	1000	1
0	161	24
0	114	25
0	189	16
0	163	19
0	154	24
0	104	21
0	138	16
0	142	17
0	194	18
0	187	20
270 6 8 14 15 21 22 25 27 29 32 33 35 38 39 43 44 45 47 52 54 55 59 62 65 66 67 68 69 74 77 78 82 83 85 87 90 91 92 95 98 104 106 107 108 114 118 122 123 124 126 128 136 140 142 147 149 158 160 161 163 164 165 168 170 173 174 176 182 183 184 186 189 190 193 199 200
211 4 5 8 11 18 20 24 25 26 27 31 36 38 40 41 42 43 44 45 47 49 51 55 56 57 60 65 68 73 74 76 80 83 84 88 90 91 92 96 104 107 109 119 124 128 130 131 136 137 138 140 142 158 162 163 165 167 168 169 170 172 173 174 175 176 177 181 186 189 190 191 192 195 198 200
278 6 8 9 10 12 13 17 18 20 22 23 31 32 35 36 37 39 42 43 44 48 52 54 55 62 63 68 71 73 74 81 84 86 87 88 90 91 92 98 102 104 105 113 118 126 127 131 132 137 138 140 143 146 151 152 153 163 164 167 168 169 170 172 173 182 183 185 186 189 190 195 196
278 5 6 8 9 12 13 14 20 22 23 24 25 27 28 29 31 38 39 42 44 47 48 50 53 54 58 59 61 62 65 69 71 72 74 78 79 85 87 92 96 101 105 107 111 114 115 119 122 126 128 129 130 131 132 141 144 145 146 148 150 152 153 155 158 161 162 163 164 165 169 172 173 178 181 182 183 188 189 190 192 193 194 195 196 197 200
210 6 7 9 11 12 16 24 26 27 28 33 34 35 37 38 47 48 51 53 55 64 65 68 71 72 77 80 82 84 85 86 87 91 93 100 102 104 105 106 112 114 117 118 122 123 124 126 128 131 132 133 136 137 139 140 141 142 144 146 153 155 156 159 160 163 165 167 168 169 170 173 175 178 181 182 183 185 186 189 190 193 196
277 8 11 12 15 20 25 26 29 30 34 37 38 39 40 41 43 46 55 56 57 59 61 62 64 66 67 70 73 75 76 77 81 86 87 97 104 106 108 109 110 114 117 119 121 124 125 126 127 130 132 138 140 144 151 152 153 155 158 160 162 163 165 166 168 170 171 174 180 181 182 186 188 189 193 198 200
224 8 9 10 11 12 13 15 16 18 19 20 24 25 27 28 29 32 33 34 35 36 40 43 44 48 49 54 57 60 62 67 68 75 76 77 78 82 83 84 85 87 89 90 91 96 101 104 106 111 112 113 114 115 116 118 121 122 124 125 129 130 131 133 134 136 138 141 143 144 145 146 147 149 150 151 152 161 163 165 168 171 172 173 179 181 182 187 188 190 192 195 198 200
286 11 12 15 19 24 25 28 37 41 42 43 50 52 53 59 60 62 63 70 73 75 76 79 83 84 86 88 94 96 97 100 101 104 105 106 110 114 115 118 119 123 128 130 133 134 135 142 144 148 152 155 156 161 163 165 173 176 177 178 180 181 182 189 192 196 198
269 12 20 21 22 24 28 30 31 32 34 38 39 41 42 45 46 48 49 50 51 53 55 61 65 66 72 73 77 79 83 86 87 88 91 92 93 94 96 98 99 100 101 105 111 114 117 118 121 122 123 124 128 130 134 139 140 141 146 150 154 155 160 161 162 163 164 167 169 173 174 175 176 178 180 182 185 186 193 196
264 11 12 14 15 17 29 30 31 32 35 36 38 39 42 43 44 46 48 53 54 56 57 60 61 64 68 74 77 79 82 84 85 87 88 93 99 103 105 107 110 118 120 121 122 124 125 127 131 133 134 135 137 141 142 148 149 153 157 158 159 166 169 171 174 175 179 181 183 186 189 193 194 195 196 199
300 12 18 19 22 24 26 27 28 29 30 32 35 36 39 40 42 46 49 52 65 66 79 82 83 84 89 93 95 97 98 99 102 104 105 107 108 112 113 117 119 120 121 122 124 126 129 130 131 132 134 136 137 144 145 148 150 151 153 157 159 160 161 163 166 170 173 176 178 181 183 186 188 189 190 191 194 197 199
258 14 20 23 27 28 29 32 33 36 40 41 43 51 53 58 60 65 70 72 79 80 85 87 88 89 90 92 94 96 97 100 103 109 114 115 119 124 126 127 132 133 136 137 138 139 140 142 143 153 157 158 164 167 169 170 171 174 176 178 180 183 186 188 189 190 191 198 200
269 14 16 23 24 25 27 28 30 35 36 37 41 43 44 46 47 53 55 56 57 60 63 65 67 68 69 70 72 73 79 82 101 102 103 105 106 109 114 115 116 120 121 122 123 125 127 133 134 135 141 145 146 147 148 150 152 154 157 158 159 160 162 163 165 166 168 172 173 176 178 180 182 186 187 189 190 191 193 197 198 199
251 16 19 20 21 22 25 27 31 36 38 41 42 43 44 45 46 47 48 49 57 59 60 62 63 64 65 66 67 72 76 77 80 94 99 102 104 106 107 108 111 115 117 118 119 122 124 126 127 132 134 135 141 143 144 145 147 149 152 153 160 163 166 167 168 173 174 178 183 184 188 190 199 200
221 20 21 22 23 25 27 28 32 33 36 37 40 43 45 46 49 53 54 59 60 61 62 64 65 67 74 75 76 78 81 82 83 84 87 89 105 106 110 111 114 117 121 122 125 126 127 130 134 135 136 137 138 140 142 143 144 145 147 148 149 150 154 155 159 162 163 167 168 172 173 177 178 179 180 182 184 185 187 191 192 195 196 200
204 18 19 20 23 25 27 29 32 33 40 42 44 47 50 52 53 57 60 61 62 64 66 67 70 71 72 74 77 78 79 81 82 84 85 86 88 91 99 106 107 108 113 116 119 120 124 126 128 129 133 138 139 140 144 147 148 150 155 156 157 159 160 161 164 167 170 172 175 176 179 180 182 183 184 185 188 191 193 194 199 200
253 19 21 22 25 28 30 33 34 36 38 40 41 42 45 48 51 53 54 57 58 59 61 62 66 70 74 75 77 78 79 82 83 84 85 86 90 92 93 96 97 102 103 106 107 108 112 117 120 122 123 127 130 133 135 137 138 140 141 142 143 145 147 148 150 154 156 163 164 165 170 171 173 176 177 182 184 188 193 195 197 198
227 21 22 23 26 27 29 32 35 41 43 44 47 49 50 54 61 65 66 68 69 71 72 75 76 78 79 84 86 87 91 94 97 98 99 100 101 102 105 111 112 114 116 118 120 121 130 138 139 142 152 154 159 161 163 165 166 168 176 177 178 186 192 195 200
291 22 23 24 25 26 27 30 31 35 38 39 40 41 43 45 46 49 51 54 55 56 61 62 66 67 69 70 74 76 78 88 89 93 94 99 100 101 102 104 106 107 110 111 113 114 117 120 121 122 124 125 126 128 129 130 132 137 141 143 147 148 151 153 155 156 159 161 163 164 165 166 167 171 172 177 179 180 181 182 186 187 188 189 190 191 193 194 199
286 24 25 26 27 31 33 34 39 46 47 50 57 58 59 61 65 66 67 68 75 78 79 83 84 87 91 93 96 97 98 101 107 113 114 119 120 132 133 134 135 138 139 147 148 152 154 156 158 160 163 166 171 172 174 175 176 179 182 183 184 185 186 193 195 199 200
205 26 27 31 33 37 38 40 41 43 44 46 48 49 50 52 59 60 66 72 74 77 80 84 85 86 89 91 94 95 96 98 99 101 105 106 107 108 113 118 123 125 126 128 129 133 136 138 139 141 142 145 148 151 152 153 154 161 162 163 164 166 167 168 169 171 173 181 184 185 186 189 192 193 197 198
226 23 24 25 30 31 32 34 39 40 43 45 46 47 48 50 53 54 55 60 61 66 67 69 70 73 74 75 76 77 78 80 82 84 85 86 87 88 89 90 91 96 97 100 101 104 105 107 108 112 118 125 129 130 134 137 138 139 141 144 145 149 151 153 158 159 164 166 167 171 176 177 178 182 183 187 189 194 196 197
217 24 26 27 29 30 32 38 39 40 42 43 44 46 48 51 52 53 58 63 64 67 68 69 70 73 76 77 78 84 86 87 90 93 97 101 104 105 106 108 114 116 117 119 120 125 127 130 132 133 134 136 137 150 156 160 161 162 164 167 168 170 175 177 178 184 185 186 190 193 194
234 27 29 31 36 37 38 39 41 43 52 55 62 63 67 69 72 79 81 82 84 85 87 89 91 92 95 98 100 101 102 103 115 116 121 126 127 133 135 139 145 146 151 153 154 159 161 163 165 166 167 175 178 179 180 181 182 185 186 187 192 195 197 198 200
279 29 39 42 43 46 48 49 55 57 58 59 61 62 67 68 69 70 73 78 82 84 86 87 89 93 94 97 98 101 102 103 106 107 109 114 115 119 121 122 129 130 133 134 135 136 139 142 145 147 148 149 151 152 153 154 159 161 164 165 166 169 171 172 176 177 179 180 182 188 189 190 191 199 200
287 27 30 31 33 38 40 41 43 44 46 48 50 55 57 58 60 61 64 66 70 71 72 76 79 81 83 85 87 88 89 91 94 96 98 102 105 106 107 109 114 115 121 122 129 131 132 138 139 143 146 149 151 154 159 160 167 170 172 174 175 178 179 180 181 184 186 187 188 189 190 192 197 199
224 35 36 37 38 40 41 46 50 51 52 53 57 59 60 64 65 72 73 74 81 82 84 85 88 89 90 94 96 97 98 99 100 111 113 117 121 122 124 126 127 131 133 136 138 141 145 147 150 152 153 154 155 156 157 158 160 161 163 169 170 171 172 176 183 185 186 188 192 193 195 196 197 198 200
210 30 34 35 41 47 50 52 55 56 60 61 66 68 71 72 73 86 89 90 91 95 99 102 104 108 109 112 114 119 123 124 125 126 129 131 134 138 143 147 148 150 151 158 162 165 167 168 172 180 184 186 187 188 190 193 199
270 34 40 41 46 49 50 51 58 62 63 64 65 66 71 74 77 79 80 87 92 95 97 101 102 104 105 109 110 111 114 117 119 122 123 124 126 127 128 131 132 135 136 138 139 140 141 142 145 148 157 160 161 163 165 167 168 170 172 174 175 176 180 183 184 190 191 193 195 200
276 32 34 35 36 38 41 43 47 48 50 51 54 55 56 57 58 60 65 70 71 72 78 86 89 90 92 94 98 99 102 103 109 112 113 115 117 124 126 127 131 132 134 136 139 140 142 148 149 150 151 154 155 158 159 161 164 166 168 170 175 176 177 184 185 188 190 192 193 196 198 199
211 32 34 36 37 41 47 48 49 50 51 55 57 58 60 62 63 64 66 68 69 70 71 73 74 76 78 80 81 83 86 87 88 89 90 93 95 98 99 106 107 108 110 113 114 116 122 127 129 130 132 134 138 142 143 145 146 149 153 156 157 159 160 165 169 170 171 172 173 175 176 179 182 186 194 199 200
262 35 36 37 39 40 41 46 47 52 53 55 57 58 59 60 62 65 66 67 68 71 72 74 77 78 80 81 90 91 93 98 100 101 102 104 107 109 110 111 115 121 123 127 128 129 133 135 137 138 141 142 144 148 159 162 164 165 166 172 175 176 178 181 182 183 185 187 192 193 200
300 34 36 40 41 42 43 44 51 52 53 55 58 59 60 61 65 69 70 71 75 76 81 82 83 85 87 90 91 92 94 96 97 99 101 102 104 111 116 117 119 120 122 124 127 131 134 136 140 147 153 155 157 158 160 162 165 174 175 176 185 187 190 191 195 197 198 199
203 36 37 40 41 45 47 51 53 54 57 59 62 70 72 74 75 81 85 86 89 90 91 92 93 95 102 105 110 111 115 117 118 119 122 123 126 127 128 129 131 135 137 142 146 147 148 149 151 152 154 157 161 162 163 164 167 169 170 178 184 187 190 191 194 195 197 199
281 37 42 45 46 48 53 54 55 58 59 60 63 66 70 72 73 74 78 79 81 84 92 93 96 97 98 103 104 106 108 112 116 118 119 120 122 124 127 128 130 131 133 137 138 141 143 144 145 147 149 150 151 156 157 158 159 162 163 164 167 170 173 174 175 177 178 179 180 186 189 193 195 200
261 37 46 50 52 55 56 57 63 64 70 72 74 76 78 79 80 81 85 87 89 94 95 96 97 99 100 103 104 105 106 108 110 111 113 114 122 123 126 127 128 130 131 132 136 137 141 142 143 151 154 155 158 161 165 167 168 169 174 175 179 181 182 184 186 187 190 192 194 195 199 200
233 38 39 40 41 42 45 47 49 52 53 54 56 57 65 67 68 70 75 80 81 82 83 85 86 90 91 95 96 97 98 100 102 107 108 109 110 113 116 117 118 120 121 125 126 127 130 136 137 138 139 146 150 152 154 160 162 163 164 168 170 174 175 181 184 186 187 188 189 193 195 198 199 200
228 45 48 52 55 58 62 67 70 71 73 77 78 80 88 89 92 93 95 99 104 106 107 109 111 113 114 116 123 125 128 131 133 134 135 138 140 142 143 145 147 151 152 154 155 159 162 163 165 168 175 179 182 183 186 187 188 190 191 193 195 199 200
282 40 42 49 51 53 54 57 62 63 69 72 79 81 85 86 91 97 98 99 100 103 104 106 108 109 110 112 113 116 117 118 122 126 128 133 134 140 143 144 147 148 151 152 160 162 163 164 166 167 168 169 170 171 172 174 175 177 180 181 182 183 184 190 194 195 196 197
242 41 42 44 46 48 51 55 59 64 66 67 68 69 71 73 75 76 78 79 80 84 85 87 90 91 92 93 99 101 106 109 115 116 118 120 121 125 126 129 131 137 138 139 140 141 142 144 146 149 150 153 157 159 164 166 168 173 176 180 187 191 192 195 197 198 199 200
200 42 43 46 49 50 56 57 59 61 63 64 65 70 71 74 75 76 78 80 84 85 86 87 90 94 95 97 100 102 104 106 109 114 115 120 121 123 126 128 130 134 137 143 146 147 150 151 153 154 157 158 159 161 162 166 168 171 175 177 184 194 196 197 198
292 43 45 47 51 52 53 55 57 60 61 62 63 65 72 77 83 85 86 88 89 92 100 104 106 108 115 117 127 128 131 133 135 136 142 149 150 153 155 156 158 166 167 172 173 174 177 182 188 189 190 191 194
224 51 55 56 62 63 64 70 74 75 76 79 80 81 82 84 86 100 102 103 104 105 108 109 111 113 118 124 127 128 129 130 133 134 136 138 140 144 147 148 149 151 156 157 159 166 167 169 170 171 174 178 180 181 185 188 192 194 195 196 200
277 45 50 51 53 54 58 61 65 68 74 75 76 79 86 87 88 90 94 95 96 97 98 101 102 105 107 109 111 112 113 114 115 117 123 124 125 127 129 130 133 136 137 140 142 146 150 151 153 158 159 160 161 164 167 168 171 173 174 176 178 179 180 183 185 186 187 192 196 197 199 200
202 48 51 54 55 56 59 60 62 63 64 65 66 67 68 71 72 76 79 80 81 83 86 87 89 95 97 98 100 101 102 103 104 107 109 110 111 112 114 115 132 133 134 136 139 140 143 144 148 150 153 155 158 159 160 161 162 163 164 168 169 170 171 174 175 176 178 180 181 183 184 188 189 191 192 196 199
232 50 53 54 55 57 59 60 61 62 63 66 69 70 71 72 73 74 75 81 88 89 90 92 94 98 99 100 107 110 112 113 115 122 123 129 130 136 141 149 150 152 154 159 161 162 165 167 168 169 171 175 176 181 183 184 185 186 188 191 192 194 200
243 48 49 51 53 55 61 67 68 72 73 78 80 81 87 88 91 93 96 101 102 103 104 106 107 111 112 113 114 116 117 118 124 131 132 133 136 140 142 143 146 151 158 160 161 162 165 166 169 171 178 183 184 187 193 194
238 49 50 61 62 63 65 66 70 71 74 79 82 84 85 88 91 93 95 96 100 106 108 109 110 114 115 117 118 120 121 126 128 132 133 134 136 138 139 141 142 144 145 151 153 157 162 168 171 172 173 175 176 178 179 184 187 191 193 198 200
212 54 60 62 63 64 65 68 72 74 75 76 79 80 84 91 93 101 102 103 104 105 106 107 112 113 114 121 124 132 134 136 138 143 152 154 155 156 157 160 161 162 164 165 167 168 169 171 176 179 182 183 184 185 186 189 195
236 53 54 56 58 59 60 62 68 70 75 77 78 81 82 84 85 89 94 98 99 101 102 104 107 115 116 117 119 121 123 125 126 128 129 130 135 139 140 142 143 144 146 150 153 160 161 162 163 164 166 168 169 171 172 173 177 179 181 182 185 188 193 196 199
296 53 55 59 62 63 70 76 81 85 89 93 94 95 97 98 101 103 104 106 108 110 112 113 116 117 119 120 123 124 126 127 133 134 135 136 137 138 140 142 145 149 152 155 159 161 163 164 170 171 172 173 174 175 178 179 182 184 186 187 189 190 193 195 196
219 53 55 56 57 60 63 64 65 67 72 73 75 78 84 87 88 91 93 94 95 99 100 101 105 107 108 112 115 116 119 120 122 123 124 125 128 129 131 133 135 136 137 140 148 151 152 155 158 160 165 169 172 173 177 181 183 186 187 188 192 193 200
242 56 60 61 62 63 64 65 66 67 70 75 80 82 83 84 85 87 88 89 90 91 95 100 101 102 103 104 105 106 108 111 112 114 116 122 123 124 127 128 132 133 137 139 142 146 151 153 155 156 159 164 166 167 168 169 174 175 176 177 183 184 185 187 188 190 193 197 198 199
289 56 58 59 60 62 70 74 80 81 83 86 88 92 94 95 96 97 98 99 100 101 106 107 108 111 113 114 115 117 119 122 123 124 125 127 129 132 133 138 140 141 144 145 147 148 149 151 155 156 164 171 174 175 177 178 182 183 185 186 187 193 194 197 198 199 200
291 57 61 65 69 70 73 74 75 76 78 80 81 83 88 89 91 97 98 99 102 105 107 112 114 119 120 123 124 126 130 137 138 144 145 146 147 149 150 151 153 159 160 161 163 164 165 166 167 170 175 177 178 182 183 185 186 192 193 195 198 199
289 59 60 61 62 69 70 72 77 80 84 85 93 94 95 103 110 112 114 119 122 127 129 130 132 135 137 138 139 140 141 144 146 147 149 150 158 159 162 165 167 168 172 175 176 177 178 179 180 185 190
220 59 66 68 82 88 90 93 99 102 103 106 107 112 116 120 125 130 135 140 141 144 145 147 149 162 166 167 168 169 173 174 176 177 180 181 184 185 186 190 198 200
201 59 60 64 66 67 68 71 72 76 79 82 83 84 93 94 97 98 99 100 101 103 105 106 107 110 113 118 120 121 122 124 125 126 131 133 135 139 140 143 148 156 157 158 159 160 163 166 168 173 175 178 180 184 185 187 189 192 196 197 199
257 60 64 77 78 82 88 90 92 96 98 99 114 116 118 119 121 124 126 128 130 134 136 137 142 144 145 147 149 150 152 155 159 161 163 164 167 169 170 172 173 175 176 179 180 183 184 188 193 194 198 200
201 69 73 76 77 82 84 86 88 91 93 100 102 103 104 105 109 112 113 118 120 140 149 150 158 159 160 163 164 165 166 167 171 172 176 180 186 196 199 200
212 62 63 66 67 68 71 79 80 87 88 90 91 93 94 97 99 100 101 104 111 113 114 117 118 119 122 124 126 131 134 135 138 139 141 143 147 151 158 161 163 165 167 169 171 173 174 176 178 180 189 190 191 196 199
283 64 66 69 71 78 84 86 88 91 96 100 102 103 106 110 111 119 120 121 123 124 126 135 136 138 142 145 147 152 157 158 159 162 164 169 170 171 172 174 180 181 184 185 187 188 191 192 193 194 196
235 67 68 69 80 81 82 83 88 90 91 93 94 96 97 101 105 107 109 112 113 114 115 117 118 120 127 128 137 139 140 141 146 147 150 152 154 155 157 158 161 162 166 170 173 174 175 176 177 183 187 190 197 200
234 68 70 71 75 77 80 82 85 88 89 90 91 93 94 97 99 104 109 112 114 115 117 119 120 126 127 128 129 130 131 133 134 135 137 138 139 140 141 142 143 144 145 150 152 154 155 158 159 160 168 170 171 173 177 180 184 185 188 190 194 195 197 200
219 67 68 69 72 74 77 81 84 85 88 89 92 94 98 105 110 114 116 122 126 128 131 133 136 139 140 143 145 151 154 156 157 160 162 166 170 171 172 175 177 179 181 182 186 190 191 195
264 67 69 72 73 79 81 82 83 84 89 90 95 98 99 103 104 105 106 107 109 110 111 114 116 117 119 120 121 126 128 131 143 145 146 147 149 150 151 154 157 158 164 165 169 173 176 178 179 183 188 189 192 193 195
270 68 70 71 73 80 83 84 85 88 89 90 99 101 102 106 107 108 110 112 113 116 124 127 129 130 135 139 142 143 146 148 151 154 155 158 160 161 163 164 165 167 168 176 180 182 183 184 188 191 193 194 195 197 198 199
293 71 72 76 77 78 80 84 89 91 97 101 102 104 107 115 118 124 125 126 128 130 133 137 141 142 143 145 146 147 148 149 151 152 153 158 159 162 163 164 168 169 172 173 178 180 183 185 187 189 197 198
218 72 73 74 76 78 82 85 90 93 95 98 101 104 106 108 111 115 119 120 122 123 125 127 129 134 135 136 137 138 139 141 143 146 148 149 150 153 154 159 163 165 167 168 171 174 175 176 177 178 189 197 198 200
277 77 80 81 82 90 93 94 98 100 103 108 109 111 112 117 118 121 122 124 125 127 131 134 135 137 139 140 141 142 147 157 158 161 162 163 164 170 171 177 179 180 184 185 187 188 189 196 199
223 72 73 74 75 82 84 86 87 90 92 96 98 101 103 107 109 113 114 115 118 121 127 129 132 134 136 137 138 142 151 152 158 159 160 165 171 172 174 177 181 182 183 184 187 188 190 191 192 194 195 197 198 199 200
286 75 77 80 82 84 85 86 88 90 93 96 100 101 103 104 107 108 115 116 119 122 123 125 127 128 130 131 133 138 140 143 150 151 156 159 161 165 168 169 173 179 180 181 185 186 193 194 196 197 200
202 74 78 81 82 89 91 95 97 99 101 103 104 106 107 108 109 111 112 114 115 116 118 119 120 121 128 129 131 142 145 146 147 151 153 154 155 156 157 158 162 163 164 165 167 169 174 175 178 180 182 188 193 194 197 198 199
247 75 76 79 82 84 85 87 88 92 100 104 105 106 108 109 110 113 115 118 121 122 125 128 130 134 141 142 143 145 149 150 152 159 161 166 167 169 170 176 177 179 180 181 189 190 191 193 196
205 78 83 88 91 94 97 99 101 104 105 107 112 114 115 116 117 121 122 123 127 131 133 134 135 137 140 144 146 148 153 156 158 160 161 166 168 170 171 172 176 179 183 184 187 193 195 197 199 200
277 82 85 98 99 101 102 103 106 110 111 120 121 122 128 132 134 135 137 139 153 154 156 158 162 165 166 167 169 171 173 174 177 178 183 185 188 193 200
293 78 82 84 86 89 90 91 92 96 98 101 102 103 107 108 111 114 117 118 119 124 125 131 132 134 146 149 155 157 159 160 163 164 166 169 170 173 178 180 181 184 187 188 189 191 195 197 199
298 87 89 93 95 96 98 99 100 105 109 111 114 115 120 122 123 126 128 129 132 133 139 142 144 148 149 150 151 156 161 162 168 170 171 172 177 179 182 186 187 193 195 198 199
297 81 83 84 86 87 90 93 97 98 99 100 105 107 109 112 113 114 117 118 120 121 122 125 127 132 134 137 140 143 144 148 150 151 153 154 155 160 164 165 167 168 169 172 173 175 176 178 179 180 183 185 186 188 192 193 195 196 198 200
228 82 85 86 87 88 95 96 98 99 100 102 103 104 105 106 108 111 112 119 121 124 126 130 131 132 138 142 147 148 149 151 153 155 157 162 166 167 169 171 173 175 180 182 184 185 187 188 192 193 195 196
270 82 87 88 89 91 94 95 98 100 102 105 106 112 113 116 117 119 121 126 128 130 134 141 143 144 145 146 147 148 153 156 157 159 160 164 166 170 172 173 175 176 179 180 183 184 185 186 188 189 190 195 197 200
238 86 89 95 101 105 111 112 114 116 118 127 128 129 131 132 135 137 141 143 146 147 149 151 156 160 161 162 163 167 169 178 182 183 187 189 190 192 197 200
248 84 98 99 102 106 108 109 112 113 114 124 126 128 133 137 138 139 140 143 146 148 149 150 151 153 154 155 157 158 164 165 167 169 171 172 176 177 178 180 182 183 192 193 194 199 200
206 94 97 98 101 105 107 108 112 113 114 118 119 120 121 129 131 141 143 146 147 149 150 152 153 154 157 159 162 163 167 168 171 174 175 176 177 180 181 190 192 193 195 200
265 86 90 98 104 105 106 108 110 111 112 115 118 121 123 124 127 132 135 138 139 141 143 144 145 147 148 151 154 156 162 163 166 168 172 174 175 176 178 180 181 182 183 184 186 187 188 196 200
261 88 89 90 91 95 97 98 100 103 106 108 112 113 114 115 117 118 121 126 127 129 132 133 134 139 142 144 145 146 147 148 151 155 157 159 161 162 163 164 165 168 169 170 171 172 174 176 178 182 183 185 187 191 192 195 198 199
268 90 91 93 94 95 96 98 100 103 104 108 110 111 113 114 119 125 127 128 130 132 133 136 137 138 139 140 144 146 147 157 158 161 162 165 166 169 170 175 176 183 184 187 188 190 191 192 196 200
212 89 90 93 95 98 102 103 104 105 108 109 110 115 120 124 125 127 130 131 132 133 138 139 141 143 144 145 151 152 153 155 156 158 160 162 163 164 167 169 170 185 188 193 195 196
270 92 94 96 105 106 108 109 110 112 113 114 118 120 121 125 127 128 131 135 136 137 139 142 145 146 148 149 150 157 161 166 170 171 174 175 179 182 185 187 190 191 192 195 197 198 200
290 92 94 101 102 103 107 108 110 112 114 115 119 121 125 127 132 133 135 136 141 142 143 149 152 154 156 159 160 161 162 163 164 165 166 167 168 169 170 172 174 175 176 177 178 179 180 182 184 185 188 192 195 199
256 93 95 99 102 104 105 108 112 113 121 124 126 127 128 129 132 136 140 143 144 145 148 149 155 160 162 163 165 166 167 175 180 182 183 189 192 193 194 198
223 94 102 103 105 108 109 110 111 115 116 120 121 122 123 124 125 130 135 139 143 145 146 148 153 154 156 157 159 160 161 165 166 169 172 175 179 180 183 184 186 188 191 193 195 196 197
260 94 98 99 102 105 110 114 115 117 119 123 125 126 131 132 133 134 139 140 143 144 146 147 152 154 157 162 164 177 184 189 191 192 197 199 200
214 97 100 102 103 107 108 109 112 113 115 117 129 135 136 138 141 143 144 146 155 160 162 163 165 166 167 169 171 172 180 181 186 189 190 191 192 193 195 198 199
244 97 99 102 103 105 108 109 111 114 115 118 120 121 122 130 133 137 138 139 141 142 145 149 150 153 164 165 166 168 169 171 173 175 179 180 185 188 189 194 197
245 97 98 100 101 102 104 107 108 111 113 114 115 117 118 120 123 125 126 127 131 133 137 138 143 145 147 155 156 157 159 160 161 170 173 175 176 184 185 191 192 194 195 199
215 99 100 101 102 103 104 108 109 110 115 118 119 121 122 123 125 127 128 129 132 134 135 139 143 144 148 149 150 153 154 155 157 160 161 163 168 169 172 175 177 179 181 185 186 195 197 198 199
219 99 106 108 112 113 116 117 118 121 124 126 132 134 136 139 140 145 146 147 152 153 154 156 158 159 160 163 164 165 172 178 179 181 188 189 191 192 193 196 199
217 102 103 105 106 113 117 119 122 123 124 128 130 133 134 154 157 162 163 166 167 168 170 171 172 174 176 185 189 198
249 101 102 103 104 106 107 112 114 116 122 128 129 130 134 135 138 139 140 141 142 144 153 154 155 159 162 165 167 169 172 178 179 183 184 188 189 192 193 200
289 103 106 109 111 112 113 115 117 118 119 123 126 128 129 131 132 139 140 142 143 146 148 151 157 158 160 162 163 164 165 173 174 178 180 182 183 191 193 196 197 198 200
259 104 105 108 109 112 114 117 118 123 124 128 132 136 141 146 148 149 152 153 155 157 159 160 163 167 168 169 180 182 183 188 189 191 192 193
288 104 107 109 114 120 123 134 135 137 142 143 144 147 148 149 151 154 155 157 159 162 163 166 168 170 173 175 176 178 181 183 184 185 187 189 191 193 196 197 198 199 200
257 105 106 112 117 118 121 123 126 130 131 134 138 140 142 143 145 146 147 150 151 153 156 158 159 160 161 164 166 168 169 171 177 183 184 187 189 190 191 192 197 198 200
271 108 109 111 114 116 117 119 120 121 122 126 127 129 136 139 140 141 146 147 148 151 152 154 157 159 161 165 166 168 172 174 175 177 179 186 195 196 197 198
214 107 110 111 118 122 123 134 137 141 142 145 146 151 152 156 158 160 161 167 169 171 176 178 181 184 187 188 191 196 197 199 200
222 110 111 114 116 119 123 128 131 136 139 141 142 144 148 151 153 154 156 160 162 170 178 179 180 181 185 190 191 192 193 195 196 199
253 110 114 115 118 119 120 121 123 125 131 133 135 137 141 142 144 152 153 154 158 159 160 161 164 166 169 171 173 175 176 177 178 180 182 183 185 186 187 188 190 192 194 195 197 199
274 111 112 113 116 117 119 120 122 126 127 128 130 134 135 136 138 146 148 151 155 156 157 160 161 164 165 166 171 172 178 181 184 185 188 192 193 196 197 200
260 116 121 126 129 133 135 141 144 145 148 149 150 151 153 154 162 163 165 166 169 170 171 176 178 180 181 182 187 188 189 190 192 193 194 196 197 198 199
255 112 113 114 115 117 118 120 121 123 125 131 132 134 140 143 149 152 155 158 160 161 166 172 174 177 180 183 185 186 188 189 190 192 194 195 199
278 122 125 128 132 135 139 141 143 147 149 150 156 159 160 172 173 176 177 181 182 185 190 194 197 198 199
290 114 115 118 119 120 121 126 128 129 131 136 138 142 144 149 151 155 163 165 167 168 172 174 175 176 177 178 182 187 190 194 197 198
265 119 124 128 133 134 136 138 149 151 155 156 158 159 160 162 163 165 167 168 169 172 175 178 181 183 186 187 189 193 195 200
269 116 117 118 120 121 122 123 124 126 127 129 130 131 134 137 138 146 155 158 160 165 167 168 174 175 182 183 188 192 193 198
210 118 122 123 124 126 132 133 135 137 139 140 141 144 146 148 153 155 156 158 160 161 173 174 175 177 178 179 180 181 183 184 186 187 189 190 192 195 197 198 200
278 118 129 130 132 135 142 148 152 153 161 162 164 167 168 170 173 181 184 185 187 188 189 198
224 123 125 126 127 133 135 136 137 138 140 142 143 144 146 148 152 154 155 156 159 161 162 163 167 168 172 173 174 179 181 183 186 189 191 192 195 200
214 120 123 124 125 126 130 134 137 142 150 151 153 155 156 157 161 162 166 170 172 173 174 176 178 179 180 184 190 193 196 197
267 122 124 126 128 129 130 136 138 139 140 144 145 146 149 151 154 157 159 160 164 166 167 171 174 178 179 181 186 187 190 192 196 197 199 200
249 122 123 125 127 129 130 131 133 134 135 142 143 145 146 147 149 151 157 164 170 171 172 173 175 178 179 181 184 188 191 192 194 196
275 132 134 135 136 138 139 140 141 145 150 151 152 154 160 167 171 172 175 177 182 183 185 195 196 198
220 125 126 128 129 130 136 138 142 143 147 148 153 158 159 164 165 168 173 174 176 181 183 184 186 187 189 193 194
214 125 130 140 141 143 144 145 146 153 154 157 159 165 166 167 168 173 179 180 184 185 186 187 190 192 193 195 199 200
246 127 129 130 133 134 136 137 138 139 142 144 145 150 152 154 155 156 158 166 173 174 175 181 182 185 187 188 189 191 194 198 199
243 127 135 137 140 143 147 151 153 157 160 162 172 176 177 178 179 189 195 197 200
291 128 131 137 139 141 142 145 146 148 149 151 157 159 160 165 167 168 169 174 176 177 179 180 182 186 189 192 196 197 199
250 132 133 135 138 139 140 142 148 149 150 152 155 157 159 160 163 167 173 175 176 180 181 183 189 190 199
215 131 135 136 138 139 140 141 145 146 149 150 151 153 155 156 159 160 161 164 165 167 171 177 179 183 184 188 189 193 197
297 134 140 142 149 151 153 155 157 163 165 166 169 170 175 176 179 181 183 184 189 190 191 192 196 198 200
205 133 136 138 139 141 143 145 148 149 152 153 154 156 160 161 162 171 173 175 176 177 181 182 183 184 194 195 198 200
290 133 135 136 138 141 143 144 145 146 149 152 156 160 166 168 177 178 179 182 184 186 187 199
240 134 136 137 138 139 140 141 143 146 151 155 157 161 166 175 176 178 179 180 182 183 185 187 193 196 199 200
290 136 137 139 140 141 142 144 146 147 153 154 163 172 173 175 180 181 183 184 186 187 188 189 190 191 192 193 197 198 200
207 142 146 149 153 156 158 169 170 173 174 175 176 179 182 185 190 192 195 196 197 199
211 140 142 143 144 148 150 152 157 158 159 160 161 163 165 172 173 174 175 177 180 181 182 184 185 188 190 193 194 196 198 199
279 140 149 154 156 157 161 164 167 168 169 173 175 178 183 185 191 192 193 198 199 200
223 140 146 147 152 155 159 162 163 164 168 169 170 179 182 185 187 188 189 193 195 197 198 199
225 141 143 144 145 147 148 149 150 154 155 156 157 158 159 161 162 166 167 174 176 177 181 182 188 193 198
272 145 147 148 149 157 160 161 166 168 169 170 172 174 176 178 179 183 185 186 188 190 191 198 200
283 143 144 145 147 149 156 158 159 161 162 164 166 167 168 170 171 172 188 191 192 193 195 198 199
286 147 157 159 163 164 166 167 168 170 177 178 180 185 189 190 193 195 197 200
240 144 147 148 151 153 155 163 165 166 169 173 174 175 177 184 185 186 187 192 195 197 199 200
247 146 148 153 155 156 157 162 165 166 168 171 172 185 187 188 189 191 194 198 199 200
242 148 149 155 157 158 160 163 164 167 168 170 173 177 179 180 183 186 187 188 189 190 192 195 196 198
251 149 152 154 157 159 164 165 167 172 174 179 182 183 184 185 188 191 192 194 196 198
256 148 150 151 152 154 155 156 164 168 169 170 171 172 173 175 180 181 184 186 192 193 194 197 198
242 151 152 153 156 157 159 164 165 169 171 175 177 179 180 181 182 183 184 186 187 188 190 192 193 195 198 199
213 150 155 156 157 158 163 165 166 167 169 172 174 175 176 179 184 185 186 190 192 194 197 199 200
263 152 154 156 159 160 164 166 173 175 178 181 184 186 187 189 191 193 194 198 199
205 155 156 157 158 163 164 167 173 177 180 181 182 183 185 188 193 194 196 198
272 153 155 158 160 162 168 171 174 179 180 181 185 186 187 188 189 190 193 197 200
287 156 158 161 163 164 165 166 169 170 179 184 191 192 197 200
245 161 162 163 164 165 166 169 170 171 174 175 176 188 193 198 200
248 156 159 160 161 162 165 166 167 169 170 172 176 177 178 180 182 184 185 188 189 198 200
208 158 160 162 164 172 176 179 181 184 186 187 190 191 192 194
241 165 166 167 168 169 171 172 174 176 179 190 193 194 199
250 161 165 173 174 175 176 178 180 181 182 184 185 189 192 194 195 197
291 161 163 164 166 167 172 173 174 180 186 187 191 194 198 199
281 162 163 165 166 168 169 171 172 173 175 177 186 190 191 193 196 197 200
293 162 164 166 167 171 174 175 179 180 181 184 185 186 188 190 191 192 193 194 196 198 200
243 163 164 166 170 172 174 177 178 180 181 183 184 185 188 189 190 193 194 195 199
212 165 167 168 170 173 175 176 178 181 184 185 187 191 192 193 195 196
233 169 170 171 173 174 179 180 181 183 186 188 193 195 196 197 200
257 167 169 170 173 175 176 177 178 179 182 184 185 186 192 193 197 200
275 168 171 176 177 180 181 182 184 188 191 192 194 196 197 198 199
287 168 170 171 175 179 181 183 184 186 190 198
235 169 173 180 188 190 192 193 196
230 170 171 173 180 185 186 187 192 195 196 200
277 174 178 181 182 183 184 186 188 191 192 193 194 195 197 198 199
239 173 174 179 181 183 185 186 187 188 190 192 193 195 197
288 174 176 178 180 183 185 188 189 196 197 198
262 175 176 177 178 180 184 186 187 198 199
277 175 181 183 184 186 188 189 191 192 194 196 197 200
278 176 179 181 183 184 185 188 191 193 194 195
283 180 181 184 191 192 199
222 180 182 184 187 188 191 194 195
216 179 181 186 187 190 191 194 196 197 198 200
293 180 181 184 186 188 191 192 193 195 196 197 199
261 183 191 192 193 194 197 200
218 189 190 196 200
228 183 188 192 194 196 197 198
230 184 188 189 191 193 195 197 199
253 190 195 199 200
235 194 195
280 191 192 193 198
281 189 190 193
215 191 194 198 199 200
212 190 192 193 197 198
256 197 198 200
236 192 194 198 200
216 197 200
224 194 195 196
253 197 199
253 196 198 200
205 197
283 200
237 199 200
204
237
