100	5	200	1
0	28	22
0	38	17
0	34	16
0	21	21
0	24	24
48 4 7 11 12 14 15 16 17 20 21 22 24 28 29 31 36 40 45 47 48 51 52 60 62 68 69 74 75 77 79 81 82 84 86 89 94 95 97
59 8 9 12 16 18 19 21 22 25 29 31 35 36 40 41 44 46 47 49 52 55 56 58 59 60 62 64 65 70 74 76 82 83 85 92 93 97 98 99 100
50 4 5 10 11 12 14 16 17 19 24 25 26 27 30 33 34 35 39 40 41 42 45 47 57 62 66 70 73 74 75 76 79 80 81 82 85 87 90 91 92 93 95 97 98 100
51 7 8 11 12 13 16 17 18 21 24 26 27 31 32 33 34 36 38 39 41 42 43 45 48 49 54 56 57 58 61 63 64 66 67 68 69 72 73 75 77 80 83 84 87 94 97 99
57 7 12 15 16 20 22 23 26 30 33 34 35 36 39 44 45 46 47 49 52 55 61 63 64 67 68 70 72 74 75 76 77 79 88 90 91 94 96 98 99
42 9 15 17 18 20 21 22 25 26 27 28 30 37 38 44 55 56 57 59 61 65 68 69 75 80 81 85 86 88 95 97
59 9 11 13 14 16 17 18 19 25 26 28 32 36 39 41 42 43 44 45 46 47 49 50 54 58 59 62 64 65 67 70 71 72 73 75 77 78 79 80 81 87 89 93 94
46 15 16 19 21 22 23 25 28 33 34 38 39 41 47 51 55 62 63 64 65 70 79 85 88 91 92 93 94 98 100
42 14 16 19 23 28 29 30 31 36 44 51 52 54 62 65 72 73 79 85 87 91 93 95 96 98
44 12 16 23 24 27 29 34 35 36 38 40 41 42 44 49 53 58 59 63 64 65 68 70 74 75 76 77 79 82 87 88 89 90 91 94 96 98 99
57 12 13 14 15 16 18 20 21 24 26 29 30 34 36 41 42 49 50 51 52 53 55 59 63 72 76 77 78 82 83 86 89 93 96 97 98 99
55 14 16 17 18 19 21 22 25 26 27 28 33 35 38 39 40 41 44 46 47 48 49 50 53 58 59 60 63 64 65 67 68 69 73 75 76 82 84 87 89 91 92 93 94 95
44 14 19 23 24 26 27 33 34 40 42 43 47 52 54 57 58 67 69 70 71 76 80 85 87 88 90 94 98
40 20 26 29 30 32 34 35 43 47 51 52 54 55 65 71 73 84 85 86 87 89 91 93 97 99
60 20 23 24 26 28 33 41 44 47 49 50 51 52 53 54 55 56 61 67 69 71 76 78 79 82 85 87 89 91 93 94 95 97 98 100
59 17 22 24 27 29 34 40 41 42 43 51 55 65 66 67 70 74 75 77 78 83 85 86 87 90 92 93 94 96 98
46 18 19 20 21 26 27 29 30 37 39 40 41 44 45 46 48 52 54 58 60 62 63 65 69 70 74 78 83 86 94
40 20 22 24 28 30 32 33 35 36 39 40 41 42 43 48 49 51 56 57 60 63 64 65 66 71 76 78 83 84 86 87 88 89 91 92 95 96 100
56 23 24 27 29 30 34 35 38 41 43 44 45 46 47 50 53 55 56 57 59 62 63 67 73 76 78 80 85 89 90 92 93 94 97 100
45 21 23 24 26 28 30 31 33 37 39 41 43 45 46 49 50 51 52 55 60 63 66 70 71 75 77 82 84 85 87 89 90 91 92 96 97 98 100
59 23 25 26 27 28 30 31 32 37 40 41 42 43 56 59 61 62 64 69 72 75 76 77 79 83 86 87 88 91 92 94 95 96 97 99
55 25 27 32 33 39 46 47 54 55 58 59 62 63 65 69 70 71 73 80 82 85 86 87 90 93 95 96 99
57 30 31 34 39 40 42 43 44 49 50 52 53 54 55 57 59 62 64 65 70 73 74 75 80 87 88 92 94 95 100
50 25 26 27 32 35 37 45 46 47 51 54 56 58 62 65 69 73 75 76 78 82 83 87 90 94 96 98 99
44 27 32 36 38 41 44 49 50 51 54 56 57 60 65 67 68 71 73 74 79 80 82 88 89 91 94 97 99
49 28 30 34 44 45 46 61 63 67 70 72 75 76 78 79 84 91 92 96 99
46 31 32 33 34 36 37 38 39 44 46 47 49 53 58 59 60 61 62 63 64 67 68 70 71 74 75 77 80 86 87 94 95 99 100
41 32 35 36 37 39 43 52 53 55 58 59 62 66 69 70 73 78 80 82 83 84 88 91 95 99
41 32 36 38 40 41 44 46 49 52 54 56 57 58 62 63 64 66 67 69 77 80 81 82 83 91 93 95 96 98 99 100
46 33 35 38 39 40 41 42 43 47 50 51 54 58 63 64 67 72 75 76 79 85 87 88 92 94 95 100
40 36 39 40 42 45 48 50 52 53 57 58 64 66 67 69 72 75 78 82 85 86 88 89 90 92 93 94 95 96 100
51 37 38 40 44 45 46 47 48 52 56 58 61 62 65 73 78 80 85 86 87 88 94 95 97 99 100
50 34 38 39 40 41 42 44 45 47 48 50 51 52 53 54 55 56 63 66 67 69 73 77 78 80 82 87 88 90 91 92 94 95 100
41 39 40 41 42 43 45 46 50 51 52 54 59 61 66 68 70 72 80 82 84 91 92 93 94 96 98
59 38 40 42 44 46 47 53 55 57 61 63 65 66 68 69 73 76 77 80 81 82 85 86 88 91 92 96 97 98 100
43 37 40 41 46 47 54 57 58 61 64 65 68 69 70 72 77 79 82 88 91 92 93 96 99 100
42 39 41 44 45 46 48 52 56 57 58 60 62 64 65 66 68 71 72 73 76 78 81 82 84 89 91 96 98 100
46 40 43 44 45 48 52 53 54 55 58 60 63 68 71 72 73 74 79 80 83 86 89 90 94 96 97 98
50 40 41 45 50 56 57 58 61 64 66 72 75 76 79 81 83 87 88 91 93 94 95 96
44 42 47 48 51 53 58 61 65 68 69 73 74 75 76 79 84 87 88 89 91 93 94 96 99
57 42 47 48 53 54 56 58 60 62 63 65 69 76 77 79 80 81 86 88 90 91 92 95
43 46 51 52 53 54 58 59 60 62 65 67 68 73 74 77 78 85 86 87 88 89 93 96 97 99 100
56 47 49 60 67 68 71 72 80 81 82 84 85 87 88 92 93 95 96 99 100
57 45 47 50 52 53 54 55 63 64 65 71 72 75 77 81 82 90 91 100
43 49 52 55 57 62 70 74 77 82 86 87 88 90 92 93 95 96 98
58 47 49 50 51 53 55 56 61 63 65 68 69 73 74 78 79 80 81 86 93 94 99
56 50 51 55 56 58 59 60 63 64 65 69 70 72 73 75 78 79 82 86 92 93 97 99
42 49 53 55 60 63 64 66 67 72 73 74 76 77 79 81 85 87 88 91 96 97 98 99
59 51 52 54 59 61 70 73 78 79 85 86 87 90 92 93 94 95 100
46 51 54 57 58 63 64 67 68 70 74 76 79 82 86 90 95 98 99 100
43 52 53 54 55 56 58 61 69 70 71 75 77 80 82 87 90 91 92 95
43 54 55 57 60 61 64 65 66 69 70 74 75 76 78 80 82 84 85 89 91 94 96 97 99
42 54 56 58 60 62 66 70 72 74 76 79 82 83 92 94 96 98 99 100
51 55 56 58 59 63 65 67 73 74 75 76 79 81 82 83 84 85 91 95 97 98
51 56 57 59 61 63 64 65 67 71 72 73 74 75 76 77 81 82 85 87 88 90 91 93 96 97 100
53 57 61 63 64 68 70 72 78 80 81 86 87 90 92 93 94 95 96 98 99 100
49 64 65 68 72 81 83 85 87 89 93 94 95 96
51 59 61 64 66 67 69 70 75 78 85 86 95 97 99
57 61 62 64 68 69 70 76 77 79 82 84 88 89 93 94 97 98
50 63 67 68 71 73 74 76 77 78 80 85 96 99 100
54 67 70 74 76 78 79 80 83 84 85 86 87 88 90 96 99
60 65 69 79 80 81 83 84 89 90 95 96 98
50 64 65 66 67 69 71 74 76 79 81 84 85 87 92 93 96 98
43 66 68 70 72 73 75 76 77 79 81 83 84 85 89 92 94 97 98 99 100
42 66 67 70 74 77 78 80 82 85 87 90 98 99
42 68 70 87 88 93 98 100
56 68 70 73 77 78 79 80 81 83 86 87 89 91 92 95 97 100
55 70 73 77 79 81 84 88 90 91 94 96 98 100
41 73 74 79 80 93 97 98 100
42 71 72 73 76 78 80 81 84 86 88 89 96 98 99
46 72 73 76 78 79 82 86 89 91 95 100
45 73 74 75 76 77 82 84 85 90 91 93 94 96
41 74 76 77 81 82 86 87 88 93 94 96
46 75 81 83 86 87 88 90 92 93 95 96 97 98
58 77 80 82 87 88 91 93 100
45 77 89 90 93 95 96 98 100
55 83 84 88 90 91 92 93 94 97 100
46 79 80 87 88 89 90 91 92 95 97 100
44 81 84 89 92 94 95 96 97 98
44 81 83 84 85 87 88 93 95 96 97 99
60 82 83 84 95 96 98 99 100
48 83 84 88 89 90 91 93 97 98 99
47 85 88 89 90 91 92 93 96 99
54 86 88 90 93 97 99
50 89 93 94 98 100
46 87 88 91 92 94 96
57 88 92 97 98
49 89 90 91 92 97 98 99
52 90 91 93 94 99
48 96 97 98 100
53 92 93 94 98 99
48 94 96 98 100
60 95 97 98
60 98
59 96 97 99 100
43 97
53
43 99
43 100
48
