25	10	1000	10
-2	90	2
-4	12	2
-3	88	2
-5	97	3
-2	80	2
-2	56	5
-2	12	2
-4	64	3
-2	25	2
-1	93	2
234 6 11 12 19 22 24 25
267 6 7 8 9 11 12 13 15 16 18 19 21 23 24 25
179 14 15 17 24
158 8 11 16 20 23 25
254 7 8 9 10 14 15 17 18 23 24 25
230 11 14 16 18 20 21 24 25
178 17 21 23
197 9 13 15 17 23 24 25
219 10 12 15 17 18 21 23
274 11 12 13 21 25
195 16 17 18 23
157 16 18 21 23
206 15 16 18 20
269 17 20 22 23
162 17 24 25
155 19 22
177 18 23 24
219 22 23
229 21 23 25
244 21 23
170 24 25
190 25
282
173 25
291
