50	5	1000	1
0	96	11
0	26	8
0	29	16
0	14	8
0	20	7
179 3 7 9 11 12 14 19 23 25 26 29 30 36 37 38 39 40 43 45
187 11 12 14 16 18 19 20 25 28 29 30 35 36 40 41 42 43 44 45 48
170 4 6 10 13 15 19 20 21 26 27 29 31 34 37 43 44 47 49
111 5 10 11 14 16 18 22 23 27 30 35 38 41 49 50
178 6 10 12 15 16 17 18 20 26 29 32 33 35 36 38 39 40 41 48 49
124 12 14 18 19 22 26 27 31 32 33 34 35 43 44
110 11 12 13 15 16 18 21 26 27 29 37 39 44 46 50
170 11 14 16 20 22 25 31 32 44 45 48 49 50
176 11 12 13 16 17 20 26 30 31 34 42 43 45 48 49 50
178 12 13 14 15 19 20 22 23 26 31 32 33 34 42 44 45 50
111 13 17 18 20 21 22 23 26 27 31 36 37 40 41 42 43 45 48
164 15 17 18 19 21 24 26 28 31 36 37 42 43 47 48
136 15 17 19 22 32 34 36 37 38 40 41 48 49
196 16 21 23 24 25 27 30 32 35 38 39 41 42 43 44 49 50
170 17 20 21 22 25 30 31 36 40 41 43 44 48 49 50
193 20 22 25 27 29 30 31 34 37 43 44 45
118 20 21 22 23 27 33 37 39 45 48 49
177 20 21 24 26 28 32 34 39 45
123 21 22 23 26 29 30 32 36 37 42 43 49
165 24 25 28 30 31 40 42 45
161 24 26 27 28 29 30 38 43 47
174 23 26 30 32 33 35 36 37 38 39 43 48 50
168 24 25 27 34 35 40 45 48 49 50
112 25 26 28 30 31 32 33 36 42 43 47
160 28 32 36 39 43 44 45 47 48 50
155 31 32 34 37 39 41 47 48
178 30 31 33 41 43 44 45 46 48
190 29 31 33 38 40 41 43 46 49 50
165 31 33 35 38 39 40 42 47 50
170 31 32 37 39 40 41 42 43 46 49
190 32 33 35 37 40 41 45 46 47 49
169 33 35 36 38
156 35 37 42 45 46 50
123 35 36 37 40 42 46
160 39 40 45 47 48 49
197 46 47 48
105 38 41 42 43 49
151 39 42 44 45 46 48
156 40 42 43 45 49
190 42 46
142 44 46 47 49 50
113 45 47 50
140 44 49
118 48 50
112 47
133 50
128
157
175
130
