50	5	200	1
0	38	11
0	33	9
0	38	8
0	28	10
0	34	12
10 2 4 5 8 13 14 15 16 17 18 20 24 27 28 31 32 34 41 48
10 3 6 7 14 16 20 22 23 34 37 38 40 43 48 49
12 4 9 10 12 14 15 16 27 28 29 32 39 40 49
13 9 11 14 15 16 20 23 25 27 28 30 34 35 36 37 47 50
14 6 8 10 17 20 23 24 25 28 31 32 35 37 40 41 42 43 47 48 50
17 7 10 14 16 20 22 23 25 26 30 33 34 37 40 47
12 10 13 20 26 28 32 34 35 37 38 39 45 46 47 49
11 9 10 12 16 18 19 22 23 25 26 27 30 31 32 34 36 38 40 44 45 47 49
19 12 15 18 20 21 25 26 30 34 36 37 38 39 47 48
6 15 16 17 20 24 26 28 29 30 32 36 41 44 46 47 48 49 50
19 12 13 16 19 22 23 24 25 26 32 36 38 43 44 46 47 50
20 14 16 18 19 21 22 25 26 28 30 32 42 44 46 48
9 15 16 18 19 21 27 29 30 35 39 45 46 47
19 15 18 19 20 21 23 24 25 26 27 30 34 36 38 39 40 43 48
19 19 20 23 27 28 29 33 34 40 41 42 47 48 49
11 20 24 25 26 28 34 35 38 39 40 42 45 46 47 49
8 18 19 24 28 30 35 38 40 42 47 48 49 50
3 20 22 31 32 33 35 38 47 48 49 50
3 23 27 31 32 35 46 48 49
8 23 27 28 31 33 36 38 39 42 47 49 50
6 23 24 25 26 28 36 39 40 42 43 45
5 23 26 30 33 34 36 39 40 43 48
3 24 26 27 33 34 35 36 37 38 39 41 46 47 48 49 50
9 27 33 34 35 37 39 40 47 48 49
4 29 30 31 33 34 35 37 39 40 41 43 50
19 28 29 30 33 34 36 37 38 43 44 45 48
20 28 29 35 37 39 41 42 47
18 33 34 35 37 39 40 43 46 47 49
15 33 34 36 37 38 40 41 42 43 45
11 35 40 41 42 43 49
13 37 39 42 45 46 48 49
19 34 37 38 40 47 50
12 35 38 39 45 48 50
18 36 38 39 40 41 42 45 48
4 36 37 39 43 46 49
4 38 40 42 47 49
4 41 43 47 48 50
18 39 44 50
17 40 42 45 47 48 49
8 44 45 47 49
6 42 44 46 49 50
6 43 44 50
8 44 45 46 47 48
17 46 47 48
2 46
17 49 50
11 49 50
11 49
14 50
10
