200	10	200	1
0	8	21
0	6	24
0	5	19
0	8	19
0	16	20
0	14	20
0	13	18
0	19	24
0	6	12
0	5	23
10 4 11 14 16 18 19 20 22 23 27 30 31 39 40 43 44 45 47 48 52 53 58 60 65 70 72 73 74 75 78 79 88 90 91 92 93 94 95 97 98 99 101 105 109 110 113 116 119 120 121 122 125 126 128 130 131 133 135 139 142 143 144 146 147 148 149 155 158 165 167 169 173 174 175 180 181 186 187 190 196 197 198 199 200
17 4 8 10 13 14 16 23 26 27 34 38 39 40 43 45 49 50 53 56 59 60 64 70 74 76 79 82 83 84 85 86 90 91 96 99 101 102 103 107 115 116 120 127 128 129 135 136 140 141 142 143 144 149 154 157 161 163 166 168 173 174 175 176 178 184 187 190 196 197 200
5 7 11 15 18 19 23 27 30 33 34 36 37 41 42 45 46 48 53 55 56 58 59 60 62 63 65 66 70 75 76 77 78 79 80 81 83 84 85 88 99 100 102 105 107 108 109 112 118 119 122 124 125 128 134 137 141 142 144 147 149 153 154 159 164 171 172 173 176 178 186 190 195 196 198
19 5 7 10 11 15 16 19 20 22 25 27 28 30 31 32 33 35 36 37 38 39 40 44 45 49 54 55 57 58 59 61 65 67 69 71 74 79 83 85 89 93 96 98 99 101 102 104 105 118 121 123 125 127 130 131 134 135 137 138 144 152 153 154 156 163 164 165 166 167 169 176 177 180 192 193 196 197 199
18 6 7 10 19 24 30 34 37 40 42 44 48 55 56 57 61 62 63 64 68 69 70 71 73 79 81 83 87 94 97 107 108 111 113 114 121 125 126 127 129 131 132 137 140 141 146 151 152 154 156 157 158 159 163 164 168 169 171 173 174 178 179 180 182 183 184 185 186 187 188 193 197
7 8 9 12 14 15 16 17 19 21 23 26 27 28 30 32 33 38 40 44 48 49 50 52 65 67 68 76 78 79 80 81 84 90 91 94 95 96 99 100 101 102 104 105 106 107 108 111 112 115 116 119 120 125 127 129 133 134 138 140 141 146 148 153 155 158 159 160 161 162 163 169 171 172 173 174 176 177 180 181 182 185 187 190 192 196 197 199
16 8 9 11 14 15 18 20 23 24 25 27 29 34 35 45 53 54 56 57 58 60 64 72 73 75 80 82 83 85 88 89 92 94 95 99 101 102 103 106 109 111 112 113 115 116 117 118 119 120 122 124 129 130 131 132 134 137 138 139 146 152 154 164 166 167 168 169 171 172 175 180 183 185 187 195 196 199 200
19 10 11 12 16 17 20 24 26 27 28 30 32 35 38 39 40 46 47 53 54 57 58 61 62 71 75 79 80 82 83 84 86 87 91 92 94 95 96 97 98 101 104 107 109 110 113 114 117 123 129 135 138 139 142 144 147 150 151 152 153 156 157 162 163 166 167 170 172 175 179 185 188 189 191 192 194 195 200
8 10 12 15 20 23 24 27 29 30 33 37 39 40 42 45 52 56 58 60 64 68 71 72 75 77 78 83 87 95 96 99 100 101 105 106 107 108 111 113 114 115 116 117 118 120 121 123 125 127 128 129 133 136 138 140 142 145 149 150 152 155 156 158 160 161 169 170 172 174 175 179 180 183 187 190 191 198 199
14 11 15 20 24 25 27 28 32 33 40 41 42 44 45 46 47 48 51 53 54 55 57 60 61 62 64 65 67 68 74 79 82 85 87 88 90 91 92 93 96 98 99 101 102 107 108 111 112 113 114 117 118 119 122 123 125 126 127 128 129 130 131 138 140 143 144 147 149 151 163 164 165 166 169 170 173 174 175 176 177 179 180 181 184 185 186 187 188 194
7 12 18 19 21 23 26 27 30 31 41 42 43 44 50 52 54 57 60 62 68 71 73 74 77 78 81 82 83 85 89 92 95 96 97 98 99 102 104 108 110 111 117 118 125 127 128 132 134 135 136 137 138 139 142 145 147 151 153 154 155 158 164 165 169 170 171 173 178 179 180 181 182 188 189 191 193 197 198
17 21 22 23 26 29 30 32 33 34 35 39 40 42 43 44 46 47 48 49 50 51 52 55 56 57 61 65 69 72 78 81 82 84 86 90 91 92 93 95 99 100 104 106 111 113 116 117 119 120 123 124 125 127 131 133 135 136 137 141 146 149 150 151 152 153 154 155 157 161 164 166 167 172 173 175 176 178 180 182 183 184 190 192 197
18 15 17 21 22 24 27 28 30 31 36 37 39 40 44 47 48 49 50 51 56 60 68 73 74 75 77 78 81 84 85 87 88 89 94 95 97 98 100 101 104 106 108 109 110 114 116 117 122 123 129 130 132 135 136 139 141 142 143 145 148 149 152 158 159 161 162 163 165 166 169 171 177 179 180 181 182 184 186 190 193 194 195 196 197 198 199
3 16 17 20 22 23 24 26 27 30 36 41 46 47 49 52 54 60 61 67 68 69 74 76 77 80 83 84 86 87 91 93 94 95 97 99 101 102 103 106 107 111 112 113 114 116 117 118 123 124 125 132 133 140 141 142 144 145 146 149 150 151 153 155 156 157 158 165 166 169 172 175 177 180 186 190 191 197 198 199
8 18 22 24 27 28 31 33 34 36 45 46 55 56 57 60 63 64 67 68 71 73 76 77 78 79 80 84 85 87 90 92 93 95 98 100 101 102 110 114 115 120 123 125 127 128 130 136 137 138 139 140 145 149 153 154 155 156 157 159 162 163 166 168 170 171 173 180 183 184 185 188 189 191 192 194 196 197
10 17 18 19 21 23 25 30 31 32 34 35 37 38 40 41 43 44 46 47 51 52 53 54 56 62 68 69 71 80 82 83 86 87 89 90 92 93 99 100 104 105 107 113 115 117 118 120 122 124 126 128 129 131 132 133 134 136 140 143 150 153 157 159 163 165 168 169 171 178 182 183 187 189 193 194 195 199
11 26 27 31 33 34 36 37 38 39 41 44 45 46 49 50 51 61 62 63 67 81 84 95 97 100 102 107 108 110 114 115 121 122 127 129 131 132 134 140 142 145 146 147 150 153 154 158 162 167 168 169 171 172 173 175 176 178 180 183 184 185 187 188 189 190 192 193 195 196 199
11 21 22 23 24 27 29 30 34 35 37 38 41 42 45 46 49 51 54 55 56 58 59 60 61 67 68 75 80 82 84 91 93 95 97 98 100 104 106 108 112 113 114 115 116 117 120 122 123 124 126 127 129 132 133 134 135 137 138 139 140 141 142 144 148 149 158 165 168 170 175 176 181 183 184 191 192 194 197 198
14 20 21 22 33 34 35 36 37 39 40 42 44 49 50 53 55 56 60 62 64 65 67 69 70 72 75 79 80 84 86 87 88 91 93 94 95 101 102 110 111 112 114 116 118 119 120 121 122 125 128 129 130 134 136 140 141 144 146 148 150 151 152 154 159 161 162 165 166 170 171 173 174 175 176 177 178 179 183 184 186 192 193 197 198 200
5 25 27 28 30 32 33 35 40 41 42 43 45 46 47 48 57 59 61 63 65 66 70 79 81 85 94 96 99 100 102 103 106 110 117 118 120 121 125 127 130 132 133 135 136 138 141 144 147 151 155 157 160 166 167 173 174 175 176 177 178 182 185 186 187 188 189 192 194 196 197 198
18 22 24 25 26 31 32 33 34 39 41 42 43 47 48 53 55 58 64 65 66 67 70 71 84 87 89 90 91 92 93 95 101 103 108 109 110 111 112 113 115 118 119 120 122 125 127 129 132 135 136 137 138 140 141 142 143 144 145 152 154 157 160 161 164 167 168 170 171 173 176 178 179 181 184 187 190 196 197 199
10 25 26 28 30 31 32 33 35 43 44 45 49 50 51 53 58 59 61 66 67 69 71 73 78 80 84 85 86 87 88 95 97 98 103 109 113 115 118 119 120 124 125 126 128 131 133 134 139 140 145 152 154 155 157 158 162 163 164 165 166 171 173 175 176 178 179 180 183 184 188 191 193 194 196
12 24 26 27 28 29 31 33 34 37 41 44 45 49 50 51 52 55 58 59 61 63 65 66 67 69 70 76 78 82 83 88 94 95 96 98 99 102 103 109 110 111 112 114 115 116 118 124 125 126 131 132 134 137 141 145 151 153 154 159 167 169 179 186 189 190 192 193 196 197 198
13 27 31 32 36 37 38 39 41 45 49 50 53 54 55 56 58 59 71 80 81 83 85 91 93 94 96 99 102 103 104 105 106 109 110 112 116 123 131 137 138 139 145 146 147 150 153 156 157 161 167 170 176 177 180 182 183 187 188 192 195 196 199
14 26 27 28 32 33 34 36 37 39 45 49 52 53 56 62 65 71 73 74 76 85 88 91 93 98 99 102 103 104 109 112 119 122 123 125 126 127 129 132 138 141 143 145 147 149 153 154 156 162 165 166 168 169 170 174 177 187 188 190 197 198 199
12 28 35 41 44 45 46 51 52 54 55 57 59 60 61 63 64 66 68 70 71 73 81 85 86 90 91 93 97 98 100 102 104 110 112 116 117 118 122 135 137 139 141 142 144 147 148 150 151 154 155 159 166 168 169 170 175 176 177 183 191 192 195 198 199 200
11 28 30 34 35 36 37 40 41 42 44 47 49 52 53 54 55 56 57 62 63 64 65 68 71 75 78 84 86 87 89 90 92 94 98 99 100 102 104 105 106 108 110 116 117 120 122 126 127 128 129 133 138 140 142 143 145 146 148 149 150 153 155 156 158 159 169 174 180 182 186 188 189 190 196 200
19 29 30 31 33 36 37 41 42 45 49 50 51 52 60 62 63 65 69 75 76 77 79 80 82 83 85 86 89 90 94 98 104 105 108 111 113 117 124 126 135 136 137 139 142 149 150 155 156 161 165 167 176 177 178 179 184 185 188 190 193 195 200
6 31 32 33 35 36 38 39 41 44 46 51 53 54 55 56 60 62 63 64 65 67 68 77 83 84 85 88 91 95 96 99 102 103 106 110 111 113 114 115 121 123 126 127 128 131 133 138 139 140 141 142 145 146 148 152 154 155 158 161 162 165 166 172 176 178 179 180 182 190 191 192 193 197 198
19 31 34 35 36 37 38 41 43 44 48 54 55 56 58 59 60 61 63 66 69 70 75 76 78 83 84 85 89 90 91 96 98 102 103 107 108 110 111 112 113 115 118 121 122 128 129 131 132 135 142 144 145 146 148 150 156 158 161 164 165 166 169 171 172 175 176 177 179 187 188 191 192 195 199 200
6 33 37 40 43 44 49 50 52 53 57 59 65 67 72 75 79 80 81 84 85 86 87 88 91 93 94 97 100 101 103 104 105 109 110 114 117 118 122 125 131 133 135 136 137 139 142 144 146 147 148 153 157 158 162 164 166 174 176 180 182 183 184 187 190 194 197 199
14 33 38 39 45 49 57 60 61 63 64 68 71 72 76 83 86 87 89 91 92 95 103 105 108 109 115 120 121 123 132 133 134 140 141 143 144 150 156 159 160 163 165 167 168 169 171 172 173 175 178 181 183 185 189 190 191 193 194 198 199
13 35 41 42 43 47 48 51 52 55 57 59 61 62 65 67 68 69 70 73 77 78 81 82 86 87 88 91 93 94 95 97 102 103 105 108 110 111 124 126 127 131 133 138 141 144 146 147 148 149 151 153 154 155 157 159 164 165 169 170 171 172 173 174 175 177 180 182 183 185 186 193 194 196 198
3 36 39 41 43 47 51 52 54 56 57 63 64 69 70 71 75 76 77 85 92 99 101 103 111 112 113 116 123 125 127 134 136 137 142 145 146 147 150 151 152 159 161 164 166 167 168 172 173 175 176 178 182 183 186 187 188 189 191 193 196 198 200
17 36 41 42 44 46 47 48 55 56 57 59 60 63 65 69 72 75 77 81 82 83 84 86 89 90 92 95 96 104 105 106 108 110 113 114 128 131 133 134 137 140 142 144 154 157 160 161 167 168 170 172 174 176 177 178 179 180 184 186 189 191 194 195 196
16 38 40 44 49 50 52 53 54 55 59 60 61 62 63 66 68 69 78 80 83 84 86 87 90 92 94 100 104 108 113 114 115 118 122 124 125 133 135 141 145 146 148 149 150 151 152 157 158 159 160 163 166 167 169 175 179 180 181 183 184 187 191 194 195 197
12 39 40 43 44 47 48 53 55 56 57 59 65 71 74 77 78 80 81 88 93 95 99 100 103 105 106 109 111 115 118 119 120 123 125 127 133 134 136 137 143 146 149 150 151 152 153 157 162 168 169 170 174 175 176 179 180 181 185 186 187 188 192 193 195 198 199
2 41 43 44 45 48 49 52 54 56 60 63 65 66 72 74 76 82 84 86 87 88 90 92 97 99 103 106 108 109 111 113 115 121 123 124 125 130 131 133 136 137 141 143 148 149 154 155 159 162 164 166 171 172 174 175 180 181 185 186 187 191 192 193 194 197
10 40 41 42 43 47 50 51 56 58 64 66 68 69 70 72 73 76 79 80 82 85 86 87 91 95 96 98 103 104 110 111 112 118 119 120 121 122 125 126 127 128 130 131 132 133 136 138 139 140 141 145 148 152 153 154 155 156 158 160 163 165 167 172 178 179 182 185 186 195 197
12 46 53 54 55 59 63 66 67 68 70 71 75 77 81 83 85 90 91 94 96 97 98 99 100 102 104 106 107 108 109 110 111 114 115 116 119 120 123 127 131 133 134 139 142 146 148 149 150 152 153 156 157 165 173 178 179 180 181 184 185 186 187 189 190 191 196 198
11 43 45 47 48 49 50 52 54 56 57 58 60 61 62 64 65 72 74 80 81 83 87 93 97 98 99 101 102 105 112 114 115 117 118 121 125 126 127 129 130 135 138 139 140 143 144 151 153 155 157 159 161 163 169 170 175 176 177 182 185 187 188 192 198 200
5 43 44 51 57 59 62 63 66 67 68 69 75 77 79 81 83 84 85 87 90 92 95 96 99 101 108 110 111 114 118 119 121 123 125 126 129 135 138 141 143 146 148 152 153 154 157 163 165 166 169 170 171 175 176 179 180 182 183 185 186 187 193 194 195 196 199 200
4 46 49 50 53 54 55 56 57 61 62 69 70 73 77 81 84 86 89 90 93 95 99 104 105 107 109 110 114 115 116 117 123 128 131 132 137 143 145 146 149 154 156 157 158 160 161 174 175 176 177 178 180 184 185 186 188 193 196 198 199 200
4 45 46 47 48 49 50 51 52 56 59 60 61 62 63 64 67 71 73 74 75 76 80 81 82 85 87 89 90 91 97 100 103 106 109 110 113 115 121 122 125 137 138 140 141 144 146 148 151 157 159 161 163 165 167 168 177 178 179 181 186 187 189 192 193 194 195 200
17 47 49 50 51 53 54 57 58 59 68 72 73 75 76 81 82 85 91 96 98 101 102 103 105 107 109 112 115 116 117 120 121 123 129 132 135 136 139 141 142 143 144 145 146 148 152 154 155 157 158 160 164 170 174 175 176 184 188 189 192 193 195
19 47 48 52 54 59 67 70 71 72 73 74 81 82 84 85 86 91 92 96 97 102 103 104 107 110 113 117 118 121 123 126 129 131 134 135 136 140 142 143 145 146 147 148 149 153 158 159 160 161 165 166 171 175 176 178 183 184 185 191 194 198
8 48 49 51 52 55 56 60 62 63 64 67 68 70 77 78 80 82 83 85 90 95 97 98 101 102 103 105 107 110 111 116 119 122 123 124 125 126 128 129 130 131 132 134 135 138 140 141 143 145 146 147 148 149 157 162 164 169 171 173 174 176 178 179 182 183 185 187 192 196
3 50 58 62 63 65 67 68 70 72 74 75 76 81 85 87 91 94 95 96 98 99 100 110 113 116 117 118 124 127 128 130 132 134 140 141 142 145 148 153 154 160 166 171 172 173 174 175 177 178 179 184 186 188 196 197 199 200
3 52 55 57 58 60 65 68 69 73 74 75 76 77 78 81 86 90 96 97 100 103 108 110 112 114 116 117 118 119 120 122 123 128 129 131 132 133 134 135 138 139 140 142 143 145 148 149 154 155 157 158 161 162 165 167 171 173 174 175 176 178 183 184 189 190 193 194 197 200
12 52 53 54 55 56 62 63 64 71 73 76 77 78 81 82 84 86 88 90 93 99 101 104 108 109 110 111 112 117 119 120 121 122 125 130 132 136 137 146 148 150 151 152 154 162 165 169 170 171 172 174 180 181 193 194 198 200
8 53 54 56 59 60 63 65 66 68 70 72 74 76 80 82 83 84 86 87 92 93 94 96 100 106 112 115 119 120 121 123 124 127 128 132 133 135 139 147 148 149 153 156 157 158 159 163 164 165 166 167 172 174 176 177 179 184 186 190 193 197 198 199 200
12 60 61 65 67 68 71 73 77 78 79 82 85 87 90 91 93 97 105 106 111 112 113 114 116 117 118 121 122 133 135 141 142 144 146 150 153 157 159 164 166 168 170 174 176 178 180 182 183 184 185 186 191 195 196 197 198 199 200
2 54 57 58 62 64 66 70 72 74 75 81 86 88 90 94 97 98 99 101 103 106 107 108 109 115 116 117 118 119 125 130 131 132 134 140 146 148 149 156 157 158 166 167 170 172 176 179 180 182 184 187 188 189 190 194 197 198 199 200
19 56 58 61 63 65 67 68 69 71 73 74 79 80 85 86 87 89 90 93 96 98 101 102 104 106 115 116 118 122 124 127 134 135 138 141 142 145 147 149 152 154 157 158 160 166 169 171 175 176 178 180 181 182 185 190 192 193 196
2 58 59 65 69 70 72 74 78 79 80 83 84 90 91 93 95 97 103 108 109 110 113 114 117 121 122 126 127 130 131 134 136 137 144 151 152 160 162 164 165 167 170 171 173 174 175 177 183 185 186 188 189 192 193 195 200
5 57 58 59 63 67 69 71 72 73 76 77 80 83 84 85 86 88 96 100 102 103 107 108 111 113 114 116 117 118 119 120 122 124 129 131 133 138 139 140 141 142 147 151 152 154 156 158 163 166 167 170 175 177 179 184 185 190 192 194 197 199
18 59 65 66 68 69 70 74 80 82 84 86 87 89 91 94 95 104 107 109 110 111 116 119 120 121 123 126 128 132 141 144 146 148 151 152 154 156 157 159 162 163 164 168 170 172 174 175 176 177 178 179 180 181 182 183 186 188 189 190 192 194 197 198 200
10 60 63 69 70 72 73 75 77 78 79 80 81 86 87 88 89 90 91 92 93 96 100 101 102 104 107 108 109 111 114 115 116 118 121 123 126 127 128 133 135 137 140 141 143 144 145 146 147 148 149 150 152 153 154 155 158 161 164 165 166 169 170 173 176 177 179 180 183 184 190 192 194 195 196 197 198
8 67 68 71 76 81 85 92 93 95 97 98 99 104 105 106 111 114 117 120 127 128 129 130 131 134 135 136 142 149 151 153 155 160 162 164 166 171 173 177 178 179 181 182 185 186 188 189 198
6 65 66 70 73 79 81 83 85 88 89 98 99 104 106 109 111 112 113 114 116 118 119 120 122 123 125 129 134 136 137 138 139 145 146 152 154 155 171 172 173 174 175 176 178 181 183 184 185 186 187 188 189 192 193 195 197 198 199
6 63 70 74 76 78 79 80 83 84 85 87 88 91 94 99 100 101 108 113 114 116 136 139 143 146 149 151 152 155 156 157 158 160 161 163 174 177 178 179 180 182 184 190 193 195 196
18 64 67 68 71 73 74 76 78 79 81 84 85 88 90 95 96 97 100 102 103 105 108 109 110 111 112 114 116 121 122 124 125 126 136 149 154 158 159 161 162 163 165 166 167 171 177 178 180 181 183 185 186 187 188 189 195 196 197 199 200
20 64 67 72 75 77 78 90 91 92 95 96 101 102 104 106 108 109 110 111 112 116 124 125 128 129 130 133 134 136 140 146 147 148 150 152 155 163 165 172 173 175 177 179 180 182 184 186 189 193 196 199 200
15 68 74 76 77 84 85 88 90 96 97 99 101 104 105 107 110 112 113 115 116 117 118 122 126 128 129 134 137 138 142 144 145 147 150 156 159 160 161 162 167 168 171 175 176 178 181 183 186 188 192 195
20 66 67 72 73 74 80 83 85 86 87 89 92 94 96 98 101 103 104 108 111 112 113 114 115 117 119 121 122 124 125 130 131 132 133 134 135 138 141 142 146 147 150 153 154 155 157 167 169 170 172 173 176 178 179 180 182 187 191 192 193 195 197
9 71 73 75 76 77 80 81 83 87 90 91 92 95 96 102 106 110 112 116 118 119 121 122 123 125 130 133 137 139 140 142 143 144 145 149 150 154 157 158 160 163 165 167 168 169 174 176 178 183 185 186 192 194 199 200
19 71 77 79 80 83 85 89 90 92 94 98 100 108 110 113 116 118 119 127 129 132 133 135 136 139 142 143 149 150 151 152 155 160 164 166 168 173 175 178 180 181 182 183 184 187 190 191 192 195 199
11 69 71 75 77 80 82 83 84 85 86 87 88 90 95 96 100 101 104 106 108 109 115 117 118 119 124 126 127 128 131 134 137 138 139 140 144 155 156 158 162 165 169 171 174 176 178 179 181 182 183 184 186 189 190 191 192 193 197 199
8 71 73 76 78 79 83 84 91 92 98 99 101 102 103 104 109 112 113 115 116 123 125 128 131 134 138 140 141 144 146 147 148 150 151 152 154 158 159 160 161 162 163 164 165 166 167 168 171 174 176 178 179 180 181 182 186 190 193 194 198 200
2 71 73 75 76 79 81 82 86 90 93 96 98 99 107 112 113 115 118 119 121 124 125 126 127 128 130 132 134 135 136 137 138 142 143 145 147 150 152 153 154 155 156 161 164 166 169 170 175 182 183 184 185 188 189 192 193 196 198 200
13 73 75 78 84 85 86 87 90 93 95 96 97 99 102 104 106 108 113 115 117 125 126 127 128 129 132 140 141 146 151 154 159 160 163 164 166 167 170 172 178 180 183 184 187 197
3 73 76 77 78 80 81 84 85 88 90 92 93 96 98 100 101 102 106 108 111 112 114 117 119 127 133 136 137 142 146 148 149 150 152 153 154 156 163 165 167 168 172 174 177 180 183 185 186 187 189 194
20 75 79 83 84 86 87 88 89 90 92 93 94 95 99 103 105 106 107 110 111 114 121 123 133 136 137 138 139 141 143 144 151 153 154 158 159 161 163 167 170 172 173 175 176 179 180 182 183 186 187 190 194 196 198 200
7 77 83 85 91 92 94 95 96 97 100 105 107 108 113 114 115 116 118 120 126 127 128 129 130 132 137 140 141 143 144 145 146 148 149 151 154 155 160 162 163 164 165 169 170 171 174 177 182 185 186 189 190 192 194 196 197 198 199
3 77 78 79 80 82 84 85 86 88 89 92 93 98 103 106 109 110 113 114 117 118 127 128 131 133 134 138 142 143 145 148 149 154 155 156 160 162 166 167 168 170 172 177 178 182 185 186 188 189 190 191 192 193 199
4 77 78 81 84 85 87 91 93 107 111 112 115 116 117 118 122 123 126 127 129 130 133 138 139 140 141 143 148 153 154 159 162 163 165 166 167 172 176 178 179 180 181 182 183 187 188 189 192 193 197 199
17 79 81 83 84 86 87 88 92 94 96 98 99 100 101 105 106 114 117 120 122 128 146 149 150 156 157 158 161 162 163 168 172 176 184 190 192 195 196 198
9 83 84 86 87 89 90 91 96 102 104 106 107 108 116 117 118 119 125 135 136 139 143 144 149 151 157 161 163 168 170 173 174 176 177 178 181 182 189 193 194 198 199
2 80 83 86 88 89 92 96 103 104 106 107 108 112 113 114 115 122 130 131 132 133 134 135 139 142 143 144 145 146 147 155 157 158 163 166 168 169 170 172 174 175 176 178 180 181 189 190 191 194 196 198
5 81 85 88 89 90 92 98 99 100 102 103 105 108 112 113 114 115 117 120 127 128 131 132 133 135 138 140 143 144 145 147 151 152 154 155 156 161 164 165 168 173 174 175 176 178 179 184 185 186 191 193 195 196
9 85 86 87 88 89 91 97 99 102 111 112 118 119 125 131 132 137 138 139 140 142 143 144 147 151 152 153 155 156 157 161 162 163 164 166 167 168 169 173 174 177 179 180 181 182 183 186 188 190 193 195
13 83 85 86 87 88 89 90 93 95 99 103 109 110 113 114 116 126 129 133 137 138 146 148 149 150 151 157 158 161 162 163 165 167 168 169 171 175 176 177 178 181 185 186 188 189 194 195 196 198 200
3 85 86 87 90 94 98 99 101 105 106 109 110 111 112 116 122 124 129 132 135 136 137 144 149 153 154 156 161 162 164 166 168 170 175 176 178 179 180 184 199
6 87 89 90 92 95 101 103 106 107 108 110 111 114 119 127 128 131 133 135 136 137 141 143 144 147 148 149 150 152 153 154 158 161 162 164 165 168 173 175 177 179 180 183 187 188 189 190 198
5 86 88 90 91 92 100 101 104 108 111 113 114 116 120 121 126 127 133 135 136 137 139 141 145 146 147 148 150 151 152 153 154 155 156 158 161 162 167 170 176 181 184 185 187 190 193 197
3 92 94 97 98 103 104 110 111 113 119 122 125 127 128 129 130 131 134 136 137 143 145 146 147 148 154 156 158 164 165 167 168 174 177 180 183 185 186 188 190 191 192 194 195 198 199
18 89 91 92 94 95 102 103 105 106 107 111 112 114 115 118 121 126 132 139 144 146 148 150 152 153 154 155 159 161 162 165 169 172 173 174 176 179 181 185 186 187 188 191 198
5 89 93 95 98 100 103 105 108 109 113 120 122 131 134 135 137 138 144 145 146 147 153 154 156 158 160 163 165 170 174 176 180 182 184 185 186 187 188 190 191 192 194 197 199
4 90 95 99 104 105 107 114 115 120 122 123 124 127 130 134 141 143 145 146 147 148 150 151 154 157 158 160 162 163 166 168 170 171 174 179 184 186 190 191 192 193 194 200
13 92 93 105 109 111 112 114 115 116 117 120 121 124 127 131 132 134 138 141 148 151 153 156 158 162 167 168 169 170 174 175 177 179 184 186 187 190 192 193 194 195 196 199
13 93 95 96 100 107 117 121 122 129 130 133 134 137 138 142 146 148 150 153 154 156 158 160 161 162 163 167 168 169 171 173 174 175 180 184 190 191 192 194 195 196 197
13 93 98 99 100 108 109 112 115 116 118 120 124 125 126 127 129 132 136 141 143 149 150 152 154 159 161 162 163 164 165 172 178 181 184 185 186 188 189 190 194 200
6 94 97 98 99 104 106 108 111 114 120 122 123 126 130 133 135 136 140 141 142 143 145 146 153 154 156 159 160 161 164 166 168 172 179 182 185 186 187 195
14 95 100 103 104 106 108 110 111 114 121 122 134 135 136 139 140 142 143 144 149 150 151 152 153 155 159 160 168 169 170 172 175 176 178 179 185 191 194 197 198 199
7 96 101 102 106 107 109 110 111 115 116 120 128 130 132 135 145 147 151 152 156 158 159 160 164 165 166 168 169 170 172 173 174 176 178 180 183 184 185 189 198 199
10 98 99 103 104 112 117 119 120 121 123 124 125 127 128 132 133 134 143 144 145 146 148 150 151 152 158 161 164 166 169 171 174 185 189 196 197 198
16 98 99 101 102 103 104 109 110 111 112 113 114 115 119 121 122 124 126 128 132 134 136 139 146 147 152 154 155 157 158 159 160 166 168 171 174 175 177 178 179 181 182 183 185 190 197 198 199
19 101 102 106 108 111 112 113 116 117 119 121 123 127 129 130 132 137 138 141 144 145 146 152 153 157 159 160 161 162 164 166 168 169 171 172 174 179 181 182 183 184 186 187 190 195 196 197 198
2 100 101 103 105 106 108 109 113 115 117 119 126 131 134 139 140 142 143 145 148 149 151 154 158 161 165 167 172 179 181 183 185 186 187 188 189 192 200
12 103 106 107 108 109 110 111 117 120 123 124 126 133 134 135 136 138 139 141 143 146 147 150 151 152 157 159 160 162 166 167 172 173 174 175 178 179 180 183 190 192 194 195 196
5 113 115 119 120 121 124 127 130 133 134 136 137 138 139 144 146 147 152 155 156 158 159 160 161 168 169 173 179 181 183 188 189 192 196
15 103 105 106 107 109 110 118 119 120 121 123 124 125 126 128 131 132 136 138 140 141 143 144 146 148 153 155 156 157 163 165 168 169 172 179 180 181 185 186 188 189 193 197 200
20 104 105 107 111 112 119 120 121 123 126 127 128 131 136 138 141 142 147 148 154 157 158 160 165 166 168 169 170 171 174 175 176 182 183 188 189 190 191 192 193 196 198 200
9 108 110 111 113 114 116 117 118 121 125 129 136 137 139 143 145 150 151 155 159 161 163 175 176 179 182 184 188 190 191 192 194 197 200
4 106 108 109 112 117 121 124 126 129 130 133 135 139 141 142 144 146 147 150 152 154 157 161 163 168 169 170 172 173 174 176 179 180 181 184 185 189 190 194 195 198 200
19 107 108 112 113 114 115 118 123 130 133 136 137 138 140 141 145 146 148 149 151 155 157 158 161 164 170 171 172 176 177 180 182 183 184 188 189 197
20 110 111 113 114 117 124 125 128 129 141 143 144 145 147 148 149 151 159 161 162 163 166 167 170 171 172 174 180 181 186 187 191 192 194 197 198
4 112 114 119 121 122 123 124 125 127 128 132 143 145 147 156 158 161 162 163 167 170 171 174 175 176 180 182 183 184 186 189 190 192 196 199 200
5 111 115 116 117 118 121 125 126 130 131 133 136 139 140 141 144 145 148 150 159 165 169 171 174 177 180 183 187 188 189 190 193 194
8 115 122 124 128 131 135 143 144 146 149 152 154 156 159 161 163 166 167 169 171 172 175 176 179 181 182 186 189 193 199 200
11 113 118 121 122 125 127 129 131 132 133 134 136 137 138 139 140 143 144 149 150 153 155 158 159 166 167 169 171 173 174 175 176 182 184 186 187 189 190 197
20 120 123 124 125 126 128 131 138 140 144 145 146 148 150 152 153 155 156 158 167 168 170 171 172 173 174 180 184 186 187 190 192 193 194 195 196 197
7 114 115 116 118 119 120 125 133 134 135 140 145 146 147 149 155 156 159 162 163 164 165 170 173 174 176 178 180 181 182 183 185 188 189 191 195 196 199 200
11 118 120 121 122 124 130 133 139 141 144 145 147 149 152 157 159 162 168 172 173 174 175 179 181 182 185 187 189 191 192 193 195
2 116 117 120 127 128 129 133 137 141 142 147 149 152 157 158 159 162 168 169 172 176 178 179 184 185 189 192 194 195 198
5 117 118 119 123 127 128 129 130 134 135 140 143 144 145 146 147 148 153 156 157 160 161 164 168 169 174 179 180 181 183 191 193 194 196 197 198
13 119 120 121 132 133 134 138 141 143 147 152 153 156 158 166 169 171 174 177 181 183 184 188 189 192 195 197 198 199
19 119 122 123 124 125 127 128 130 132 135 140 141 142 144 145 146 150 156 159 161 169 172 184 185 187 190 193 194 195 199 200
13 122 123 124 136 138 142 149 152 153 156 158 159 160 161 163 165 166 170 180 183 184 185 187 188 189 190 191 192 193 194 195 196 199 200
14 121 122 124 125 128 129 137 138 145 148 149 150 155 159 161 164 169 173 175 179 180 182 183 185 186 192 193 197 200
5 123 124 127 128 129 133 137 140 141 142 143 146 147 149 151 152 157 159 160 162 164 165 169 171 173 174 175 181 182 190 192 193 194 195 199 200
6 124 126 127 129 135 138 141 142 146 154 157 158 160 161 165 166 168 169 171 174 175 178 181 190 195 197
9 124 128 129 134 137 138 140 142 144 145 146 147 149 150 151 155 157 159 160 161 162 164 167 169 172 177 182 183 185 187 188 190 192 196 197
15 128 130 132 133 135 143 145 146 150 160 161 165 167 168 169 171 173 180 183 184 191 192 193 196 197 198 199
11 130 133 137 140 141 146 149 150 151 153 156 158 161 162 173 174 175 177 179 180 182 184 187 189 190 199 200
12 129 132 135 137 139 144 147 149 150 152 153 159 161 162 165 166 170 171 173 174 175 181 182 183 184 186 193
18 128 129 133 136 141 144 149 152 155 156 157 163 169 170 173 177 178 179 180 181 183 184 185 192 193 199
3 131 133 136 141 147 156 160 162 165 166 171 177 178 181 184 185 186 187 188 190 191 193 196 197
5 132 137 138 141 142 143 145 153 154 156 157 160 162 163 164 165 166 167 169 171 175 176 178 182 188 189 190 191 197 198 199 200
7 136 138 145 148 152 154 158 159 162 163 166 169 172 173 174 175 178 180 182 185 186 192 195 198 199 200
8 133 135 140 143 144 147 148 150 151 152 155 156 158 160 161 162 163 164 168 170 171 173 175 179 180 184 188 189 193 194 196 198 200
10 133 136 140 141 142 145 149 150 152 155 160 163 165 166 170 172 173 176 180 182 184 185 186 187 188 192 193
4 135 136 137 140 144 145 146 149 150 152 157 161 165 168 173 175 176 179 180 183 187 191 193 196 197 198 199 200
8 135 137 138 139 140 141 143 146 149 152 153 156 157 159 161 162 163 167 168 169 171 175 180 182 184 185 190 191 195
15 138 139 140 142 147 149 150 152 156 158 159 160 161 164 167 168 172 173 175 177 183 187 190 192 194 195 199
20 137 138 139 142 145 146 147 148 149 150 151 152 153 155 157 162 165 167 172 175 179 183 184 192 200
12 138 139 140 141 144 145 148 154 158 160 161 165 166 167 170 171 173 178 180 182 185 186 189 190 191 192 194 196
4 139 152 153 154 155 158 159 162 163 164 173 174 175 180 183 185 186 190 191 192 194 195 197 198
19 143 145 146 147 148 149 150 152 154 159 160 163 165 167 169 170 173 174 175 185 188 192 194 197 199
4 142 143 146 149 153 154 155 159 162 163 165 168 169 171 173 174 175 177 179 180 181 184 185 192 194 195 199
10 146 150 152 154 155 159 162 163 172 173 174 177 179 184 185 186 187 194 196 198 199 200
13 143 144 146 147 149 150 154 157 160 169 171 172 174 175 179 180 181 184 188 189 190 192 196
19 147 152 159 160 161 163 165 166 171 177 180 181 183 186 187 188 193
18 146 150 153 159 161 162 163 164 166 167 170 171 173 177 178 180 181 182 183 184 192 196 197 199
4 146 147 151 152 155 159 160 171 172 177 179 180 182 183 186 188 190 192 193 196 197 199 200
4 149 155 156 157 162 163 166 167 168 169 173 174 176 177 181 183 185 186 187 194 200
4 150 151 152 153 154 155 157 159 161 163 165 168 169 174 177 178 180 181 182 184 185 186 190 194 195
17 150 152 157 159 161 166 168 169 175 179 180 181 185 188 193 194 197
20 152 154 157 159 160 163 165 166 168 173 176 179 184 185 187 189 191 192 197 200
3 154 161 162 163 166 169 170 172 173 178 179 182 185 190 191 193 196 199 200
20 152 158 161 164 170 171 172 173 177 178 188 191 192 195 198 199 200
15 154 159 160 161 163 167 168 173 174 175 178 180 181 185 190 192 196 200
14 155 157 158 161 163 168 170 171 172 176 177 178 181 183 186 187 188 190 191 192 196 197
4 155 156 157 158 159 160 165 168 171 172 174 180 182 185 186 197 200
18 162 166 169 171 172 176 177 179 180 182 186 187 190 194 195 198
19 157 159 162 167 173 176 177 180 182 188 189 194 195 196 199 200
3 159 162 163 165 169 175 177 178 180 182 185 188 200
14 160 161 162 165 169 177 179 180 184 188 191 194 195 196 199
15 161 164 167 168 169 170 174 175 179 184 187 188 189 190 191 192 196 197 198
9 166 167 168 171 176 177 178 180 182 184 185 193 196 197
12 163 164 165 168 170 171 175 176 177 179 181 183 185 186 188 190 191 195
5 163 164 166 167 173 178 180 181 182 186 193 198 200
15 170 173 176 177 182 184 185 187 190 191 196 199 200
17 166 168 169 178 184 187 188 189 191 192 194 199
8 167 168 172 173 174 176 181 182 184 196 200
17 173 174 175 176 177 180 181 193 195 196 197
6 169 173 178 180 181 183 184 190 191 193 198 199
6 173 176 177 178 188 189 191 194 195
17 170 171 175 176 177 178 181 182 188 190 191 192 193 194 197 198
2 172 175 176 179 180 181 182 184 186 188 190 196 197 198 200
17 174 176 179 184 185 186 188 192 193 194 195 196 200
11 173 175 177 183 187 189 192 196 198 200
10 175 177 183 186 187 189 190 196 197 198
4 178 179 180 181 183 184 186 187 191 193 195 197 198 199 200
6 176 180 181 182 183 185 186 187 188 190 194 196 197 198
17 177 180 181 184 185 188 189 192 194 196
11 178 179 180 183 184 185 186 187 188 190 191 193 198 199
8 179 182 186 188 190 191 195 199
8 180 183 186 188 193 197 198 200
11 183 184 186 191 192 196 197 200
14 182 185 186 187 188 191 194 195 197 198
10 183 184 185 188 189 190 195 196 198 199
15 184 187 189 191 193 194 196 199 200
10 194 197
19 186 187 191 192 196
4 187 189 191 193 195 196 199
2 188 190 192 193 197 199
5 193 195 196 197 198 200
18 191 192 194 195 196 197 199
6 191 195 196 199 200
15 193 194 195 199
15 193 194 195 196 198
2 194 197
5 195 200
8 197
3 197
17 200
3 200
11
8
