25	10	200	10
-1	31	2
-2	27	3
-5	31	3
-3	31	4
-4	24	2
-4	38	2
-4	24	3
-2	40	2
-5	31	2
-2	30	2
47 2 3 4 6 7 8 13 20 24
40 3 6 11 12 13 14 15 16 17 18 19 22
36 7 11 12 13 21 23 25
57 7 8 12 13 14 15 16 17 19 23 24
40 7 9 11 13 14 15 17 18 19 21 23 24
45 8 9 12 15 18 19 21
45 8 10 13 15 17 18 19 20 24
36 9 10 12 13 14 17 18 19 21 23
34 12 13 14 17 20 21 23
36 11 16 18 20 21 23 24
47 12 14 20 23
58 15 19 21 22
46 14 15 17 18 19 20 21 22
40 18 19 20 24
43 16 18 20 21 22 23 25
41 22 23 25
43 18 19 22
47 23 24
58 22
36 21 24
35 23 24 25
56 24
36 24
36 25
33
