100	10	10000	1
0	353	6
0	1081	12
0	531	10
0	1589	11
0	1739	9
0	225	11
0	1491	9
0	146	6
0	1214	13
0	971	13
1824 4 6 9 11 13 14 15 16 20 21 22 24 25 26 31 40 43 44 49 52 54 57 61 64 65 68 77 79 80 81 82 84 85 88 89 90 92 93 100
1095 5 6 7 8 9 11 12 15 16 17 18 19 21 22 23 24 28 32 33 34 36 37 40 41 42 43 44 45 51 54 55 56 57 58 59 60 69 71 73 74 75 76 77 78 79 83 86 88 98 100
1626 8 11 14 18 20 22 25 27 28 29 30 32 33 38 39 40 43 46 50 52 53 56 61 62 69 70 76 77 83 85 86 88 89 91 93 95 97 99
1862 7 9 14 15 20 22 24 27 29 38 39 40 44 50 52 53 59 60 62 63 69 72 75 76 79 83 88 93 94 96 98 99
1749 6 10 11 13 15 16 17 20 25 26 28 32 34 35 39 40 42 45 47 48 50 51 55 57 66 68 76 78 79 80 84 89 91 95 100
1103 8 9 17 19 21 25 26 28 31 34 35 39 40 45 46 47 49 52 54 61 62 63 71 72 76 77 80 86 87 90 93 97 98 99
1633 8 15 19 20 24 25 27 29 42 44 45 49 50 51 53 56 58 60 62 63 66 68 70 74 78 80 81 82 94 95 97
1747 9 10 13 16 17 18 27 28 29 31 32 33 35 37 40 46 48 49 56 58 67 68 70 71 73 75 76 77 78 81 82 83 86 89 92 93 94 98 100
1920 10 11 13 16 18 20 25 26 29 32 34 35 39 43 45 50 51 54 58 59 67 69 73 74 75 76 77 78 81 83 84 85 91 96 97 100
1195 12 13 14 20 25 27 29 30 33 35 47 51 52 54 57 62 63 66 70 72 76 78 81 85 86 90 97 99
1082 12 14 17 21 22 23 24 25 26 27 29 33 36 38 39 40 42 44 48 50 51 52 54 58 59 61 64 72 73 74 77 86 96 99 100
1560 13 14 17 18 19 20 24 25 31 32 34 37 40 41 43 44 45 46 52 53 54 55 57 58 59 60 62 64 70 74 75 78 80 82 83 84 87 90 91 92 96 98 99
1091 16 17 19 21 22 25 27 28 30 36 37 39 45 50 51 54 56 57 63 64 66 68 73 74 75 79 82 86 87 88 94 95 97 99
1919 18 19 20 23 31 32 33 38 40 41 43 44 45 46 47 49 50 58 60 64 65 67 68 69 75 78 80 81 82 85 98
1498 16 17 18 21 22 23 24 29 30 31 33 37 38 45 50 51 52 55 57 59 63 64 65 68 72 73 74 75 76 77 80 83 85 89 92 93 94
1027 23 24 26 28 29 31 33 36 44 45 46 49 50 51 52 54 57 61 64 71 72 73 74 77 82 90 91 97 100
1650 23 28 29 31 35 36 37 44 46 48 49 51 52 55 56 57 58 60 62 63 64 65 72 73 74 76 77 81 86 90 91 94 95 96 97 99
1037 20 22 23 25 27 30 32 37 38 40 42 46 49 52 53 57 59 60 66 71 72 77 80 81 83 86 87 91 96 99 100
1288 20 23 25 26 29 32 33 35 38 41 43 45 48 49 50 54 56 58 63 66 69 74 79 81 86 87 89 95
1773 24 25 26 31 32 38 39 40 43 45 47 48 50 52 56 59 61 62 64 67 69 70 71 72 73 76 80 81 82 83 84 86 87 88 91 92 93 96
1317 22 23 24 25 26 28 29 30 36 37 41 42 43 44 52 54 57 58 60 61 66 77 78 80 83 86 88 90 96 98
1822 27 29 30 32 34 38 40 49 50 58 59 62 66 73 74 75 76 81 83 89 92 94 97 99
1033 29 30 31 35 37 38 40 43 44 45 47 48 54 55 58 61 66 70 71 72 73 90 92 95 96 99
1897 34 42 45 47 50 52 54 55 60 61 62 65 68 69 71 72 74 76 77 81 82 90 92 94 100
1945 28 29 30 33 34 35 40 48 51 52 56 59 68 81 82 84 89 90 93 96 99 100
1340 28 31 33 34 35 38 40 45 50 58 59 60 62 68 69 72 73 76 77 82 83 85 89 90 91 93 99
1875 29 32 33 35 36 39 45 46 48 51 54 66 67 74 75 78 79 82 85 86 87 89 95 96 97
1735 31 32 34 35 36 38 40 41 47 49 51 54 56 58 60 69 70 72 73 76 77 78 79 80 81 85 89 90 92 95 96 100
1516 34 35 38 39 41 43 44 48 49 50 57 59 62 65 66 68 69 72 76 84 85 88 98 99 100
1989 33 34 36 42 43 46 48 50 54 56 57 58 59 64 65 67 68 75 77 78 79 84 88 89 92 95 99
1822 32 33 37 41 46 50 53 58 59 65 66 67 68 73 74 75 80 83 88 89 90 91 92 97
1841 34 35 40 53 54 57 58 60 61 63 64 68 69 70 72 73 74 78 80 82 86 90 91 94 96
1869 34 35 40 43 44 45 46 49 51 52 54 57 59 60 65 66 67 68 71 74 76 77 78 79 82 83 84 85 92 93 94 96 97 99
1916 35 36 37 38 39 40 41 42 49 50 52 54 55 63 64 66 68 71 72 74 76 77 78 79 81 85 88 92 95 97 99 100
1248 38 40 44 46 47 48 50 51 52 58 61 62 63 66 71 72 74 76 78 81 84 86 88 91 94 98
1380 37 42 44 47 50 55 56 60 61 62 65 66 69 70 73 76 78 79 80 84 91 92 93 98
1046 38 44 46 47 49 54 55 58 62 64 67 70 74 75 77 80 81 82 86 87 88 90 92 96
1620 39 41 44 49 53 54 56 62 63 66 71 75 77 78 80 81 84 91 92 93 94 95 100
1984 40 41 42 44 45 46 47 50 51 53 54 57 62 63 64 68 69 71 72 75 76 78 80 82 83 84 86 90 92 99
1988 41 43 48 50 52 53 57 60 62 64 65 71 73 76 79 81 85 87 88 90 93 96 97 98 99 100
1991 48 49 51 53 55 56 57 61 62 65 67 68 69 72 77 80 81 82 83 85 86 90 93 94 95 96 97 99
1931 45 50 51 52 55 56 57 58 64 69 70 71 72 76 77 78 80 81 82 84 89 93 95 96 99 100
1564 44 48 49 50 58 59 63 66 67 69 71 72 74 77 79 84 90 91 92 97 98 99
1723 46 50 51 54 55 56 57 60 61 65 68 70 76 78 79 80 82 83 85 94 96 98 99 100
1188 49 53 59 61 62 65 66 70 74 75 77 79 82 83 84 87 90 91 92 93 99 100
1487 47 49 50 51 54 56 57 62 65 66 69 72 73 74 81 82 83 84 87 89 90 91 93
1461 49 50 51 52 53 54 57 67 72 77 79 80 87 90 92 94 95 98
1119 50 51 52 53 56 57 59 60 64 67 73 74 76 78 83 86 87 88 89 90 95 96
1483 52 54 56 59 65 70 71 72 78 80 83 85 86 87 88 89 90 91 97 99
1444 51 52 55 58 59 61 63 66 71 73 75 78 80 81 83 84 85 87 88 89 90 92 94 96 100
1625 53 55 59 61 62 63 64 65 66 71 73 75 76 81 82 86 96 97
1249 59 60 62 66 70 76 77 79 84 88 90 92 94 99
1720 59 62 64 66 67 71 72 73 78 80 83 85 86 92 95
1896 55 56 58 61 63 71 73 77 78 79 80 82 84 86 87 88 90 96 97
1834 69 74 76 77 78 79 83 84 89 95 97 98 100
1084 58 62 63 64 66 70 71 73 77 78 83 87 89 92 93 94 95 98
1627 61 62 65 67 68 70 73 74 76 86 88 89 92 94 95 100
1865 59 61 62 72 73 75 77 79 81 82 84 85 87 88 96 99
1853 62 63 66 68 69 70 71 75 78 79 81 83 87 88 89 90 91 95 98
1776 62 63 64 68 69 71 74 79 81 82 83 84 86 93 100
1041 62 63 64 65 66 70 73 75 82 83 86 91 92
1940 63 64 68 69 70 71 72 74 79 81 83 84 87 89 93 97 99
1727 64 69 72 73 75 76 78 81 82 83 86 88 90 92 93 96 97 100
1324 67 68 74 77 80 81 82 83 85 87 90 92 94 96 97
1857 66 69 70 73 77 79 80 84 87 89 90 95 96 98 99 100
1593 67 70 71 72 74 75 76 79 80 81 82 87 91 92 93 96 97 98 100
1835 69 70 71 72 73 74 78 80 88 92 94 98
1093 69 70 72 77 78 80 84 85 86 90 91 95 96 97 100
1366 73 76 78 80 81 84 91 92 93
1886 76 77 78 81 82 83 85 88 90 91 92 96 97 98 100
1847 73 78 85 87 91 92 97 99 100
1111 76 77 83 86 91 93 97 99 100
1093 76 77 79 83 84 85 86 90 91 94 95 97
1676 75 79 80 87 88 89 90 91 99 100
1497 76 79 83 90 91 92 95
1722 81 83 85 86 94 95 98
1103 81 82 83 88 92 96 99
1488 79 80 82 83 86 87 88 89 94 95 96 98
1266 81 82 85 87 89 92 94 98 99
1937 83 84 85 87 91 92 93 96 97
1458 82 83 85 93 95 96 97 98
1955 84 92 96 100
1208 84 85 87 88 93 97 98 100
1699 87 88 90 96 99
1282 86 92 93 94 96
1831 88 89 90 93 94 96
1616 91 92 95 97
1913 90 94 95 96 100
1923 90 95 98
1227 91 92 94 98 99
1560 92 93 94 96 98 99
1294 95 97 98 99
1817 94 96 97 99
1247 98
1672 98 99
1845 97 98 99
1645 99
1649
1122
1022
