50	5	10000	10
-4	1537	11
-4	1282	9
-1	1534	13
-3	1831	7
-5	1241	10
2901 2 6 9 10 12 23 25 26 29 30 31 34 41 44 45 46
2347 3 6 9 16 17 18 19 23 26 30 33 38 40 44 49
482 7 11 13 16 19 25 26 29 31 33 36 37 38 39 40 43 48
2606 10 18 20 22 23 25 27 30 32 35 38 39 41 49
882 8 12 14 15 16 18 21 25 27 28 32 33 35 38 39 41 44 45 47 49 50
429 7 14 15 18 19 26 27 28 29 30 34 44 46 49 50
2342 9 14 15 16 19 20 26 29 31 33 40 41 42 44 45 46 47 48 50
2542 12 15 17 20 22 25 27 30 32 39 41 45 47 49 50
2609 12 14 16 17 20 21 23 26 28 30 31 32 33 34 38 43 44 46 48
467 11 14 15 16 17 21 22 24 25 26 27 30 31 40 42 43 50
428 16 17 18 19 22 23 25 27 28 31 35 39 42 46 50
2167 13 16 17 19 20 22 24 25 26 27 28 29 31 34 36 41 43 45 48 49
1254 14 15 17 19 20 21 25 27 36 39 42 43 46 47 48 50
488 15 16 17 18 19 22 23 24 25 26 27 30 32 33 34 38 40 41 43 45 48 50
2363 16 17 18 21 22 24 25 26 27 30 31 33 35 36 38 39 48 50
1432 17 19 25 37 44 46 50
683 18 26 27 29 31 32 35 39 42 48 49
2570 20 21 23 25 28 30 31 38 41 46 50
864 25 28 30 31 32 33 38 39 42 44 46
712 24 25 27 29 30 32 33 39 40 45 46 50
2052 23 24 25 26 30 33 36 40 41 42 44 45 46
2489 26 27 31 34 35 40 46 50
504 29 32 33 34 35 37 38 40 41 42 43 46 48
2033 28 29 32 33 40 42 43 44 45 47 48 50
1878 26 27 28 29 30 32 35 36 38 39 41 43 44 45 48 49 50
2602 28 33 34 36 39 43 45 46
2180 28 29 31 33 38 41 42 44 46
2357 31 34 40 41 42 46 47 48
2994 31 32 33 39 40 41 44 45 48 50
2313 32 33 34 39 40 41 42 44 48 50
1922 34 36 38 39 41 42 44 45 46 48 50
853 36 37 41 44 45 46 48
2051 41 44
1758 37 38 39 42
1913 36 40 45 46 48 50
2836 45 46 48
1464 39 40 41 42 44 46 50
546 41 43 44 48 49
1398 41 42 45 47 50
2988 44 45 48 49 50
1126 42 44 46 47 48 49 50
2988 45 46 47 48 49
701 44 46
512 46 48 49 50
1166 49
1008 47 48 49
1934 48
2506
1091
2899
