200	10	1000	1
0	170	19
0	109	21
0	193	15
0	109	24
0	102	22
0	181	22
0	101	23
0	137	17
0	196	17
0	145	20
157 2 4 5 10 11 13 15 16 17 18 24 30 34 35 41 46 48 49 52 53 55 57 61 64 65 66 68 71 73 74 76 77 81 84 87 88 91 92 93 94 95 96 97 98 100 101 104 105 108 111 114 116 119 120 125 127 130 132 134 138 141 146 147 150 153 156 157 159 160 163 165 169 170 171 175 176 177 179 182 185 187 188 189 190 191 192 193 194 200
300 7 10 11 18 19 23 24 33 34 36 37 38 42 46 50 55 58 61 64 66 67 68 71 73 74 77 78 83 84 85 88 89 93 94 97 99 100 101 102 103 105 108 112 113 114 115 116 117 124 126 129 137 139 140 148 152 155 159 163 166 167 168 169 171 172 173 174 176 177 178 179 180 181 183 185 188 189 190 192 194 196 199 200
275 4 5 8 11 14 17 18 19 25 28 30 32 35 38 43 44 45 50 52 54 56 58 60 61 69 74 76 77 79 82 85 86 87 88 89 90 97 98 99 101 102 108 109 111 113 115 122 125 126 128 131 133 135 136 141 144 148 153 154 158 159 163 165 169 172 174 175 178 184 189 192 193 194
270 6 9 12 13 14 16 19 21 25 29 35 39 41 48 52 58 59 62 66 67 68 76 77 79 82 83 84 89 92 95 97 100 104 106 110 113 114 118 123 126 127 130 134 135 136 137 140 141 142 143 144 145 151 152 156 157 158 159 160 161 165 166 167 168 169 170 175 178 180 184 185 188 191 194 198
215 7 10 11 13 15 17 21 24 26 29 30 33 35 37 41 48 50 55 57 62 65 66 73 74 75 77 79 81 83 84 85 86 88 92 103 111 112 117 120 122 127 129 130 132 134 136 138 139 141 145 146 148 149 151 152 155 156 164 169 170 171 172 177 178 179 182 186 191 192
260 8 9 12 14 17 19 20 21 25 28 36 38 41 42 43 51 52 54 57 58 59 62 63 66 76 79 81 82 83 89 90 92 94 96 98 102 108 109 110 113 117 118 119 123 125 126 130 134 139 141 142 146 150 152 155 156 158 162 167 168 169 171 172 176 181 183 189 190
207 8 9 12 15 18 20 21 24 25 26 28 31 32 37 40 41 47 48 51 53 54 55 58 63 65 66 70 79 80 81 84 86 89 91 94 95 96 97 100 101 102 106 108 111 112 116 131 134 135 141 149 153 154 158 159 161 166 168 169 172 174 178 182 185 186 188 194 198
284 10 11 15 20 23 24 28 29 31 32 33 34 36 38 43 44 47 53 54 55 56 57 65 67 69 71 73 76 78 80 84 90 95 96 97 98 109 110 114 116 119 123 127 130 131 132 133 137 145 151 160 161 162 164 165 166 170 172 173 176 178 179 184 189 190 192 193 194 200
183 12 13 14 15 17 20 21 24 25 27 29 32 33 35 36 38 40 41 43 47 50 51 52 53 57 59 61 62 63 64 66 67 68 71 72 73 78 79 81 82 84 88 93 94 95 98 103 106 115 117 120 123 125 127 131 134 136 137 138 143 145 148 152 153 154 155 158 159 160 162 163 166 167 171 173 184 185 188 189 191 195 196 198
293 12 13 14 15 16 18 19 21 24 29 33 39 40 43 44 45 46 53 54 57 61 64 65 66 68 69 70 72 73 77 81 82 83 85 88 90 91 95 96 97 98 100 103 104 106 111 121 122 123 124 125 126 127 128 129 132 135 136 138 139 140 144 146 148 150 151 152 156 157 159 160 162 164 166 168 169 172 181 182 186 187 190 191 192 195
280 14 16 19 22 24 26 28 29 30 31 32 35 37 38 39 41 42 45 48 49 52 54 55 56 58 59 60 65 66 72 73 75 76 78 79 81 82 87 90 93 94 96 97 98 103 108 111 113 114 115 116 118 120 125 128 129 131 132 133 136 138 139 140 143 144 147 152 157 166 167 173 174 178 183 184 185 186 188 189 190 193 194 196 199
277 16 18 20 25 26 28 33 34 36 38 40 42 43 45 47 50 52 55 56 59 60 61 66 67 68 75 77 78 79 81 84 85 87 88 89 90 91 96 99 102 105 106 112 119 126 127 128 129 134 139 141 142 144 149 150 153 158 159 160 164 165 167 171 173 180 183 184 186 188 191 195 198 199
166 19 22 26 27 30 35 37 38 39 42 45 50 53 55 56 58 60 61 62 64 65 67 69 71 73 75 76 77 81 82 85 86 93 99 103 105 106 107 108 111 112 117 119 122 124 126 127 131 132 136 140 141 142 145 146 149 153 157 158 163 167 169 172 175 179 181 182 185 186 187 188 191 193 195 196 198 200
177 16 18 19 20 22 23 25 27 36 39 40 41 42 44 54 55 59 61 64 65 72 74 76 82 83 85 86 88 90 91 93 96 97 101 102 103 111 113 114 119 121 123 130 131 132 133 134 139 140 142 143 145 147 154 155 156 167 171 173 175 176 180 189
225 17 21 23 27 28 30 33 34 36 37 39 40 42 44 48 49 51 52 54 57 60 61 64 65 67 68 69 81 84 86 89 90 93 95 96 98 105 107 109 110 112 113 115 116 125 126 127 128 129 130 134 135 136 140 143 145 148 150 153 156 160 161 162 169 171 172 173 181 185 187 190 191 192 194 195 196
231 18 20 21 25 27 32 36 37 38 39 41 42 49 52 57 61 62 66 69 70 71 76 78 79 81 83 84 86 88 94 99 100 103 107 108 119 120 122 123 125 127 129 132 137 138 139 140 142 148 150 155 160 161 163 165 166 167 168 169 170 171 172 175 179 183 186 187 191 192 194 197
156 19 21 22 27 28 29 30 32 37 39 40 42 43 44 45 46 47 48 52 53 54 56 60 63 67 69 73 78 79 89 91 92 93 95 96 97 99 108 110 112 115 119 120 126 127 128 133 136 137 141 143 144 145 150 151 155 161 164 166 167 176 177 178 182 184 185 190 193 195 196 197 200
228 20 24 25 26 29 31 33 34 38 44 45 48 49 52 53 55 60 62 66 70 74 76 80 83 85 86 87 88 90 92 94 95 100 102 107 108 109 110 113 115 118 119 121 124 125 131 132 135 138 139 140 141 143 146 148 149 150 151 153 155 156 164 168 169 171 172 176 177 178 180 182 188 190 193 196
206 20 21 22 23 26 34 38 39 40 44 45 48 49 54 56 59 60 62 63 65 67 69 71 72 75 76 80 86 89 90 91 93 94 102 106 108 111 114 115 119 120 122 124 126 127 128 129 130 132 135 138 142 143 155 159 160 161 168 170 173 174 176 179 181 184 185 186 187 188 194 196 198
292 21 23 24 25 28 30 31 33 38 39 41 46 50 60 61 63 69 74 75 76 77 80 81 82 85 86 88 89 92 95 98 100 104 106 109 113 116 118 119 122 124 126 130 132 133 140 143 144 145 146 147 148 150 152 153 159 160 163 167 168 171 175 176 177 178 179 180 183 184 185 187 189 199
280 24 26 28 29 31 32 36 39 41 45 47 49 54 58 60 69 72 74 78 80 82 83 88 91 92 93 100 101 104 105 106 107 108 109 110 111 116 119 122 125 127 128 134 135 136 137 138 139 142 144 150 151 165 166 167 168 170 171 172 184 187 192 193 196 198 199 200
168 24 25 29 32 33 34 35 40 42 48 49 51 54 56 63 66 68 69 72 73 74 77 82 85 90 97 102 107 108 109 114 116 117 126 127 131 132 134 139 143 144 147 148 155 157 158 161 162 167 170 171 173 174 176 178 180 181 183 184 185 186 189 196 197 198 199
224 25 26 27 28 37 39 40 41 42 44 48 50 51 53 56 58 59 60 64 65 67 68 71 76 77 78 82 84 90 93 95 96 99 100 101 108 110 111 116 117 119 120 121 123 129 130 131 132 133 137 138 139 140 141 142 151 152 153 155 159 160 162 163 167 169 172 178 180 181 182 187 190 191 192 193
271 27 29 30 33 35 36 38 42 45 46 50 51 56 57 58 60 62 65 66 68 69 70 72 83 86 90 91 92 93 97 101 102 103 104 109 115 117 119 123 124 125 135 137 138 139 140 141 144 147 149 156 157 159 161 166 168 174 178 181 182 184 187 189 191 192 193 195 196 199
216 28 38 41 43 44 47 49 50 51 52 53 57 60 67 71 72 73 74 75 76 80 81 87 88 92 93 96 97 99 101 102 103 104 105 107 108 109 110 112 113 117 118 121 122 124 126 129 130 132 133 134 138 139 140 144 145 148 149 150 152 156 157 163 164 171 173 179 180 182 184 186 189 190 191 194
168 30 32 33 36 37 38 39 40 51 53 54 56 59 62 66 68 72 73 76 81 82 84 87 88 90 94 95 97 100 102 104 109 111 114 117 121 124 128 133 135 136 137 138 141 142 143 144 147 148 152 153 155 157 158 160 162 163 165 167 168 170 171 172 173 177 184 187 189 191 192 193 194 195 199 200
238 31 39 42 44 48 50 52 55 62 64 65 66 70 72 75 76 80 81 85 88 89 94 95 96 97 98 99 103 104 105 106 108 111 112 117 118 119 122 125 126 129 134 137 143 152 153 154 156 157 158 160 162 163 164 166 179 180 187 188 191 194 196
237 35 36 39 40 43 44 45 46 52 54 55 56 57 58 59 60 61 62 64 65 69 72 77 78 80 81 82 84 87 89 91 94 96 98 99 102 103 105 111 112 113 120 121 122 125 128 130 132 135 136 140 142 147 154 156 161 162 164 165 168 170 174 178 181 194 195 197 198 199
237 31 32 33 35 42 44 45 47 48 52 54 55 57 60 61 62 63 65 68 71 73 75 76 77 86 87 91 92 94 97 100 101 103 104 105 108 112 115 119 122 127 128 134 137 142 143 144 147 148 150 152 154 155 156 158 159 160 161 164 165 166 168 170 171 173 177 180 181 182 184 185 187 188 191 192 194 198 199
294 31 32 33 35 38 39 41 42 44 45 50 52 53 55 56 61 64 65 66 77 79 82 86 88 89 90 92 93 101 103 107 109 110 113 115 118 119 120 125 126 129 130 131 132 136 137 145 147 148 150 151 153 154 156 159 161 163 166 167 168 169 171 174 180 184 185 186 188 189 194 197
286 32 38 40 43 44 45 46 47 48 49 51 52 53 54 61 62 64 69 70 71 74 76 77 80 87 88 90 92 93 94 95 101 102 103 105 107 110 111 112 113 116 117 118 119 120 121 126 128 132 134 136 140 141 144 146 147 148 149 153 156 158 163 164 165 167 168 169 170 171 173 178 182 183 190 193 194 195 197 198 199
153 33 34 36 37 38 39 41 44 46 49 50 51 56 60 61 62 64 67 69 74 79 86 88 90 94 98 105 107 108 111 112 113 121 124 127 128 130 133 135 141 143 144 149 151 154 159 160 163 166 167 170 173 174 176 177 179 182 184 185 186 193 194 197 199
255 34 35 38 40 43 45 49 53 55 56 61 66 69 70 73 76 79 81 89 90 93 98 99 101 105 106 107 108 112 114 115 117 121 122 125 126 129 132 136 137 140 141 142 143 144 147 149 151 153 163 171 174 175 177 181 184 196 197 198 199
190 41 42 44 45 46 47 48 50 56 58 64 67 68 69 71 72 73 75 76 78 83 86 89 90 92 93 95 96 99 100 101 102 103 106 107 111 112 118 119 121 123 124 126 129 130 131 132 138 139 140 142 147 148 149 152 154 155 157 159 165 167 168 170 173 175 176 178 179 180 182 184 186 188 190 192 193 194 195 196 197
252 36 37 38 42 48 49 53 54 56 59 64 66 71 73 74 85 93 97 99 103 104 108 110 111 112 114 116 117 118 120 121 123 125 126 130 131 132 137 139 148 149 159 164 166 169 170 172 175 176 177 181 183 184 185 186 187 191 196 200
266 38 40 41 42 43 45 47 48 52 53 61 64 65 66 73 75 78 80 81 82 84 85 86 89 92 97 98 99 103 108 111 119 121 122 123 124 126 130 136 137 140 141 142 143 144 151 152 153 156 157 160 161 162 163 167 168 172 177 179 180 183 184 191 192 194 200
242 45 46 48 53 55 58 59 60 62 68 72 73 76 82 85 86 89 92 96 97 98 100 103 105 107 108 111 116 117 118 128 131 133 134 136 137 139 141 142 143 146 155 156 160 163 165 167 168 174 181 182 183 189 191 196 198 200
221 39 40 42 49 51 52 53 62 64 65 70 73 74 77 78 80 81 82 83 84 88 89 90 91 94 98 99 100 101 107 110 122 127 130 131 134 138 139 140 143 145 147 148 151 152 154 155 159 160 161 163 165 166 172 173 174 176 177 180 181 182 185 191 195 197
264 42 45 48 54 57 58 61 62 63 64 65 66 68 69 70 71 74 79 80 83 86 87 91 95 97 99 103 104 105 106 108 111 116 118 119 121 122 128 129 131 133 134 135 139 143 144 145 147 150 151 152 163 167 169 170 172 178 179 180 181 186 187 189 192 194 195 196 199 200
235 41 46 48 49 52 55 63 64 65 66 69 70 73 76 80 83 84 85 98 99 102 104 108 117 121 122 123 126 127 129 133 134 136 137 140 141 143 144 151 152 155 161 162 165 166 171 172 182 183 185 188 189 191 192 193 195 196 198 199 200
193 43 48 50 51 52 53 58 60 61 62 66 72 74 79 82 83 84 85 87 93 95 97 99 100 101 103 104 105 108 113 124 125 129 136 137 138 142 146 147 149 151 156 158 162 168 169 172 173 174 177 181 183 185 190 192 196
281 44 45 46 47 48 49 51 52 53 55 61 64 65 66 68 77 78 79 82 86 87 88 91 98 99 100 101 102 103 105 107 115 119 120 126 127 129 130 133 134 138 139 145 146 150 151 153 158 160 161 164 168 170 174 175 176 178 179 181 183 186 187 188 190 191 193 195 197 198 200
299 44 47 48 49 51 52 54 56 57 60 64 65 66 68 69 73 75 78 79 81 84 86 92 97 103 104 106 107 109 111 118 121 124 125 127 129 131 133 134 141 149 153 156 158 161 163 164 166 168 170 171 173 182 183 186 189 190 191 194 196 199 200
192 49 52 54 55 56 59 60 61 63 70 72 75 79 87 92 94 95 96 97 98 99 100 102 104 108 112 113 117 120 123 125 127 128 132 133 134 136 141 144 145 146 151 156 167 168 169 171 174 176 177 178 179 181 182 184 185 186 187 190 197 198 199
251 46 49 50 53 57 58 64 65 66 69 70 73 74 76 77 86 88 89 96 97 98 102 103 105 108 110 111 112 114 116 117 120 122 126 127 130 137 138 140 141 142 144 146 148 150 151 152 156 161 162 163 167 168 169 170 171 172 179 181 185 186 188 190 191 198 199 200
159 49 50 52 53 55 58 59 60 63 64 67 70 71 78 79 80 83 90 91 92 93 94 98 106 109 111 112 115 118 121 124 126 137 138 142 143 146 148 150 156 166 167 172 178 179 181 185 190 196 197 200
267 49 54 58 60 61 69 70 72 73 75 77 78 79 81 82 83 88 89 95 101 102 104 106 109 111 114 115 118 119 124 128 129 130 132 133 137 142 144 146 148 150 152 153 154 156 158 163 165 168 173 174 178 179 180 182 183 184 187 189 196 197
154 51 58 60 61 63 69 70 71 77 78 80 82 84 85 87 90 91 92 96 97 99 100 103 107 113 114 116 117 118 125 126 127 133 136 137 139 144 145 147 155 157 166 168 174 175 177 180 182 184 185 186 189 194 195 197 199
294 50 52 54 55 56 57 60 65 71 73 77 82 83 85 89 90 92 93 95 98 99 100 103 106 114 115 118 119 120 123 125 126 128 129 135 141 142 147 152 155 160 161 163 164 165 167 169 171 177 180 182 184 185 187 195 196 197
171 51 55 58 59 60 61 65 66 67 68 72 77 79 80 84 85 86 90 92 98 100 101 102 105 107 113 123 127 128 130 132 133 134 136 138 139 142 145 148 149 152 154 157 161 171 174 175 181 183 185 189 193 195 197 199
193 52 55 56 59 61 63 64 65 67 68 69 70 71 79 86 87 88 89 90 92 95 96 100 101 102 103 109 110 114 116 118 119 120 122 127 128 130 132 138 141 142 144 145 147 150 152 153 154 155 156 159 167 170 171 174 179 183 187 188 189 192 193 195 196 197 198 200
275 56 59 62 64 67 68 69 73 74 75 76 80 82 83 84 85 88 90 91 92 93 94 95 101 102 103 107 108 109 116 117 119 120 124 128 129 130 136 137 138 139 140 142 148 149 153 154 156 159 160 165 166 169 172 173 175 177 184 185 187 189 190 191 192 195 197 198
187 54 56 58 59 61 62 64 67 71 72 73 75 79 84 86 88 90 93 100 101 106 108 116 118 122 126 128 129 130 131 134 135 138 139 142 151 155 163 166 167 170 173 177 181 186 189 191 192 194
257 56 59 61 62 64 65 66 67 71 72 75 78 85 95 98 103 109 114 115 116 118 120 122 124 125 127 128 129 131 132 133 142 143 145 146 148 149 151 154 155 161 163 166 167 170 171 172 178 180 183 185 186 187 192 193 194 196 197 198 200
233 58 59 61 64 65 66 67 70 73 74 77 79 83 92 93 94 95 98 99 103 107 108 110 111 117 121 122 123 124 125 130 133 134 136 143 144 145 146 147 148 150 152 153 154 158 163 165 167 168 169 171 174 175 177 180 181 183 184 186 194 199
247 57 64 65 66 68 70 71 74 76 81 82 84 89 92 95 96 98 103 106 108 109 115 117 118 119 122 124 125 126 128 129 130 132 133 139 140 143 148 149 150 156 157 161 163 166 168 172 174 175 181 182 183 188 189 191 192 197 199
218 59 60 61 62 65 67 71 76 79 81 84 85 86 90 91 96 99 101 104 106 111 112 113 116 117 119 120 123 125 126 127 130 134 137 139 142 143 145 148 149 150 157 159 160 161 162 163 164 166 167 173 175 178 179 180 183 188 189 191 192 196 198
209 62 66 67 74 75 78 79 81 83 84 85 88 90 91 93 97 99 101 102 103 104 105 106 107 109 110 111 113 119 121 122 125 126 127 131 132 134 137 140 142 145 146 147 150 152 155 156 157 158 161 163 168 170 175 185 188 189 191 192 195 198 199
279 61 66 67 69 75 78 84 86 88 94 96 98 100 101 102 103 111 112 115 117 118 120 122 123 127 128 131 135 137 145 146 149 155 156 157 162 164 167 169 170 171 172 173 175 178 179 182 184 185 189 190 192 198 200
272 61 63 66 67 69 70 72 76 83 86 94 95 96 97 99 102 103 105 110 111 114 122 124 126 127 128 129 133 135 136 137 138 144 147 149 152 155 156 157 159 162 163 169 170 172 174 175 176 177 183 185 187 195 196 200
278 66 68 69 75 78 80 81 82 86 87 88 89 91 93 96 98 99 101 103 106 107 108 109 112 116 130 132 134 138 140 141 142 143 146 147 148 150 151 155 156 159 162 163 164 165 168 172 173 177 179 180 181 182 188 190 191 193 197 198 199
153 63 64 65 67 70 72 75 82 83 85 91 92 94 95 97 100 101 102 108 112 115 116 122 125 128 129 130 132 134 135 138 139 140 142 143 144 146 148 151 153 155 160 162 163 169 174 179 180 181 191 193 194 195 197 200
291 67 69 70 73 77 79 82 83 85 90 93 94 95 96 102 103 107 108 109 110 111 115 116 120 122 126 130 131 133 136 140 142 146 147 149 150 152 153 160 166 174 177 179 182 191 193 196
157 65 66 67 69 70 74 78 88 89 90 93 95 96 99 100 102 103 104 105 106 111 112 114 116 119 122 124 128 129 130 135 138 140 141 143 145 151 152 153 154 155 157 164 167 169 174 176 178 182 183 187 188 190 196
257 67 68 69 72 77 80 81 82 83 85 86 87 89 92 102 106 107 109 114 115 116 121 123 126 128 129 130 132 133 137 140 142 145 146 148 150 158 159 161 165 169 170 172 173 174 175 176 181 183 184 186 187 190 196 197 199
265 69 71 77 78 79 81 82 86 88 89 95 99 102 104 107 109 111 115 119 121 123 126 128 130 133 134 135 137 141 142 144 146 147 148 149 150 152 154 155 157 160 162 163 164 165 166 167 170 171 172 173 174 175 177 181 183 184 187 193 195 198 199
182 70 72 76 78 79 81 82 83 84 88 90 96 97 99 100 105 106 107 108 111 114 117 118 121 122 123 124 125 126 127 128 130 133 135 138 143 145 146 148 149 151 154 155 156 157 161 162 163 164 165 167 169 172 173 174 178 181 183 192 193 196 198 200
246 69 73 74 75 76 78 81 83 84 85 87 89 90 92 93 95 97 98 99 100 106 107 113 114 118 119 120 121 125 128 129 130 134 138 140 141 143 144 149 152 157 158 162 165 167 168 172 174 177 178 185 191 192 193 195 199
286 70 72 74 75 79 82 85 86 87 90 91 95 97 98 99 110 111 113 115 121 124 126 127 128 129 130 131 132 135 141 147 148 150 151 154 156 158 162 164 166 167 171 173 178 180 186 190 193 195 199
287 72 73 74 76 82 86 87 88 89 92 99 101 102 104 107 109 111 114 118 119 125 127 130 132 135 138 139 142 143 144 145 148 150 151 153 154 156 163 165 169 174 176 180 182 184 193 194 200
224 72 77 81 84 85 89 92 94 95 96 97 99 100 101 104 108 113 114 115 117 118 119 121 122 124 125 131 133 134 136 138 140 148 150 151 152 159 161 164 165 166 177 179 185 189 190 191 196 197
290 73 74 76 79 80 90 91 95 98 103 108 109 110 112 113 115 116 117 118 121 125 126 127 128 130 132 135 138 139 141 142 143 145 148 150 151 154 159 164 165 166 168 169 172 173 175 177 180 185 188 198 199 200
160 75 76 79 80 85 86 89 91 93 98 99 100 101 103 108 109 110 117 118 123 125 127 128 129 131 132 133 135 136 137 138 139 140 154 156 163 164 170 175 180 184 185 186 190 196
192 78 81 82 83 84 86 87 91 92 93 94 97 98 101 105 106 107 108 110 111 112 114 118 120 121 128 130 136 138 143 146 151 152 153 154 158 159 162 164 175 178 183 186 187 188 190 194 200
175 77 79 81 82 83 89 97 99 102 103 105 107 109 112 113 118 119 123 124 125 126 128 130 131 141 142 143 146 155 158 159 160 173 174 178 179 181 183 187 195 196 197
214 78 79 83 87 90 92 97 98 100 101 102 103 104 105 106 107 109 114 123 125 126 137 141 145 148 149 152 155 157 159 161 163 165 166 167 168 170 174 175 176 178 179 181 182 183 184 190 191 192 193 194 196
200 78 79 81 82 88 90 91 94 96 97 101 103 105 107 111 118 126 127 130 131 132 134 136 138 140 141 144 147 153 155 156 162 165 170 171 178 180 181 182 184 188 189 193 197
227 85 87 88 89 90 91 92 93 94 98 102 104 105 106 108 114 116 117 119 120 121 122 123 126 136 137 140 141 143 146 147 150 152 153 155 160 163 166 168 171 176 179 181 182 183 186 187 190 195 198 199 200
173 83 85 86 88 89 90 91 92 98 100 103 104 105 106 108 114 115 117 118 120 122 123 127 129 136 138 139 143 146 148 149 150 151 152 158 160 166 167 170 172 173 174 176 178 179 181 184 189 194 195 196 197 198
166 81 83 84 90 91 93 94 95 97 98 101 103 104 105 107 108 109 110 113 115 120 123 125 126 129 130 134 135 138 139 140 143 151 153 155 156 159 161 165 167 168 171 174 178 180 182 183 187 188 189 191 195 197
267 83 85 88 89 91 95 98 100 104 105 107 108 111 112 113 115 121 122 130 133 138 139 144 145 147 148 149 152 156 160 172 174 175 182 183 184 189 191 194 195 196 199
197 83 88 91 92 94 96 99 100 101 107 108 111 112 113 114 115 116 119 120 123 126 127 128 129 131 132 137 138 140 142 148 153 154 156 157 164 165 166 167 168 173 175 176 180 183 184 189 191 192 195 196 197 199 200
227 85 86 87 88 91 95 96 99 103 107 108 110 113 114 116 118 120 122 123 124 129 135 136 140 142 145 154 156 159 160 164 172 173 174 175 178 183 184 189 190 192 194 199
267 88 92 94 97 99 101 104 105 110 112 114 116 119 124 125 128 130 131 135 145 146 147 150 151 154 155 158 160 161 164 169 174 175 177 178 179 181 182 183 185 188 191 192 193 197
153 86 87 88 89 90 92 93 96 101 105 109 110 111 112 113 115 116 118 119 120 122 125 128 129 130 131 134 141 142 143 153 156 157 159 166 167 168 169 172 175 177 181 194 195
213 92 93 95 98 99 102 106 108 110 111 113 114 115 116 124 126 127 128 129 130 133 134 136 140 141 155 158 160 161 162 163 166 167 168 169 170 171 172 175 176 178 180 181 185 188 190 191 196 200
193 90 91 100 102 104 107 110 111 115 120 122 123 126 127 128 130 139 144 145 146 149 151 153 156 163 168 170 172 176 180 182 184 186 190 192 194 196 197 198 200
156 93 94 95 97 98 99 102 103 105 106 110 111 114 115 116 120 123 124 126 127 131 134 136 138 140 141 142 143 146 147 152 153 155 157 159 160 161 163 165 167 168 169 170 172 173 174 175 177 178 182 184 193 196
165 91 96 97 98 101 103 104 107 111 115 119 120 124 125 129 130 134 138 148 150 151 153 156 158 159 160 163 164 169 170 174 175 179 180 181 183 189 194 199 200
162 91 95 96 98 101 104 106 109 111 112 114 116 123 125 126 128 131 132 133 143 144 145 148 149 157 161 162 164 169 170 171 173 175 176 178 180 181 191 200
229 92 94 98 99 102 103 107 110 112 113 114 116 119 122 123 124 129 130 132 133 134 137 138 140 141 145 146 147 150 151 155 159 161 162 166 168 169 170 174 175 177 178 185 186 190 192 194 198
294 93 95 98 99 100 102 105 107 110 111 112 120 122 124 126 127 128 131 134 135 136 137 141 143 144 146 147 148 151 152 153 154 155 159 160 162 163 166 167 169 175 176 177 180 183 184 186 188 190 194 197 200
252 94 99 100 102 103 107 108 109 110 111 113 114 117 118 122 123 124 125 129 130 131 133 134 139 140 141 145 147 149 150 153 155 156 158 162 164 165 168 169 172 174 176 177 178 179 181 182 183 184 190 193 194 199 200
204 95 98 99 102 103 106 107 109 110 112 115 116 118 119 120 122 124 133 134 135 138 141 142 143 146 148 155 159 160 161 165 167 169 170 172 173 174 175 179 183 184 190 191 192 193 194 196 199
279 98 103 108 111 112 117 122 125 126 127 129 135 138 139 140 142 143 144 150 152 153 154 157 160 164 168 170 171 174 175 177 178 181 183 187 190 195 199
267 99 100 103 104 107 108 109 114 116 119 121 122 126 128 130 133 139 143 144 146 149 150 154 155 157 159 160 162 164 166 167 168 169 171 172 176 177 178 180 183 184 187 189 191 193 200
288 98 101 103 105 113 114 116 118 123 124 126 128 130 131 132 134 135 136 138 141 142 144 146 147 149 151 157 158 159 163 168 169 174 176 177 178 179 181 183 185 186 188 190 191 192 194 195 196 197 198 199
290 102 109 110 113 114 118 119 122 125 127 130 138 140 142 145 146 147 150 151 153 155 156 157 165 170 173 174 176 177 183 184 186 189 190 191 198 199
241 105 108 112 114 116 121 125 126 127 132 133 139 140 145 146 148 152 153 154 157 164 166 168 171 172 174 177 178 179 180 182 184 186 187 192 197 199 200
203 103 104 108 112 117 118 120 121 123 125 127 130 132 137 139 141 145 146 147 148 150 153 154 155 158 162 164 166 167 168 172 174 183 184 188 195 197 198 199
168 102 103 104 108 109 110 118 121 122 125 129 130 137 140 143 144 145 146 148 152 153 155 162 163 166 172 174 175 176 179 180 181 185 186 188 189 192 193 194 195 196 197 198
176 104 107 111 120 121 130 131 132 134 136 139 141 142 143 145 146 148 154 155 156 158 162 163 164 165 166 170 171 173 174 176 177 178 180 181 182 183 188 189 190 194 196 199
209 104 109 115 116 118 119 121 124 129 132 133 138 140 141 143 144 148 150 151 156 158 159 162 164 165 175 178 179 183 185 188 189 194 196 198 199
180 106 107 109 110 116 117 118 120 123 124 126 128 130 134 136 138 142 143 151 153 156 159 160 167 169 171 173 174 175 178 183 185 186 188 191 195 197 199
194 106 108 116 117 120 125 128 129 134 136 143 144 147 149 150 151 152 153 155 157 159 160 167 181 188 189 190 194 196 197 200
290 107 109 110 111 115 116 117 120 122 126 128 129 130 133 138 139 140 141 142 146 148 149 150 151 153 154 156 159 161 164 165 167 168 169 170 174 178 181 182 186 189 190 191 193 196
250 110 113 118 119 120 123 126 129 130 131 136 137 143 145 149 151 154 155 157 158 161 162 163 171 174 175 176 178 183 188 194 195 197 200
281 110 112 118 123 125 130 131 137 138 141 143 150 153 154 164 165 166 168 175 180 181 182 184 189 191 192 193 195 196 197 200
297 110 111 112 119 120 126 127 129 131 134 138 140 142 146 148 151 153 158 159 161 165 167 170 171 176 179 180 181 182 184 185 187 200
274 111 112 113 116 117 118 124 125 131 135 137 141 143 147 148 150 152 154 156 158 161 162 164 170 179 181 186 187 189 190 191 194 196 197
256 118 123 129 131 132 134 135 137 140 143 145 149 152 154 161 163 165 166 167 169 172 174 176 179 183 184 185 189 191
197 113 114 117 120 121 122 126 132 133 135 136 137 140 141 142 145 149 150 151 153 160 165 168 169 172 174 177 179 180 186 187 188 190 193 194 195
248 114 116 120 121 123 125 126 132 135 136 141 143 144 151 152 158 159 164 170 171 173 175 176 177 179 180 185 188 191 192 193 195 196 198 200
201 117 122 123 124 125 127 128 135 136 139 142 144 147 148 149 154 155 156 163 165 166 168 171 172 174 177 178 181 183 186 187 188 189 191 198
290 118 120 122 126 127 130 131 138 144 147 148 152 154 156 162 165 167 170 171 175 176 178 181 182 185 186 187 190 191 193 196 197 198 199 200
218 118 120 121 122 125 128 129 134 137 140 144 145 147 148 149 153 156 157 158 164 167 168 176 177 179 183 185 187 188 190 191 194 197
244 119 120 121 122 125 127 131 143 144 145 146 148 149 150 151 152 153 155 157 160 169 173 176 178 180 181 183 185 189 191 192 193 194 196 197
176 120 121 123 124 126 128 129 131 133 137 138 140 141 144 146 153 154 159 164 167 171 172 174 175 179 180 181 183 184 187 190 191 193 194 196 197 199
218 120 121 122 123 124 125 126 127 128 129 130 132 135 136 137 138 139 140 142 143 145 147 148 149 150 151 153 154 155 159 160 164 171 172 173 174 175 176 177 178 180 182 184 185 188 189 192 195 196 197
272 122 123 124 129 130 144 148 149 153 155 157 159 161 163 165 177 178 182 187 188 191 192 194 196 197 198 199
250 127 129 134 135 138 140 141 145 147 149 150 153 157 158 159 160 164 166 167 171 172 173 175 178 179 180 182 184 186 191 192 196 199 200
166 123 124 128 132 134 135 136 137 138 141 143 145 146 147 149 152 156 158 160 163 165 167 169 175 178 183 185 186 187 188 194 198 200
297 124 128 130 131 135 137 138 139 141 144 145 149 156 158 159 160 168 169 173 175 178 179 181 182 184 185 186 187 190 191 193 196 197 198 199 200
157 128 130 131 137 141 142 143 145 147 149 155 158 161 162 163 165 167 168 172 173 174 178 179 184 185 187 190 193 195 198 200
152 127 128 129 131 139 144 150 152 153 154 156 163 166 168 172 173 175 178 180 190 191 195 198 200
205 127 128 133 134 135 136 138 141 146 158 163 167 168 169 171 172 174 175 176 177 179 180 182 184 186 189 192 196 198
155 129 130 131 132 133 136 138 141 142 145 148 150 151 152 154 156 157 161 163 170 174 177 178 179 181 182 184 185 186 189 190 191 197 198 199
278 129 133 136 138 139 145 146 150 151 154 157 158 163 165 170 171 174 175 176 182 183 184 185 187 189 192 193 198 200
279 132 135 137 144 146 147 151 152 153 155 157 159 160 162 164 165 166 169 170 173 175 176 183 184 185 186 187 189 190 198 199
253 131 133 135 136 140 143 145 148 149 150 151 152 155 158 160 163 165 175 177 179 180 184 190 191 195 198 200
298 132 133 136 140 142 143 144 145 147 152 154 156 161 163 164 165 169 171 173 174 176 177 186 188 189 191
209 133 136 139 140 142 143 145 146 147 149 153 154 158 159 161 162 163 164 166 168 170 171 179 181 186 188 191 196 197 198
151 137 140 141 144 145 146 148 149 153 165 168 169 170 175 176 177 181 183 187 190 191 193 197 198
202 138 139 140 141 142 148 150 151 153 154 155 157 158 159 160 164 167 168 171 172 173 175 186 187 188 189 191 195 197 200
279 136 137 143 146 147 149 151 152 153 154 155 156 157 158 162 163 164 165 166 168 169 173 174 183 185 186 187 191 192 195 198 200
232 140 143 146 148 150 152 153 157 160 161 163 167 170 177 179 180 186 188 190 193 194 198 200
190 141 143 144 146 149 150 158 159 166 167 169 170 173 177 180 181 187 189 190 192 193 194 198 199
176 139 144 146 149 153 155 158 165 166 169 170 173 174 175 177 178 181 187 188 190 191 193 194 196
236 140 141 146 147 151 152 153 154 157 161 162 164 169 170 172 174 183 188 189 192 194 195 197 198 200
174 145 149 154 155 157 158 159 161 163 166 169 171 173 174 176 182 185 191 195 196 198 200
160 142 146 147 148 151 158 159 162 165 166 167 172 173 174 175 178 182 185 189 191 192 195 196 198 200
168 150 154 156 158 162 164 165 166 167 169 173 175 178 180 181 182 184 189 192 193 197 198 199
300 147 149 150 151 152 154 155 158 159 160 161 164 168 182 184 186 189 190 200
261 148 149 150 153 155 158 161 162 164 165 170 171 174 176 181 182 185 189 190 192 194
208 147 149 150 152 154 156 157 158 160 162 164 168 169 170 171 173 177 180 181 182 188 189 190 192 193 196 199
212 149 151 157 161 163 171 173 175 177 178 179 180 182 183 187 189 190 191 192 196 198 200
180 149 150 156 158 159 162 164 167 170 171 175 176 177 178 180 187 188 189 194 196 199 200
265 149 150 152 153 155 157 158 159 160 163 164 166 169 172 177 178 181 182 183 184 185 191 193 195 197 199
174 154 157 159 161 164 166 168 172 175 182 184 187 188 194 196 197 200
150 153 155 158 159 165 166 169 173 174 175 176 181 185 186 192 193 194 195 198 199
206 152 153 155 157 159 160 163 164 165 167 172 174 181 186 187 189 190 195
300 153 157 159 163 164 165 167 168 171 174 176 179 188 190 192 193 197 198 199 200
172 154 155 156 158 160 169 171 172 174 177 178 180 181 182 186 192 193 194 196 199 200
164 160 161 163 165 166 167 169 171 173 180 182 183 190 193 195 196 198
234 156 160 163 165 171 175 181 182 185 187 188 191 192 194 197
154 157 161 162 163 164 169 171 176 183 184 187 188 189 194 196 197 199
225 158 160 161 162 163 164 170 172 173 174 177 179 184 185 193 195 197 200
232 159 168 171 173 174 176 177 179 183 184 187 191 192 195 196 197 198 199
199 161 165 166 168 172 173 176 179 181 182 183 188 191 192 193 195 200
286 163 164 166 168 174 179 180 182 183 189 191 195 197 200
179 163 165 166 167 170 176 177 180 181 182 183 185 188 192 195 196 197 199 200
231 164 165 168 173 176 177 178 179 180 181 183 186 187 188 189 190 191 192 196 197 198
288 164 168 169 170 172 176 177 180 181 182 184 186 194 198
156 167 173 174 176 177 179 181 182 185 187 188 189 191 192 194 198
157 167 168 170 171 173 175 177 178 179 182 184 186 189 194 198
276 175 177 184 185 187 188 190 191 192 193 195
191 168 170 172 174 176 187 189 192 194 195 197 199 200
288 170 171 175 176 180 181 182 184 187 191 193 195 196
282 171 172 173 178 180 181 183 186 189 190 191 192 196 200
150 172 174 177 179 182 183 184 185 186 188 193 195 198 199
195 172 175 178 182 183 184 185 187 188 196 198 199
173 178 184 189 193 195 197 198 200
215 175 176 181 185 186 187 188 194 195 196 198 199 200
214 177 178 183 187 188 190 191 192 193 194 195 196 198 200
264 176 179 181 182 187 189 193 195 200
259 179 180 184 185 186 188 189 191 192 194 195 196 198
206 182 183 184 185 190 193 197 199
225 180 181 182 184 188 191 192 196 198 200
298 180 181 182 186 188 190 192 196 197 199
196 185 188 190 191 198 199
184 185 186 187 190 191 192 193 195
260 184 185 186 188 191 194 195 196 198
228 186 189 190 191 193 196 199 200
290 185 187 191 194 195 198
243 186 189 190 198 199
288 187 194 196 198
178 196 197
203 190 193 194 195 199
251 191 193 194 196 197 200
205 191 195 196 198 199 200
202 194 195 196
260 193 194 196 197 198 199 200
233 194 197 200
169 197 199
225 197 199 200
211 199
225 199
231
289
298
