100	10	10000	10
-3	1989	10
-1	1785	14
-5	1059	6
-4	1807	13
-2	1692	11
-1	1162	11
-4	1865	9
-4	1165	7
-5	1350	9
-5	1542	10
2033 3 13 15 19 21 23 24 29 30 32 34 37 39 40 41 42 43 44 45 47 53 55 57 58 59 65 70 72 74 75 79 81 86 87 91 94 96 97
2623 3 4 5 6 8 9 12 13 14 15 18 19 22 23 24 27 29 32 34 35 36 40 42 43 44 45 48 50 51 54 62 66 68 79 80 87 88 89 95 96
2954 6 7 9 10 11 12 18 21 22 23 29 33 39 40 41 44 45 49 57 58 62 64 65 66 67 69 70 74 78 79 81 82 85 87 92 93 95 98 100
1882 6 7 9 10 11 14 17 20 23 26 27 29 30 36 37 39 41 43 44 46 49 52 53 60 62 64 68 75 76 79 80 84 85 86 87 89 93 95 97 100
1806 7 9 12 13 16 19 20 25 32 38 41 43 47 48 52 54 55 61 63 66 71 76 79 82 83 85 87 89 90 92 94 100
1737 9 12 13 16 17 19 20 27 28 31 37 38 39 40 41 43 51 57 60 62 63 64 67 68 71 73 75 76 79 80 81 85 91 95 96
2740 8 11 13 18 22 26 33 37 41 45 47 48 49 51 52 54 56 57 62 63 66 70 71 74 77 78 80 84 89 91 92 93 94 95 98
2989 10 11 13 14 16 22 23 25 26 30 31 33 38 41 44 46 51 55 56 57 60 65 69 70 73 76 81 82 87 93 94 95 97 98 99
2891 10 12 16 19 20 24 25 27 28 30 31 32 33 34 36 37 41 46 49 51 52 53 54 58 60 62 63 65 67 68 71 72 73 75 77 79 81 87 90 92 94 95 99 100
1869 16 19 20 26 27 29 32 34 36 38 40 41 42 44 46 49 50 53 55 56 58 60 63 66 68 72 73 76 79 80 86 88 92 95 96
1702 12 15 16 17 22 24 26 28 29 30 33 35 40 42 45 46 50 51 52 58 59 61 62 63 64 65 66 69 70 72 73 75 78 83 84 90 92 94 95 100
2941 15 16 18 19 22 23 33 34 39 42 46 48 50 52 53 56 57 60 61 62 63 66 69 70 72 75 76 77 78 80 82 83 84 85 86 88 89 99 100
2417 18 21 22 23 24 26 29 31 34 35 38 39 46 47 48 50 51 52 53 59 61 64 69 72 76 77 80 81 84 88 91 92 96 97 98
2947 17 19 21 22 23 24 26 31 33 34 37 38 39 40 43 48 49 57 59 60 61 62 64 65 66 69 73 74 75 77 79 83 85 86 88 89 92 98
2411 18 22 24 26 29 31 33 37 39 40 41 46 48 51 53 56 65 71 75 77 81 84 85 86 88 91 93 96 98 99 100
2475 22 23 25 26 29 30 34 36 37 38 40 41 47 52 57 58 59 60 62 64 65 68 69 73 77 78 80 81 82 84 87 88 89 90 91 92 93 94 95 97 99 100
2754 19 20 21 23 25 31 34 35 36 38 39 47 62 66 70 73 75 79 84 87 88 90 91 92 99
1627 19 21 22 25 28 32 33 34 40 45 47 48 49 50 51 52 55 56 57 70 71 73 74 76 77 78 81 82 84 86 87 89 91 92 94 95 97
2733 21 22 23 24 27 30 32 33 35 36 40 42 43 45 47 49 52 56 59 64 65 67 68 71 72 76 78 80 84 87 88 89 90 97
1554 22 24 25 34 35 37 38 41 42 45 46 47 48 52 53 56 58 60 64 65 66 68 69 70 73 76 78 81 87 89 92 94 98
2970 22 25 33 36 38 39 44 45 46 47 48 49 51 54 58 61 63 65 68 70 74 76 77 78 80 81 82 83 85 93 97 99 100
2770 23 24 25 26 28 31 33 35 37 41 42 44 47 48 50 54 57 62 65 66 68 69 71 79 81 83 84 85 89 90 91 92 94 95 97 98
2032 25 26 27 28 29 31 36 41 42 45 46 47 48 49 52 53 56 58 59 60 61 63 64 65 69 72 73 74 77 78 80 82 83 84 85 86 88 90 92 93 94 97 100
1952 25 26 28 32 33 34 36 39 40 41 43 46 50 52 53 54 55 57 59 63 68 71 75 76 78 86 90 96 99
2533 28 34 39 41 45 46 47 48 54 55 56 57 61 62 64 68 69 71 82 84 85 86 92 94 96 97 98
2077 28 30 31 32 33 34 36 40 44 45 46 52 55 57 60 62 64 66 67 71 72 73 74 77 79 84 85 86 89 92 93 96 100
1683 28 30 32 34 36 39 40 42 44 46 48 50 51 57 61 64 67 68 69 72 74 79 81 82 83 84 88 89 90 91 98 99 100
2261 30 32 35 38 43 44 46 48 53 58 59 60 63 66 78 83 84 90 93 94 99 100
1898 30 31 32 34 36 37 40 43 44 45 46 48 49 50 53 54 56 65 67 74 75 79 80 83 88 89 91 95 96 97 98 99
2666 31 32 34 37 44 45 46 48 49 50 51 53 56 59 61 62 65 66 67 68 71 72 73 74 75 76 81 84 87 88 93 95
2694 32 34 36 37 38 40 41 47 50 52 53 54 55 58 59 61 68 70 76 77 78 79 80 81 84 89 90 93 95 96 97 99 100
2751 35 36 37 39 40 42 43 44 45 47 49 50 53 55 57 58 60 63 67 70 73 74 75 78 79 87 90 93 94 96 99
2182 34 35 36 39 47 52 60 62 64 66 69 70 71 72 76 82 85 88 89 94 95 98 100
1954 35 40 45 46 47 48 49 50 51 56 58 59 62 63 64 66 67 69 70 71 75 76 78 79 80 82 83 84 85 86 87 89 93 95 96
2606 36 37 39 40 42 43 44 46 47 49 52 53 56 57 60 64 65 67 68 72 78 79 83 84 88 90 96 97 98
1876 37 38 39 40 42 46 48 49 52 53 54 55 64 65 67 71 73 76 77 78 79 80 81 84 85 87 88 89 90 92 93 95 98
1982 40 41 43 44 45 46 51 53 54 55 60 63 64 69 73 75 76 78 80 83 89 90 91 92 93 95 96 98 100
1889 39 40 42 44 46 48 54 55 60 61 63 65 67 72 73 74 75 76 80 81 82 83 84 86 87 91 93 99
1739 43 50 51 54 56 59 60 62 69 71 74 75 77 79 80 84 85 88 98
1799 43 46 49 55 59 60 61 62 63 64 71 76 77 85 86 88 90 93 94
2800 44 46 47 50 53 55 61 67 69 70 73 76 80 82 83 85 86 87 88 89 92 93
2481 43 44 45 47 48 49 50 52 53 54 67 68 69 71 72 79 81 82 83 89 91 92 93 97
2928 47 51 52 60 65 66 67 70 73 77 78 81 82 84 85 86 87 89 92 95
1582 48 49 50 54 55 57 59 61 62 67 68 69 72 77 78 80 84 87 88 91 92 93 98
2329 46 48 49 50 51 55 56 58 59 60 61 63 65 69 70 72 73 81 83 84 87 90 91 92 95 97 98 99 100
1800 47 48 50 51 53 55 58 67 71 72 73 74 76 78 79 80 82 83 84 87 88 91 94 95 97 98 99 100
1723 50 51 57 64 65 66 69 70 71 73 77 81 88 89 90 91 92 93 94 95 96 100
2628 52 53 54 55 58 63 64 68 69 70 72 74 77 81 82 83 84 88 89 90 91 94
2703 50 51 53 57 58 59 61 66 67 70 71 73 76 78 79 80 82 83 85 86 91 93 96
1995 52 56 61 63 64 65 66 68 69 74 76 78 79 80 82 89 92 93 94 96 97
2754 52 53 58 60 61 63 65 66 67 68 69 70 75 78 79 85 87 88 91 92 94 96 97
1533 53 54 55 58 64 67 69 71 77 79 84 85 90 95 99
2824 54 56 60 62 64 66 67 70 76 82 89 91 94 95 96 99 100
1908 57 58 60 61 62 65 66 70 71 72 74 75 76 77 78 79 80 81 82 83 84 85 86 87 91 93 94 95 96 97 99
2476 58 61 63 66 69 71 77 80 81 83 88 92 94 95 98 99 100
2900 58 61 64 65 66 68 69 70 73 77 78 80 81 82 84 86 91 92 93 95 97 99
1706 64 67 68 72 73 74 79 81 88 90 94 97
2389 60 61 63 66 71 72 74 78 82 83 86 88 90
2995 61 62 65 69 72 73 75 80 81 84 87 89 90 92 94 98 99
1664 61 62 66 67 68 69 70 76 78 79 85 89 91 93 94 95 100
2621 62 63 65 77 79 80 82 83 85 88 92 95 97 98 100
2508 64 65 66 67 68 71 76 78 83 84 89 91 94 97
1668 79 80 82 83 85 90
2790 66 68 71 72 73 80 83 86 87 89 92 93 94 98 100
1687 68 69 75 78 79 86 87 88 94 95 96 97 98 100
2288 70 72 73 80 81 83 85 87 92 94 96 98
1691 70 71 72 73 77 79 83 84 86 87 89 92 94 95 98
2721 70 71 72 73 74 75 78 79 80 87 89 91 93 95 96
2899 70 71 73 74 76 77 79 80 81 83 84 85 87 90 100
2181 75 76 77 78 80 82 84 86 87 93 96 97 98
1745 72 73 74 76 77 78 79 84 85 87 89 90 93 95
2614 74 80 82 83 84 85 86 91 92 95 97 98
2217 74 76 81 83 94 95 96 100
1706 75 78 80 81 87 88 92 93 95 96 97 100
2547 83 84 88 90 91 94 97 98 99 100
2631 77 81 83 84 85 86 88 89 91 92 95 96 98 100
2753 79 80 84 85 86 88 91 92 94 97 99 100
2540 79 84 86 87 88 90 96 98 99 100
2063 80 82 83 85 86 87 89 90 91 92 96 97
2531 81 86 88 91 92 94 95 96 97 99 100
2234 82 84 85 86 90 91 93 95 97 98
2013 85 86 87 95 96 100
2466 98 100
2406 91 92 94 95 96 97
1791 86 87 90 91 92 93 95 96 97 100
2735 88 91 92 93 95 98
1664 88 89 90 93 94 95
2944 91 93
2064 93 96 100
2798 91 93 95 98 99
1694 92 93 94 96 97 100
2944 94 95
1891 94 96 97 99 100
2149 100
2891 96 98 99 100
2358 99
2496
1592
2741
1580
