100	10	1000	10
-1	193	14
-2	165	7
-4	126	5
-5	177	9
-4	155	10
-5	102	9
-2	128	11
-5	102	11
-4	150	15
-2	118	9
147 4 8 11 14 15 17 22 23 25 26 28 34 35 39 41 45 47 52 54 56 60 61 64 65 66 68 70 73 75 77 82 83 84 87 88 91 92 98 99
90 5 8 12 13 15 17 20 21 25 28 31 33 35 38 44 45 50 51 54 59 65 67 69 72 76 78 81 86 89 91 92 93 95 98 100
52 8 9 10 16 20 22 25 26 28 30 31 32 37 38 39 42 45 48 49 50 53 58 61 62 69 70 71 72 73 75 79 80 81 82 84 85 86 88 93 95 96 100
104 6 7 10 12 14 16 21 25 28 30 36 39 40 45 46 48 53 54 59 62 64 67 71 72 73 76 77 84 85 90 92 96 98 100
87 8 9 10 12 14 15 19 20 21 23 26 27 28 29 32 33 34 35 37 39 41 47 48 49 52 54 65 69 70 71 75 80 81 82 84 87 88 89 92 97 99
125 7 9 11 12 20 22 24 31 32 40 41 42 45 47 48 49 50 51 52 54 55 57 58 63 68 71 72 74 77 78 81 82 83 84 85 86 88 92 95 100
143 10 14 17 18 21 25 28 30 31 33 36 40 42 49 50 51 52 53 54 56 57 58 65 66 69 74 77 79 80 83 84 85 86 87 88 90 92 94 98 99
110 10 13 14 17 20 21 23 24 28 29 30 33 35 37 41 42 50 53 54 55 56 58 59 60 61 62 64 67 68 70 73 74 75 77 82 86 88 89 91 92 98 99
79 10 12 13 15 16 22 23 24 26 28 32 35 38 39 42 44 46 47 49 56 58 60 61 64 66 69 70 72 76 78 79 81 82 85 88 91 96 98 99
127 11 12 16 19 21 23 25 27 28 31 35 36 37 38 40 41 44 45 46 47 48 50 51 52 54 57 62 66 67 70 71 72 73 74 78 80 82 84 91 92 96 98 100
126 14 16 19 22 23 24 26 32 33 35 39 41 43 45 46 48 49 51 55 56 57 58 59 62 66 67 69 79 85 88 89 91 93
60 15 19 29 31 33 34 37 38 46 47 50 51 53 58 60 62 63 66 69 70 72 76 80 81 84 89 92 94 95 100
107 14 15 17 20 21 23 27 31 36 40 42 43 44 46 47 49 51 53 56 59 60 61 64 66 67 68 69 74 78 79 82 83 84 93 96
64 15 17 18 19 20 22 24 26 29 30 33 35 45 47 50 56 59 65 66 70 72 73 76 77 78 79 80 81 84 85 87 88 97
147 18 20 22 23 25 27 37 39 40 42 45 46 47 49 52 53 56 57 60 61 64 65 69 71 72 76 77 79 80 83 87 89 93 95 96 100
82 17 18 20 22 25 26 27 28 33 39 40 43 57 59 64 65 71 72 73 74 76 80 81 83 85 89 90 94 98
125 19 21 29 30 33 41 42 49 50 51 52 53 55 57 61 62 63 66 67 72 73 74 78 84 86 87 88 92 93 100
132 19 21 22 25 33 35 38 41 43 44 49 51 54 56 65 66 69 71 73 74 75 76 78 81 86 88 91 92 94
73 20 21 22 24 26 27 29 30 31 33 35 38 40 41 43 45 46 54 60 68 69 73 76 83 89 90 94 95 99
54 22 24 26 27 29 31 34 35 37 38 40 41 42 44 46 49 53 57 60 61 62 63 65 67 70 74 75 81 82 83 86 89 93 94 96 100
87 23 28 30 31 36 38 45 46 48 52 59 61 62 64 65 67 69 70 72 73 74 75 79 80 81 86 87 88 90 91 92 97 98 99 100
103 24 26 28 29 30 32 37 40 42 44 47 48 51 52 54 56 59 61 62 64 65 66 67 70 72 75 78 79 81 86 89 90 94 95 96 97 99 100
63 26 27 30 31 32 33 34 38 41 42 43 45 46 47 50 55 58 59 60 63 65 66 67 68 69 70 75 80 86 92 97
100 25 28 29 34 35 36 37 38 41 43 45 46 48 54 55 56 60 61 62 69 70 71 72 75 76 77 80 81 83 90 91 92 93 94 97
79 26 31 33 35 43 50 51 52 53 55 59 63 64 65 66 75 78 79 80 84 91 94 98 99
71 28 29 30 31 32 37 38 42 44 45 46 48 54 57 62 63 64 66 67 68 75 77 78 79 80 85 86 88 89 90 94 96 99
150 28 32 35 36 38 39 41 42 43 44 47 49 50 51 53 55 59 68 70 71 72 73 74 76 78 82 84 87 90 92 94 97 98 99
84 29 33 34 38 42 46 47 49 50 51 52 55 56 58 64 65 66 67 68 69 74 77 78 79 80 82 90 93 96 99
137 30 36 37 38 40 49 52 55 56 59 62 65 66 68 75 95
117 31 32 33 37 39 45 49 53 57 58 62 64 65 68 70 72 74 77 78 80 84 86 87 88 91 93 95 96 97 100
79 32 37 40 41 45 51 52 53 54 57 58 59 62 63 64 65 66 68 69 70 72 77 80 85 89 91 93 95 96
135 36 37 38 41 44 50 57 58 59 66 72 73 75 76 77 80 81 86 87 88 95 96 97 100
111 34 36 40 43 44 49 51 53 59 60 61 62 64 67 70 75 77 78 79 82 86 88 90 91 96 98
148 37 41 44 45 47 48 49 51 54 56 58 59 61 62 67 68 71 72 74 78 79 82 84 88 89 92 93 96 97 100
120 36 39 41 43 46 48 50 54 56 59 61 62 64 65 67 70 71 72 78 81 82 86 89 91 92
73 38 39 40 42 43 44 47 51 52 53 54 55 56 58 61 66 67 72 74 75 76 78 80 87 88 92 93 95 97 99
88 38 41 44 46 47 48 50 53 56 57 59 61 68 69 71 74 75 79 80 83 88 90 91 95 97 100
108 39 41 42 43 45 46 47 48 52 53 56 63 64 65 68 69 71 72 74 78 79 80 81 84 86 88 89 93 94 95 98 99
120 41 50 52 55 61 64 65 69 73 74 77 86 87 88 90 94 97 100
146 42 44 45 47 48 55 56 60 62 63 64 70 73 74 80 83 85 87 88 91 92 98 100
81 43 44 48 50 53 55 57 59 62 67 71 72 76 77 78 79 80 81 83 85 87 89 90 93 95 99
71 43 48 53 56 58 59 60 65 66 70 71 72 74 76 83 87 88 89 90 94 96
132 44 46 47 51 53 56 57 60 61 65 69 70 71 75 80 81 82 86 88 89 91 92 94 97
74 45 46 52 53 54 55 56 57 59 60 73 80 83 84 87 88 90 92 95 96 98 99
63 46 47 48 52 53 55 56 57 58 62 67 71 74 76 77 83 84 87 98 100
79 51 54 55 59 60 61 63 64 67 69 80 83 89 92 100
65 50 55 59 60 65 68 71 72 73 74 75 76 79 86 87 88 89 90 92 93 96 99 100
139 53 54 55 59 60 65 66 69 72 73 74 80 81 84 87 90 98
115 56 59 60 62 64 65 67 69 73 75 86 87 88 89 92 95 96 97
123 53 55 57 58 60 63 64 66 71 74 75 76 81 82 84 85 87 90 91 93 94 97 100
112 53 55 60 61 63 64 66 68 70 71 73 75 82 83 84 89 90 92 94 98
103 56 57 58 59 61 64 65 66 67 68 69 70 71 73 78 79 82 83 85 86 94
73 55 56 58 60 61 62 65 69 71 72 74 80 82 84 86 89 90 93 97 98 99
108 55 58 60 61 62 63 69 70 77 78 79 83 86 89 95 97 99
110 56 63 64 67 68 69 73 75 77 79 80 84 86 87 88 90 91 92 94 95 98
53 57 60 63 66 71 74 78 79 81 82 85 88 90 92 93 98 99 100
51 61 62 63 70 73 78 80 81 82 90 91 93 94 95 98 99
114 59 60 61 66 67 69 70 71 72 73 74 86 87 89 90 92 93 94 96 97
145 64 65 66 68 69 77 78 84 86 88 89 92 99 100
116 63 64 65 66 67 70 71 72 75 77 78 81 83 85 94 98
79 62 64 65 70 71 80 81 85 86 97 99 100
76 65 67 68 69 74 76 77 78 79 80 85 88 90 92 94 95 96 97 99
114 64 65 68 71 72 74 76 79 81 83 87 88 89 94 96
89 66 68 69 71 74 79 82 85 90 95 96 99
93 68 69 71 72 73 78 80 89 90 94 98
113 70 73 78 80 82 85 86 87 88 89 91 94 100
62 70 81 82 85 89 90 93 94 95 96 97
139 76 77 83 85 89 91 94 98
147 70 72 81 83 84 86 93 94 97 98 99
147 71 72 74 76 77 79 80 87 89 97 99
125 72 77 79 80 81 82 83 85 87 89 92 93 95 98 100
61 74 76 78 79 80 83 84 85 86 88 89 91 92 94 95 97 98 99
97 74 77 86 90 100
57 76 77 78 79 80 83 86 88 89 92 93 94 95 99
92 77 80 82 85 86 93 95 96 100
113 78 79 85 86 87 88 90 91 93 94 95 98 99
133 79 83 90 96
113 80 82 83 84 85 86 87 88 93 97
103 80 82 85 86 96 100
142 81 82 84 86 88 89 90 94 96 99
104 82 91 92 93 97 100
96 84 85 91 93 94
134 84 86 87 90 91 94 96 97 99 100
71 85 87 90 91 94 95 100
119 95 97 98 99
134 90 91 93
99 88 89 96 97 98
66 89 96 97 98 99
149 90 91 92 97 98 99 100
50 91 96 97 98
82 94 98 100
67 93 97 99
105 94 97 98 100
89 96 97 99
125 96 100
96 100
119 98 100
150
120
64
