75	5	10000	1
0	1193	17
0	1620	11
0	1850	18
0	1589	11
0	1122	18
2030 2 5 8 10 11 12 13 14 15 16 19 20 23 27 30 31 34 36 37 39 40 44 45 49 51 54 58 59 63 67 68 69 71 74
2766 3 4 8 10 12 14 17 24 26 28 30 37 39 40 43 47 49 50 54 62 63 66 69 71 72 73 74 75
2900 5 6 8 9 10 11 16 25 28 33 34 36 37 41 45 46 47 48 51 52 53 54 60 61 63 64 66 67 69 70 71 73
2623 6 9 13 15 17 18 23 29 30 35 37 39 40 41 42 44 46 47 51 53 54 65 68 70 72
1691 17 19 20 21 24 25 30 31 33 34 35 36 37 38 39 48 51 52 53 55 56 58 59 71 72 75
2753 7 8 12 13 14 17 24 30 31 32 37 38 40 43 45 52 53 56 60 66 67 75
1891 8 10 11 13 14 19 21 26 32 33 34 38 44 48 49 51 52 53 54 55 58 62 63 69 70 73 74
1664 9 11 13 16 19 20 22 24 26 27 28 31 33 41 45 46 47 48 52 53 54 56 57 58 60 63 64 65 66 67 71 74
2621 11 13 15 17 18 19 24 25 26 27 32 34 37 40 41 42 43 44 46 48 50 58 60 64 66 68
2721 11 12 13 14 17 18 20 24 25 26 28 30 32 34 38 39 46 50 54 55 56 57 58 61 64 71 74 75
2754 12 15 16 19 22 28 35 40 41 42 43 49 51 53 54 55 57 59 62 63 64 66 67 73 74 75
1683 18 22 26 27 30 31 32 34 36 39 40 43 50 51 52 53 54 56 58 60 62 64 65 69 71
1664 14 20 21 22 23 24 25 28 29 31 32 36 37 38 40 42 44 47 48 50 51 53 56 57 58 65 66 69 72
2496 18 19 20 21 22 23 25 27 28 29 34 35 37 43 46 48 51 59 60 62 63 66 70
1799 19 20 23 25 26 28 32 34 42 43 44 45 48 49 51 53 55 56 60 61 65 72 73 75
1554 21 23 24 31 32 33 35 39 40 43 44 50 51 52 54 59 63 64 65 66 67 70 75
2800 18 20 22 27 34 35 39 40 41 47 49 52 53 55 56 57 58 60 71 73 74
2631 22 23 25 28 30 31 32 33 36 41 54 55 56 57 62 63 64 65 66 67 70 71 74
2995 24 27 31 34 35 38 39 40 43 46 50 52 55 57 60 61 63 65 67 69 75
1791 21 23 27 28 29 31 38 41 43 44 47 49 50 51 53 55 56 57 59 60 61 62 63 66 68 71 72 74
2735 23 26 28 29 30 34 36 37 40 44 46 49 51 52 54 56 58 63 66 67 69 73 74 75
1882 23 24 26 27 28 31 36 38 40 42 51 54 55 57 61 62 68 72 73
1806 27 31 34 36 37 38 43 45 47 48 50 52 53 58 59 60 61 63 65 67 68 73
2891 27 31 32 34 35 39 40 42 43 47 52 54 56 58 59 61 66 69 71 72 74
1533 26 27 32 34 35 37 46 47 48 53 58 59 64 67 71 73
2261 30 35 38 39 44 46 47 48 51 53 54 55 58 59 61 62 64 65 66 67 73 75
2181 29 31 36 37 40 41 42 52 53 59 60 62 66 72 75
1592 29 30 37 38 40 51 57 58 60 62 63 66 69
1786 32 34 36 38 43 46 49 50 52 56 57 62 63 64 65 67 68 74
2590 32 33 34 36 41 42 44 45 47 48 49 50 53 54 55 56 57 62 65 66 67 68 71
1702 32 33 38 42 44 47 49 51 53 57 59 63 67 71 73
2466 33 35 38 41 43 44 45 47 51 52 53 56 59 62 66 71 72 75
2389 35 40 46 50 54 55 56 57 59 60 63 64 65 66 68 70 71 75
2751 40 47 51 54 55 56 58 59 63 64 68 69 71 73
2941 38 41 42 43 44 47 52 53 55 56 58 59 62 64 66 67 75
2540 37 38 41 42 43 44 46 53 54 57 61 63 70 71 72 75
2628 39 41 43 44 49 51 55 56 57 63 72 73 75
2947 39 40 42 45 46 47 48 50 51 53 55 56 58 59 61 62 65 69 72 74
2606 41 43 47 49 51 53 55 56 57 60 61 65 67 68 72 73 74
2411 44 45 46 49 52 55 56 57 58 60 64 65 66 67 68 70 72 73
1876 43 47 49 51 52 53 55 58 64 68 73
2475 45 49 52 57 58 60 62 68 69 72 74
1668 45 46 47 50 51 58 59 60 65 69 70 73 74
2754 49 50 55 56 62 65 70 72
1889 47 50 51 52 59 60 63 64 66 67 70 73 74
1739 47 48 50 52 57 60 61 64 69
2361 48 50 52 55 59 60 62 67 71 72 74
2121 51 53 57 58 61 63 64 67 68 69 75
2233 51 52 53 54 55 56 58 62 68 69 70
2406 52 54 55 56 59 64 66 68 70 75
2954 52 54 57 62 63 64 65 66 69 72 73 74
2182 54 55 57 58 63 69 72 74
1723 56 58 59 60 63 64 65 66 73 75
2149 55 56 57 60 63 66 67 68 70 72 73
2944 56 57 62 63 66 67 68 71 73
2508 60 63 64 72 75
1627 59 63 68 74
2495 59 60 65 67 69 72 73 75
1947 60 61 64 66 69 71 74
1785 63 66 71 74
1800 62 63 66 67 68 71 74
1706 66 68 71 72 73 75
2033 65 68 71 73 74
1954 70 72 73 74
2417 67 70 75
2703 68 70 72 75
1995 69 73
2899 70 73
2064 70
1982 72 73 74
2358 75
2063 74
2790
2798 75
2733
