75	10	200	1
0	12	4
0	5	8
0	17	7
0	20	6
0	12	8
0	8	8
0	9	7
0	2	6
0	10	12
0	5	9
55 2 3 4 5 6 7 8 10 14 20 24 25 26 27 30 31 33 34 35 40 42 49 53 58 59 60 63 64 66 67 68 69 71 73 74
32 3 6 9 10 16 19 27 31 32 33 35 36 38 39 47 49 50 53 57 59 62 63 65 72 74
49 4 6 7 9 11 14 15 17 18 19 20 22 24 28 29 30 34 36 38 42 43 45 47 49 50 52 59 63 64 66 67 71 72
56 5 11 15 21 24 28 32 41 44 47 48 49 51 52 54 55 58 59 60 62 63 64 65 66 67 69 70
49 8 9 10 14 18 19 25 32 33 37 38 39 41 43 44 51 57 58 64 65 72 73
53 9 11 13 14 20 22 24 27 28 32 33 35 39 42 50 52 53 57 62 64 65 66 67 69 71 72 75
58 8 11 12 19 25 30 34 37 43 45 47 50 51 55 57 58 60 63 72 73 74 75
36 9 14 16 17 20 22 23 31 37 38 40 44 46 48 49 54 58 59 68 73 75
32 11 21 22 24 25 28 31 33 34 35 43 45 46 48 51 52 53 55 59 62 63 67 68 70 73
47 11 14 18 20 23 24 26 28 36 39 41 45 47 48 51 52 58 59 60 63 66 68 69 70 71
32 15 18 20 22 23 25 26 27 29 30 35 36 37 39 43 44 46 51 57 60 62 63 66 68 75
58 14 18 19 21 26 28 29 35 43 47 48 49 52 55 56 57 62 63 66 69 70 73
39 15 16 19 22 26 29 30 43 45 53 55 57 59 61 63 67 68 69 70 71 72 75
54 16 17 21 22 27 30 31 32 34 37 38 39 40 43 44 45 51 52 53 54 56 57 58 59 60 64 66 68 69 70 75
39 16 17 20 23 30 31 34 35 36 39 41 42 49 51 54 55 57 60 61 62 68 69 72 73 75
55 22 25 27 29 30 32 35 36 38 44 45 52 53 54 57 59 60 63 65 66 67 70 71 72 74
31 18 29 32 34 40 48 49 55 57 58 59 60 64 65 66 70
58 21 23 25 32 33 34 39 42 43 45 47 50 56 57 61 62 63 67 68 73 74
59 20 21 22 26 27 31 37 38 40 43 45 46 49 51 55 57 63 69 73
46 23 24 27 28 29 30 31 32 33 34 37 38 40 42 43 53 57 58 60 68 72
60 25 26 30 32 34 35 37 39 44 47 48 49 52 54 56 65 69 71 75
55 25 28 30 31 34 35 37 38 41 43 45 46 49 51 56 60 64 65 66 67 68 72 74 75
56 24 26 30 32 33 34 37 38 39 40 41 48 51 62 70 73
57 28 29 31 33 34 35 36 37 40 41 47 49 59 63 69 74
58 26 29 30 33 34 35 37 38 39 40 45 47 50 51 52 53 57 59 63 66 67 68 74
60 28 30 34 39 40 41 43 46 50 52 57 59 61 67 69 75
60 30 33 34 35 37 38 41 42 48 49 50 53 54 55 59 61 69 70 71
59 29 30 33 35 36 37 45 47 53 58 61 65 66 67 69 71
47 30 31 33 37 38 40 44 49 50 55 56 59 61 63 66 68 69 74
52 32 35 36 37 38 40 52 53 57 58 59 61 62 66 67 68 69 70 71
35 33 35 37 39 42 43 44 46 47 48 49 51 53 62 63 64 67 68 69 70 75
45 33 36 38 41 43 45 49 52 53 54 56 59 60 65 66 68 69 71 72 73 75
44 41 43 44 46 50 51 53 56 60 61 62 69 70
45 35 43 44 49 50 51 52 53 56 58 59 60 62 64 66 70 74
43 37 41 43 44 47 48 50 52 54 55 59 65 66 67 68 73 74
49 41 46 47 48 49 50 52 54 55 57 58 59 65 69 71 73
37 49 51 53 54 55 62 74
52 41 43 46 49 51 53 56 58 59 60 64 68 70 72 73
58 42 43 49 51 54 59 60 62 65 66 72 75
56 44 45 46 47 49 52 53 54 57 58 61 63 65 66 67 68 70 74 75
32 42 50 53 54 58 60 62 70 71
54 45 48 49 50 55 56 57 61 64 67 68 69 70 71 72 75
31 45 46 49 52 55 57 59 60 61 65 66 68 70 71 72 73 74
59 46 47 50 53 58 60 61 62 65 67 70 71 74
52 46 47 48 50 51 55 59 60 63 64 66 69 70 72 73
40 47 49 51 53 55 57 61 64 65 67 69 71 72 73 74 75
56 48 49 50 63 64 66 68 69 70 71 72 73 75
48 50 55 56 57 60 62 63 64 66 67 70
41 50 53 54 62 63 65 67 68 70
57 55 57 59 60 61 65 66 67 70 72 73 74 75
56 54 57 58 59 64 66 67 68 69 75
33 56 57 58 59 66 69 70 71 72 74
32 59 60 62 63 68 74 75
51 55 57 62 64 66 71 72 75
45 57 58 61 62 65 66 67 68 71 73 74
52 61 63 66 72 73 75
33 60 61 63 65 68 69 74
45 60 64 66 67 68 72 75
38 60 61 64 65 66 68 71
59 61 62 63 64 67 72 74 75
44 62 69 74 75
59 65 66 67 68 70 72 73 75
36 64 65 68 70 72 74
51 68 72
38 67 68 69 70 71 73
55 70 72
58 69 70 73 74
58 71 72 73 74
37 72 73 74
47 72 74 75
39 75
55
37 74 75
51
56
