50	5	200	10
-4	38	8
-4	33	12
-1	38	10
-3	28	8
-5	34	12
22 4 5 6 8 9 10 11 14 16 20 22 24 28 30 31 34 36 40 42 43 45 46 48 49
37 3 4 12 24 27 28 29 31 32 35 38 39 40 43 44 45 46 48 50
22 5 7 12 21 22 27 30 31 36 42 43 46 47 48
39 5 7 10 11 12 13 15 16 18 21 23 30 35 36 40 41 42 43 45 49 50
26 7 8 10 12 15 19 20 23 25 26 28 29 31 34 35 36 37 38 39 44
22 7 8 10 16 22 25 29 30 34 35 36 37 43 44 45 48 50
24 9 12 13 20 21 22 25 26 27 28 32 38 39 40 43 45 46 47 48 49 50
37 9 10 12 17 25 26 29 31 36 40 41 44 50
36 15 16 17 18 20 21 22 23 25 30 31 32 35 38 40 44 46 47 50
29 12 16 17 28 35 38 40 42 45 47 49
23 12 18 20 22 27 28 31 33 35 39 40 45 46 47
29 15 20 22 23 26 29 30 31 32 46 47 49
37 21 27 29 33 34 37 38 40 41 42 43 44 45 47
30 18 24 25 27 28 29 31 34 37 40 41 42 43 46 47 48 49 50
24 18 24 25 29 33 36 45 47 49
29 17 19 21 22 27 28 30 33 38 45 46 49 50
26 20 22 27 29 31 34 35 37 39 40 41 42 43 46 48 49
21 23 24 25 29 31 32 35 36 37 45 47
21 22 23 25 27 29 31 32 33 37 43 46 50
26 23 24 25 27 32 33 34 35 36 38 40 44 47 49
35 23 24 25 30 32 33 37 41 43 45 47 48
38 24 25 26 29 30 31 32 33 36 44 45 47 49
35 30 31 34 36 41 46 50
33 25 26 27 28 29 33 34 38 44 46 50
39 27 29 30 32 35 36 40 41 45 46 47 49
36 31 35 37 43 45 48
37 28 29 30 34 41 42 43 45 46
23 29 30 32 33 37 39 43 44
38 30 37 39 42 49
36 31 35 38 40 42 43 45 48
32 33 35 38 39 41 42
34 35 41 43 44
40 34 38 40 42 47 50
30 37 38 39 40 41 46 47 50
23 40 45 47 49 50
22 39 42 46
22 40 42 43 45 50
36 39 44 46 48 50
28 44 47 49 50
39 41 48
23 46 47 49
28 44 47 49
27 44 46 50
34 45 49 50
30 49
26 48
37 50
29 49
32 50
28
