50	5	10000	1
0	1011	9
0	287	7
0	1321	12
0	1734	8
0	888	14
2633 2 7 8 9 16 17 19 22 26 27 30 31 34 40 41 46 48 50
2747 5 8 10 11 16 17 18 20 23 28 31 33 34 36 37 38 39 42 46 49 50
2920 4 9 11 12 17 22 24 27 29 31 38 42 43 44 50
2824 8 9 11 14 16 18 23 25 26 27 28 31 34 40 41 47 48 49
2095 8 9 10 11 14 23 25 29 31 32 33 35 38 39 40 42 43 47 49
2626 8 13 16 18 20 22 23 24 29 31 32 34 35 38 39 43 46 47 48
2195 9 11 14 17 18 19 21 27 30 32 33 34 35 36 38 39 43 46 47 48
2082 11 12 13 14 16 19 20 21 31 34 35 39 40 44 45 49 50
2560 11 12 14 17 19 21 25 27 30 34 35 39 40 41 43 44 46
2516 13 14 15 16 20 22 23 26 27 28 39 42 43
2288 14 15 17 21 22 25 32 34 37 42 47 49 50
2773 13 19 20 22 28 29 32 33 34 35 36 38 40 41 44 47 48
2317 17 18 19 22 23 24 27 38 40 42 44 45 50
2989 15 18 21 26 31 32 38 40 43 46
2822 17 20 21 24 25 27 31 34 35 37 38 39 41 45 46 48
2822 17 18 20 24 25 26 31 33 35 36 41 42 44 45 47 50
2988 19 20 24 26 27 28 29 30 33 34 35 36 37 38 40 41 44 45 47 49
2991 19 20 23 25 27 29 31 34 40 41 46 47 49
2931 22 24 29 31 33 34 35 36 38 40 42
2483 21 22 25 29 32 34 37 41 45 47 50
2444 22 23 24 25 27 29 32 33 36 37 38 39 45 46 47
2625 24 27 29 38 39 41 44 48 49 50
2249 28 30 35 36 41 42 44 49
2720 25 28 32 33 36 40 42 43 44 46 48 49
2896 26 28 30 31 32 35 41 42 43 45 46 47 48 49
2564 29 30 35 40 45 47
2723 28 29 30 31 34 36 37 39 44 46 50
2834 29 32 34 37 38 39 43 45 46 47 48 50
2776 30 31 34 35 37 38 45 47
2041 31 36 38 40 42 43 44 45 46 48 50
2940 34 35 40 44
2366 34 36 37 38 40 43 44 46 50
2886 34 36 43 47 48
2727 37 38 40 41 45 48
2847 36 38 39 40 41 42 49 50
2111 37 39 41 43 45 46 48
2497 41 42 47 48 50
2913 40 44 46 48
2722 40 42 43 45 48 50
2923 42 44 46 47 48
2103 45 46
2488 48 50
2266 48 49 50
2937 45 46 50
2227 46 47 48 50
2458 49
2955 48 50
2208 50
2560 50
2294
