200	5	10000	1
0	1223	44
0	365	35
0	700	40
0	335	37
0	1079	44
733 4 8 9 14 16 18 20 21 23 24 25 26 29 35 36 38 44 45 46 49 54 55 58 59 61 62 63 64 67 72 74 75 78 79 81 82 83 84 95 97 99 101 103 108 111 113 115 116 118 119 123 124 125 127 129 133 134 135 136 139 141 144 145 150 151 152 153 156 158 161 164 165 167 168 170 175 176 180 181 183 185 188 189 190 193 194 200
970 4 5 6 11 15 16 18 21 22 23 24 25 26 32 34 37 45 49 53 54 58 60 61 62 67 71 72 75 77 78 82 83 88 90 96 97 100 107 110 113 117 119 121 123 125 128 132 134 136 139 144 146 148 149 151 153 156 158 159 160 161 162 164 166 170 171 174 175 176 177 182 183 184 185 186 187 188 190 192 195 199
924 5 8 9 17 19 21 25 26 31 32 33 35 36 38 41 42 44 48 49 51 52 57 63 65 68 69 70 72 74 75 76 78 83 85 86 87 90 91 92 98 99 107 119 120 121 127 130 134 138 139 144 145 147 148 149 151 152 158 159 163 167 169 173 174 180 184 185 187 188 189 193 196 199 200
836 5 8 10 13 14 16 17 21 22 25 26 27 28 32 38 41 44 45 46 49 50 51 56 57 58 60 61 65 70 71 74 77 78 84 85 88 89 90 91 92 94 96 98 99 100 101 105 106 109 111 114 116 117 118 121 123 129 138 140 141 146 147 148 150 152 155 166 167 169 171 173 177 180 181 183 184 186 188 191 196 197
726 9 11 14 20 25 26 27 35 38 39 44 54 55 57 58 59 62 63 65 67 74 78 80 81 85 90 91 95 97 98 100 102 103 106 108 109 111 112 114 122 123 124 127 128 131 135 136 138 140 142 144 147 148 150 151 152 154 156 158 159 161 162 164 166 167 168 169 171 176 179 182 183 184 187 188 190 191 192 193 194 197 200
295 7 9 12 13 14 17 22 24 25 27 28 31 35 39 43 44 45 47 50 53 59 60 62 67 71 72 76 78 79 80 81 82 83 92 93 94 95 102 103 105 109 110 116 119 123 124 125 126 128 132 135 136 143 146 148 152 158 160 161 164 170 179 181 182 185 187 188 190 192 193 196 199
182 9 12 15 20 21 24 27 28 31 38 42 44 45 46 48 50 53 55 56 58 66 67 70 75 78 81 83 84 85 86 89 90 91 94 95 97 98 99 105 106 109 112 116 120 121 122 124 129 130 132 134 136 137 142 147 149 152 158 163 171 172 173 179 186 187 189 193 194
408 10 13 22 23 28 33 34 35 42 46 49 50 51 54 59 60 63 69 70 71 72 74 75 77 78 81 82 85 89 92 94 95 97 100 102 109 111 118 119 120 122 123 125 131 132 133 134 135 136 138 139 141 145 150 151 152 155 157 159 165 172 180 185 186 187 189 191 192 193 194 197
660 11 12 18 21 23 25 29 32 33 35 40 41 45 47 51 53 61 63 70 71 73 74 81 85 90 91 96 98 103 105 108 117 125 127 128 130 131 132 133 134 138 140 141 142 143 144 147 151 155 156 158 161 164 165 166 169 173 177 178 181 183 185 186 188 193 194 195 198 200
191 11 13 15 16 18 21 25 28 32 41 44 49 51 52 54 55 56 59 60 61 62 65 67 71 75 76 78 80 81 83 84 85 86 88 90 91 92 96 97 101 103 106 107 109 112 113 120 123 124 126 127 128 132 133 135 137 138 141 147 148 149 151 153 154 155 157 160 163 171 176 177 178 179 185 186 189 191 193 198
816 13 15 16 17 19 20 21 22 25 27 28 29 34 43 48 50 54 56 58 59 61 63 67 72 73 76 79 83 85 86 87 88 91 93 97 99 101 102 104 110 112 121 124 125 128 129 130 135 136 137 140 146 152 155 156 157 158 163 165 167 170 180 182 183 186 187 189 193 195 198 200
598 14 15 19 20 24 30 31 33 35 37 39 43 46 48 50 55 56 58 59 60 64 65 68 69 71 72 74 86 87 88 89 90 92 95 97 100 102 103 112 119 120 122 125 136 138 140 143 144 147 148 150 153 154 156 157 158 168 171 172 173 174 175 176 178 179 181 184 185 187 189 190 192 193 194 196 198 199
849 17 24 29 30 37 40 42 45 50 51 54 55 56 61 62 64 65 68 74 76 80 84 89 91 95 96 98 100 104 106 108 113 117 126 128 129 131 135 138 140 141 145 147 148 152 154 155 159 163 164 168 171 172 175 181 182 184 186 189 193 194 195
203 16 19 21 22 26 27 28 29 30 32 33 36 38 39 40 43 44 47 53 54 59 60 61 66 74 75 77 79 81 82 84 85 86 101 104 108 109 118 119 120 125 127 129 130 134 136 140 143 147 149 151 152 156 162 168 169 172 174 176 177 178 179 181 183 184 185 186 187 188 190 192 195 196 197 199 200
127 18 21 24 25 26 30 32 33 34 38 40 45 46 48 49 50 52 55 60 62 65 66 70 71 75 79 86 89 90 91 92 95 96 106 107 111 113 114 117 118 119 122 126 127 128 132 133 135 141 144 145 150 153 155 156 158 159 163 168 169 172 173 174 175 182 184 186 187 190 196 200
750 17 21 23 24 25 27 28 32 33 34 35 37 40 41 42 44 46 49 51 52 53 54 56 61 68 69 71 80 81 82 91 95 98 102 103 115 117 118 119 121 123 131 136 140 146 149 154 155 160 166 169 175 181 186 187 188 189 192 193 194 196 198 199 200
137 21 22 23 24 26 28 29 34 36 40 42 43 44 46 48 49 50 51 53 56 57 59 60 61 64 65 67 69 73 79 80 81 84 85 87 93 94 97 98 100 103 105 109 110 111 112 113 115 116 117 118 119 121 122 130 134 136 138 140 141 148 152 153 154 159 161 162 163 165 166 170 171 181 182 183 184 185 186 187 189 190 191 195 197 198 199
590 19 26 29 33 38 40 41 45 49 51 55 62 65 67 68 71 73 77 78 79 81 83 84 87 88 89 90 92 98 101 103 108 110 120 122 123 126 127 128 130 131 134 136 138 140 147 149 151 153 154 164 166 167 169 171 172 175 180 183 184 187 188 193 194 196 198 199 200
795 20 25 27 28 30 32 33 34 37 39 40 41 43 45 47 54 55 56 60 63 64 66 67 70 79 80 81 82 83 87 89 90 91 96 97 98 99 103 104 109 112 115 118 120 123 124 125 126 129 132 133 134 135 136 137 139 140 147 148 149 150 153 156 159 161 162 165 170 173 175 180 183 185 189 192 194 196 198 199
657 21 23 24 26 27 28 30 32 33 35 36 37 41 46 52 53 57 58 59 67 68 69 71 72 73 74 75 79 85 87 89 92 95 98 102 103 104 109 111 114 115 120 125 127 133 134 135 141 142 143 144 151 152 153 155 156 157 159 163 164 174 175 177 180 182 188 189 195
955 22 24 25 28 29 30 34 36 37 38 40 41 44 48 50 51 53 54 55 56 57 61 63 67 69 73 77 80 81 83 84 89 91 93 95 104 106 108 110 111 112 113 114 116 119 121 122 125 128 130 131 134 135 137 138 140 145 151 152 153 155 160 161 166 169 174 177 178 179 180 183 187 188 191 192 193 195 197 198
615 23 25 26 28 30 31 36 39 47 48 49 57 60 61 64 68 71 72 73 76 79 80 82 83 84 86 87 89 90 91 94 97 99 101 102 103 104 105 108 110 111 112 113 117 123 126 127 130 134 137 141 142 143 147 150 151 152 154 155 158 163 165 166 167 168 170 177 182 183 189 191 193 198 199
907 28 29 31 34 35 38 44 45 47 48 50 53 54 56 60 62 63 64 65 66 68 69 70 74 76 77 78 79 85 87 89 91 93 98 106 114 116 117 118 121 123 125 126 133 134 137 138 140 141 147 150 151 154 157 158 159 167 171 174 180 191 199
711 26 29 33 40 41 45 46 47 48 53 54 55 57 61 63 69 71 72 75 77 78 79 80 81 82 90 94 95 99 103 104 107 110 112 115 116 117 118 119 120 122 128 129 134 137 144 147 154 156 160 164 167 168 169 170 171 172 173 177 184 187 188 189 195 196 199
568 26 28 29 30 31 32 33 35 37 39 40 41 46 49 51 52 53 54 56 58 61 67 72 78 80 81 82 83 84 86 87 95 96 98 100 101 102 110 111 112 114 118 119 121 122 123 126 128 129 130 132 136 137 141 143 144 151 153 155 159 163 165 168 169 172 173 181 185 187 188 189 190 192 193 195 197
443 27 30 31 32 34 35 36 39 40 42 46 49 52 59 60 61 71 72 78 79 82 84 86 88 89 92 98 100 101 105 107 114 117 122 125 126 127 130 135 137 139 145 148 155 165 166 167 170 173 175 180 181 182 186 188 189 190 191 193 194 197 198
657 32 33 37 39 41 47 48 50 51 52 53 55 58 61 63 64 65 66 67 68 73 74 75 78 80 85 90 92 95 96 98 99 101 104 105 106 109 111 112 114 118 123 126 132 134 136 141 144 145 150 155 156 159 160 164 165 168 171 172 173 174 175 177 179 180 181 184 188 189 193 194 195 198
101 29 33 35 36 37 41 43 44 46 48 53 55 65 66 69 70 71 72 79 80 81 82 84 88 90 91 92 93 97 98 99 102 114 116 117 118 119 122 128 132 136 140 141 142 143 152 154 155 159 160 162 171 172 178 187 189 191 194
269 30 32 42 43 44 47 49 50 57 59 61 65 68 71 72 73 77 78 81 82 83 85 88 97 101 105 106 107 110 115 119 120 121 122 124 125 126 128 130 131 135 139 143 144 145 146 150 153 154 156 157 159 161 162 164 168 169 172 175 179 185 188 194 195 196 197 199 200
139 37 43 48 52 55 58 60 62 72 73 75 80 82 85 87 91 92 93 94 96 97 99 100 102 104 110 111 112 116 117 118 121 122 123 124 127 128 131 132 134 135 136 138 139 144 145 152 153 154 158 160 165 166 169 173 174 176 177 178 180 182 189 190 191 194 196 198 200
957 33 34 40 42 45 46 50 51 53 54 55 57 58 59 60 62 63 70 71 76 78 85 86 91 93 94 96 98 99 104 105 107 111 113 114 117 121 123 124 125 126 127 135 136 139 140 145 151 152 153 157 158 162 163 168 175 189 190 191 192 193 194 196 197 199
318 43 49 50 51 52 64 66 67 75 76 78 79 80 85 86 90 95 96 97 100 108 110 111 112 113 115 117 118 121 123 128 130 131 137 139 142 150 152 153 156 163 164 168 170 172 176 179 184 185 187 188 189 190 193 197 198 199 200
834 36 40 43 44 45 48 49 50 51 53 55 57 60 61 62 63 67 71 72 73 76 77 87 90 91 92 94 96 97 101 103 107 110 111 113 116 118 123 124 131 134 135 136 138 140 141 145 146 149 151 154 161 162 163 169 170 174 181 186 187 188 191 193 196 198 199 200
942 35 36 41 43 44 49 50 53 56 65 67 70 73 74 75 77 79 80 81 88 89 100 103 104 105 109 111 112 114 115 118 119 120 121 122 129 130 133 139 141 142 143 144 146 148 149 151 152 155 158 160 162 169 171 172 173 178 179 182 185 187 188 193 194 196 200
295 38 40 44 46 49 54 55 56 62 70 72 76 77 78 82 87 94 96 100 102 103 106 108 111 112 116 118 120 124 125 128 129 132 135 136 138 139 140 141 143 150 151 153 154 155 157 160 162 165 166 168 169 172 175 176 179 182 183 187 192 193 195 199 200
722 40 42 44 47 48 51 52 55 58 60 61 63 64 66 71 80 88 89 90 91 94 95 98 100 101 102 103 106 110 113 115 116 119 121 122 125 126 127 135 136 137 138 139 140 144 148 149 150 156 157 159 161 163 164 167 170 171 173 174 175 179 180 181 182 185 188 189 190 193 194 195 196 197 198 200
122 38 40 41 45 54 56 58 61 63 64 65 69 74 75 76 78 80 81 82 83 84 85 89 92 95 98 99 100 104 106 107 109 110 120 126 128 130 131 133 139 141 144 145 146 147 149 151 153 156 162 163 167 169 171 172 173 174 175 177 178 179 181 186 192 193 195 196 198 199
982 43 46 47 48 57 58 59 63 66 67 72 73 75 77 78 79 80 84 87 94 97 100 102 103 106 107 109 113 116 118 119 120 121 124 126 128 133 134 136 137 138 139 142 143 145 146 147 149 150 151 153 154 155 159 161 164 167 168 169 176 178 180 181 183 184 185 192 194 198 199
143 42 43 44 54 55 59 64 70 74 75 76 80 86 89 93 94 98 102 106 107 108 109 113 114 117 119 123 125 128 129 136 137 138 142 152 162 170 173 174 175 176 177 178 181 184 187 192 193 194 195 199
310 42 43 54 57 60 61 62 64 65 66 69 71 73 74 79 85 86 87 88 89 91 92 94 106 107 109 114 116 123 125 126 129 130 132 133 135 136 138 142 143 144 145 146 147 159 165 168 170 173 174 175 179 180 182 183 187 188 189 193 194 196
966 44 54 55 56 60 64 65 71 72 74 75 78 80 81 88 91 92 96 97 99 104 105 106 108 109 110 112 114 118 122 124 125 127 128 129 133 135 136 139 141 144 146 147 149 151 152 153 154 155 159 162 164 165 168 171 172 173 176 178 179 182 183 185 187 189 190 191 192 196 200
241 43 46 49 52 53 55 56 60 61 63 67 73 74 75 78 79 80 84 86 87 91 99 100 102 103 105 109 110 112 114 117 121 122 123 124 125 127 129 130 131 132 135 141 148 151 152 153 157 163 164 166 169 170 172 173 175 176 177 178 186 188 190 191 192 195 196 197 199 200
446 44 46 52 55 58 59 60 65 66 74 78 79 82 83 84 88 89 94 95 100 102 107 112 113 116 118 123 127 129 130 134 135 140 143 144 145 146 147 148 150 152 156 158 164 169 171 173 175 177 183 186 189 190 192 195 198
376 57 58 61 62 69 71 74 78 81 82 85 86 87 89 91 92 101 102 105 111 113 117 121 123 128 129 131 132 133 136 137 140 143 146 154 157 160 163 168 177 181 186 187 191 194 197
616 46 50 55 58 59 60 67 69 71 72 73 75 76 78 82 84 85 86 88 89 90 91 101 102 103 104 105 107 110 111 114 116 121 122 124 126 128 129 131 133 135 136 137 138 140 142 145 146 149 151 152 154 161 163 164 168 171 174 179 180 182 188 190 191 192 193 194 195 200
388 49 52 56 57 61 65 66 67 70 71 73 74 76 77 79 81 82 83 84 85 87 89 97 98 99 100 101 102 105 106 111 112 114 115 116 117 118 119 121 124 128 131 133 140 141 143 148 150 153 154 155 157 158 159 160 169 171 172 174 175 176 181 184 185 186 189 191 192 193 194 195 196 200
873 52 55 56 57 59 61 63 66 68 69 70 71 77 83 85 91 92 102 107 108 111 112 113 114 117 118 120 130 131 132 133 135 138 140 146 147 151 152 153 154 157 158 159 163 164 167 169 170 171 173 175 177 182 188 191 192 195 200
665 50 51 53 56 57 62 65 70 71 73 74 79 84 85 86 89 92 95 98 100 101 105 107 110 116 117 124 128 130 131 132 133 134 135 136 138 140 143 146 148 149 151 154 155 159 160 162 163 164 165 167 168 173 176 179 181 183 184 186 187 193 194 197 198 199
922 50 51 52 55 56 60 62 63 64 69 70 75 78 79 80 83 84 88 93 94 95 96 99 102 103 105 108 114 116 117 119 121 122 124 127 129 132 138 139 140 143 145 147 150 151 153 155 156 159 161 162 166 169 171 174 175 177 179 180 181 183 184 187 193 195 196 198
922 52 53 58 60 61 64 66 67 72 74 75 79 80 82 88 92 96 98 99 103 109 113 114 115 116 117 119 120 123 124 125 127 128 130 132 133 134 136 140 141 143 145 149 153 155 160 162 163 166 168 169 170 177 179 181 184 185 187 190 192 194 196 197 199
941 55 56 58 61 64 65 67 71 72 73 74 76 77 80 83 84 88 90 94 95 96 97 99 103 109 110 111 112 120 123 124 129 131 132 133 134 136 137 142 148 149 150 155 156 157 158 163 164 165 166 170 171 177 183 188 191 192 193 196 197 200
133 59 60 61 62 66 67 71 73 75 76 81 83 89 90 97 101 102 105 107 109 111 113 118 123 131 138 140 141 143 148 152 157 158 160 161 165 166 168 169 170 171 174 176 178 180 181 185 188 189 198 199
997 61 67 68 72 75 80 83 87 88 90 94 102 105 107 111 112 113 115 116 119 122 124 127 143 145 147 148 153 157 160 161 162 165 166 167 170 173 176 178 180 182 185 187 188 190 191 195 198 199 200
139 55 58 59 63 64 69 71 73 74 75 76 78 79 81 84 86 87 88 90 91 94 95 100 105 106 108 111 115 116 117 119 120 122 125 126 128 132 134 136 137 138 148 151 153 154 155 158 159 161 165 167 170 171 173 176 177 179 182 183 184 186 188 193 195 197 199
969 57 62 65 66 67 69 71 83 86 88 90 91 94 95 96 97 98 101 104 108 114 116 117 120 124 125 126 128 129 132 134 135 138 139 142 144 148 151 153 154 155 156 162 164 171 173 175 180 181 185 191 192 197 199
795 59 61 65 67 68 70 73 74 78 79 82 83 85 88 94 95 96 99 107 108 110 111 113 115 117 120 125 132 134 138 139 140 148 149 155 158 164 165 168 171 172 174 176 180 181 183 184 186 189 193 199
348 58 59 61 62 65 66 67 68 69 73 74 81 84 87 89 92 93 98 101 103 105 110 112 113 116 123 125 128 129 133 134 141 144 145 146 148 151 153 155 157 160 163 166 175 177 181 182 183 187 192 193 194 198 199
480 61 62 64 66 74 75 77 79 82 83 84 91 94 95 97 99 102 104 106 107 115 118 120 121 122 124 126 127 130 131 142 143 145 146 147 148 151 153 154 158 159 163 165 168 169 174 179 180 182 185 186 189 197 199 200
440 62 64 65 66 69 71 72 73 85 86 87 88 90 94 95 97 98 103 104 107 109 111 113 114 117 118 120 121 122 123 128 130 131 138 139 140 145 146 151 153 154 158 165 167 173 175 176 178 181 184 188 189 191 193 195 196 197 198
975 63 68 73 75 76 77 78 79 82 83 85 86 89 93 94 97 98 103 104 107 110 119 121 122 124 125 126 128 130 133 135 138 141 143 144 148 149 150 153 156 157 162 166 167 170 171 174 175 180 182 184 185 191 193 195 196 198 199
146 62 67 69 71 72 73 75 76 77 81 85 86 91 93 94 96 97 98 99 100 101 103 106 110 115 116 117 120 121 123 124 125 126 127 131 132 141 142 143 146 147 149 150 151 153 157 158 160 162 166 167 168 171 172 174 179 182 192 195 196 198 200
720 63 66 72 75 78 80 90 92 97 99 102 103 104 110 111 112 115 126 128 130 132 134 135 137 141 146 148 149 153 155 156 157 160 162 166 167 168 171 174 175 176 177 179 180 181 182 184 187 188 192 194 197 199 200
289 64 65 67 69 71 73 75 79 80 83 85 93 94 95 98 101 104 106 108 109 111 112 113 115 118 119 120 121 123 126 127 130 132 133 135 137 138 139 141 143 145 146 152 154 155 156 157 160 161 169 170 175 177 183 185 188 189 191 192 195 196 199 200
844 65 68 69 71 72 73 75 76 77 80 81 83 84 86 88 90 100 110 111 113 115 116 118 126 127 135 136 140 143 145 146 148 153 159 163 165 166 167 168 171 177 180 183 188 191 192 193 194 197 199
173 66 70 72 73 77 85 89 92 93 96 97 98 103 104 107 109 111 114 116 121 122 124 125 126 127 129 131 132 140 141 142 144 149 151 153 154 155 156 158 159 165 166 171 173 174 177 178 180 183 189 194 199
885 68 74 75 77 78 80 81 82 83 91 93 94 95 96 98 102 105 108 110 114 120 121 124 125 126 127 129 130 131 137 140 150 152 153 155 156 161 162 165 173 175 182 183 187 193 195 199
965 69 75 77 79 80 84 85 86 91 93 95 98 100 106 108 109 111 112 114 119 120 125 127 132 135 138 139 141 146 150 151 154 157 158 166 167 168 173 181 184 185 187 190 196 197 200
450 73 74 76 77 80 85 88 90 93 94 95 96 98 100 103 105 109 115 116 121 124 127 129 131 132 134 135 136 137 138 140 144 147 150 151 156 157 160 164 165 167 169 170 176 177 179 180 184 187 189 190 194 196 199
113 71 73 86 89 93 98 99 101 102 104 105 106 107 110 111 114 116 117 119 121 122 131 134 136 137 138 144 145 147 148 151 154 159 160 161 162 165 173 174 175 176 182 183 184 185 187 194 197 200
880 73 75 77 78 83 85 89 90 91 92 94 95 96 99 102 103 105 109 112 113 114 116 123 126 129 131 136 137 139 141 144 146 150 152 153 154 156 157 158 159 160 163 164 165 166 167 169 171 174 176 181 182 184 185 186 188 189 190 191 197 199
328 76 80 81 84 85 88 89 90 91 92 93 97 100 101 102 103 105 107 108 110 111 114 117 121 122 124 125 126 127 132 133 135 143 144 145 151 154 156 161 164 171 175 176 178 181 182 188 189 190 192 193 197 198 199 200
557 74 75 76 79 80 84 88 90 91 93 94 96 98 99 102 103 106 108 109 110 111 112 116 119 120 123 126 133 136 141 143 144 146 150 151 153 155 158 160 162 165 169 173 175 179 180 190 192 196 198
115 76 78 79 80 81 83 89 91 95 98 99 104 108 110 112 114 121 123 125 126 130 136 137 138 140 142 143 144 146 148 150 151 157 159 161 163 167 169 170 171 173 174 175 178 180 181 197 199 200
994 75 77 78 80 84 85 86 90 95 97 99 103 107 109 110 113 115 116 120 122 125 126 127 128 129 131 132 134 135 140 142 144 146 148 154 155 156 166 170 171 177 178 180 183 192 196 198 199 200
202 78 81 82 84 86 89 93 94 96 99 102 104 105 107 109 110 113 117 118 121 122 123 127 130 135 149 152 158 167 170 174 175 180 182 185 186 188 189 191 195 196 199 200
385 77 81 82 83 87 88 89 92 93 96 98 100 103 105 106 107 109 111 115 121 125 128 132 133 138 139 143 145 152 156 158 162 163 165 175 176 178 179 181 186 189 191 192 193 197
484 78 80 83 86 87 88 89 90 91 92 93 94 98 99 105 106 107 108 111 112 114 115 117 119 121 122 128 131 132 133 137 140 146 150 154 155 156 160 161 162 168 172 174 178 179 180 181 182 185 186 191 192 196 197 200
377 83 85 88 89 90 91 93 94 96 100 103 105 107 109 116 121 124 129 130 134 140 141 142 146 149 150 151 152 156 157 162 164 165 168 171 172 173 178 180 181 183 184 187 188 190 191 193 195 197 199 200
253 80 82 85 89 90 92 93 95 100 105 106 109 116 117 120 121 122 123 131 132 136 142 144 152 153 155 156 157 159 160 162 165 166 169 171 172 175 176 177 179 186 187 189 192 195 196 199 200
623 81 83 84 87 91 92 93 95 96 97 98 99 100 102 103 113 115 116 119 121 122 124 128 132 133 135 142 143 147 152 154 158 159 160 164 168 170 171 178 179 180 184 187 191 193 194 197
588 95 96 102 103 104 108 109 116 117 119 120 122 125 130 132 133 136 137 138 139 140 146 147 148 160 161 162 165 166 167 170 173 175 176 177 182 186 188 191 195 197
697 83 87 90 93 95 98 99 103 106 107 108 116 117 123 127 129 130 131 132 135 139 141 145 146 147 148 150 151 153 155 156 157 159 160 162 164 165 166 167 168 169 172 174 176 179 181 187 188 189 190 191 192 194 196
645 85 86 87 88 89 92 93 99 110 111 117 118 122 123 124 125 126 129 130 133 135 138 141 142 144 145 148 149 150 152 153 155 157 158 160 170 172 173 174 176 182 183 184 190 191 192 199 200
201 87 90 93 94 105 107 111 113 118 120 123 124 125 127 128 129 130 134 136 137 138 139 140 141 142 144 146 147 149 150 151 152 157 158 162 164 165 168 171 172 178 179 181 183 185 186 187 190 191 192 194 196 198 199 200
583 87 89 90 91 92 93 98 99 100 103 105 107 110 111 112 113 114 116 123 128 129 130 131 132 134 136 137 143 144 145 146 147 150 154 155 156 157 160 161 162 163 168 175 182 183 184 186 190 193 195 196 199
544 89 92 98 103 105 106 107 110 111 112 115 116 117 119 123 125 126 129 130 132 134 136 137 138 143 146 147 148 150 151 152 157 161 162 168 169 171 173 176 181 182 187 189 194 200
725 89 90 92 94 96 97 101 106 107 112 114 120 121 125 127 134 135 138 140 141 144 147 149 154 156 158 161 166 169 173 176 179 181 190 192 193 194 197 198
349 90 93 96 97 98 100 105 107 108 114 115 117 118 119 122 123 127 131 134 139 140 141 144 145 149 150 151 152 155 158 159 161 163 167 168 171 173 174 178 179 182 185 186 188 196
820 92 96 99 101 102 111 116 120 125 131 132 133 136 137 138 139 140 143 144 148 150 151 152 155 160 163 165 174 176 177 178 180 182 186 188 190 194 198
996 92 94 98 100 102 105 109 111 113 115 118 119 120 121 124 126 127 130 133 134 136 139 141 143 144 145 150 151 154 155 156 157 158 164 165 166 168 169 171 172 173 174 175 176 177 182 183 185 186 189 191 193 195 197 199
934 93 95 97 99 103 104 108 111 115 117 118 120 121 123 127 129 132 137 138 139 140 142 148 153 156 160 165 167 169 170 171 172 173 174 187 190 192 193 195 199 200
288 93 94 95 96 98 109 110 113 114 117 118 122 123 125 133 135 142 144 147 149 151 155 156 158 162 170 172 174 178 180 182 183 184 188 190 193 194 195 197 198
587 96 97 98 99 101 106 112 115 119 123 126 127 129 130 131 135 136 138 141 143 146 147 151 159 160 163 164 169 175 180 183 184 186 189 196 197 198
561 100 102 107 108 109 110 112 117 119 120 121 125 126 127 130 133 135 137 139 143 144 146 150 152 153 156 160 161 162 163 164 165 167 169 170 172 175 176 178 182 183 184 185 187 193 194 197 200
184 96 101 104 107 109 114 117 120 121 122 126 127 128 129 130 131 132 133 137 138 139 143 144 145 148 150 154 157 159 164 165 174 176 182 186 189 194 196 199
727 98 100 102 104 105 106 109 110 113 114 118 121 124 129 132 134 140 143 144 145 148 149 151 154 155 161 164 167 171 172 174 175 178 181 184 185 187 190 194 196 198
965 98 101 102 105 108 111 113 114 118 123 127 129 130 132 136 137 140 141 150 154 156 157 159 163 164 166 169 173 175 176 178 185 187 188 189 190 192 198 200
219 99 100 102 103 105 111 112 113 116 119 120 121 122 126 128 129 131 137 138 141 143 147 149 152 155 161 163 167 168 169 174 178 179 180 187 190 191 193 195 196 197
953 104 106 108 111 113 118 120 121 123 124 127 130 132 137 145 147 155 159 160 161 162 165 168 169 171 172 175 179 181 182 183 184 186 191 194 196 198 200
171 101 103 104 116 118 119 122 123 124 128 129 131 132 134 140 143 145 156 158 163 164 167 168 169 170 172 174 175 178 180 182 185 188 190 191 193 196 199
458 102 105 106 110 115 119 121 122 123 124 127 128 132 134 139 148 152 154 156 161 163 164 165 166 170 171 175 179 182 184 186 187 189 192 194 195 196 199
467 104 109 111 114 116 120 122 125 127 128 132 133 136 138 139 140 144 145 146 148 149 151 160 162 164 165 171 172 174 179 183 185 186 187 188 190 191 195 198
497 104 106 108 110 112 115 118 120 122 123 124 128 129 136 138 139 140 143 144 147 150 152 153 156 157 159 161 167 171 172 173 174 175 176 177 180 181 182 185 187 188 189 191 193 197 198 199
257 106 108 109 111 113 115 116 117 119 122 123 126 131 134 136 143 146 148 151 152 153 158 160 162 163 164 165 167 168 169 172 173 175 176 184 186 189 190 192 193 194 196 197 200
238 107 110 114 115 119 122 126 127 130 131 132 133 134 135 137 141 142 144 145 150 151 154 162 171 172 174 176 178 179 185 188 191 193 196 199
704 109 110 112 113 114 117 118 120 123 129 131 135 136 138 146 148 150 152 153 157 158 163 164 166 167 170 175 177 178 181 182 183 184 187 188 189 191 193 195 197 199
497 108 109 115 116 117 122 124 125 128 131 135 141 142 143 144 146 147 148 149 158 159 164 165 171 182 187 189 190 193 196 197 199
263 109 110 115 119 120 122 123 127 128 129 131 136 137 138 143 147 151 152 155 158 160 164 165 169 172 175 179 184 186 187 188 191 193 194 196 197
818 110 112 113 114 116 119 121 127 133 135 138 146 148 150 151 156 158 159 161 163 165 166 167 170 172 173 174 177 181 192 193 194 197 199
957 112 113 116 120 123 126 127 128 130 132 134 135 136 137 139 144 145 146 148 149 152 153 155 156 158 160 162 164 171 175 178 179 182 184 185 187 188 189 191 198
386 112 115 117 119 120 122 124 125 129 130 131 132 137 138 139 145 146 149 152 153 155 156 157 161 162 166 169 171 172 173 175 178 180 182 183 186 187 188 192 193 194 195 197 199
563 115 116 119 125 126 128 129 131 134 135 137 144 149 151 155 159 160 164 165 167 168 169 180 181 184 185 189 193 194 195 196 198 200
236 115 117 118 119 123 129 130 131 138 140 147 148 154 159 160 161 163 164 165 167 172 174 176 178 187 190 191 193 194 196 198 199
217 116 119 120 123 127 128 130 132 134 135 138 140 141 146 147 149 151 152 155 157 158 160 161 162 164 165 167 170 172 173 174 179 182 183 186 189 192 194 197 199
671 120 121 122 126 130 137 140 141 143 150 152 153 154 155 160 162 164 166 171 175 177 179 180 184 186 188 192 193 195 197 199
475 120 125 126 127 133 137 144 151 152 153 154 155 156 158 159 161 162 166 171 174 176 178 180 182 184 185 188 191 192 198 199
445 127 128 129 134 136 137 138 141 143 146 147 148 151 152 164 169 171 172 174 176 180 181 186 196
835 120 122 123 125 129 133 135 136 137 138 139 140 141 149 150 151 152 153 155 156 157 158 159 160 161 163 169 171 173 176 178 181 184 185 187 192 195
504 122 124 126 127 132 133 136 141 143 146 150 153 156 158 163 167 173 175 177 185 186 188 189 192 194 197
876 121 123 126 128 129 135 138 140 141 142 144 145 147 149 151 152 153 158 160 163 165 167 172 173 175 179 180 181 189 191 196 197 199 200
141 125 127 130 134 137 139 150 151 153 154 155 156 157 160 161 164 165 166 168 175 176 178 179 180 182 183 192 194 195 198
514 125 126 128 130 132 135 139 142 144 147 152 153 156 159 160 162 168 169 170 172 173 175 177 179 180 184 186 190 191 192 193 197
553 128 129 130 133 134 135 138 139 140 141 150 151 152 154 157 158 159 160 161 171 173 175 177 182 186 189 191 192 195 199 200
827 128 134 140 141 142 151 152 155 156 157 162 164 170 173 178 182 185 187 191 192 193 196 200
947 126 131 132 135 136 139 142 144 145 146 149 150 154 155 156 159 163 165 167 171 173 174 175 178 193 197 199
193 127 128 132 137 138 139 143 148 150 154 155 157 158 161 162 163 167 176 178 181 182 184 186 187 188 190 195 197 199
424 128 130 132 133 137 140 144 148 150 151 157 161 163 164 165 168 171 173 174 176 181 182 186 188 190 192 196 200
957 129 130 133 134 139 140 143 144 148 153 154 155 159 161 163 165 168 171 172 179 185 186 187 190 193 198
693 136 138 140 142 143 144 146 148 155 156 158 161 162 166 173 174 175 183 190 191 194 198 200
776 131 136 137 139 144 145 146 147 148 149 154 155 156 157 163 166 168 171 174 175 177 178 180 182 184 196 199
935 133 136 141 142 146 150 153 154 156 158 159 160 161 165 169 172 173 174 175 176 177 178 184 186 189 190 191 192 194 197
193 141 145 146 151 153 155 161 173 175 177 179 181 182 183 187 189 196
735 134 136 138 139 140 142 143 145 147 149 151 153 155 166 169 173 175 176 183 185 188 190 192 194 195 198 199
284 137 138 139 143 145 147 148 151 152 153 154 157 160 162 164 165 166 169 170 172 174 178 179 182 186 188 190 193 194 195 196 197 198
140 142 143 144 150 153 157 158 159 161 165 170 171 176 179 182 184 185 186 187 188 190 192 193 194 195 196 197 200
304 137 138 139 142 145 150 154 156 158 161 162 163 170 173 174 175 176 177 178 181 182 184 186 190 191 192 193 194 196 198
958 138 140 142 143 153 155 156 158 162 164 165 166 167 169 170 171 173 176 177 180 182 183 185 186 188 193 197
781 140 142 143 144 145 148 150 151 153 157 163 166 168 169 170 173 175 176 179 182 187 189 192 197
797 141 146 151 153 154 163 165 168 169 172 174 178 179 180 182 188 189 190 192 193 197
682 142 143 147 149 153 156 160 164 166 170 171 172 173 174 176 179 183 189 195
460 143 146 152 156 160 161 163 164 167 169 173 174 176 179 180 182 183 184 185 187 190 193 196 197 199
948 144 152 153 159 160 161 162 163 164 172 176 178 182 184 192 193 197 198 200
487 145 147 152 153 154 158 159 164 165 166 168 169 170 172 174 183 186 190 195 196 198
132 146 147 150 151 152 156 157 159 161 163 164 166 168 169 172 174 177 178 183 186 193 194 195 196 197 198 200
992 147 150 151 154 155 156 158 159 161 166 170 171 178 179 180 182 185 190 191 192 195 197 199
165 147 150 151 154 156 160 165 167 168 175 178 180 182 183 184 186 191 193 194 196 198
433 150 151 152 153 154 155 157 159 160 162 163 164 166 169 171 173 178 181 182 186 187 190 191 195 196 197 199 200
151 152 153 154 159 162 164 165 166 167 168 169 170 182 184 185 187 188 190 191 199
292 151 155 157 158 162 166 168 173 175 178 179 182 192 196 197 200
794 157 160 161 162 164 169 171 172 174 175 181 186 187 189 193 194 196 197 199 200
423 152 155 158 159 160 164 165 171 175 176 178 179 180 183 185 187 191 193 194 196 197 198 199
974 153 154 155 158 162 163 165 167 170 171 173 174 176 180 182 183 185 189 190 191 194 197
742 157 161 165 166 168 169 171 174 175 181 182 183 184 190 192 194 195 198 199
829 156 157 159 160 163 164 168 171 178 179 181 183 184 185 186 189 190 191 196 197 198 199
755 158 161 169 172 174 176 177 179 182 183 184 187 188 191 192 193 198 199
481 158 162 164 166 167 168 171 173 175 176 183 184 187 189 192 193 196 199
250 164 165 166 168 169 170 171 175 178 180 181 182 183 184 185 188 191 197 199
203 164 165 167 168 173 180 181 186 195 200
366 160 163 165 166 167 169 170 174 175 176 181 183 187 188 189 190 192 193 194 195
114 161 167 168 169 172 173 175 177 178 180 187 189 192 198 199
327 163 169 177 178 181 182 184 185 187 189 190 192 193 194 197 199
558 164 168 170 171 172 173 175 177 181 182 183 189 191 194 195
601 167 169 176 179 184 187 189 191 196 200
398 165 168 170 173 177 178 179 180 181 183 187 188 191 196 197 199
308 166 169 172 173 177 178 179 189 190 194 199 200
660 169 173 175 176 177 179 180 183 184 186 187 188 191 192 193 197
394 170 171 179 181 183 186 187 188 190 192 193 196 198
917 169 172 174 175 178 181 182 183 188 191 195 196 198 200
347 170 172 174 177 180 182 185 190 194 195 196 200
772 171 173 175 176 177 185 188 189 191 192 193 198 200
799 172 173 177 179 180 181 184 186 189 192 194 199
382 174 176 178 179 181 183 187 189 192 193 197 200
931 176 179 180 181 182 183 185 187 192 193 196 197 198 200
945 182 184 186 187 189 190 191 194 197 200
745 176 178 179 181 182 188 189 194 196 197 199 200
749 177 179 185 186 187 189 190 191 193 196 199
716 179 181 182 185 189 191 193 194 196
222 179 180 182 183 184 193 199
122 180 181 182 185 186 187 190 191 194 197 199
203 183 185 189 190 191 193 195 197 198 200
273 182 188 190 192 195 197
356 186 187 188 190 192 193 194 197 198
418 184 189 190 194 195 196 198 199
807 185 186 192 197
394 191 192 193 195 198 199
235 187 192 193 194 195 196 200
296 188 191 192 193 194 198 199
995 189 191 194 196 198
528 194 195
598 191 193
718 192 195 197
748 193 197 199 200
726 194 198 199 200
936 197 198 200
969
771
282 198 200
398
136
396
