25	5	10000	10
-4	847	5
-4	433	4
-1	820	8
-3	991	4
-5	164	4
733 3 7 16 17 18 20 22 23 24
970 4 9 11 13 14 15 16 17 18 19 22 25
924 4 12 13 19 22 24
836 7 10 16
726 9 12 16 17 20 22 23 24 25
616 8 13 19 20 21 23
388 9 11 12 18 20 21 22 25
873 13 17 18 20
665 12 18 21 23
588 15 16 17 19 21 25
697 12 13 16 17 18 23 24
645 15 16 17 18 20 25
201 14 16 17 23 24 25
583 16 17 19 21 23 24
544 17 19 22 23 25
725 17 20 21
349 20 22 23 24
514 20 23 24
553 22 25
827 21 22 23 24
947 22 23 24
250
203 24
366
114
