200	5	10000	10
-4	481	43
-5	992	34
-3	650	39
-1	282	40
-2	312	44
1273 2 5 6 7 8 10 13 17 18 22 23 25 26 27 31 32 37 38 40 42 43 52 54 55 56 58 59 60 61 62 66 68 70 74 78 80 85 89 90 92 100 101 104 106 110 115 116 129 131 133 135 136 140 141 143 146 147 148 151 153 154 157 164 165 166 170 171 177 179 181 183 188 191 194 196 198
817 3 4 5 9 10 11 12 13 14 17 18 20 21 27 32 35 37 39 43 44 46 52 53 55 56 63 64 65 66 67 71 74 76 80 90 99 103 105 110 111 114 116 119 123 125 126 127 128 130 131 133 137 140 142 143 147 148 149 153 154 157 162 165 168 172 173 174 177 178 179 180 181 182 184 188 190 193 194 196 198 199
1247 8 9 15 16 17 21 23 25 26 28 29 30 32 38 39 41 43 45 46 48 50 51 52 58 59 60 63 64 67 72 74 75 78 81 82 85 87 91 96 98 99 100 102 103 107 108 110 112 114 116 118 119 122 125 127 136 139 142 144 145 146 147 148 152 156 157 159 160 163 168 170 172 180 181 182 183 185 186 187 189 190 194 195 196 197
766 8 10 13 16 19 20 22 25 26 27 29 31 32 33 36 39 40 42 45 47 54 56 57 58 59 62 64 65 68 70 71 72 76 77 85 86 87 91 97 101 102 104 107 108 110 111 112 117 118 121 125 129 130 131 132 141 144 145 146 148 149 150 157 159 167 170 173 174 178 180 182 183 184 185 187 189 193 195 197
1437 8 9 10 12 16 17 18 23 28 29 30 38 39 42 44 45 46 48 50 52 54 62 64 65 71 72 73 74 75 77 78 79 80 82 83 85 86 88 89 91 93 98 103 108 109 112 113 114 117 120 122 125 127 130 131 138 139 141 144 146 149 151 152 154 158 165 167 168 169 170 171 172 173 174 175 176 177 180 182 187 188 192 193 196 197 198
1227 7 14 18 20 21 28 34 35 37 44 48 50 54 55 56 58 59 60 61 64 67 70 73 75 81 83 85 90 94 104 106 108 111 114 115 120 122 123 124 125 126 128 129 131 134 135 136 137 138 140 141 143 146 147 152 157 163 164 165 172 174 176 178 179 180 182 186 188 192 194 196 197 200
1220 9 11 16 19 21 25 26 27 30 31 33 34 36 38 46 53 56 63 66 75 78 83 84 86 87 91 92 93 94 95 96 97 98 101 102 103 106 107 109 111 112 113 114 115 116 117 118 121 123 124 126 128 130 131 132 134 136 138 139 140 142 143 144 147 148 151 152 153 154 157 159 161 162 164 165 170 175 176 177 178 180 181 183 184 187 188 192 193 195 196 200
958 12 15 17 19 20 23 24 25 26 31 33 38 42 44 45 46 53 55 59 61 64 65 66 68 71 72 75 78 81 86 87 93 94 95 96 99 102 106 110 111 113 114 116 119 120 123 131 137 138 139 143 147 149 158 159 161 164 166 167 170 172 174 175 176 177 180 184 185 189 190 191 192 193 198 200
1223 12 15 16 19 20 23 26 27 28 30 32 33 37 38 39 44 49 50 51 53 56 63 67 68 69 70 72 75 77 78 79 80 85 86 91 97 100 105 108 109 111 114 117 118 122 124 126 128 130 138 139 141 142 143 146 150 151 152 155 160 161 163 164 166 168 169 176 178 179 180 182 185 191 192 194 199
987 12 14 15 16 17 23 24 30 31 33 35 38 39 46 47 48 50 53 56 57 58 60 61 65 66 69 71 76 82 87 89 91 93 97 99 101 103 104 106 108 112 114 117 120 122 125 126 128 130 131 132 136 138 143 145 149 154 155 157 158 165 166 170 172 173 176 183 187 188 192 194 196 197
1445 12 13 15 16 17 19 22 24 27 31 32 35 36 45 47 49 50 51 55 56 58 60 61 64 69 74 76 77 79 80 82 83 85 86 89 91 96 102 104 105 106 107 111 112 116 117 118 119 120 124 129 132 134 136 139 144 147 149 151 154 155 163 167 170 176 177 183 184 185 196
1362 13 18 20 21 22 26 27 29 30 31 32 33 34 35 37 42 44 45 46 48 49 50 54 56 57 58 64 65 66 72 75 77 78 79 80 81 85 86 87 88 89 91 93 94 96 97 98 99 100 103 106 109 112 114 118 119 120 122 123 125 127 132 133 134 137 143 145 147 148 156 162 164 165 166 171 172 174 176 180 181 182 183 184 187 188 192 197 198 199
1127 17 18 19 24 25 27 28 30 35 37 41 44 46 51 52 53 55 56 57 59 62 67 69 75 80 82 85 87 91 92 95 96 98 102 104 106 108 109 110 112 114 115 120 121 124 125 126 127 129 131 132 134 135 141 145 147 150 159 160 162 167 169 171 173 177 179 181 182 189 192 194 199
748 19 21 25 26 27 28 29 33 34 38 39 40 41 42 46 47 49 55 56 57 58 63 64 65 70 71 72 74 79 80 83 85 87 88 92 94 101 102 104 105 110 111 112 117 122 124 125 126 128 129 130 131 132 133 135 137 138 143 144 146 153 158 159 161 165 168 171 172 178 179 183 184 185 186 189 191 192 195 196
1335 16 20 22 23 24 27 28 29 33 35 38 42 44 51 53 55 56 58 60 63 66 69 77 78 79 82 83 84 87 93 96 98 99 100 105 106 109 112 113 114 115 118 123 127 132 133 135 138 143 145 146 149 150 151 162 164 165 171 174 175 179 181 182 183 184 185 189 192 194 195 197 198
1116 21 22 25 30 32 34 39 42 46 50 52 53 55 61 64 69 75 76 79 81 82 85 86 87 91 92 94 97 101 102 105 106 108 111 112 114 116 117 119 120 122 124 135 139 140 141 143 144 145 146 149 153 154 155 159 163 167 168 172 173 179 180 183 186 187 190 193 198
527 18 25 29 30 31 32 33 34 35 37 38 41 44 46 48 52 55 59 60 64 65 68 71 72 79 80 82 84 88 90 92 93 94 97 98 103 104 105 109 114 116 117 123 127 128 131 132 133 136 137 139 142 144 147 150 152 153 155 156 163 164 167 170 171 174 177 178 181 184 185 195 197 199
1353 19 20 23 24 25 26 28 30 31 35 37 38 42 43 47 50 53 55 58 59 62 64 65 67 68 70 73 74 81 82 85 86 90 94 95 96 98 101 105 106 114 115 126 127 128 129 132 134 136 138 140 141 143 145 146 147 148 150 151 153 156 159 160 162 164 165 168 169 171 172 177 179 180 181 182 184 185 187 188 190 191 194 198 200
1235 24 27 28 30 33 34 36 38 39 41 43 44 46 53 54 57 60 61 63 64 68 69 71 73 76 78 80 87 88 89 96 98 99 101 106 108 109 110 113 114 119 120 121 122 124 125 132 134 135 136 137 139 140 142 144 147 151 152 155 160 161 165 166 168 170 171 172 173 176 180 182 188 193 194 195 197 200
1244 23 25 28 29 32 38 39 45 46 47 49 51 52 53 54 64 69 70 72 74 75 76 80 82 84 87 89 90 93 96 99 100 102 103 108 110 114 116 118 120 121 122 124 125 126 128 130 136 138 140 145 146 148 151 161 164 165 167 168 170 171 172 174 175 179 180 182 183 184 185 186 187 188 190 193 194 197
1459 23 28 30 33 35 41 42 44 47 48 50 55 56 58 59 66 68 69 70 71 73 78 81 85 88 89 90 93 94 97 101 102 106 114 120 123 125 133 135 136 137 142 145 146 150 152 157 159 161 162 163 165 166 169 170 171 174 183 186 187 194 196
1135 25 26 27 28 29 30 32 39 40 41 44 48 50 51 52 53 54 56 58 59 60 67 68 76 81 82 84 87 91 96 98 99 103 106 107 111 112 113 116 117 120 122 125 126 129 131 132 133 135 137 138 142 145 147 148 150 153 154 157 158 162 163 165 166 167 168 175 176 177 180 186 189 191 192 200
684 24 27 28 29 31 32 36 37 38 41 44 45 46 52 55 58 59 64 65 70 71 72 73 75 76 79 81 82 84 86 88 94 98 99 102 106 107 109 111 112 113 114 115 120 123 126 128 130 132 133 134 135 138 140 141 149 153 155 158 159 164 168 169 171 172 173 176 180 184 185 187 190 192 193 194 199
1489 27 28 29 33 37 38 45 47 48 49 50 54 55 56 59 65 66 67 68 82 83 90 98 99 101 102 104 108 109 111 113 117 118 120 122 124 125 126 128 131 132 133 136 138 142 145 147 150 151 152 155 156 160 165 168 170 171 176 177 178 181 182 183 184 189 190 191 192 193 194 196 198
756 27 29 30 32 33 35 38 41 42 46 47 49 51 54 57 60 61 65 66 67 69 78 81 82 85 90 91 92 93 95 96 97 106 107 108 109 114 116 120 121 122 124 126 127 130 131 132 133 134 143 146 147 148 149 150 151 157 158 160 164 165 170 171 172 174 175 176 177 180 181 188 189 191 193 197 199
1207 29 32 34 35 40 45 46 50 51 53 55 63 65 67 68 69 86 88 91 92 96 98 100 105 107 108 109 110 112 114 116 121 127 128 129 130 132 136 137 139 141 142 144 149 151 153 155 157 158 162 163 165 168 173 176 179 180 181 185 194 196 200
968 28 31 32 34 35 41 42 43 45 46 49 50 52 53 54 55 56 58 59 62 63 67 69 70 72 75 84 98 102 104 105 108 109 111 112 113 116 118 122 129 135 137 138 140 141 144 145 147 148 151 152 153 156 162 165 167 173 174 175 176 180 181 183 185 189 190 191 194 195 196 197 199
843 29 30 32 36 38 41 46 47 49 52 53 54 55 56 60 61 63 65 73 75 79 82 84 86 88 89 90 91 92 93 96 97 101 102 103 105 108 109 117 119 122 123 124 125 126 127 128 131 135 136 137 138 140 141 144 147 149 156 160 163 166 168 169 171 172 173 178 179 186 187 188 189 196 197 198 199
1348 30 31 32 33 36 37 46 47 48 49 51 52 53 54 60 64 67 68 69 71 75 79 81 89 90 92 93 98 99 100 106 107 109 110 111 113 117 131 133 135 138 140 142 143 146 151 154 161 162 166 169 170 174 175 176 177 179 186 190 196 200
928 34 43 44 46 47 48 57 60 68 69 72 76 78 79 80 81 84 89 91 93 94 96 97 98 99 101 106 107 109 116 118 124 126 127 129 133 134 135 143 144 147 148 152 153 155 161 162 163 165 170 171 173 175 176 186 187 188 194 197 198 200
1118 32 33 35 39 40 46 52 53 55 56 58 62 65 66 72 74 75 79 82 87 88 89 90 95 98 99 101 102 106 107 108 112 113 115 117 118 121 123 126 129 130 131 133 136 139 140 142 146 147 149 152 153 155 160 161 165 166 168 171 173 176 177 180 181 185 187 191 192 193 194 197 198
1405 35 36 37 40 42 43 46 47 49 53 55 57 65 66 70 72 73 75 76 79 83 89 91 92 96 98 100 101 102 103 104 105 106 108 113 117 118 125 129 130 135 136 139 143 146 149 155 158 161 162 164 166 170 171 172 176 179 183 184 187 188 190 191 192 194 196 198
1486 37 38 40 41 46 49 52 53 57 61 62 70 77 78 79 85 89 92 95 100 107 108 109 111 112 114 115 116 118 121 122 124 125 127 128 129 133 134 136 138 139 148 149 150 151 159 163 165 167 168 171 175 178 183 185 186 188 189 190 197
823 35 42 43 44 46 52 61 67 69 72 75 76 79 80 81 83 88 89 91 92 93 94 98 101 102 103 106 110 116 117 118 120 121 122 126 128 130 133 134 140 144 146 151 152 153 154 155 157 158 159 167 176 180 189 190 191 192 196 198
718 36 38 44 45 47 48 61 63 66 69 70 71 72 74 75 76 79 80 82 84 86 88 92 94 99 105 106 107 111 112 113 114 116 118 121 123 124 126 128 130 133 136 137 144 146 148 150 152 153 161 162 163 170 175 176 181 183 184 188 193 197
1234 42 47 51 52 58 63 70 71 74 76 77 78 79 82 85 87 88 89 90 92 93 98 101 102 105 106 108 109 112 113 118 123 125 127 128 129 131 133 134 137 142 143 144 148 152 154 155 156 160 163 166 168 169 173 177 181 183 188 190 191 193 194 195 196 200
1126 38 40 41 42 44 45 47 49 52 54 56 59 60 61 63 64 65 68 69 70 71 72 73 78 80 81 83 84 88 92 97 102 103 105 107 109 111 112 113 117 119 120 121 122 125 127 129 130 131 132 133 134 135 138 140 141 144 145 146 150 151 157 158 160 161 162 165 167 169 172 176 179 183 184 185 189 190 193 195 196 198
695 40 42 46 48 49 51 52 53 54 56 57 59 61 66 70 71 73 77 80 84 86 90 92 95 98 100 101 103 106 108 109 111 112 114 119 120 122 123 125 127 129 133 134 136 137 138 140 143 145 146 148 149 151 156 157 158 160 162 164 167 168 169 170 175 176 178 179 180 181 184 185 186 190 191 192 193 194 200
1142 40 41 43 46 49 55 60 61 62 63 65 67 72 74 76 77 80 84 85 87 88 89 90 93 94 95 97 98 104 111 117 118 127 128 131 133 134 137 140 143 144 145 147 148 150 155 156 162 165 168 170 174 176 177 178 180 181 183 184 185 187 190 191 192
1319 41 44 45 46 48 49 52 58 60 61 62 64 65 68 70 73 75 79 83 84 85 86 93 94 96 97 100 102 105 106 107 109 110 112 113 115 116 123 126 128 131 132 133 138 139 142 146 150 153 154 158 159 164 165 166 169 171 172 173 178 179 180 181 183 184 188 189 194 195 196 197
785 42 44 46 47 48 50 51 52 55 57 58 59 63 67 71 73 74 78 82 84 89 93 94 96 98 101 102 103 111 114 115 116 120 121 124 125 126 127 128 131 132 135 136 138 139 140 142 143 148 150 157 158 159 160 161 165 167 168 175 178 181 182 185 186 188 191 193 194 197
543 45 46 47 50 53 54 57 60 65 69 73 74 75 76 77 84 87 88 92 93 94 95 98 99 100 101 104 105 106 108 111 112 113 114 117 120 123 125 126 127 130 131 137 139 140 142 143 145 146 147 150 151 153 156 158 159 161 164 170 174 176 177 178 181 182 185 189 191 192 193 194 195 196 197
1431 46 59 62 64 68 69 72 76 82 84 86 87 89 93 94 96 98 106 111 112 115 116 117 118 119 121 123 124 125 128 130 131 133 134 138 145 146 148 151 153 157 158 162 163 164 165 169 171 172 176 177 181 185 190 192 194 197 198 200
1413 46 48 50 51 52 53 57 60 61 62 63 64 66 69 72 78 79 81 83 85 86 99 100 103 104 107 109 118 120 121 122 123 124 126 127 132 133 134 135 138 145 146 147 148 158 159 161 162 165 166 169 170 174 176 180 181 183 186 189 191 192 193 194 196
1016 46 47 52 55 57 58 62 64 68 69 71 73 76 77 80 83 84 85 86 91 92 95 96 99 100 106 111 117 120 123 125 126 128 129 131 133 136 137 138 147 149 150 151 155 157 158 160 164 169 177 178 189 190 192 194 197
788 48 51 56 57 58 60 62 65 67 69 70 72 73 75 77 81 83 84 89 90 97 98 100 101 103 104 107 113 114 116 117 118 119 121 125 127 128 129 133 134 135 138 141 142 143 146 147 151 154 155 156 157 158 160 161 163 165 169 170 171 172 177 179 182 183 184 187 189 192 198
1423 56 58 65 69 72 74 75 77 81 85 86 89 90 92 94 96 99 100 105 106 113 115 116 117 119 125 126 127 131 139 140 141 142 147 148 149 150 151 153 155 157 158 159 162 165 166 169 172 175 177 185 188 189 190 191 193 196 198 199 200
1125 55 73 77 80 81 83 87 88 91 94 97 98 100 101 104 107 108 111 115 119 121 123 129 135 137 141 142 150 154 156 157 160 161 162 165 167 168 170 172 175 176 177 180 182 183 187 192 194 197 200
727 51 52 61 71 73 76 79 80 81 82 83 84 85 88 91 92 94 96 98 99 100 101 102 103 106 109 111 121 122 126 128 129 130 137 138 139 140 142 147 149 150 151 152 153 156 158 161 168 177 178 182 185 189 193 195 196 200
1322 52 53 58 60 61 63 67 70 75 76 79 82 83 85 86 96 101 103 104 106 108 109 111 114 115 119 122 126 129 132 133 134 142 149 153 156 157 159 160 162 163 166 167 173 174 181 182 184 196 198
688 56 60 61 64 66 67 71 72 74 76 77 81 86 87 88 89 90 91 95 98 100 103 104 107 109 111 117 119 120 123 125 126 127 130 131 132 133 134 136 138 139 144 149 150 155 156 165 166 172 173 176 179 181 182 183 185 186 192 193 194 195 200
1341 62 64 68 69 70 73 74 77 82 86 88 91 92 96 98 100 104 105 109 110 112 117 121 125 132 133 134 143 145 147 154 156 157 158 159 161 165 167 170 171 174 176 177 178 179 181 188 197
591 57 62 63 64 65 68 70 71 72 73 75 77 79 80 82 84 86 88 90 91 94 95 97 98 102 103 107 111 112 114 116 117 118 120 121 122 125 126 128 131 132 133 134 138 139 142 144 146 148 157 161 163 164 167 168 169 171 176 177 179 180 182 185 186 187 189 190 191 192 196 197 199
1397 57 59 60 63 64 65 69 71 72 76 78 80 85 86 91 93 94 98 99 101 102 103 105 106 107 109 111 115 120 121 122 123 124 126 129 131 132 137 138 140 141 145 150 151 153 155 160 162 164 165 168 169 170 173 174 176 177 178 180 184 185 191 194 196 197 199
1331 56 61 63 64 66 67 68 70 72 74 75 81 83 84 88 89 92 93 94 102 103 104 106 108 110 116 119 121 124 125 127 130 131 132 135 136 139 141 143 144 148 149 151 152 153 155 157 160 162 163 167 169 171 172 173 180 183 185 190 192 199 200
1369 57 58 62 63 65 67 68 71 75 76 79 83 85 86 88 89 91 92 93 94 97 102 104 105 108 109 111 113 114 115 121 122 125 128 131 135 138 139 143 144 149 156 159 160 161 165 167 175 178 182 183 190 192 193 196
1365 58 64 65 66 67 78 79 82 83 85 86 87 88 90 91 93 100 102 103 104 106 117 119 122 123 124 129 132 140 145 147 148 149 150 151 154 155 156 157 160 168 171 175 185 186 187 190 192 196 199 200
619 63 65 72 73 75 77 79 81 87 88 90 92 93 95 97 98 99 103 106 108 109 112 113 115 119 120 121 122 123 124 125 126 127 128 130 134 139 140 142 145 146 151 154 155 161 162 168 169 177 178 179 181 182 183 184 187 193 195 196 199 200
880 61 64 67 70 72 74 75 78 79 80 81 82 83 84 85 90 91 92 97 98 99 101 103 104 105 106 107 110 111 116 117 121 123 124 126 127 128 129 131 133 136 139 141 142 149 151 152 153 155 156 157 158 159 161 164 166 168 170 173 178 182 184 185 187 188 192 193 197
603 61 63 64 71 72 78 81 83 85 87 88 92 95 97 98 100 108 112 115 117 118 119 120 128 131 137 138 139 141 147 148 149 150 154 160 162 164 167 171 173 174 177 178 181 183 189 191 194 196 199
1375 65 68 71 78 80 84 86 90 92 93 94 99 100 103 104 105 111 122 125 126 128 131 132 134 138 141 143 150 152 153 154 156 157 158 160 163 164 168 172 181 182 184 186 187 188 190 191 192 193 194 196 198 199
1150 63 68 69 70 72 74 75 78 81 83 86 88 90 91 93 98 99 102 105 107 108 112 116 117 119 121 126 131 133 136 137 143 144 145 148 149 151 158 160 161 162 164 166 169 175 181 182 184 186 187 188 190 192 193 194 198
522 70 73 75 76 78 80 82 83 85 86 88 94 96 101 102 105 107 108 111 113 115 116 118 120 126 129 132 134 136 142 146 149 150 153 155 159 160 162 163 167 168 172 173 176 177 178 179 182 184 187 194 199 200
1484 66 70 72 84 86 87 89 92 95 96 97 100 101 108 111 115 116 122 123 126 129 130 131 136 137 139 141 148 151 158 160 164 168 169 171 172 173 174 179 181 190 191 194 196 197 199
990 67 68 69 70 71 72 74 77 78 79 80 82 83 84 85 89 90 93 94 103 104 108 113 119 121 123 124 125 127 130 137 142 148 150 154 155 156 163 165 166 167 170 173 175 177 180 181 182 183 185 187 188 189 192 197
571 68 69 70 76 78 79 86 88 91 96 97 98 99 100 102 103 104 105 108 109 110 113 114 119 122 124 127 129 132 133 136 137 139 140 143 144 145 146 148 151 153 154 155 156 157 158 159 161 163 165 166 170 174 176 178 186 188 189 190 192 193 194 195 196 197 199
673 72 73 74 75 77 79 80 82 83 85 87 89 91 94 97 98 99 104 110 111 115 116 120 122 124 125 126 127 130 134 135 137 139 144 145 146 148 149 154 157 159 160 164 165 166 169 171 173 176 177 179 181 182 187 190 191 192 195
1307 71 74 75 76 77 80 85 93 94 102 103 105 107 108 109 110 111 113 116 117 120 123 125 130 132 133 134 135 140 141 143 151 157 159 161 162 165 166 167 172 176 178 180 187 188 189 190 192 194 197 198 199
1365 70 73 75 82 85 87 90 91 92 93 102 106 107 110 112 117 119 125 130 133 135 139 141 144 146 147 148 149 151 153 154 155 157 158 159 160 163 164 165 166 174 177 178 180 184 186 188 192 193 195 198 199
1181 81 83 85 86 89 91 97 98 99 106 107 109 110 117 118 122 124 127 128 129 131 132 133 135 136 137 143 151 157 158 160 161 167 173 174 175 176 177 180 182 189 190 196 199 200
638 72 74 76 80 87 92 93 94 95 97 98 103 106 108 109 111 115 116 118 120 123 124 127 130 132 134 135 143 145 147 148 156 157 158 164 166 167 174 179 182 188 191 192 193 196 199
663 73 76 77 81 82 84 85 86 88 90 92 98 100 103 104 106 108 109 111 113 114 118 120 125 127 128 129 138 139 141 143 144 146 151 152 153 155 158 160 161 162 163 164 165 167 177 179 180 185 186 188 189 190 193 195
1218 75 80 81 82 84 86 87 88 92 93 94 96 100 102 108 111 112 114 116 121 122 123 124 128 132 136 138 139 144 147 149 157 159 161 163 164 166 170 171 172 173 177 179 182 184 185 186 187 188 189 194 198 199 200
1357 75 90 92 93 95 96 100 102 103 105 106 108 110 111 115 118 119 135 137 138 141 142 147 148 152 157 159 165 166 171 172 174 175 176 179 181 182 183 188 189 191 196 200
1122 83 85 87 88 90 94 98 99 100 102 103 104 105 106 110 112 115 116 122 123 124 126 127 133 134 135 138 139 141 144 146 147 149 150 154 156 161 162 163 164 165 169 174 177 178 184 185 186 190 196 197 199 200
786 81 82 83 88 94 104 115 116 123 126 127 128 131 133 134 137 138 141 142 146 147 149 150 151 152 155 159 163 164 167 175 176 178 181 183 187 189 193 194 196 200
617 84 86 87 91 94 98 104 105 107 108 113 116 119 120 121 126 127 128 130 131 134 137 138 140 141 143 145 146 148 150 154 158 163 166 168 172 173 174 176 177 179 180 182 186 188 189 190 192 193 194 196 200
541 82 83 88 89 90 94 95 100 101 103 108 109 112 118 119 131 136 139 141 142 143 146 148 153 157 159 162 163 169 171 172 174 177 181 183 185 186 187 188 191 192 195 197
1440 81 84 85 86 89 92 94 95 97 104 107 108 110 111 113 114 118 121 122 123 124 130 132 136 140 143 146 150 151 152 154 155 160 161 162 164 165 166 168 169 171 173 175 176 177 178 183 186 191 192 193 194 195 198
1133 81 85 86 88 92 97 98 99 100 104 105 106 109 110 111 115 116 117 119 120 123 125 127 129 133 134 136 137 138 141 144 145 147 149 154 155 158 161 162 163 168 169 173 175 181 182 187 191 193 195 196 199
1420 83 84 90 96 99 102 105 107 108 110 112 113 116 120 122 124 126 128 130 136 139 142 143 146 147 148 152 155 157 162 168 169 170 172 173 174 177 178 180 185 187 196
603 83 90 92 94 97 99 100 105 107 116 117 119 122 123 124 125 127 131 135 136 137 139 141 142 143 145 148 149 150 152 153 154 157 158 160 163 164 165 170 171 179 183 184 187 190 194 197
944 84 89 90 96 101 104 106 107 108 110 111 114 120 122 124 133 135 137 140 143 144 147 148 150 164 165 168 169 174 175 181 187 190 191 192 195
1347 88 89 91 94 95 100 105 110 112 113 114 116 117 118 121 126 129 130 131 132 133 134 135 136 141 142 148 150 152 153 154 155 158 160 163 164 166 168 169 176 178 179 180 181 183 186 188 191 195 196 199 200
749 88 89 94 97 99 102 103 105 106 109 112 115 117 118 120 124 127 128 136 138 140 141 145 146 148 149 150 153 154 155 156 158 161 163 165 167 169 171 174 176 177 181 182 183 184 191 192 195 197
582 89 90 92 93 94 95 97 100 101 102 104 105 106 107 109 113 114 115 116 118 119 123 126 128 133 134 135 140 141 145 146 148 149 156 157 166 174 175 176 177 180 181 186 187 189 192 194 196 197 198 199 200
611 89 93 97 98 104 105 107 110 112 116 117 118 119 127 128 129 135 140 143 148 150 151 152 153 154 155 157 160 161 162 163 164 169 170 173 177 178 179 180 186 188 193 198
1064 90 94 95 96 97 104 107 110 116 120 121 124 127 129 132 133 134 145 148 150 155 157 158 159 168 169 170 172 179 180 182 186 198
1060 91 100 106 109 112 113 114 115 116 117 120 121 122 126 132 133 134 135 138 139 142 143 147 148 150 153 154 156 157 158 159 161 162 164 165 167 168 169 172 176 177 178 179 182 185 188 189 190 193 196 197
747 91 94 100 101 103 105 109 110 112 114 117 118 119 121 127 129 131 132 134 135 137 139 140 142 144 146 147 152 155 156 157 158 160 162 165 168 170 173 174 183 187 188 189 190 193 198 199 200
1172 93 97 100 101 103 110 113 114 115 116 118 120 121 122 124 126 128 133 137 140 142 149 151 152 155 156 158 167 170 172 174 175 176 177 180 182 183 185 186 191 192 193 194 195 198 200
1093 93 95 97 99 102 103 105 113 116 122 124 128 130 132 135 138 144 145 147 148 149 151 154 157 159 162 163 166 169 175 176 179 183 186 187 195 197
1176 95 97 99 100 101 103 105 107 108 109 111 115 117 120 121 124 125 127 133 134 136 138 139 141 145 149 150 155 156 158 161 163 166 171 173 180 181 185 186 188 192 193 196
584 95 99 101 103 104 107 108 109 113 114 118 119 120 121 123 124 126 128 129 130 132 136 138 139 140 142 146 147 148 149 150 151 152 154 157 159 160 161 167 171 172 174 176 182 184 185 188 190 194 196 199
1145 97 99 100 101 102 105 106 107 110 114 120 122 123 126 127 128 129 130 131 141 142 144 145 146 150 151 152 157 158 160 162 166 168 170 172 174 175 177 178 182 186 196 197 198
1249 99 102 103 105 107 109 112 114 115 118 122 128 129 134 136 141 145 146 147 149 163 164 172 173 174 179 188 194 196 197
593 99 103 105 106 110 111 116 117 119 121 123 124 125 126 130 132 134 142 144 145 148 151 155 158 159 160 161 164 166 170 171 173 174 177 178 179 180 183 184 193 199 200
1355 100 103 105 106 108 110 111 116 117 119 120 122 123 130 131 132 133 135 142 144 148 152 153 157 161 162 163 164 166 167 168 178 183 186 187 188 189 190 192 193 196 200
573 100 103 104 107 110 112 113 122 123 125 129 131 133 134 136 141 143 149 152 154 157 159 160 164 166 169 171 174 176 177 178 180 188 191 192 199
704 102 104 105 106 107 111 112 116 117 118 122 125 137 140 141 144 146 147 152 156 158 159 168 169 174 175 178 182 189 190 191 192 199
1439 102 106 107 111 117 119 125 128 129 130 131 132 133 138 140 143 145 146 147 148 150 151 153 157 160 162 163 167 171 172 174 175 178 183 184 185 187 188 191 193 198
1164 104 105 108 111 112 115 117 119 121 123 125 129 130 131 132 133 134 143 144 148 155 158 159 160 162 166 168 169 171 172 174 176 182 183 184 187 188 191 192 196 198
897 107 108 109 111 113 117 118 126 127 128 130 136 137 140 141 142 148 149 151 153 156 157 163 164 178 179 181 183 186 187 188 189 192 195 198
1057 105 106 107 109 112 114 121 128 129 130 131 132 135 136 138 141 143 144 145 149 153 156 157 160 161 167 168 169 173 174 175 176 178 184 187 188 195 198 199
794 110 112 115 117 118 119 121 122 123 124 126 128 130 131 134 142 144 148 150 151 152 155 157 170 175 177 178 184 187 188 192 195 196 200
635 108 109 110 115 116 124 125 126 128 129 130 133 134 139 140 145 147 150 160 162 163 169 173 176 178 179 182 183 188 189 190 191 192 195 198 200
696 110 111 113 114 116 122 123 125 127 129 131 134 135 137 139 140 143 146 149 150 156 157 159 162 164 166 168 174 179 182 191 192 193 194 195 196
565 111 113 120 121 122 124 130 131 132 134 136 138 139 142 143 144 147 148 154 155 156 158 160 161 162 165 166 167 173 175 177 180 184 190 193 194 197 198 199
1006 115 118 119 120 121 123 126 129 135 136 137 138 139 141 143 144 145 154 155 157 158 160 162 167 168 169 172 173 178 186 191 192 195 196 198
1394 111 113 120 126 127 132 133 147 148 154 157 159 165 172 175 178 181 185 186 187 188 191 193 195 196 197 198 199
522 113 115 118 124 128 131 139 140 143 144 145 147 149 150 153 158 163 165 166 167 169 173 176 178 180 189 196 200
1382 113 114 119 120 123 125 126 127 131 132 134 140 142 148 151 153 155 157 162 164 169 172 179 180 186 187 189 194 198
1336 116 118 119 122 123 126 128 130 131 133 135 137 141 142 144 147 149 155 157 158 159 160 161 164 165 166 169 170 172 174 175 180 181 184 186 187 188 190 192 195 196 197 200
710 115 118 119 123 125 129 131 132 135 136 137 140 141 143 144 145 148 149 150 151 156 157 158 159 161 162 167 170 174 175 178 179 180 183 184 190 198 199
1071 116 117 120 123 127 131 133 134 135 139 141 143 145 148 150 152 157 158 160 162 166 167 168 176 178 182 183 191 192 197 199
1469 119 120 124 127 128 132 133 134 143 148 150 151 152 155 157 159 160 172 173 178 179 180 182 183 186 187 197 200
1364 122 129 130 133 134 137 140 142 143 144 146 148 149 153 154 159 160 163 165 166 170 174 176 177 178 180 181 183 185 188 190 191 194 197 200
1276 120 121 122 123 124 129 131 132 140 142 144 145 146 148 153 159 160 165 168 170 172 176 177 179 182 184 186 191 192 193 194 199 200
997 120 122 123 125 129 130 131 132 133 141 142 146 147 148 150 153 157 158 159 160 167 169 171 182 183 185 186 188 190 193 196 200
1491 122 126 130 131 132 135 136 140 141 142 143 144 145 146 148 149 152 153 155 156 157 158 160 161 162 164 165 166 172 173 177 178 179 181 183 184 189 194 195 196 197
988 122 124 125 127 129 131 134 135 136 137 139 141 145 146 149 150 151 152 154 156 158 159 160 163 168 173 174 175 179 181 182 183 185 188 195 196
595 123 125 126 127 129 131 139 141 146 152 157 158 161 163 165 167 171 172 174 175 176 180 183 184 186 188 195 197 199
1126 125 129 130 131 132 135 136 137 139 140 145 147 148 154 163 167 171 172 174 177 182 186 188 189 191 192 193 198 199
1455 126 127 128 129 132 136 137 138 140 141 145 146 147 148 150 153 154 156 158 160 170 174 176 177 179 180 181 182 187 188 189 194 196
794 126 127 130 134 136 144 145 147 155 157 158 159 166 167 172 173 176 178 180 181 187 192 193 198 200
1317 128 131 132 133 134 139 140 141 145 146 147 149 150 151 156 159 160 161 162 165 166 170 171 172 174 178 181 185 188 191 196 197 200
1199 128 131 132 135 136 142 148 151 153 155 156 157 160 164 166 168 171 174 175 176 177 180 182 183 184 187 188 191 192 195 199 200
1345 129 130 132 133 134 135 136 141 143 144 148 155 156 162 164 166 167 168 171 172 173 174 176 177 182 183 185 186 188 200
961 130 133 135 136 140 141 142 147 150 152 154 155 156 157 159 160 161 164 165 167 168 169 170 173 174 178 180 182 193 194 197 199
840 131 139 140 145 146 148 151 152 153 155 168 169 170 172 177 178 179 180 183 185 192 194 195 196 199 200
622 132 134 135 136 139 140 142 145 146 150 152 153 158 159 161 164 167 172 176 179 180 181 182 184 185 188 189 191 192 193 194 195 199
1057 135 136 137 138 139 143 144 145 147 148 152 153 155 159 160 164 165 167 171 172 173 174 176 181 183 184 186 196 199
858 134 136 137 138 140 142 144 147 148 152 158 160 161 162 169 175 178 180 182 187 191 194 195 198
1015 135 137 138 140 143 144 145 147 148 150 153 154 155 165 167 170 172 173 174 176 177 179 180 183 186 187 191 198 199
603 136 139 142 146 150 153 154 159 160 162 163 167 168 169 171 172 173 175 177 178 180 183 185 186 189 190 195 198
867 139 142 144 146 148 150 156 159 161 164 166 169 174 182 183 186 187 188 189 191 193 195 198
1111 140 141 143 147 149 151 154 159 160 161 162 163 164 168 170 172 174 178 181 184 185 187 190 197 198 200
513 140 141 142 143 144 146 148 149 155 157 158 171 172 173 176 181 185 188 191 193 194 196 197
1197 141 142 143 148 149 150 151 156 158 160 161 164 165 166 171 175 176 179 181 183 184 185 186 190 191 192 194
1280 141 142 144 148 150 152 153 157 162 165 166 170 173 175 177 183 188 192 194 198 199
897 148 154 156 159 160 161 165 166 167 170 171 172 177 178 179 180 182 184 187 193 194 197 198 199
728 145 148 149 150 154 155 156 157 162 168 170 171 172 175 176 181 183 184 185 189 190 193 197 199
1395 145 146 150 151 152 153 156 157 163 165 173 174 175 177 179 181 185 186 189 192 197 199
532 148 150 159 163 164 165 168 170 171 178 179 180 185 186 195 196 198 199 200
669 148 149 152 153 154 155 156 160 162 163 166 167 168 175 176 179 180 181 182 186 190 192 194
1406 149 150 151 152 155 158 159 161 167 168 170 171 176 177 180 181 182 183 185 187 188 190 192 196 197
819 148 150 151 153 154 156 158 164 166 167 168 169 170 173 181 182 183 184 185 186 189 190 196 199
551 150 153 154 156 157 160 162 164 169 170 171 173 178 179 180 183 186 191 192 196 198
515 151 155 156 159 160 171 174 175 176 180 182 184 188 192 193 196 197 199 200
1472 153 154 155 156 157 158 159 160 164 170 171 172 173 174 176 180 184 185 186 191 193 198 200
602 156 158 161 163 164 166 168 169 174 175 178 179 182 183 185 187 189 194 196 198 199 200
1374 154 155 156 162 163 165 166 168 170 171 172 176 177 179 180 185 186 189 198 200
1435 157 158 161 167 174 175 177 179 181 184 186 188 190 197 198 199
1171 156 157 160 163 164 166 168 169 170 172 175 177 178 180 184 186 187 188 189 190 194 196 198 199 200
1229 158 161 166 169 171 173 178 181 183 187 189 191 193 195 199
1155 159 161 163 164 166 171 172 173 181 182 183 185 187 189 190 192 193 195
1488 159 161 163 165 167 169 170 172 175 178 179 180 181 183 184 185 187 189 193 194 195
866 161 162 163 165 170 171 172 177 180 183 184 189 190 191 192 193 195 196 197 199 200
1431 162 165 166 168 169 172 175 176 177 182 183 184 188 194
1222 161 163 166 169 170 172 174 175 181 186 187 189 192 193 195 196 198 199 200
983 171 173 174 180 184 185 186 187 193 194 198
1489 163 170 173 176 177 182 185 186 188 189 196 197 198 199
1386 165 171 173 174 179 182 185 186 187 188 194 195
1324 166 167 169 173 176 178 179 184 187 188 190 192 193 195 197
695 168 172 174 177 178 179 181 184 185 187 191 192 193 194 195 197 199
1322 167 168 175 176 178 184 185 186 193 194 196 200
1396 168 169 171 176 178 180 181 185 186 189 196 198
1334 170 172 174 177 178 181 188 191 200
708 171 175 178 183 186 188 189 191 192 195 196 200
1060 171 173 181 183 185 186 187 191 195 198 199
593 173 175 178 182 183 184 186 187 188 191 192 194 195
824 176 178 180 185 186 190 192 193 195 197 200
533 176 177 178 181 183 185 190 191 192 193 194 195 200
1419 175 177 178 186 188 190 191 193 194 195 196 197 199
1357 178 179 182 183 186 189 191 193 197 198 199 200
782 178 179 180 181 182 183 184 193 194 195 197 199
1416 178 179 181 184 186 187 188 189 193 194 196 197
998 179 183 185 186 191 192 194 197
546 180 182 183 185 187 188 192 194 196 198 199
1149 183 188 189 193 196 200
1120 184 185 186 187 188 190 192 193 198 200
537 183 184 186 187 188 189 190 199 200
540 186 187 189 192 193 195 196 198 199
1358 186 187 192 194 200
850 188 189 190 191 192 194 195 198
1421 194 197
1395 191 195 196 198
657 191 194 197 198 199 200
860 190 192 193 195 197 198 199
1104 193 196 197 199
501 192 198
887 193 194 195 198 199 200
1392 194 198
957
1429
692 199
1342 200
636 199 200
1460 200
1366
