100	5	10000	10
-4	1435	21
-4	1635	22
-1	1103	19
-3	1855	13
-5	1266	25
1633 2 5 11 15 16 17 19 22 23 25 28 30 31 32 35 36 37 42 49 50 54 57 58 66 67 68 71 72 76 77 78 80 91 94 95 100
1747 7 9 10 12 14 16 19 23 25 27 30 31 34 35 37 39 41 42 44 45 51 56 61 63 64 67 69 70 71 74 76 78 79 80 85 88 92 93 94 95 96 97 98
1920 4 10 11 12 18 19 20 23 25 28 31 32 33 34 36 44 45 46 48 52 54 55 57 59 61 62 64 66 67 68 71 78 79 82 84 87 92 93 95 96 98
1824 5 7 11 16 17 21 23 24 26 29 35 37 38 40 46 50 51 54 55 57 59 60 63 66 67 68 71 72 74 84 90 93 95 97
1095 6 7 13 15 17 21 23 24 29 30 34 38 42 43 45 46 47 49 52 55 58 60 61 64 65 67 68 69 71 73 75 84 87 89 93 95 100
1626 7 8 10 12 19 21 22 23 25 31 34 35 36 38 42 47 52 54 59 63 70 71 73 76 78 79 80 81 84 90 92 93 95 97 99
1195 9 11 14 15 17 18 19 27 34 35 36 39 47 48 49 54 56 62 65 67 70 71 72 76 79 82 88 97 98 99
1082 9 15 19 21 32 33 35 37 39 42 44 49 56 59 61 62 69 72 74 77 78 80 81 83 84 86 89 96 97 98 99 100
1560 12 14 15 17 19 20 21 23 24 27 28 29 31 32 36 40 42 44 46 47 55 56 58 59 60 61 63 65 66 67 70 74 75 76 78 82 83 86 89 91 97 98 99
1091 11 13 14 15 16 17 20 24 35 38 39 44 51 52 58 63 64 73 74 76 78 82 83 85 86 87 90 92 93 97 98 100
1862 12 14 17 18 20 22 24 28 33 35 40 42 43 44 51 53 54 58 59 61 62 63 64 66 67 69 75 78 80 91 97
1919 13 15 16 17 18 20 26 27 30 35 36 39 42 47 51 52 54 58 60 61 65 71 72 73 78 80 81 84 89 91 94 96 100
1498 16 17 18 25 26 29 31 33 35 38 42 43 44 46 49 50 52 54 55 59 60 61 62 64 65 66 67 69 70 71 73 76 77 83 87 88 93 95 96 98 100
1749 16 24 25 28 37 39 40 45 46 48 49 50 51 55 58 61 70 71 72 74 75 76 77 79 81 82 83 84 85 89 92 93 95 97
1103 22 23 24 26 31 33 35 37 38 40 41 43 45 49 54 56 57 58 60 62 65 67 69 70 74 75 76 79 80 83 85 94 95 96 97 99
1027 19 20 21 22 25 27 32 33 39 41 45 49 51 53 56 57 58 59 61 62 63 64 67 68 70 71 80 87 91 92 95 96 98
1650 19 21 24 25 27 28 33 36 37 42 43 45 46 48 49 51 57 60 61 76 78 83 84 85 86 88 89 94 97 98
1037 20 21 22 23 24 26 28 30 31 32 36 37 38 39 40 41 42 44 45 47 48 51 53 57 59 61 62 63 73 81 82 83 85 88 89 91 94 97 98 99 100
1490 21 23 24 27 32 33 35 36 38 42 43 44 45 46 48 49 51 52 56 63 65 67 68 72 74 75 80 82 84 91 93 95 96 97 98
1959 24 26 27 28 29 30 32 38 39 45 48 49 50 52 53 58 62 66 67 68 71 72 76 78 84 87 89 90 91 94 96 97 99
1557 22 27 32 33 40 42 43 44 47 54 56 57 59 60 64 65 69 71 72 74 75 77 82 83 84 85 87 90 91 92 95 96 100
1516 23 26 27 30 36 37 39 42 44 46 50 52 53 56 63 64 65 71 73 74 76 78 81 86 87 88 90 92 93 94 96 99
1288 24 25 28 29 32 33 34 35 39 40 41 43 44 45 49 56 58 62 63 66 68 70 74 75 76 77 81 82 83 84 86 87 88 90 92 94 96 97 99
1773 30 31 32 33 35 37 38 40 41 43 44 45 51 56 59 62 63 65 70 71 73 76 79 80 81 84 86 92 93 94 95 98 100
1317 27 32 34 36 37 38 41 44 48 52 54 59 60 61 63 64 67 68 71 77 81 83 86 87 88 89 92 93 94 95 97 99 100
1989 27 29 32 38 41 42 46 51 53 58 62 64 65 67 69 70 71 76 79 80 86 88 89 90 91 93 94 99 100
1822 31 32 34 35 36 38 41 44 45 48 49 50 52 53 54 57 58 59 62 64 69 70 71 72 73 74 76 77 80 84 86 88 92 95 96 99
1822 30 33 34 35 39 40 41 42 46 49 50 51 57 59 65 67 71 74 75 77 80 95
1841 30 32 34 37 38 40 42 43 45 47 49 54 55 58 63 65 67 69 70 71 74 79 81 83 84 86 88 91 96 98 99
1033 38 39 42 45 47 50 56 59 60 62 63 68 73 78 79 82 84 88 90 93 94 95 97 98 99
1897 32 34 35 36 39 43 45 46 51 52 53 58 59 60 63 64 65 66 67 68 69 70 73 77 78 80 83 85 88 89 90 91 92 94
1945 34 38 41 43 47 51 59 62 65 66 67 70 75 76 77 78 79 82 83 86 87 89 90 93 95 96 97 99 100
1869 41 42 43 47 48 49 53 58 60 64 70 72 74 78 79 83 84 85 88 89 97 100
1916 38 40 41 42 43 44 48 49 51 52 58 61 64 68 69 70 73 74 76 77 80 82 86 87 91 95 100
1248 36 44 45 46 48 49 50 51 55 57 58 59 61 65 69 70 73 74 75 76 77 79 84 85 86 87 91 99
1380 39 44 45 46 47 49 51 53 58 59 60 61 70 71 74 77 78 84 85 88 90 93 95 96 98 99 100
1340 40 45 46 48 49 50 52 54 55 58 64 65 66 72 73 74 75 76 79 81 87 92 98 100
1875 39 45 47 49 51 53 55 57 58 61 63 66 68 69 71 72 73 75 76 77 79 89 93 96 97 98 100
1046 40 42 47 55 57 65 68 70 74 75 76 79 80 86 88 93 94 96 99
1620 42 44 46 47 50 52 55 56 57 58 60 61 63 64 65 73 74 77 81 83 85 86 88 95 100
1984 43 47 48 49 53 59 61 63 64 65 66 71 74 75 76 81 83 85 87 90 91 92 95 100
1735 44 48 51 53 59 60 65 67 69 70 73 79 80 84 89 91 95 97 98 99
1744 46 48 53 54 61 64 65 67 69 73 76 78 80 81 87 89 90 92 93 94 95 96 97 98
1991 48 49 57 60 61 63 65 67 68 72 75 76 77 81 85 89 91 93 94 96 99
1931 49 50 52 53 55 57 64 65 66 70 71 74 78 82 83 84 87 88 90 94 95 97 100
1483 49 50 53 56 57 58 59 62 63 64 76 78 80 81 82 83 91 93 95 96 98 99
1444 52 55 56 63 64 70 74 75 78 79 81 87 89 91 96 100
1625 53 57 59 60 61 66 67 69 74 76 77 83 86 87 97 100
1249 50 51 52 58 65 66 72 75 82 83 86 87 91 93 94 96 97 100
1720 51 52 53 54 57 59 66 69 73 75 76 77 78 79 82 84 89 90 91 92 93 95 99 100
1896 54 56 59 60 63 65 68 74 78 82 89 93 94 96
1564 53 55 56 58 60 61 63 68 71 74 78 86 90 91 92 96 98
1723 57 58 60 61 64 72 73 74 76 78 82 88 94 96 97 99 100
1834 55 61 67 69 75 82 83 88 90 92 97 99
1188 56 58 61 66 69 71 80 83 85 90 92 94 99
1487 57 58 60 61 62 66 70 71 72 74 75 76 80 84 89 90 95 97 100
1461 65 67 73 74 76 77 79 81 82 89 96 97
1084 61 62 64 70 71 72 76 77 80 81 83 87 88 90 95 99 100
1627 61 62 64 71 72 77 78 79 80 83 85 89 90 93 95 96 97 98
1865 64 65 67 69 71 73 76 82 85 87 89 92 97
1119 63 66 69 70 74 75 78 80 81 84 87 89 90 97 98 99 100
1853 66 72 80 82 87 88 91 92 94 97 98
1414 65 72 73 76 78 81 84 85 86 87 92 96 97 98 99
1366 70 71 72 73 74 77 79 80 82 83 84 85 86 87 89 91 92 96 98 99 100
1886 66 70 76 79 80 84 87 88 90 93 100
1727 72 73 76 83 95 97 99 100
1847 70 72 73 75 79 82 85 86 89 90 95
1111 71 73 74 77 78 82 86 89 91 92 93 95 96 97 98 99 100
1093 73 75 81 84 86 89 97
1324 72 73 77 79 81 82 83 84 85 87 90 92 95 97 99 100
1857 72 74 75 77 78 79 80 82 83 85 88 92 94 98
1593 80 83 84 86 90 92 93 94 96 97 98 99
1676 74 75 78 81 83 91 93 98
1835 78 81 84 85 88 89 90 93 94 95 99 100
1093 76 80 81 82 89 90 95 99
1913 77 78 82 83 89 90 93 96 97 98 99
1722 78 79 80 82 83 87 91 92 95 97 98
1923 81 84 86 87 88 99 100
1103 80 81 84 85 86 90 94 99
1488 84 92 94 98 99
1266 82 88 89 96 97
1937 84 88 90 96 100
1227 85 86 88 92 95 99
1458 86 88 93 95 96 97 98
1955 86 87 93 96 97 98
1208 87 88 91 92 94
1560 88 91 93 94 95 96 97 98
1294 89 91 95
1817 90 95 100
1247 91 94 95 100
1672 95 96 97 99 100
1699 100
1282 94 96 97 99
1831 98
1845 97 100
1645 97
1649
1616 100
1122 100
1022
