100	5	1000	10
-1	107	14
-3	194	17
-1	138	21
-1	116	25
-3	127	23
157 3 4 11 12 13 14 22 27 33 43 44 49 52 53 54 55 56 59 62 69 74 75 77 78 79 81 82 83 85 86 87 93 95 98
292 6 9 10 14 15 17 18 19 23 25 26 27 28 29 30 32 34 35 37 38 42 47 48 50 51 53 55 57 59 62 63 64 69 73 77 80 81 82 83 92 94 95 96 98
300 7 8 12 13 14 20 23 24 26 30 38 39 43 44 50 52 53 56 57 61 62 65 71 75 76 79 81 85 89 90 95 96 97 99
280 9 11 12 15 19 20 22 23 25 27 28 29 30 31 32 34 36 40 41 42 44 45 46 47 50 51 59 60 64 65 67 70 72 73 77 79 80 83 84 88 91 98 100
275 6 7 14 18 23 28 29 30 32 36 38 40 41 42 43 45 47 52 54 55 59 63 64 65 66 67 76 79 84 86 87 89 90 91 93 98 100
270 7 8 9 10 11 13 14 23 30 31 33 36 39 43 47 52 56 58 60 61 62 64 65 66 67 68 69 70 71 78 80 81 83 84 85 88 90 91 94 95 96
215 10 12 19 20 22 25 26 28 29 31 32 33 35 38 39 40 44 51 52 54 57 61 63 64 65 68 69 71 72 77 79 81 82 86 88 90 95 96 97 99 100
168 10 24 26 28 31 35 40 42 43 44 46 50 52 53 54 56 58 60 62 67 72 74 75 81 82 89 93 98 99
224 12 15 18 24 25 26 27 28 34 35 40 46 47 49 51 52 53 56 57 60 61 69 70 72 73 83 84 85 86 91 94 95 96 98 100
271 13 15 16 18 19 22 27 30 32 33 34 35 36 37 38 39 44 46 48 49 50 51 52 58 59 64 65 68 69 71 72 73 76 77 78 79 82 83 87 91 92 93 96 97 100
216 13 15 17 22 26 36 37 39 40 41 43 44 45 47 48 50 52 53 56 58 61 63 64 65 66 70 71 73 74 76 77 80 87 88 89 90 92 93 94 95 97 100
260 13 19 22 25 27 29 32 34 35 36 37 39 40 42 48 49 53 54 55 56 59 61 67 68 71 76 77 78 80 81 82 83 85 86 87 88 89 91 93 94 95 96 99 100
207 14 16 17 19 20 23 26 29 31 32 35 36 38 40 42 47 49 50 51 59 63 64 66 70 71 72 77 82 83 87 91 92 93 98 100
284 15 20 28 31 32 36 37 39 42 45 46 47 49 53 56 58 59 61 66 70 71 74 76 80 84 88 89 91 93 98 100
247 18 22 27 29 30 33 36 37 39 42 43 47 48 50 51 54 55 63 68 71 72 75 76 78 79 80 81 84 86 88 93 95 96 97
218 17 18 19 24 26 30 31 32 35 36 37 39 40 42 43 47 48 49 52 54 55 60 61 63 67 70 72 73 74 76 77 78 82 88 90 91 98
209 23 24 25 27 28 31 36 37 38 40 42 44 48 49 50 52 59 61 62 64 65 66 67 71 76 77 79 80 81 82 83 84 87 88 90 91 92 93 95 96
279 21 23 24 25 26 27 32 34 35 38 40 42 44 49 58 59 61 62 67 71 73 74 76 82 83 87 91 94 96 98
272 25 27 35 38 41 44 45 47 49 54 55 58 61 62 63 66 68 72 74 75 76 78 79 82 83 85 91 97
193 21 23 24 27 29 30 33 35 37 39 40 44 46 47 50 53 59 60 61 62 67 68 70 71 75 77 85 88 90 93 95 98 100
278 22 25 26 27 33 35 36 40 45 47 48 49 52 57 59 61 71 72 73 74 77 78 79 86 87 91 92 94 95 97 99
153 23 26 28 31 35 36 37 40 43 46 47 48 52 53 55 56 62 63 65 66 67 68 71 74 78 79 81 83 87 90 94 98
281 25 32 34 35 37 40 42 45 46 48 54 55 56 57 58 59 61 63 66 71 72 77 87 88 90 91 93 98 99 100
291 27 31 34 41 42 43 46 47 48 50 52 56 65 66 67 68 78 80 81 82 83 85 91 95 100
157 26 27 43 45 46 47 59 60 62 63 65 66 67 71 74 76 78 80 81 84 89 91 93 94 97 99
299 28 29 30 31 32 35 36 39 40 42 44 46 47 49 54 57 58 61 62 63 65 68 72 74 76 78 79 83 84 87 90 91 92 97 98 99 100
192 29 30 31 37 38 45 46 48 51 52 57 58 59 63 64 67 68 69 71 74 79 80 82 83 84 88 89 90 91 93 96 97 99
257 30 34 35 36 43 44 47 50 54 56 57 62 63 68 72 73 75 79 81 86 90 91 93 95 96 97
251 31 32 34 36 40 43 49 50 51 55 57 58 63 65 69 73 74 78 79 84 86 87 89 95 96 99 100
159 31 34 36 37 38 39 40 43 44 45 47 50 51 53 59 60 61 62 70 71 73 76 77 79 81 84 87 90 96 99 100
265 32 34 35 36 38 39 46 47 49 50 54 56 58 60 64 69 75 81 85 87 90 92 96 97 98 99
166 35 42 43 45 47 48 50 51 54 57 58 60 64 66 67 68 72 74 76 82 92 94 95 99
176 34 35 37 41 47 49 51 54 55 56 58 59 61 62 63 64 66 71 74 75 77 79 85 86 87 88 89 94 96 97 98
209 39 44 57 60 62 65 68 69 70 71 72 79 82 83 85 86 87 90 91 92 94 95 98
267 39 42 43 44 53 56 57 58 60 62 63 66 67 71 72 73 74 80 81 82 88 90 91 94 98
197 37 38 39 42 45 46 47 49 51 52 53 54 58 59 62 63 67 72 73 74 77 79 80 81 83 87 88 89 91 93 95 97 98 100
180 39 41 44 45 46 49 50 51 54 57 60 61 67 73 76 78 82 84 86 91 92 94 96 97 98 99 100
227 39 41 44 46 49 50 52 55 59 64 65 66 67 68 71 73 80 86 89 93 97 98
194 41 42 44 46 49 51 52 55 56 57 60 61 63 64 67 70 73 74 75 77 78 80 82 83 89 98
290 41 42 43 44 47 48 50 57 60 61 63 66 69 72 73 75 76 77 82 85 87 88 89 92 98 99
250 42 43 45 46 47 49 51 56 58 61 63 64 65 68 69 70 72 73 77 78 79 80 82 85 88 89 97 99
281 45 46 47 48 50 51 53 54 58 63 64 65 69 72 73 74 78 80 81 84 85 90 93 96 99
297 46 47 50 53 54 55 59 60 61 62 63 64 65 66 69 72 76 78 80 87 88 90 92 93 96 99 100
267 49 50 52 53 54 62 63 64 66 70 72 73 75 78 81 84 87 90 96 97 99
274 49 50 51 53 54 57 60 61 63 66 69 70 71 72 73 74 77 78 81 83 87 92 94 96 100
256 47 48 51 55 62 64 66 68 69 70 71 75 77 80 81 84 88 93 94 95 96
153 52 53 56 59 60 64 65 67 71 73 74 78 80 84 88 91 94 95 97 99 100
213 49 52 54 55 56 60 61 66 67 68 70 72 73 74 78 79 86 90 92 95 96 97 100
197 50 53 57 60 64 65 67 68 69 70 72 74 75 76 79 80 81 86 89 93 96 97
193 55 56 57 58 60 63 64 65 66 67 71 74 77 79 81 82 83 85 87 92 95 96 98 99
156 52 58 59 61 62 66 74 76 77 84 89 90 91 92 94 95
248 53 61 70 77 78 79 81 82 83 84 87 89 90 95 96
180 54 57 60 62 68 72 79 82 84 91 92 97 100
265 55 62 65 68 69 70 77 80 83 88 89 90 92 93 94 99
174 57 61 62 67 68 70 71 80 85 89 91 96 98 100
157 58 60 65 66 67 68 70 71 73 75 79 83 84 85 86 87 92 96 100
150 58 60 61 65 68 71 73 74 77 80 83 87 93 94 97 99
152 59 60 61 62 64 65 67 68 70 77 80 82 87 91 92 95 97
205 60 63 67 71 75 76 79 85 94 95 96 97 99 100
206 61 65 67 69 71 75 79 84 85 86 91 93 95 96 98
155 63 65 69 72 78 79 81 83 89 91
278 66 69 70 74 75 77 79 83 95 96 97 98
300 66 67 68 70 71 73 77 79 82 86 93 95 97 98 99 100
279 68 69 73 79 80 82 83 86 89 95
253 67 70 71 76 78 80 81 85 89 92 93 94
172 77 82 83 85 90 92 93 95 97
298 68 70 73 76 77 81 82 83 84 88 89 91 94 95 96 98 99
209 69 70 71 75 77 78 81 83 84 85 90 92 93 94 99 100
151 70 71 72 73 77 78 80 81 82 84 85 90 91 93 95 96 97 99 100
202 71 72 73 74 75 77 78 79 82 83 84 91 93 94 95 97 100
164 72 74 77 79 80 82 84 93 100
279 75 77 78 79 85 86 95 96
234 74 76 83 85 89 90 93 96 97 99
154 75 76 87 88 92 94 95 97 98 99
225 80 83 86 87 89 92 95 99
232 78 82 83 88 89 93
232 79 81 89 91 98 100
184 79 80 81 83 86 88 90 93 96 98
260 82 84 88 91 94 95 97 100
156 83 85 92 98 99
157 83 85 91 97 99
276 86 92 94 96 98 100
191 86 89 90 91 93 95 97
228 92 97 100
288 86 87 92 95 96 97 98 99
290 87 89 92 95 96 99 100
282 88 90 94 95 98 100
243 89 90 94 96 98
150 90 91 92 95 98 99
288 93 97 98
195
173 96 97
178 95 98 99 100
215 95
214 99
203 98
264 100
259 99 100
206
251
