50	5	200	1
0	18	8
0	10	11
0	18	10
0	9	9
0	8	12
19 2 4 6 7 10 18 20 21 28 32 33 36 40 45 47
18 4 5 7 13 15 17 25 26 29 31 35 36 39 41 43 49 50
27 8 9 10 12 13 14 16 18 23 24 25 26 30 31 34 35 38 39 42 44 46 47 49 50
30 5 7 8 10 12 14 17 23 25 30 36 37 39 41 44 46 47 49 50
20 7 8 11 17 18 20 22 24 25 27 28 33 34 37 39 43 47 50
24 7 8 9 10 12 16 17 22 23 26 28 29 30 33 34 36 37 38 39 41 42 43 45 48 50
12 8 19 24 27 30 33 36 38 39 43 44 47 49 50
11 11 12 17 18 21 24 25 27 32 34 35 36 41 42 44 45
28 13 17 18 20 21 24 25 28 30 31 33 34 36 38 42 44 46 48 49
26 11 14 16 21 25 29 31 35 36 39 40 42 45 47 48 50
19 14 20 22 26 28 32 34 35 36 39 40 42 43 47 48 49
29 15 17 18 21 23 24 26 31 32 35 42 43 45
29 16 17 20 22 23 24 27 31 32 33 37 39 41 42
20 17 18 20 21 22 23 27 28 31 32 36 37 40 41 44 46 47 50
17 17 19 26 31 32 35 38 39 40
28 19 25 26 27 28 29 31 33 36 39 40 43 45 47 50
19 19 22 23 32 33 34 36 39 40 43 45 48 49
16 20 21 22 23 24 25 26 28 32 33 37 39 40 41 46
14 22 24 35 36 39 41 44 46 47
11 21 27 29 30 31 32 34 35 39 41 47
22 23 24 28 32 33 34 35 38 39 40 41 44 45 48 49
25 23 25 27 34 36 38 40 41 42 46
12 28 30 34 35 39 42 43 45 48 50
13 25 26 27 33 34 36 37 40 42 45 48 50
23 27 30 33 35 36 37 38 40 43 45 47 50
12 27 28 32 33 36 41 43 45
13 32 34 36 38 40 41 43 47 49 50
27 29 32 35 37 40 42 43 44 46 49 50
22 30 31 34 35 36 45 47 50
22 31 34 37 39 40 43 44 45 50
26 33 36 44
27 34 38 41 42 43 45 47 48
12 34 36 37 41 42 44 48 49
29 35 36 37 39 41 42 46 47 49
26 37 39 42 43 47 48
19 37 44 48 50
18 38 40 44 46 49
27 40 43 44
13 47 49 50
18 44 46 47
25 44 46 50
24 43 45 48 49 50
16 45 46 48
14 47
13 46 49
20 50
16 49
27 49
12 50
11
