100	5	10000	1
0	1662	21
0	1308	21
0	1358	21
0	1446	14
0	1184	23
733 2 4 6 12 19 24 28 30 37 38 40 51 53 57 59 60 62 63 68 70 71 72 73 78 79 80 82 83 87 90 95 96 97 98 99
970 7 11 13 17 24 27 28 32 37 38 41 50 52 59 61 66 67 70 71 75 78 80 86 87 88 95 96
924 4 5 7 9 11 13 14 15 27 31 33 34 38 39 42 45 46 48 49 55 59 63 64 66 68 70 71 72 73 74 75 78 81 86 89 90 93 94
836 6 7 9 10 11 14 18 20 26 28 29 36 38 39 43 44 45 51 54 55 57 58 64 66 68 77 78 85 89 96 99
726 9 10 11 13 16 18 19 20 23 25 26 27 32 35 43 45 47 49 50 51 59 65 66 69 72 77 79 81 83 88 90 93 97 99
295 10 15 16 17 19 20 25 27 28 33 34 41 42 48 50 53 55 62 63 66 67 70 72 76 77 81 82 87 89 92 97 100
182 12 13 14 16 20 21 22 23 27 31 33 37 38 43 46 47 48 50 51 53 54 55 59 61 62 63 64 66 67 68 70 71 76 77 87 88 90 91 92 94 96 100
408 10 16 21 25 26 27 30 35 36 37 38 46 48 49 51 53 55 61 65 66 67 69 70 72 76 77 83 84 90 97 98 99
660 10 14 15 16 18 19 26 28 29 30 32 33 35 38 39 40 41 42 44 45 51 52 54 58 59 60 65 66 68 74 76 78 80 82 85 88 89 91 95 96 98 99
191 15 18 19 21 22 24 27 29 35 40 42 44 45 47 49 53 57 59 60 68 69 76 78 79 81 84 86 87 88 89 91 92 93 96 99
816 13 14 15 19 23 26 28 32 35 36 40 45 46 47 48 53 54 55 56 58 59 63 64 66 71 73 76 79 80 85 92 95 96 97 100
598 13 15 16 19 22 27 28 29 34 35 39 43 45 47 48 49 51 52 54 58 61 68 70 73 77 79 84 88 90 91 94 95 96 100
849 14 15 19 20 21 24 26 29 31 32 35 37 38 45 47 50 51 54 56 59 65 66 68 71 72 77 78 86 88 89 92 94 96 99
203 17 18 19 20 21 22 25 28 30 31 33 34 35 39 41 42 43 48 53 56 57 59 62 64 67 69 70 72 74 87 88 90 92 93 96 99 100
127 16 17 19 20 21 25 26 31 32 33 36 39 42 47 49 50 51 52 56 59 62 63 67 69 70 71 73 74 76 79 80 82 84 85 86 87 88 89 90 95 99 100
750 17 26 28 32 34 36 38 39 40 41 42 44 46 49 50 51 54 58 62 67 71 73 74 78 79 82 87 88 89 91 93 94 97 99 100
137 20 21 22 24 26 29 30 32 34 39 41 48 52 56 59 61 62 64 66 68 69 74 80 81 83 84 86 87 88 91 95 96 97 98
590 19 20 21 22 24 26 29 32 35 36 38 39 40 41 42 45 47 48 50 52 53 55 56 57 61 62 65 68 69 71 72 73 82 85 86 89 90 92 96 100
795 22 26 28 30 33 37 38 41 50 51 55 56 57 58 60 64 68 69 72 73 77 78 80 82 84 85 87 88 92 93 99
657 22 23 24 25 26 29 30 31 33 35 38 40 41 42 45 46 47 48 53 54 56 57 59 61 66 67 69 71 72 73 75 77 78 79 82 84 86 91 98
955 24 26 30 31 33 34 35 36 38 39 40 41 42 44 46 50 57 61 64 66 68 69 70 71 77 81 85 89 92 97 100
616 23 27 28 30 31 33 35 40 42 44 46 52 53 63 64 66 67 69 71 75 77 82 83 84 86 90 91 93 94 95 98 99
388 24 26 27 31 32 33 35 40 41 42 43 44 47 48 50 55 59 60 61 65 66 68 69 73 74 75 79 81 84 85 87 90 91 93 95 98 100
873 25 27 29 35 36 37 40 41 48 50 51 53 54 56 59 60 61 62 64 66 67 72 73 74 77 78 80 81 82 93 94 96
665 28 30 32 36 37 38 39 40 41 45 52 54 56 57 61 62 63 68 70 73 74 75 76 77 79 83 87 88 89 96 100
922 27 28 30 31 34 38 39 40 41 42 43 45 50 59 60 63 75 76 77 82 83 84 85 87 89 91 92 99 100
922 29 30 35 43 44 45 49 50 52 54 61 62 63 64 67 70 79 83 85 87 88 89 91 93 94 96 97
941 29 32 36 39 41 45 46 48 53 54 59 65 66 67 69 70 79 80 81 83 84 86 91 92 93 99 100
133 30 32 41 46 47 48 50 51 52 54 57 58 59 60 61 62 65 66 67 69 80 84 85 88 92 100
997 31 32 36 38 41 44 47 49 50 52 57 58 59 64 65 66 67 68 70 71 74 77 78 84 85 90 94 96 99
139 32 37 41 47 49 50 51 53 55 56 57 58 61 63 65 68 72 73 76 81 84 91 93 94 97 99
969 33 35 36 37 38 39 41 49 53 55 57 60 61 62 65 66 68 72 74 77 78 80 81 83 86 90 92 93 94 99 100
795 34 36 37 39 41 49 51 52 54 56 61 65 68 69 75 77 78 79 80 81 86 88 92 93 97 98 100
348 41 42 46 47 49 55 56 58 60 64 65 66 68 69 72 73 75 76 77 80 81 84 86 90 91 92 94 95 100
480 37 39 41 42 45 48 49 51 53 54 57 60 63 64 67 69 73 74 79 80 82 83 85 86 88 90 91 94 95 96 97 99
440 39 40 41 42 49 50 52 55 58 60 63 65 68 75 76 78 86 88 93 94 99 100
975 39 41 46 48 49 52 54 55 56 57 63 65 67 68 70 71 73 75 77 80 81 84 88 91 92 94 95 96 97 98
146 39 42 43 44 48 50 51 53 58 60 61 64 66 68 70 71 72 77 79 82 85 87 88 90 91 95 97
720 40 41 45 49 55 56 58 59 60 62 64 66 67 70 72 74 76 78 80 81 84 86 89 93 94 95 100
289 41 42 44 46 47 57 58 61 63 64 65 67 69 72 73 74 75 77 79 80 86 87 91 93 94 96 100
844 44 45 46 47 48 53 56 62 63 64 68 69 71 72 74 77 81 84 86 87 88 93 95 97 99
173 45 47 49 54 57 58 59 64 68 71 73 75 77 80 81 82 85 88 92 95 99 100
623 46 47 55 57 59 62 67 68 75 78 79 81 83 84 86 88 92 94 96 97 99 100
588 47 49 50 51 52 54 60 66 68 69 71 73 74 76 77 78 82 86 91 95 97 98 99 100
697 47 49 50 52 55 56 57 59 60 63 64 65 66 67 68 69 70 71 77 78 81 82 83 88 91 92 93 94 95 97
645 52 56 57 61 63 64 67 68 69 70 71 72 74 76 79 81 82 85 86 95 96
201 53 54 55 56 57 59 60 62 63 66 67 68 70 72 75 79 81 84 89 90 94 96 98 99
583 49 50 51 52 58 61 62 64 72 73 78 85 86 89 91 92 95 96 97 98
544 50 51 52 54 56 58 61 62 66 71 72 75 78 80 82 83 85 91 96 100
725 51 52 53 55 57 60 61 64 67 71 73 74 75 77 81 83 84 85 91 93 94 98
349 54 56 57 58 60 65 70 73 76 79 81 93 95 96 100
820 53 56 60 61 62 63 66 67 71 72 74 75 76 77 79 80 81 85 86 87 92 93 96 97 99 100
996 71 73 76 81 84 85 86 88 90 91 92 97 98
934 57 63 64 69 70 71 72 73 74 75 76 78 79 80 82 85 90 98
288 57 60 61 63 64 65 66 69 70 72 74 75 76 79 83 85 89 91 93 94 95 98 99
587 57 58 59 60 65 66 68 69 75 77 78 80 82 85 86 88 89 90 93 97 98 100
561 58 71 72 76 82 85 88 93 96 98
184 60 67 68 70 71 75 81 86 87 88 92 94 95 97 99
727 62 67 68 72 74 76 77 79 82 84 86 87 93 94 96 98
965 62 63 64 65 68 71 73 75 76 77 82 86 90 91 93 96 100
219 64 66 73 74 76 77 78 83 86 89 90 91 92 93 95 97 100
953 64 65 66 68 69 79 81 82 83 84 85 89 91 96
171 64 66 67 68 70 74 75 76 78 79 81 85 86 87 88 89 91 92 97 99
876 68 70 73 74 75 76 81 82 86 91 95 98 100
141 66 69 70 71 72 73 83 85 86 93 97 99 100
514 67 80 81 84 85 86 87 89 95 96 97 98 100
553 68 70 72 75 76 77 79 80 83 87 88 94 95 97 98 99
827 72 73 76 77 79 80 81 84 86 89 93 94 95 96 98 99
947 73 77 79 80 81 87 89 93 94 99 100
193 72 74 77 78 81 85 86 88 90 91 93 96 97 98
424 72 73 75 79 82 83 84 87 89 95 96 97
957 73 75 77 78 83 84 86 90 92 93 94 95 96
693 74 77 78 81 83 91 92 96 99
776 76 79 81 82 83 86 87 88 99 100
935 76 79 80 82 83 87 99
193 80 85 86 87 88 89 90 96 98
735 80 82 83 84 86 87 88 91 97 100
250 83 84 92 93 96 97 98 99
203 81 88 94 95 97 100
366 85 89 90 93 94 100
114 82 84 97 98 99
327 83 84 87 92 94 97
558 87 88 90 92 94 96 97
601 85 86 87 88 89 90 92 94 97 98 100
398 86 88 91 95 96
308 87 88 90 95 97 98
660 88 89 92 93 94 96
394 90 95 97
917 90 92 97 98
347 91 100
772 93 94 98 99
799 95 96 97 99
382 97
931 95 98 100
945 97
745 97
749 98
716 99 100
222
122
