25	10	200	1
0	38	3
0	40	2
0	20	2
0	40	2
0	26	3
0	22	2
0	25	3
0	31	3
0	37	2
0	30	3
17 3 5 7 11 14 16 18 19 24 25
18 3 5 7 10 13 15 18 21 22 25
13 4 6 8 10 11 12 14 16 18 22 23
19 7 8 9 10 11 12 16 19 21 24 25
22 6 7 13 21 23 24 25
22 13 14 17 20 21 23 24 25
24 13 14 15 16 19 20 24
14 14 17 18 22 24
16 10 13 18 19 20 21 23 25
12 12 16 19 20 21 23
14 12 14 18 22 25
24 15 16 18 20 22 25
24 14 15 18 19 21 24 25
16 15 16 18 20 22
27 16 17
28 23 25
17 19 20 22 25
27 20 22 23 24 25
16 20 22 23
12 23
23 24
29
25 24
11 25
25
