25	5	10000	10
-4	836	5
-4	960	5
-1	508	5
-3	827	3
-5	944	7
1133 3 4 5 20 21 23 24
1247 5 7 9 11 12 15 20 22 23 24 25
1420 6 7 8 14 22 25
1324 6 14 16 22 24 25
595 8 10 11 13 16 20 23 24
1016 7 9 10 11 20
788 8 13 15 17 18 19 21 24
1273 11 12 16 22
817 10 12 14 15 16 17 20 21 22 25
1489 11 12 15 16 17 18 22 23
1491 16 17 18 19 20 23 24
1431 13 14 22 23 24 25
983 14 16 18 19 21 22 24 25
944 18 20
1125 17 20 21
914 17 18 22 25
866 22 23 25
1386 20 24
1413 22 23 24 25
1222 22 24 25
1423 24 25
603 23
988
766 25
1437
