200	10	1000	10
-4	72	24
-4	84	28
-1	96	14
-3	37	18
-5	64	26
-4	20	22
-4	57	15
-3	38	16
-4	43	18
-3	84	19
80 2 3 5 6 11 16 22 24 26 27 29 30 35 36 41 46 48 54 55 58 59 60 62 64 66 68 75 78 82 83 86 87 88 91 93 94 95 97 101 105 107 112 116 121 127 129 132 133 134 135 136 138 142 143 145 157 160 162 169 172 174 177 179 181 182 183 185 195 198 199
21 6 7 10 13 16 19 20 25 29 34 37 40 43 47 49 50 53 59 63 67 69 71 73 75 76 78 82 83 84 86 89 91 92 96 97 100 107 113 117 120 121 123 124 125 129 131 132 133 135 141 142 143 149 152 153 155 156 157 158 159 163 164 165 167 168 169 170 173 179 180 181 182 183 184 185 187 189 190 191 196 199
88 4 9 10 18 19 23 25 26 27 30 32 34 48 49 51 55 57 61 62 64 65 67 68 71 74 77 78 80 83 86 88 89 91 93 95 100 102 109 118 120 122 124 125 130 142 145 149 151 154 155 157 158 159 161 164 166 168 169 174 177 179 180 181 182 184 185 187 191 193 197 200
88 5 7 9 11 14 16 17 21 22 24 26 27 30 37 38 39 43 44 45 46 47 48 55 56 57 62 64 70 72 73 74 78 81 84 85 86 87 90 93 95 96 97 98 99 101 102 105 112 115 117 119 122 125 126 132 134 138 139 140 141 142 144 146 147 148 149 151 154 155 163 168 169 170 175 176 178 180 182 184 193 196 198 199 200
20 6 7 15 16 18 19 20 21 22 25 27 29 30 31 32 33 35 39 40 41 42 43 45 48 51 54 55 56 57 63 66 69 70 71 72 73 75 76 77 78 80 83 87 90 92 94 104 106 109 112 113 115 118 122 125 126 127 129 135 140 143 144 147 148 150 154 155 156 157 158 160 162 167 171 172 173 174 179 181 182 183 184 191 192 196 197 198
87 8 10 11 14 25 26 27 28 32 33 34 35 40 42 43 44 46 47 51 52 54 55 58 62 65 72 75 77 78 80 81 85 86 87 88 93 94 95 97 98 99 100 103 109 110 112 116 121 125 127 130 132 133 134 136 137 138 141 142 143 146 147 158 161 163 168 169 170 172 174 176 178 180 182 184 185 186 187 188 189 190 195 197 199 200
34 10 12 13 14 16 18 19 22 23 24 26 27 29 30 32 35 41 44 45 46 47 48 52 53 57 59 64 65 68 69 71 73 74 76 78 81 82 83 89 91 92 95 96 101 102 104 111 113 117 118 124 125 132 134 140 141 144 146 147 149 151 152 154 156 159 160 161 164 170 172 177 179 183 185 187 192 195 196 198 199
96 10 11 12 15 18 20 21 23 24 30 38 46 49 53 55 56 60 74 78 80 85 86 87 89 92 96 97 99 103 109 110 112 115 116 117 118 119 123 124 125 129 131 133 134 139 140 141 142 143 144 146 148 150 151 153 155 157 163 165 168 171 175 177 185 186 187 189 191 194 199
79 11 15 18 19 20 23 25 27 29 30 33 36 37 39 42 43 47 51 54 55 58 60 61 63 65 67 68 69 70 71 74 75 76 78 83 84 88 91 93 96 104 105 106 107 108 109 117 121 122 125 128 130 132 134 135 136 137 144 145 151 153 155 157 159 162 164 167 174 175 176 177 178 180 181 188 191 192 195 196
74 13 15 16 19 20 21 22 27 28 29 30 32 33 36 37 38 40 41 43 52 53 55 56 62 64 70 72 73 74 78 79 82 83 87 88 95 96 97 99 101 102 104 105 118 119 121 125 127 129 130 131 132 133 136 137 140 142 144 145 146 153 154 159 161 162 169 173 178 179 180 187 188 192 193 194 195 197 200
68 23 24 25 28 29 31 33 34 38 39 41 43 44 46 47 48 52 53 60 61 63 69 71 73 77 78 79 82 83 84 87 90 91 92 107 108 109 112 116 119 121 126 127 128 129 130 132 134 136 139 144 145 150 151 153 154 156 159 161 162 165 168 172 183 184 185 188 190 193 199
79 13 15 16 19 20 30 32 34 35 37 40 42 44 47 48 51 52 53 54 61 62 66 72 76 79 80 86 88 90 92 95 97 98 99 101 103 104 113 114 119 123 126 127 128 131 132 136 139 140 144 149 152 153 156 157 159 163 168 170 171 173 177 178 179 182 183 186 191 193 195
61 16 21 23 24 25 27 33 37 38 44 48 52 53 54 55 57 59 60 61 68 69 72 74 75 76 78 79 82 86 88 89 94 95 96 99 103 104 105 106 109 120 125 132 136 143 145 146 147 148 154 164 169 171 174 177 180 183 195 196 197
31 15 18 19 32 36 39 40 42 43 45 49 53 54 59 63 65 68 69 70 72 73 75 78 91 93 96 98 99 101 102 103 104 106 109 110 113 115 119 120 121 123 124 132 136 137 139 144 149 152 155 158 159 160 163 164 168 174 176 178 181 182 183 186 187 191 192 199
14 16 17 22 23 25 26 28 29 30 33 34 37 38 39 41 42 45 48 49 50 52 54 57 58 63 66 67 69 70 71 75 83 84 87 88 89 91 93 99 100 101 103 106 108 109 111 115 121 124 129 133 135 136 138 143 145 150 151 152 153 154 155 156 157 160 164 168 170 171 172 173 174 179 181 182 184 187 189 190 191 192 197 198 199
63 17 20 24 25 27 29 30 39 41 45 49 51 52 54 55 57 60 63 64 66 68 69 71 74 77 84 86 91 92 93 95 96 98 105 106 113 123 124 125 129 130 134 135 137 141 142 144 145 149 155 157 159 161 162 163 169 172 177 182 185 186 187 188 191 193 196 199
61 20 21 22 24 27 29 30 33 37 39 42 43 44 45 51 52 56 58 60 61 62 63 66 67 70 74 76 79 81 88 90 92 95 96 101 102 107 111 112 115 116 122 123 124 127 128 129 130 131 133 134 136 141 142 150 151 153 156 158 159 161 162 166 170 172 177 179 181 183 184 190 195 197 200
37 20 21 22 24 26 30 36 39 41 42 44 46 47 48 50 55 56 62 66 67 68 72 74 75 76 77 84 94 95 98 99 100 102 103 105 108 109 110 111 113 114 117 118 119 120 122 123 129 132 133 136 138 140 142 148 149 151 155 160 161 165 169 171 176 177 178 180 186 189 190 192 197
10 22 23 24 26 29 30 32 34 35 36 39 41 47 48 50 51 52 56 60 61 62 64 65 66 70 74 76 79 82 84 86 87 90 100 107 110 116 117 118 119 123 127 130 131 132 135 136 140 141 144 146 148 150 152 153 155 156 159 166 168 174 175 178 182 186 189 190 191 194
15 22 23 24 25 27 31 32 35 38 40 42 44 50 51 52 53 55 59 60 61 62 68 69 72 73 75 77 78 82 85 87 94 96 100 101 102 104 108 109 113 115 117 118 120 121 123 124 125 127 129 130 132 134 137 141 142 148 156 157 158 168 169 170 172 173 174 175 177 178 179 181 184 186 187 188 190 191 193 194 197 198 200
36 29 31 36 40 42 43 46 49 50 52 61 62 63 65 66 70 71 81 83 84 89 91 95 96 98 102 103 105 112 113 115 116 117 119 121 124 129 133 136 137 139 141 143 145 147 148 157 158 159 160 163 165 172 174 175 176 177 179 180 182 189 190 191 195 197 198 199
27 24 26 27 28 33 34 41 42 46 49 57 58 61 65 66 68 69 71 76 78 80 82 88 89 94 96 98 99 101 104 105 108 109 110 111 112 114 115 116 118 123 127 131 132 133 139 140 143 145 148 149 151 153 154 157 160 163 164 166 171 173 174 177 180 182 184 186 191 196 197 199 200
15 26 35 38 39 40 41 43 44 47 48 50 55 58 59 61 62 64 66 67 68 70 75 76 81 86 88 89 91 99 102 104 105 106 110 111 112 113 114 116 117 118 122 124 125 126 130 132 133 134 135 136 137 138 140 144 147 148 150 154 158 160 162 169 170 171 176 179 185 186 187 189 190 193 194 196
48 31 33 39 43 44 45 62 63 65 66 73 75 82 84 89 90 91 93 96 97 100 102 103 105 109 111 112 114 115 116 118 119 125 126 130 140 141 146 154 157 158 162 163 168 169 170 172 176 178 179 182 186 188 190 191 196 199
89 26 29 32 33 35 38 39 40 42 43 44 45 46 51 52 61 67 75 76 79 81 84 85 86 91 92 97 107 108 112 113 115 119 120 121 122 124 126 128 131 132 133 139 140 141 143 144 145 147 148 149 150 152 153 160 161 163 164 166 168 169 170 171 174 180 181 189 191 195 196 199
97 27 29 30 31 34 39 45 50 53 58 61 62 65 66 67 68 72 73 74 76 83 90 91 94 95 99 107 112 114 115 118 122 123 124 125 127 128 132 134 135 138 140 141 142 147 148 149 167 169 170 173 175 179 183 184 188 190 193 194 198 199 200
34 28 29 30 31 35 38 39 40 41 43 47 50 53 54 57 58 59 62 63 67 71 74 75 77 79 80 82 84 85 86 87 88 93 95 97 100 102 103 104 105 106 111 112 113 116 117 120 121 123 124 125 129 131 134 135 137 141 144 145 146 147 149 150 158 160 162 163 167 171 172 175 180 184 185 190 191 192 194 195 196
20 30 31 32 33 35 37 38 44 47 51 52 55 57 61 62 64 66 68 71 74 78 80 83 85 86 87 88 89 94 95 97 98 99 100 101 103 105 110 115 116 117 121 125 126 127 129 130 131 132 136 139 140 141 144 147 154 156 159 162 167 170 171 173 176 177 179 180 186 187 190 191 193 197
80 31 32 34 42 61 64 66 67 69 73 74 75 77 78 79 80 81 83 84 87 89 90 94 97 105 107 108 112 113 116 122 124 127 129 137 138 139 142 145 150 157 162 164 173 175 178 179 183 190 198
86 31 32 33 34 36 37 38 41 42 43 48 50 51 59 60 62 64 65 70 71 72 73 74 85 86 87 89 91 95 97 99 101 108 111 112 113 116 118 119 120 122 124 126 132 133 137 139 141 142 145 146 147 148 150 151 154 158 159 160 161 162 164 165 171 173 176 178 179 181 183 184 185 187 188 192 194 195 198 199 200
21 32 37 38 40 42 43 44 45 46 47 48 50 51 55 58 59 65 69 72 74 75 76 77 78 79 80 81 86 89 95 98 99 101 102 105 112 113 117 123 125 129 130 133 134 138 139 141 142 145 146 149 151 152 153 156 157 158 160 161 170 171 173 175 179 180 183 184 189 191 193 194 195 197 198 200
72 35 41 42 43 45 48 50 51 59 64 66 67 68 73 75 88 89 96 100 101 102 106 108 116 117 121 123 126 132 133 135 137 138 139 144 146 151 152 157 159 160 161 163 166 167 168 172 177 183 185 186 187 190 192 193 194 195 198 199
28 34 35 36 40 41 43 48 51 54 57 58 59 63 65 66 68 71 74 76 78 79 80 83 86 88 96 99 100 101 104 105 109 110 113 114 115 116 118 121 122 124 125 129 130 135 137 139 144 145 146 148 150 154 161 162 163 165 167 172 173 179 181 183 190 196 197 199
13 37 44 45 46 47 49 51 52 53 56 58 59 62 63 65 68 69 75 81 84 85 86 88 89 90 91 92 94 99 112 113 115 116 118 119 121 122 127 129 130 133 135 139 140 141 142 144 146 148 149 150 152 158 161 162 164 173 174 177 180 183 184 185 188 189 191 197 199
91 37 39 41 42 44 48 49 51 52 57 58 60 61 62 63 65 68 70 71 72 74 78 81 83 85 92 94 96 99 108 110 111 113 114 115 119 123 125 127 130 131 134 136 142 144 145 148 149 150 151 152 161 162 164 165 178 180 181 188
43 37 38 41 45 46 50 53 58 64 68 69 74 80 81 82 86 87 91 93 96 97 99 101 104 108 110 114 115 117 120 121 122 123 124 128 131 132 133 136 137 139 142 146 149 158 168 170 176 182 183 188 189 192 195 200
38 39 40 41 42 49 54 55 57 58 60 63 66 67 68 71 73 76 77 78 84 86 88 89 90 93 96 97 99 103 105 106 107 109 112 115 118 119 122 125 126 128 129 130 131 133 139 141 142 143 144 150 151 152 153 154 155 158 159 162 163 164 165 167 169 170 173 175 180 182 186 187 193 195 196 198 199 200
92 45 47 50 51 52 54 59 62 67 70 77 86 87 89 91 92 93 97 102 103 106 110 111 113 114 118 119 124 126 127 130 132 135 137 138 139 147 150 151 155 158 159 163 165 167 170 171 174 175 181 186 187 188 190 191 195 199
52 45 47 48 52 53 54 56 57 59 61 63 65 66 68 69 70 82 83 85 89 91 93 96 100 101 104 108 110 112 118 120 121 122 123 124 125 126 130 131 135 136 140 141 143 145 147 148 153 154 159 166 168 173 177 179 180 184 185 187 188 191 192 194 198
10 41 42 43 44 47 50 52 53 62 63 65 67 73 74 76 78 80 82 84 85 86 87 93 95 100 104 110 113 114 115 120 122 125 126 128 131 133 137 138 139 140 141 142 147 148 149 150 156 157 158 163 164 165 169 170 172 175 176 177 178 179 185 190 191 192 193 195 196
26 42 44 45 49 51 58 59 61 67 72 81 83 86 89 90 95 96 97 100 102 105 107 108 111 113 119 124 130 133 134 135 138 140 141 143 147 149 150 152 155 157 158 161 162 163 170 177 178 182 184 187 189 191 193 195
34 46 52 53 55 59 64 66 70 73 76 79 83 84 86 90 91 93 96 97 98 99 100 103 106 107 108 109 111 116 122 123 124 133 134 139 141 143 146 149 150 153 154 156 157 158 159 160 163 167 168 171 173 174 175 177 182 183 184 186 187 188 189 190 193 194 195 197 198 199 200
87 45 46 50 55 61 63 65 66 68 69 71 72 73 79 80 81 82 83 88 90 92 97 98 99 100 102 104 112 114 116 119 122 125 128 129 130 132 133 134 135 139 142 145 148 149 154 157 163 164 165 168 173 175 179 181 182 183 184 187 189 195 200
12 48 49 51 55 56 57 58 59 60 65 66 71 73 74 77 78 85 86 87 90 92 94 95 99 107 111 114 115 119 121 122 125 126 127 128 130 132 133 134 137 138 141 145 148 153 157 158 159 162 163 167 173 174 178 183 185 189 190 193 194 195 198
42 46 47 48 49 52 54 56 57 60 61 63 64 66 68 70 74 77 81 84 85 87 91 98 101 104 108 111 115 116 117 119 121 123 128 131 133 134 136 139 142 148 150 157 158 159 160 165 166 167 171 174 175 176 185 186 189 190 192 193 197 198 199
71 51 53 55 57 58 62 66 67 68 71 74 75 76 77 78 82 83 88 90 91 92 93 94 101 105 106 110 113 114 118 121 123 125 130 131 133 135 137 138 140 145 147 148 150 153 154 156 157 159 166 167 168 172 173 175 177 178 179 183 188 189 191 198
81 49 51 52 54 58 59 64 70 73 74 76 80 84 86 87 91 92 96 97 100 101 102 103 104 107 112 114 115 118 119 121 124 125 129 130 135 141 144 146 148 149 152 157 159 161 162 166 167 168 169 170 171 173 176 178 179 182 183 184 186 187 188 190 192 194 199
71 51 52 55 56 58 59 67 68 70 71 73 75 79 80 81 83 84 88 91 99 101 102 105 109 110 112 114 115 123 124 125 126 129 133 139 142 144 147 152 155 158 160 161 164 165 166 168 171 177 178 179 180 181 184 193 198 200
99 52 53 54 58 60 61 62 63 64 66 68 70 72 73 74 75 77 82 84 85 88 89 90 97 99 103 106 107 109 110 111 115 116 118 121 123 125 127 129 133 137 138 139 140 143 145 146 147 150 151 154 155 157 161 162 165 166 167 168 170 171 172 177 179 180 184 185 189 192 194 199 200
18 51 53 54 55 59 60 61 63 66 67 70 72 78 85 86 88 90 93 97 98 101 102 103 104 108 110 115 116 118 119 122 127 131 133 141 142 144 145 151 155 159 162 163 164 167 172 175 176 179 181 185 186 192 197 200
35 54 56 59 62 63 65 69 70 71 77 80 81 82 85 91 92 98 99 101 102 103 104 106 108 110 114 115 118 122 123 125 128 129 130 131 132 133 135 138 141 143 148 149 151 153 154 155 157 158 159 161 163 166 170 171 173 180 183 185 187 192 193 195 196
60 55 57 58 68 74 77 79 82 83 87 89 90 93 96 109 110 111 114 115 120 121 123 129 139 142 144 145 146 148 153 154 157 158 159 160 163 166 168 169 170 175 176 177 178 180 182 183 192 194 199 200
29 59 68 69 70 74 75 79 81 82 86 87 89 91 95 96 97 101 104 106 107 109 110 112 118 121 122 123 124 126 129 130 133 144 146 147 155 158 162 163 166 169 170 181 182 184 185 187 188 189 191 193 195 196 200
52 56 57 58 59 62 63 65 66 68 71 74 76 79 81 82 83 92 94 96 97 100 104 106 107 108 109 118 121 123 124 128 130 137 139 142 144 147 150 152 155 162 163 166 167 174 175 183 184 185 188 189 190 192 195 197 198
25 56 57 61 62 63 64 65 70 76 77 78 79 80 81 83 85 86 87 88 103 112 113 115 118 122 124 126 131 132 134 137 146 150 154 155 157 158 161 163 164 165 167 168 170 179 181 182 183 187 190 194 195 198 199
99 57 61 62 64 68 72 73 74 75 76 78 80 87 88 95 97 104 105 108 109 112 113 115 118 119 120 121 123 128 130 131 132 135 137 139 140 141 145 147 149 152 153 155 160 161 163 164 167 172 178 183 184 189 191 197 200
30 58 60 61 63 64 65 66 67 68 70 71 72 77 81 86 91 93 97 98 101 102 104 105 106 111 114 116 118 123 126 127 130 132 133 138 139 144 145 147 148 150 151 156 157 158 160 162 163 164 166 167 169 170 172 174 175 176 178 181 183 185 187 188 191 194 195 197 200
11 61 63 64 65 68 69 75 79 80 82 83 84 88 89 91 93 98 99 100 101 102 103 104 105 108 109 110 111 114 119 124 127 131 137 139 140 142 145 147 152 153 156 158 160 166 169 171 172 173 174 176 177 182 186 187 191 192 194 195 198 199
67 60 61 65 66 69 71 72 77 79 83 84 86 88 89 90 92 93 94 97 98 102 105 116 118 120 123 124 125 127 130 131 133 141 142 144 145 146 147 149 152 154 155 161 162 163 167 168 171 173 176 177 178 179 182 190 194 195 197 198 199 200
22 61 64 67 68 70 71 72 74 76 78 83 84 85 90 91 98 102 103 108 109 110 111 112 118 121 122 125 126 127 128 130 133 136 142 143 144 149 150 158 159 165 167 168 169 177 179 181 182 185 186 194 195 196 197
93 62 63 64 65 66 68 70 71 72 73 74 76 81 82 83 85 86 93 95 101 102 112 117 118 119 121 127 129 134 135 139 140 141 142 147 152 156 160 163 165 168 170 172 174 179 183 184 187 189 194 197
45 63 66 67 68 72 73 74 76 78 82 83 84 87 88 89 91 97 103 105 106 108 110 112 115 120 121 123 124 125 128 134 137 138 140 142 144 145 150 152 155 164 166 167 168 169 171 172 173 174 175 176 177 179 181 190 193 195 197 199
44 65 66 67 68 73 75 76 77 78 79 81 84 87 91 94 96 97 101 103 106 108 110 112 114 122 123 124 127 130 131 134 136 137 138 139 140 141 142 144 147 150 151 157 158 161 162 171 172 173 174 176 178 182 183 184 191 192 194 196 197 198
84 65 66 67 69 70 72 73 77 81 82 88 90 93 98 102 104 108 114 117 123 124 127 129 130 133 134 137 147 148 150 153 158 166 168 171 172 173 174 180 181 183 185 188 196
47 66 68 71 76 77 81 82 84 85 86 88 90 92 93 96 105 109 114 115 116 118 119 120 123 126 127 133 138 140 141 144 145 146 151 152 153 154 155 157 159 160 165 166 170 173 174 176 181 183 184 187 188 189 190 191 192 194 195 198 200
31 69 75 77 79 81 83 85 86 87 88 91 92 95 98 99 100 102 105 111 116 125 127 128 129 132 136 139 140 141 142 144 148 153 155 163 166 170 177 178 182 183 188 190 191 196 197 198 200
80 70 71 72 78 80 81 83 85 90 93 95 98 101 103 104 109 110 111 113 122 123 124 126 127 128 132 134 135 136 137 138 141 142 146 147 149 150 154 156 157 158 159 164 170 176 185 187 189 192 197 200
51 70 72 76 77 82 83 84 86 87 93 94 97 100 106 108 110 111 114 115 119 122 126 127 128 130 132 133 135 136 138 139 142 145 146 147 148 154 155 162 163 165 167 168 172 175 176 177 181 182 190 191 192 193 194 197 198
28 71 74 76 77 81 85 86 87 94 97 99 102 105 107 109 110 111 114 117 118 120 127 128 129 131 134 135 145 149 151 152 154 155 156 158 159 161 164 167 169 171 177 178 179 181 188 190 192 193 196 197 198 199 200
87 75 76 84 86 88 91 92 94 95 99 105 106 107 108 112 113 114 119 120 121 123 124 129 130 131 134 138 140 141 144 145 146 150 151 153 154 156 158 161 164 166 168 170 173 175 177 179 184 185 186 187 188 189 191 192 196 197 199
33 74 75 76 77 79 80 81 82 83 91 93 94 99 100 101 102 106 107 111 114 117 118 119 122 123 124 125 128 130 131 132 133 135 136 139 140 141 142 144 145 146 149 150 152 154 155 157 163 166 167 170 171 172 175 177 179 182 185 187 191 192 194 196 199
96 74 75 76 80 82 85 86 87 101 103 107 110 116 117 119 125 130 131 133 134 137 141 150 162 164 169 171 173 176 181 184 185 188 190 195 199
12 75 81 82 83 87 94 96 98 103 104 106 107 111 116 117 119 120 122 123 127 130 132 139 144 146 152 153 154 155 159 160 161 162 163 164 168 169 174 176 182 191 192 194 195 196
57 77 79 83 91 94 100 101 102 103 104 106 107 108 110 111 112 117 120 122 123 125 127 134 135 139 140 143 145 147 151 154 155 169 171 172 173 178 182 184 188 189 190 194 195 198
15 76 78 79 80 81 84 90 91 93 96 101 103 104 108 111 112 114 115 117 122 126 128 131 134 137 139 142 143 144 146 147 148 150 151 157 159 160 163 168 169 170 173 177 179 185 187 188 189 192 193 196 197
87 77 78 79 81 83 87 89 95 96 98 99 102 103 108 109 112 113 115 116 119 120 121 122 123 128 133 136 137 140 143 146 148 156 158 159 161 162 166 168 173 176 178 180 188 190 192 193 199 200
17 80 81 83 85 88 90 97 99 101 103 105 106 108 110 111 113 115 117 120 121 123 126 129 134 135 139 140 141 142 146 150 152 156 160 163 164 165 167 176 179 180 182 185 186 187 188 193 194 198 200
71 80 83 84 85 86 91 93 95 97 98 99 102 103 110 114 115 118 120 121 122 124 125 126 128 131 132 133 134 137 140 141 145 146 148 151 152 153 155 160 162 168 171 174 175 176 180 181 183 186 187 189 190 193 194 195 196 197
38 83 85 86 88 96 98 99 100 101 102 106 107 108 112 115 116 119 120 123 124 130 134 136 139 141 148 150 151 153 154 156 158 159 160 162 163 165 166 168 170 171 172 176 177 187 188 194 195 196 198
80 81 84 85 86 90 92 93 101 105 106 107 112 113 119 120 122 123 124 127 129 133 139 140 141 143 146 148 150 153 157 158 160 165 168 169 171 173 175 182 183 186 187 188 190 191 192 195 197 199 200
48 83 85 91 93 94 99 100 104 108 111 112 113 114 117 118 119 120 124 128 131 133 136 142 145 153 155 156 166 171 173 174 175 176 178 179 180 183 185 186 187 189 195 196
58 84 89 90 97 99 100 104 106 108 110 112 116 117 118 119 121 124 125 129 130 132 134 135 139 140 142 143 144 149 150 152 154 157 158 162 164 165 167 172 173 177 180 181 182 187 188 191 195 196 199
16 84 85 90 92 94 97 99 101 104 106 107 108 109 111 113 116 117 119 121 122 124 137 140 141 145 155 160 162 163 165 166 167 170 172 177 178 179 181 187 188 189 190 191 192 195 196 199
17 87 88 89 91 94 95 97 98 99 100 103 104 105 107 108 110 111 124 128 129 130 132 133 134 147 149 150 160 165 172 179 184 188 189 199
27 86 90 93 102 104 106 108 110 111 112 115 122 123 125 126 127 129 130 136 137 139 141 143 145 149 150 155 158 162 165 171 173 176 177 178 179 180 184 185 186 187 188 190 191 194 195 196 198 199
78 87 89 92 94 99 100 101 103 105 109 110 113 116 118 119 120 121 122 127 128 129 132 134 135 137 141 142 151 156 158 160 162 165 166 167 168 170 172 174 176 177 178 183 184 188 189 192 195 197 199 200
22 89 90 94 100 101 103 107 111 114 129 134 135 136 137 138 142 143 144 145 146 147 148 149 152 154 156 157 158 165 166 168 174 175 176 180 184 185 190 191 195 196 197 198 200
80 89 98 100 101 102 107 109 110 112 114 117 121 122 124 131 138 140 141 146 149 150 153 154 155 156 157 161 163 165 171 175 179 181 182 184 185 186 187 188 190 191 192 194
100 92 93 95 96 98 101 105 113 114 115 116 122 135 139 140 145 146 148 149 150 152 154 157 161 163 164 167 168 170 173 175 180 182 185 186 194 195 196 198
66 91 98 102 103 104 106 107 108 112 113 114 116 117 119 121 122 124 127 130 131 133 134 136 139 141 142 143 145 150 152 153 156 159 162 164 166 167 168 170 173 176 177 181 184 188 194 197 200
33 94 96 98 100 102 109 112 113 114 116 117 119 120 128 131 142 145 153 156 159 160 161 164 172 174 175 176 179 190 192 194
70 98 100 102 106 108 109 110 112 113 117 119 120 121 123 124 126 127 131 132 134 135 137 138 139 141 144 151 155 156 159 160 161 163 166 167 171 172 173 174 178 179 180 182 184 185 194 197
24 95 96 105 108 112 113 115 117 120 121 124 125 126 127 129 130 131 133 135 137 139 143 144 148 149 158 160 161 165 166 170 171 172 174 175 177 179 181 184 187 188 189 190 191 199
54 95 96 97 102 103 104 105 106 107 111 115 118 119 126 130 131 132 133 135 137 138 142 143 147 150 154 155 157 163 164 165 169 175 182 183 184 186 187 190 191 192 193 194 196 197
55 97 100 101 104 106 107 109 110 114 116 122 124 126 133 134 140 143 144 151 152 154 155 160 162 164 171 172 173 174 178 179 189 191 192 194 199 200
25 97 100 102 104 106 107 110 113 118 121 123 124 128 132 135 136 138 139 142 149 150 153 155 156 157 163 166 168 170 171 172 174 175 177 178 181 182 183 191 193 196 197 199
29 98 100 104 109 110 112 117 121 123 125 126 127 130 136 140 141 142 143 144 145 148 149 153 155 163 165 169 172 173 176 177 178 180 184 186 187 188 189 192 196 197 199
27 101 103 106 110 112 113 115 116 122 126 129 135 137 140 141 142 144 146 147 148 158 162 163 164 165 168 172 191 195 197 198 199 200
96 101 102 105 107 109 116 122 126 128 132 135 139 140 141 143 145 146 151 152 153 158 161 163 166 167 169 170 176 179 182 192 195 196 198 199
59 103 105 107 109 110 112 115 116 119 129 130 131 132 134 136 138 140 142 143 144 148 149 150 154 156 158 161 162 163 166 170 171 172 173 174 176 181 183 186 187 191 192 194 195 196 197 198 200
99 103 105 107 109 110 111 112 114 118 119 125 126 132 134 137 138 139 142 143 150 152 153 163 168 169 173 174 176 178 184 188 192 193 194 196 199 200
69 105 106 107 111 113 117 118 126 129 131 132 136 141 142 143 148 149 151 154 157 162 169 171 177 178 179 180 181 184 186 190 193 195 196
98 107 111 117 118 119 120 122 124 125 126 127 132 137 138 142 144 146 150 152 154 155 156 157 160 166 168 177 179 180 181 183 184 185 188 189 191 192 194 200
67 105 107 111 113 114 118 119 121 125 130 136 137 139 142 143 144 152 154 158 159 161 162 164 165 166 167 169 170 172 173 175 177 178 179 184 185 186 188 189 191 195 198
81 107 108 110 113 115 121 125 126 127 128 129 130 131 132 134 136 141 142 147 149 151 152 153 156 157 159 161 162 165 166 168 169 170 174 178 179 180 183 184 185 189 190 191 192 193
30 107 109 111 112 113 114 118 119 121 122 127 128 130 135 137 143 144 146 148 152 155 158 159 160 164 171 172 176 177 178 182 185 188 192 194 196 199
56 109 114 116 117 119 125 126 128 139 140 144 146 150 154 155 157 159 164 169 170 171 176 177 179 181 183 184 186 192 193 194 195 199
32 109 110 112 114 117 121 124 127 129 133 135 136 137 139 141 143 144 146 147 150 152 154 155 157 159 166 172 174 175 176 177 178 179 180 183 184 185 190 191 192 194 195
61 111 112 114 115 117 120 122 124 127 131 135 137 138 141 149 153 155 157 159 160 162 164 166 171 173 178 181 183 185 187 188 190 192 193 194 197 199 200
67 112 117 121 122 127 131 132 134 135 142 143 144 149 150 152 154 158 161 166 170 173 177 180 182 185 188 190 199
70 115 116 117 118 119 120 122 123 124 128 133 137 138 139 140 142 143 145 149 153 154 156 157 159 160 165 171 172 173 174 175 181 184 185 187 189 192 195 196 199 200
65 116 117 120 125 127 130 134 137 139 145 149 150 156 164 166 167 169 172 174 175 177 179 182 184 192 195 196 200
88 120 126 129 130 135 136 137 141 145 146 147 148 150 151 152 154 155 160 161 162 164 165 167 169 172 175 177 178 181 182 183 187 189 191 193 194 197 200
75 117 118 121 122 126 128 129 131 132 136 137 142 143 146 148 149 151 155 158 159 160 162 164 165 166 167 168 173 175 176 177 183 184 187 188 189 190 194 200
79 117 125 126 129 130 131 133 140 141 145 146 147 149 150 151 152 153 156 158 159 160 161 163 164 165 168 169 171 176 178 183 184 186 188 191 192 197
20 117 118 126 127 133 134 138 141 145 146 148 149 151 152 154 156 160 167 169 173 175 176 178 182 185 188 191 192 194 197 200
88 118 122 123 124 125 126 129 130 131 133 135 138 139 140 141 146 148 154 156 158 163 166 177 180 181 184 185 186 188 193 196 200
34 120 123 124 127 128 129 130 134 136 142 149 150 152 153 155 156 158 159 160 163 165 166 167 169 172 173 174 177 178 181 187 189 191 196 198 199
24 120 125 126 129 130 132 134 135 141 142 143 145 149 154 156 157 158 161 162 164 166 168 171 173 174 182 187 190 193 194 197 198 200
77 121 125 129 134 139 141 145 150 151 153 155 156 161 163 164 165 166 167 168 171 172 173 174 175 180 181 182 184 185 192 193 195 198 199 200
59 126 127 129 134 136 141 142 143 149 150 153 154 155 156 160 161 164 170 171 172 173 176 187 197 199
88 123 127 129 137 138 140 143 144 145 146 148 151 154 156 157 161 164 167 169 170 171 172 174 180 191 193 195 196 198 199
85 124 125 126 129 134 141 145 147 149 153 154 155 159 161 164 165 166 167 168 169 178 179 180 183 186 188 189 191 192 193 194 195 196
30 125 128 129 138 140 142 146 151 152 153 155 156 164 165 166 171 172 177 179 182 183 188 190 191 192 194 200
24 126 127 130 133 135 137 140 141 142 146 148 151 156 160 164 165 166 168 169 170 171 174 175 177 180 182 183 188 189 192 194
56 127 128 129 134 137 138 142 145 146 152 157 158 159 160 162 163 164 165 169 171 173 174 176 177 178 181 182 183 185 190 191 193 194 195 196
53 130 132 134 135 138 139 140 144 146 149 154 155 161 165 166 172 175 176 177 181 182 183 184 185 191 194 197 198
21 133 135 137 141 146 150 151 152 154 157 161 162 164 165 166 169 177 178 179 180 181 183 184 188 193 194 197 199
89 131 132 135 136 137 138 143 145 155 159 160 162 172 175 179 181 189 190 191 193 194 195 196 197 199
48 134 135 140 143 146 148 149 150 152 153 154 158 160 161 162 164 166 167 169 170 171 174 175 182 184 187 190 191 198 199
53 133 138 142 145 147 148 150 152 153 154 155 160 168 170 172 174 176 185 187 190 191 197 199 200
97 133 135 138 143 144 147 148 150 154 156 157 161 168 169 172 178 181 183 190 191 194 195 198
100 134 135 141 143 145 148 154 156 157 158 159 160 162 169 170 173 176 178 181 183 193 194 195 197 198 199
50 137 140 141 142 145 147 151 152 153 157 163 164 165 170 172 175 177 180 182 184 186 187 189 196 197
100 137 138 141 146 149 150 151 153 159 163 165 166 167 169 170 173 177 179 180 181 182 186 189 192 193 197 199 200
17 140 141 145 147 152 153 155 157 159 160 163 164 165 170 171 172 175 176 177 180 181 184 186 188 189 190 191 192 193 194 197 198 199
21 144 145 149 150 152 164 165 167 168 169 170 172 174 175 176 178 180 187 188 190 197
89 144 145 149 150 153 154 155 162 165 170 173 174 177 178 181 182 185 186 187 188 193 194 196 197 199
33 143 144 145 146 148 149 153 158 160 162 164 168 170 175 177 178 183 184 188 189 194 196 197
35 147 148 151 152 157 158 160 161 165 166 171 172 175 177 178 180 181 185 187 189 191 192 194 197 199 200
82 143 144 146 148 151 152 157 160 165 167 168 169 171 173 177 178 179 181 184 185 187 190 193 195 197 198
93 152 154 156 159 160 161 163 167 168 169 170 172 173 176 178 182 184 185 187 188 189 190 191 193 195 196 199
50 144 145 146 148 150 152 160 163 164 166 169 170 171 174 176 189 190 191 196 197 200
57 147 149 152 155 156 166 170 172 173 175 176 177 178 179 181 183 189 191 194 195 197 199
80 147 150 151 160 162 163 165 166 169 175 177 181 183 184 186 187 188 193 194 196 197
23 147 151 152 158 162 163 165 168 169 172 174 175 176 178 180 181 183 184 185 186 189 190 195 196 197
11 148 150 152 154 156 160 161 165 166 170 172 175 178 179 180 183 187 188 189 190 192 194 195 197
66 151 153 154 159 166 169 170 171 172 177 181 183 185 186 193 195 197
52 151 152 153 157 163 166 167 168 175 179 180 181 183 185 189 191 195 197 199
23 151 157 158 162 165 166 168 170 171 172 174 177 178 179 184 186 187 188 190 191 193 194 197 199 200
73 153 155 160 161 164 167 169 170 172 173 174 175 180 181 183 184 187 190 195 197 200
36 153 155 157 160 164 165 168 170 173 176 178 186 187 188 190 193 194 197 198 200
15 154 156 158 162 165 169 170 173 175 178 181 185 186 188 190 193 194 195 196
82 156 158 163 167 172 173 174 178 179 181 182 185 188 189 190 194 199 200
97 157 161 162 165 166 167 168 169 171 174 178 179 180 182 184 185 186 187 190 191 196 197 199 200
58 157 160 163 164 166 172 173 176 183 184 187 188 189 190 191 192 193 196
18 161 163 166 167 174 176 177 181 182 184 186 190 192 194 197
51 161 164 169 170 171 173 174 178 182 188 190 192 193 194 196 200
60 161 164 168 169 176 177 180 186 187 193 194
92 166 168 172 177 178 179 180 181 182 184 186 188 189 191 193 194 195 196 198
91 165 166 167 169 170 171 175 176 178 180 181 184 188 189 198 200
70 165 171 172 176 177 179 188 191 199 200
64 164 165 166 170 174 178 181 182 186 187 188 190 191 194 195 196 197
27 169 172 173 174 181 185 187 189 194 196 199
22 172 173 174 175 176 180 186 192
43 168 171 172 178 179 182 185 188 192 194 196 199
67 169 170 173 174 175 177 186 187 189 191 192 194 196 198
85 171 175 176 179 180 183 185 187 189 192 193 194 197 199
97 170 173 174 175 176 177 179 180 181 182 183 190 191 192 193 194 195 196 197 198 199 200
45 176 177 184 189 190 191 192 195 196 197
40 175 184 188 190 193 194 195
87 173 174 179 181 185 187 189 190 197 199
49 177 180 182 184 185 187 191 192
98 177 178 179 181 185 187 188 189 192 193 195 197 198 199
72 177 179 182 183 187 188 189 192 195 197 198 199 200
87 186 190 192 194
88 178 180 188 189 194 198
93 180 187 188 189 190 192 193 195 200
32 183 186 189 195 197 198 200
19 183 186 187 188 190 193 197 200
76 182 183 188 189 197 198
37 186 187 188 189 192 198
28 184 185 186 190 197
38 188 189 190 192 193 194 195 197 200
40 186 188 190 195 196 198 200
63 189 190 195 198
45 192 194 195 196 198 199 200
90 191 193 194 195 197 198
91 190 193 195 197 198 200
25 194 195 198 199 200
22 193 200
66 195 196 197 199
26 195 196 199
34 196
63 197 198 200
63 197 198 199
15 200
93
47
58
