50	10	200	10
-4	4	3
-4	4	7
-1	6	5
-3	6	4
-5	3	3
-4	4	7
-4	19	2
-3	14	3
-4	18	8
-3	10	8
53 2 3 6 8 9 12 14 19 20 21 25 28 30 32 40 42 45 47
7 8 10 11 12 16 21 27 30 31 32 36 37 39 42 43 46
41 4 6 7 10 11 12 13 14 15 18 19 22 24 25 27 32 36 38 40 42 43 44 47
41 6 8 11 18 23 32 34 38 40 43 45 48 49
48 7 8 9 10 11 12 14 16 21 22 23 25 26 27 29 30 31 32 34 38 40 44 45 46 47 50
59 9 13 16 20 21 23 26 27 29 38 39 41 43 44 47 50
14 8 20 21 24 26 31 33 34 37 39 41 46 48 50
7 9 15 16 17 21 22 26 29 32 34 35 38 41 50
21 12 15 19 21 23 24 26 29 35 40 44 45
37 20 21 22 23 24 25 27 28 29 31 33 36 37 38 44 45 46 50
20 13 16 22 24 25 26 29 31 34 35 44 47 48 49
50 13 15 16 18 19 24 26 30 32 33 41 45 49
21 15 29 30 39 44 45
53 17 18 21 22 23 24 26 28 29 34 39 44 47 48 50
4 20 21 24 33 35 37 39 41 42 43 45 49 50
34 24 25 27 34 41 42 43 46 47 48 49
37 18 26 30 31 32 34 36 37 38 44 45 47 48 50
53 23 24 26 29 31 32 33 34 35 40 41 43 48 50
54 23 27 28 31 34 36 41 49 50
60 22 23 24 26 32 38 45 46 48
13 23 24 28 31 33 36 39 41 47 49
32 25 29 31 32 34 40 44 45 46 47
32 26 27 28 30 31 34 36 39 41 48 50
29 28 29 31 34 39 41 43 45 47 48 49 50
41 28 29 30 31 32 36 38 40 41 42 47 50
17 28 30 35 36 37 41 42 44 45 46 48 49 50
47 28 33 36 37 39 41 43 46 47 48
58 29 31 33 34 36 38 39 42 43 44 48
54 30 32 33 34 41 42 43 46 47 48
47 33 36 37 41 44 50
22 41 42 43 45 46 47
30 36 38 40 43 44 47 48 49 50
54 34 36 38 41 42 50
7 38 40 45 46 47
47 36 37 41 42 43 45 49 50
8 37 38 41 44 45 46 47 48
18 39 43 44 47 48 49
60 39 43 47 48 49 50
30 45 47 48 50
33 47 49
20 42 47
15 43 44 46 48
59 44 48 49 50
59 45 46 49
16 46 48 50
37 47 49
20 48
53
17
44
