50	10	200	10
-4	16	3
-4	17	7
-1	13	3
-3	4	5
-5	12	6
-4	5	2
-4	17	3
-3	20	6
-4	12	5
-3	8	10
37 2 3 4 13 15 23 24 25 26 27 29 32 39 43 46
22 4 6 13 16 17 18 19 20 21 23 24 25 27 30 33 37 39 40 41 42 43 44 45 49 50
39 4 5 7 8 9 11 12 18 21 24 28 29 30 31 37 38 42 44 47 49 50
39 7 13 15 20 23 25 26 27 28 29 30 33 36 37 38 42 45
30 11 13 15 17 18 19 24 25 27 29 32 35 38 44
31 7 9 13 15 16 19 20 21 24 30 34 35 42 43 45
26 10 13 16 19 21 25 28 31 33 34 36 37 39 42 45 46 49 50
22 9 12 14 17 18 20 21 22 23 24 26 31 33 37 43 45 46 48 50
24 16 17 18 21 23 25 26 31 32 33 36 37 38 41 42 44 45 48
37 11 12 13 15 18 19 20 21 24 31 32 35 38 40 42 43 46 47 48 50
26 14 19 22 23 26 29 34 37 40 45 47 48 49 50
21 13 16 17 18 21 24 27 29 35 38 39 43 48 49 50
21 14 20 22 23 27 28 29 30 32 38 47 49 50
37 15 22 23 24 28 29 34 37 41 42 44 45 46 47
30 16 17 20 21 23 24 28 29 32 34 35 37 41 44 47 49
24 20 28 29 30 35 38 40 41 43 44 45 46 47 48 49
29 24 28 33 35 36 37 40 42 43 44 46 47 48
26 20 21 23 26 30 32 33 35 36 38 42 43 44 45 48
24 20 22 32 38 41 43 49
37 25 28 29 33 34 35 39 44 46 47 50
23 22 23 29 30 33 36 38 40 49 50
37 23 24 26 29 30 31 32 33 34 43 44 46 48 49
23 25 28 30 33 36 39 42 44 45 47
36 27 28 32 33 34 36 37 38 40 41 48 50
36 28 30 36 38 40 41 43 46
38 28 31 34 36 39 48
30 28 29 31 33 35 36 41 42 43 44 45 48
40 31 35 36 41 42 45
36 33 36 43 45 50
37 31 33 36 39 41 45 46
34 34 38 39 40 42 43 45 46
30 34 40 41 44 45
23 34 36 38 40 41 43 44 48 49 50
22 35 37 38 40 42 43 46 50
22 39 40 41 42 45 50
24 38 39 40 42 45 48 50
28 40 41 45 46 47
34 39 41 42 43 44 45 48
30 44 47 49
26 41 42 43 44 50
26 50
24 44 45 50
40 44 45 48 50
27 45 46 49 50
37 48 49
29 48
32 48 49 50
28 49 50
33
28
