200	5	1000	1
0	66	52
0	25	31
0	108	47
0	12	33
0	35	37
43 2 7 9 12 13 16 17 18 19 20 21 23 25 26 29 30 31 33 35 36 37 40 45 46 48 50 52 59 61 63 67 69 70 71 79 80 83 84 87 92 95 99 100 109 111 112 113 114 120 126 128 129 130 131 133 134 136 139 141 145 148 149 153 156 158 159 163 167 168 169 170 171 175 177 178 179 182 190 194 197
89 8 9 13 17 18 21 24 28 29 32 34 35 42 45 49 56 57 59 61 65 67 70 71 74 77 78 82 85 87 89 91 92 94 97 98 100 103 105 109 110 111 114 117 118 119 121 125 126 127 128 129 130 132 133 134 136 137 143 144 145 146 150 151 157 159 162 164 165 170 173 174 175 178 181 183 186 188 193 194 195 196 197 199
97 4 5 6 7 8 9 10 11 12 15 18 21 24 30 32 35 38 39 41 42 44 45 46 50 52 53 55 56 57 58 62 63 64 66 67 69 70 77 78 80 83 84 88 91 93 94 96 97 99 102 104 107 111 112 115 116 117 118 123 124 125 127 129 131 132 133 134 135 138 139 143 145 146 147 148 149 151 153 154 155 157 158 159 165 166 175 176 177 178 180 182 183 184 186 190 191 195 197
80 9 13 14 21 22 23 27 29 30 34 38 42 43 44 47 53 56 58 59 63 64 65 67 69 70 71 76 78 86 90 92 93 98 103 106 107 113 114 116 117 120 121 123 126 127 128 130 131 134 137 139 141 143 144 146 147 148 149 151 154 155 158 159 160 165 167 169 171 174 175 179 182 185 186 188 193 197 198
21 6 8 9 14 15 18 20 23 24 25 27 34 43 45 49 54 59 60 64 69 71 74 76 77 79 86 87 88 94 97 98 101 102 103 110 111 112 114 116 120 123 127 130 132 135 136 146 147 150 152 157 160 161 166 167 168 171 175 176 180 181 185 186 194 195 199
88 9 14 15 16 17 19 20 23 29 32 34 36 39 40 41 45 46 49 51 54 58 59 62 63 65 72 73 77 80 81 83 84 86 89 91 94 96 100 101 107 108 111 116 118 119 123 125 127 131 132 135 137 145 147 149 150 152 153 154 155 156 162 164 166 169 175 177 178 179 183 184 186 187 189 194 196 197 199 200
34 9 10 11 12 17 18 22 23 27 28 30 32 34 35 38 40 41 43 53 55 56 58 64 66 67 72 74 75 76 77 79 80 81 86 87 91 95 97 98 100 105 108 109 111 112 115 116 120 122 126 130 131 132 133 137 139 144 146 150 152 153 155 156 159 160 168 170 171 172 176 177 178 180 186 190 193 196 197
20 10 11 15 17 20 21 23 25 28 31 32 33 36 39 41 43 47 48 59 64 65 69 73 76 77 78 82 85 86 88 89 94 96 97 98 99 100 102 103 105 108 111 112 115 120 121 122 130 132 133 136 141 142 143 146 149 151 161 167 172 173 174 177 178 180 184 185 186 188 189 190 195 200
80 11 12 13 14 17 19 20 22 23 25 27 29 31 36 41 43 44 45 47 53 56 57 58 61 68 78 79 80 81 84 86 87 89 91 92 97 98 113 117 118 124 125 126 129 134 136 138 139 140 141 144 148 149 150 153 158 161 164 165 167 168 169 174 176 177 183 184 187 189 190 192 194 196 197 198
86 11 13 14 15 19 20 21 23 24 33 36 38 39 41 42 44 45 49 53 57 58 61 62 64 65 70 72 73 75 81 83 88 92 94 96 102 104 108 109 110 113 115 118 119 123 126 129 130 132 133 134 135 136 138 139 142 143 144 145 150 152 156 158 162 163 166 170 171 174 178 181 183 185 191 192 193 194
88 14 15 17 22 29 30 32 33 34 35 39 41 48 50 52 54 58 59 60 61 63 66 68 72 75 77 78 79 83 85 86 91 94 96 98 99 101 103 104 108 113 114 118 123 125 126 127 128 129 131 134 140 141 142 145 147 148 149 153 155 157 161 163 164 168 171 173 175 176 177 181 182 186 192 194
21 18 19 24 29 33 36 41 42 44 45 47 48 49 56 59 63 64 65 66 68 72 76 80 81 82 84 86 87 89 93 94 95 96 98 100 109 111 112 114 115 116 117 118 123 126 136 139 140 145 146 147 148 150 153 157 159 162 165 172 174 175 180 185 190 194 195 196 198
20 21 22 25 26 27 29 35 36 37 38 41 43 46 48 51 52 53 55 60 61 62 63 64 65 69 71 73 81 84 86 90 95 98 100 101 105 106 107 118 121 123 124 127 128 130 132 133 140 141 143 146 149 151 152 155 157 159 160 164 169 173 174 177 178 181 189 190 192 195 196 198
72 18 19 20 22 24 25 26 27 28 29 31 32 39 44 48 59 60 63 64 66 67 71 73 78 80 81 82 84 90 93 99 101 103 105 108 110 114 116 117 118 119 121 123 124 133 139 143 145 146 147 152 157 167 170 172 174 177 179 180 181 184 186 187 188 189 190 192 193 195 196 199
28 20 21 22 25 27 30 31 33 36 43 44 46 48 52 55 63 65 66 68 69 71 75 77 78 81 83 88 89 90 93 94 96 98 100 105 106 107 119 120 121 123 125 127 129 131 135 138 141 142 144 147 148 149 151 153 155 156 158 159 160 166 167 168 169 170 172 176 179 183 185 186 189 195 197 198
13 19 22 25 26 29 30 36 40 41 46 48 50 52 59 61 62 63 66 70 72 77 79 83 84 87 89 92 96 99 112 114 117 120 121 128 129 132 133 138 139 140 141 144 146 149 151 152 155 158 163 164 165 169 170 171 173 181 183 185 194 196 198 199
91 24 25 32 33 36 38 41 42 43 46 50 51 55 57 58 60 65 70 73 76 78 83 85 86 87 92 93 96 99 100 101 107 111 115 120 122 124 125 127 128 132 136 137 144 145 147 152 154 158 159 160 162 165 167 168 172 173 174 176 177 180 183 194 195 196 199
87 19 25 26 31 32 36 38 39 40 41 43 50 53 55 58 62 67 68 69 71 73 75 81 82 85 87 90 91 94 98 102 107 109 111 112 116 117 119 121 123 132 133 134 138 141 145 146 152 159 160 163 176 177 179 181 182 184 187 188 189 192 193 194 197 200
34 20 21 22 24 29 30 33 38 41 45 47 52 53 56 59 61 63 70 72 77 79 82 83 84 92 94 97 98 100 103 104 106 109 112 113 117 122 127 128 130 131 136 138 140 142 144 146 150 152 156 158 159 161 162 165 167 171 172 175 178 181 185 186 189 191 193 196 197 199
96 22 23 27 28 32 33 34 36 40 41 42 47 50 54 55 56 57 58 59 61 62 63 66 69 71 76 78 79 83 93 94 96 99 100 105 108 109 111 114 116 120 121 122 125 128 130 131 132 133 141 144 146 152 153 155 156 160 163 165 166 169 172 175 181 182 185 190 193 194 197 198
79 23 26 28 30 32 33 34 37 38 40 41 50 51 53 57 62 63 66 68 71 72 73 75 78 79 80 82 84 86 96 97 98 99 100 104 106 108 110 111 114 115 117 119 125 126 131 135 137 139 140 142 148 149 150 153 154 156 158 162 164 166 167 168 169 172 173 175 179 184 185 186 187 189 192 193 197 199 200
43 28 31 33 35 38 41 43 47 48 50 56 60 62 63 67 68 71 72 73 76 82 84 85 86 88 89 90 93 94 95 97 98 99 100 102 103 108 109 112 120 122 124 130 133 136 138 139 140 147 149 153 154 155 158 165 172 173 175 177 181 189 190 192 195 196 199 200
38 25 30 31 36 37 43 48 49 52 55 56 58 59 64 65 66 67 70 72 75 77 80 81 90 91 93 94 95 96 97 98 100 103 108 115 124 127 128 130 131 135 136 137 139 140 141 143 145 146 147 148 149 150 151 156 158 159 163 168 169 171 174 175 176 180 181 182 185 186 192 199
92 25 26 27 29 30 35 36 38 40 42 47 49 50 51 55 56 57 59 64 67 69 70 73 75 83 84 85 88 92 94 95 104 107 111 112 114 118 119 121 124 129 130 131 132 135 143 148 149 150 151 156 162 163 166 167 169 170 171 172 173 174 177 178 182 188 189 190 191 194 199 200
74 30 32 33 44 46 47 48 50 54 58 61 63 65 66 73 77 78 79 83 84 86 89 94 95 96 98 102 103 109 114 115 116 118 119 120 124 126 127 128 129 130 132 134 137 139 140 142 143 149 153 154 156 157 158 161 168 170 173 175 176 180 185 186 187 189 190 193 194 195 196 197
68 30 32 36 37 38 44 50 53 54 56 59 61 65 69 70 75 76 77 78 79 85 86 87 94 95 97 98 103 104 110 111 112 113 114 115 119 120 130 135 137 138 139 143 144 145 147 148 149 150 151 152 153 154 159 160 163 169 171 176 180 183 186 187 190 196 197 200
52 29 31 33 38 41 42 43 46 52 55 59 63 72 73 74 82 83 86 87 88 89 91 98 99 101 104 106 107 109 114 115 116 119 121 126 128 129 130 134 135 136 139 140 142 143 149 150 151 153 154 157 164 166 172 174 175 176 180 182 183 184 187 188 194 196 200
79 29 30 31 32 35 36 37 39 41 48 52 53 57 58 59 62 66 68 69 70 73 74 76 79 82 84 85 90 92 93 97 99 101 102 103 105 106 108 110 111 117 122 124 125 128 131 133 135 136 139 145 147 150 153 154 155 157 158 159 160 164 165 166 169 171 173 174 175 176 178 181 184 185 188 190 192 193 196 198 199
10 32 33 37 38 44 45 50 51 53 57 58 59 61 63 64 69 71 73 74 80 82 83 85 86 90 91 94 95 100 102 105 107 112 115 119 122 123 128 129 132 135 136 137 139 141 142 144 146 147 155 156 157 158 161 163 170 172 175 176 178 182 184 186 188 193 196 197
61 31 32 37 40 41 42 45 47 49 52 54 56 58 59 62 66 67 74 76 78 81 87 88 96 99 100 104 106 110 116 117 118 121 128 134 136 137 141 143 144 146 148 149 153 155 159 160 162 163 165 169 170 175 180 184 187 191 194 198 199 200
31 32 33 34 35 38 40 41 44 46 49 52 54 56 58 59 60 75 76 78 79 84 85 88 90 91 93 95 96 97 98 99 101 102 104 106 110 113 115 116 118 119 125 128 129 136 137 139 141 142 145 146 147 148 149 152 154 155 156 157 158 163 165 166 169 173 176 179 184 186 188 190 193 194 195
14 33 38 39 40 41 42 43 45 50 52 54 57 58 62 64 65 71 72 74 78 79 84 86 97 102 107 110 113 118 119 121 122 124 127 135 136 138 149 150 154 157 159 160 161 162 163 166 167 169 175 176 177 178 181 183 184 191 193 200
63 34 35 36 37 40 42 44 46 47 49 56 58 62 70 74 79 80 81 84 87 88 92 96 98 101 102 103 104 106 109 112 114 115 116 118 121 122 125 127 128 130 133 134 135 139 150 153 154 155 161 162 164 165 168 169 170 171 176 182 185 189 190 191 198 200
26 36 40 41 42 44 46 47 50 52 53 54 55 57 67 69 70 73 75 76 77 78 82 84 86 88 89 90 91 100 101 103 105 106 107 108 110 111 113 114 116 121 126 129 130 133 135 137 138 139 141 143 145 147 152 154 155 156 167 175 176 180 181 185 186 188 189 191 192 194 196 197 200
61 38 40 41 42 45 46 48 50 52 54 61 62 65 67 68 70 73 77 83 84 87 90 91 92 93 96 97 98 100 101 105 106 107 108 111 113 116 118 120 121 128 129 132 133 134 135 138 140 143 145 149 150 152 153 156 161 162 168 169 172 178 179 181 184 185 187 189 192 193 195 197 198 199 200
37 37 38 39 42 43 47 48 50 52 53 57 60 62 63 64 66 70 72 76 79 84 86 88 92 96 97 100 101 107 109 122 129 132 133 135 136 138 139 143 150 151 152 155 156 159 160 164 167 169 171 173 174 175 177 178 180 184 185 186 188 189 193 194 197 198 199
10 38 42 45 52 54 57 58 59 60 61 64 65 68 70 77 78 79 81 88 89 93 96 100 101 102 103 105 106 108 109 111 113 114 115 117 118 119 123 124 127 130 132 137 138 142 143 144 146 150 151 159 162 165 167 169 171 173 174 176 182 183 184 185 190 191 192 194 195 197 198
34 45 46 47 49 51 52 53 57 58 64 69 70 74 75 79 80 81 82 83 88 90 92 93 100 104 105 107 110 111 113 118 123 124 127 130 132 135 137 138 140 141 142 144 153 157 159 160 161 165 166 167 168 171 174 177 180 184 189 191 198 199
87 42 43 46 50 51 52 58 63 65 68 69 71 72 76 79 80 82 83 89 90 93 95 96 97 100 101 102 105 106 107 108 110 112 113 114 116 119 120 121 124 127 130 131 133 134 138 142 147 148 149 153 154 159 161 169 170 171 172 173 174 177 178 179 182 183 184 187 188 191 192 193 195
12 43 45 46 47 48 49 51 54 55 57 58 59 60 62 63 64 72 76 79 82 84 87 89 90 92 93 95 97 99 100 101 106 109 113 114 117 119 120 123 124 128 129 130 131 133 134 135 136 137 139 140 144 147 148 158 159 160 171 173 175 176 177 181 183 188 193 194 197 198 199
42 44 45 46 47 48 49 60 62 63 65 66 70 72 74 76 77 78 83 84 88 89 90 92 95 103 104 105 110 115 117 124 125 127 128 130 132 133 134 136 137 138 139 149 157 159 164 167 168 169 170 173 174 179 180 183 187 190 191 192 193 196 200
15 43 46 51 54 57 59 60 63 64 67 71 74 76 80 82 86 95 96 97 101 102 103 105 106 107 108 111 112 113 115 120 122 123 126 131 132 133 137 139 141 144 145 147 149 150 151 153 154 155 163 168 170 178 179 180 183 185 188 190 191 193 195 198 200
36 48 50 51 56 59 63 68 69 74 77 83 88 90 91 93 94 98 99 100 104 106 108 113 114 116 117 118 119 120 121 125 129 131 132 133 134 136 137 143 145 146 148 156 159 161 163 165 167 169 174 175 176 178 179 182 189 191 193 198 199 200
27 47 48 54 56 57 59 61 62 63 64 65 70 78 80 86 88 90 91 92 93 94 101 103 106 107 108 109 112 113 114 116 117 121 122 125 126 127 128 129 137 140 141 142 144 146 147 148 149 150 151 152 153 157 158 161 163 164 177 179 181 184 189 190 191 196
15 47 48 53 54 55 56 59 60 61 62 63 67 72 76 78 80 82 84 86 87 99 100 101 102 104 108 109 110 112 113 117 119 122 123 126 133 135 137 138 139 143 146 147 150 151 152 154 156 160 165 167 168 170 171 173 176 177 182 190 192 193 194 198 199
71 51 52 56 62 64 65 66 68 70 74 76 81 82 84 87 93 95 99 100 102 106 113 115 123 126 130 131 134 135 142 145 148 150 152 153 155 158 160 161 162 163 168 169 170 171 172 178 179 181 183 184 185 188 191 194
81 50 51 52 53 54 56 58 61 65 66 68 70 71 72 77 79 82 83 86 87 89 91 93 94 101 103 105 110 112 113 115 121 136 139 141 144 145 146 149 151 154 157 160 164 166 167 168 169 171 174 180 184 187 188 190 191 192 193 197 199 200
71 49 50 52 53 63 64 73 74 76 77 78 79 81 83 85 89 91 92 99 101 107 108 110 113 114 115 116 117 119 120 123 130 131 132 133 138 139 140 145 150 153 159 161 164 165 167 171 175 177 179 180 184 186 189 195 197 200
99 50 51 56 57 58 59 60 64 70 73 75 77 78 80 83 87 88 89 92 99 104 106 107 115 123 124 135 139 140 142 144 146 149 153 154 155 156 157 158 163 165 168 173 174 176 181 184 185 186 188 191 193 200
48 57 59 60 63 64 70 71 73 77 79 86 87 92 100 106 108 113 114 116 117 120 121 122 123 126 127 128 129 130 131 132 136 138 143 145 151 154 155 156 159 163 165 166 167 169 170 173 174 176 181 182 183 185 187 188 190 194 195 198
18 52 56 57 58 63 64 66 68 71 77 81 86 89 90 91 92 94 95 98 101 107 113 114 115 116 119 121 122 123 124 127 129 130 131 132 134 135 136 137 140 141 144 147 148 150 154 156 161 163 167 169 171 172 173 174 175 176 180 181 184 187 188 195 199 200
35 53 54 56 57 58 59 60 61 63 68 70 72 74 75 77 78 83 84 85 88 89 91 97 100 103 108 109 110 112 114 128 130 132 135 140 141 142 145 146 147 150 152 153 157 158 159 166 168 170 172 173 177 182 183 186 188 190 194
80 60 62 63 67 72 75 77 78 81 83 86 87 92 97 98 110 111 112 113 114 117 119 120 121 122 123 124 125 131 136 137 138 143 144 147 148 149 150 154 158 159 161 165 169 171 179 183 186 187 188 190 191 192 197 198
51 55 56 57 61 65 68 70 75 77 80 81 84 85 86 89 90 95 96 99 100 109 110 112 115 117 119 121 124 125 141 144 145 149 153 156 157 159 160 161 163 167 174 176 178 180 181 183 188 191 193 195 198 200
28 59 64 67 68 69 70 72 73 74 80 83 87 88 90 91 93 96 97 99 100 102 103 104 105 106 108 110 114 116 117 118 124 129 133 134 136 137 139 140 142 146 148 150 152 156 161 162 163 164 171 172 173 174 181 183 185 189 190 192 194 197 198
87 64 66 70 73 75 77 78 81 83 84 85 86 89 92 93 94 95 96 97 99 100 102 103 104 106 109 113 114 119 122 128 129 130 134 138 141 142 143 144 151 155 163 173 175 176 177 181 183 184 185 186 188 189 191 193 200
33 58 60 62 65 68 79 82 83 87 89 91 94 100 101 103 104 105 112 114 115 117 125 126 127 133 134 135 136 137 138 141 143 144 146 153 154 158 160 161 162 163 170 171 173 174 181 183 184 185 186 191 192 194 200
29 59 64 66 67 71 72 73 76 79 81 84 85 86 87 88 91 92 95 97 100 101 102 111 113 114 118 121 125 129 130 133 134 135 136 145 149 160 161 162 163 164 166 175 178 181 183 186 189 190 191 192 194 198 199 200
96 64 66 67 68 72 73 75 91 93 95 98 100 101 104 105 107 108 116 117 123 124 129 131 133 136 137 144 145 147 148 150 154 157 161 163 164 167 171 173 174 175 179 180 182 187 188 193 198 199 200
12 61 62 63 64 66 67 73 74 75 77 81 83 86 87 88 89 92 95 96 97 98 100 103 105 107 109 117 121 122 124 126 127 130 131 132 133 135 136 137 138 140 142 143 146 147 150 151 154 157 159 164 165 166 167 173 174 175 185 187 193 194 197 198
57 62 63 65 68 70 74 75 79 80 81 82 84 88 90 92 96 100 102 106 108 110 112 113 116 121 127 128 129 130 137 144 145 148 149 150 151 153 157 158 160 161 162 165 166 174 175 178 179 180 181 184 185 189 194 195 196 198 200
52 63 65 66 68 69 72 73 74 75 76 77 79 85 86 89 90 91 93 94 98 101 103 105 107 113 117 118 121 125 130 131 133 135 139 140 142 143 144 147 148 151 155 160 162 163 164 170 175 180 181 182 188 189 192 197
15 67 70 73 74 86 89 95 96 102 107 111 114 117 122 123 124 125 126 129 130 133 136 137 138 144 146 147 149 151 153 154 157 159 161 162 163 165 166 169 170 172 173 176 178 179 180 181 182 183 186 187 190 194 195
87 65 66 69 74 76 82 83 87 92 95 98 101 103 104 111 114 115 116 117 118 121 123 126 127 129 133 134 135 137 138 141 147 148 149 150 151 153 154 155 157 158 159 160 162 164 168 169 170 173 179 180 183 185 187 190 191 193 194 196 199
25 68 71 72 73 76 82 83 84 86 88 90 91 92 98 100 101 102 108 109 110 112 115 119 123 127 129 131 133 134 135 137 140 143 149 152 157 158 166 168 169 173 179 183 184 185 187 188 189 192 194 195 199
99 67 72 73 74 76 77 78 81 86 87 90 91 94 95 96 99 103 104 105 107 108 113 118 120 121 122 124 125 126 128 129 130 133 134 137 138 139 141 142 143 144 148 153 157 158 160 161 162 164 169 173 178 180 183 186 190 191 192 194 199 200
17 69 70 73 76 78 83 86 89 91 94 99 100 102 103 106 107 111 112 113 115 116 119 121 122 125 132 135 137 138 142 145 146 147 148 149 151 152 154 156 159 160 163 166 170 177 178 179 181 182 184 185 187 188 189 192 194 196 197 200
30 73 74 75 78 79 83 84 86 87 90 92 93 94 95 96 97 102 106 112 114 115 116 120 126 128 130 131 133 134 135 136 137 139 140 141 145 147 148 151 153 156 159 161 164 165 166 169 175 179 180 181 184 185 187 192 194 196 199 200
11 70 71 72 75 78 80 83 86 90 95 98 99 104 107 109 111 112 113 117 118 120 123 125 126 127 128 130 131 132 137 139 145 151 153 158 159 160 161 164 167 168 175 176 179 181 185 186 189 191 192 194 195 196 198 200
71 72 74 75 78 82 88 90 93 94 95 96 100 102 103 106 107 115 117 118 120 125 128 129 130 135 136 144 145 147 148 151 155 157 159 160 162 170 171 175 177 181 182 185 187 188 190 191 197
38 74 76 77 79 80 82 89 94 98 100 103 104 106 111 112 113 118 123 124 126 129 136 140 148 150 151 152 153 154 156 158 160 161 162 167 169 173 175 176 177 178 180 184 188 189 199
67 74 77 80 84 85 90 92 94 97 100 103 105 108 113 116 118 120 122 125 127 129 130 131 132 134 135 136 138 139 146 148 155 162 163 164 165 167 168 170 174 177 178 179 180 181 184 185 187 191 192
80 74 75 78 80 85 86 89 95 97 98 106 107 108 113 114 115 116 121 122 124 129 130 131 135 136 137 139 143 144 149 152 157 159 161 162 166 169 170 171 172 174 175 176 178 180 181 182 183 185 195 196
48 75 77 82 83 84 89 91 96 100 101 106 107 112 113 114 115 116 124 127 129 134 136 139 143 144 150 151 154 155 157 161 166 169 170 175 176 177 179 181 190 192 193 194 196
22 76 77 79 80 81 82 84 88 89 91 93 94 98 99 103 104 106 110 115 117 121 122 123 126 129 130 131 137 138 141 144 148 154 158 163 165 166 167 168 169 175 176 180 182 184 188 191 192 193 196 197 198 200
93 78 80 81 86 87 94 95 99 102 103 109 114 116 118 122 123 124 127 129 133 134 135 136 139 143 145 146 147 151 158 160 163 166 169 170 173 174 181 186 187 192 195 196 197 200
45 78 79 81 82 85 91 92 94 96 103 108 109 110 115 116 117 121 123 129 131 134 139 142 143 144 146 148 151 152 153 155 160 161 162 163 166 167 169 170 172 175 176 181 182 185 186 188 192 193 194 195 197 198 200
58 79 84 85 87 89 90 91 92 95 96 97 99 100 103 105 108 109 110 112 115 116 120 122 123 125 127 131 134 138 140 144 147 150 151 152 154 159 167 170 175 176 178 179 180 181 182 186 189 193 194 195 197 198
44 86 88 89 93 94 98 99 102 103 105 112 113 114 115 122 123 124 127 131 133 134 136 137 138 140 146 150 151 153 154 155 156 157 161 162 167 175 176 179 187 188 189 191 192 195 199 200
84 86 87 89 102 103 104 106 107 109 112 113 116 119 120 121 122 125 127 129 131 133 134 136 138 139 142 143 144 145 150 152 156 158 159 164 169 173 175 177 182 184 185 186 188 191 192 193 197 198
47 83 85 93 97 100 102 105 106 109 110 111 116 117 121 122 123 124 128 130 131 132 134 137 142 148 149 151 152 154 155 157 158 159 161 162 163 167 168 169 173 178 181 184 185 190 192 193 194 197 198
16 83 87 88 89 91 97 99 102 104 107 112 113 115 117 118 119 124 126 127 129 134 135 136 137 138 142 143 144 149 151 155 156 163 164 167 171 174 175 176 177 180 187 188 189 190 191 195 196 197 198
31 91 92 93 97 98 99 101 102 105 107 109 110 112 114 118 121 123 124 126 128 130 131 132 138 139 141 142 146 156 158 160 161 163 165 166 173 175 180 184 188 191 192 193
27 85 86 87 90 92 96 99 101 102 106 111 112 114 117 118 119 120 121 122 123 127 133 134 141 148 151 153 154 155 157 159 163 165 169 170 171 172 173 174 176 181 184 187 189 190 196 199 200
78 87 88 90 91 92 93 95 96 98 100 103 104 108 109 110 112 113 117 124 126 127 128 129 130 132 133 135 138 141 142 144 145 151 152 153 154 159 165 167 170 171 175 176 179 180 181 188 189 191 195 196 197 198 200
22 87 89 90 92 94 95 97 100 108 111 113 114 116 118 120 123 124 125 130 133 134 135 137 138 141 145 146 148 154 155 157 162 163 164 168 171 172 173 182 184 186 188 190 192 198
70 95 96 101 102 103 104 105 107 115 116 121 122 126 128 129 134 136 137 144 145 146 147 150 152 153 155 156 157 159 161 162 167 171 172 173 175 179 180 184 185 186 187 188 189 191 193 194 195 196 197 198 200
65 90 91 93 95 98 101 102 104 107 115 116 118 120 121 122 124 126 130 131 132 133 137 138 139 145 146 148 149 150 153 159 163 164 167 169 175 179 181 182 183 186 188 192
88 91 92 96 98 100 101 105 106 108 111 119 122 130 132 134 135 142 143 147 150 151 152 153 157 159 160 162 165 168 169 170 171 172 174 176 181 182 185 186 192 193 196 198 199
75 92 94 98 101 104 105 112 117 126 128 131 134 135 136 137 138 146 147 149 155 157 161 163 165 166 167 168 169 170 175 177 179 181 183 184 186 187 191 194 196 198
80 94 95 100 102 105 108 109 113 114 115 116 118 120 123 124 127 128 129 130 132 133 138 139 140 143 145 146 148 151 153 155 156 157 158 163 164 167 168 169 172 174 180 181 187 190 194 196 199 200
100 93 98 100 108 109 111 114 115 117 118 125 128 129 130 132 136 137 139 140 141 146 149 152 156 158 160 162 166 167 168 170 174 175 177 180 181 188 191 192 193 194 195 198 200
79 95 98 102 103 105 106 109 111 112 113 114 116 117 118 122 124 126 129 131 133 138 139 144 145 150 151 153 155 157 158 161 166 171 172 175 176 177 178 179 180 183 184 189 191 193 197 200
66 96 97 98 100 101 104 108 109 110 112 114 117 120 123 128 129 135 140 143 144 145 146 147 156 158 160 161 163 166 168 169 171 173 175 178 181 182 183 186 188 190 192 194 197 199
33 96 97 102 105 106 108 109 115 116 119 120 121 122 123 124 126 127 132 138 140 143 153 155 160 162 163 166 173 174 177 178 181 182 183 186 187 188 189 190
70 102 103 106 111 112 114 115 116 117 120 121 123 126 127 130 132 134 137 138 139 142 145 147 148 150 151 154 155 157 161 165 183 185 187 190 191 192 197 199
20 101 106 109 112 114 118 119 121 122 127 130 131 132 133 135 137 140 141 143 145 146 147 149 150 151 154 158 159 160 163 170 171 172 176 177 178 180 181 183 186 190 192 193 195 196
88 99 101 102 103 105 106 108 110 111 115 119 122 123 127 128 131 132 133 136 137 140 141 147 148 158 159 160 164 169 175 177 179 183 185 186 187 191 193 196 197 200
34 103 104 105 106 109 110 118 119 122 123 125 127 132 134 136 142 145 147 154 155 160 161 163 166 167 168 171 176 179 183 189 190 191 194 195
24 101 106 107 110 111 112 115 118 119 121 123 125 127 128 129 131 137 139 140 141 142 144 145 147 150 152 153 154 156 158 159 162 163 165 166 169 172 173 174 175 180 184 187 190 191 193 197 198 199 200
24 103 104 107 109 110 114 116 119 120 121 122 125 129 130 132 135 136 144 146 148 150 154 155 156 157 159 161 166 167 169 171 173 175 176 179 183 186 187 188 191 200
54 105 106 108 109 111 112 113 115 121 123 124 130 132 134 138 139 140 141 147 149 154 156 159 160 161 167 168 169 171 175 177 180 182 183 184 187 194 195
55 114 115 119 121 124 130 132 135 137 140 145 147 149 152 155 161 164 165 166 174 177 179 181 184 185 186 187 189 191 193 194 195 196 197 199 200
77 110 111 115 116 120 122 123 125 128 129 130 132 134 135 139 144 145 147 148 149 151 153 154 160 161 162 165 169 172 173 175 176 180 182 183 184 186 187 188 192 194 197 199 200
25 106 108 114 115 120 123 130 131 133 137 140 142 144 145 146 147 150 152 155 156 158 162 163 166 167 169 170 171 175 178 179 180 183 185 188 189 192 194
59 108 113 115 127 135 137 139 141 144 145 147 148 152 153 155 160 163 165 167 169 170 176 177 180 182 186 187 188 189 190 191 192 193 194 195 200
29 109 112 116 117 118 120 121 123 124 125 127 130 133 134 135 136 138 139 140 142 143 147 148 149 151 155 156 157 158 159 164 166 168 169 172 173 174 175 178 181 182 183 184 185 188 190 193 195 196
27 112 113 114 119 120 123 126 129 132 133 134 139 140 142 144 145 146 151 152 153 155 156 157 161 169 173 177 185 187 191 193 196 198 200
88 110 111 112 113 118 123 125 130 133 134 135 137 140 142 143 145 147 148 152 153 154 155 156 157 159 160 164 168 171 175 178 180 181 182 190
96 111 120 122 125 126 128 130 133 134 137 140 143 157 158 161 162 163 165 166 169 170 172 175 178 179 184 188 190 193 195 198 199
85 117 118 120 126 133 135 138 139 146 147 148 155 160 161 163 164 165 166 170 171 172 173 175 176 180 182 184 185 186 187 188 189 190 192 193 194 197 200
59 118 123 124 125 126 129 134 135 136 145 148 150 153 157 158 162 163 167 168 175 177 178 180 182 183 184 185 187 189 191 198 199 200
30 114 115 117 118 122 126 127 128 130 132 133 134 136 137 139 141 142 144 145 147 149 150 157 158 162 165 166 167 172 173 175 177 179 180 186 188 190 195 196 197
99 116 118 119 121 123 127 133 137 139 140 141 142 143 144 145 146 147 148 150 151 153 154 156 159 160 161 162 167 168 169 170 174 175 176 177 178 180 181 182 184 186 188 191 192 193 197 198 199
69 116 124 125 130 132 133 134 136 140 142 143 146 150 154 157 158 159 162 168 173 175 188 192 194 195 196
98 117 120 124 132 133 134 137 138 139 141 144 147 148 149 150 153 155 157 161 164 168 170 172 173 174 177 179 182 184 185 186 188 192 193 194 195 196 199
67 123 125 129 131 133 134 135 142 143 147 149 152 153 156 161 164 165 168 170 171 173 177 178 181 183 184 186 188 191 192 195 197 198 199 200
24 120 129 130 137 141 143 144 146 155 158 159 160 164 165 166 167 170 171 174 176 177 181 183 185 186 188 189 190 191 192 195 196 197 198
81 120 123 126 130 132 135 139 140 142 145 150 151 152 153 154 156 159 160 161 165 168 170 174 175 177 178 180 182 185 187 190 192 195 197 200
56 122 124 128 129 130 132 135 136 138 141 146 150 152 158 160 161 163 167 170 171 173 174 180 182 184 185 186 190 191 192 194 197 200
53 123 125 126 127 128 129 134 136 138 141 149 155 162 163 164 165 166 167 168 170 171 172 173 174 176 178 179 184 186 188 191 192 194 197 198
21 123 124 130 132 134 135 136 140 141 145 146 149 150 151 152 157 158 159 161 164 167 168 170 173 175 176 179 186 188 190 192 194 195 196 197 198
89 128 129 132 133 135 143 144 145 147 148 149 150 151 152 154 157 163 167 168 171 173 175 176 177 178 180 182 184 185 187 189 190 192 193 194 197 198
30 130 131 134 135 138 147 149 150 153 154 155 157 159 161 162 163 167 168 169 170 177 178 180 182 187 192 194
56 126 127 129 130 134 136 137 138 140 145 147 152 153 154 157 158 159 164 165 166 169 170 172 177 182 183 186 192 194 196 198
32 127 128 134 136 141 142 143 148 152 154 157 158 159 163 164 165 168 169 177 178 180 183 184 187 188 191 192 193 195 196 198 199 200
61 129 130 140 142 144 148 151 153 167 168 171 172 174 175 177 179 183 184 186 188 192 193 194 195 200
48 133 136 139 140 141 144 146 147 153 155 157 158 160 161 163 165 167 169 172 182 184 194 200
53 131 132 134 135 136 137 140 146 147 149 150 152 154 155 156 157 158 159 160 161 162 164 166 171 172 176 178 181 189 190 193 194 196 199
97 131 133 139 142 145 146 148 157 158 159 165 172 174 175 177 183 185 187 188 190 191 192 195 200
63 136 139 140 142 144 145 148 154 156 157 159 160 164 172 177 178 180 184 189 191 192 195 198 200
48 135 138 140 142 143 144 152 162 164 165 169 171 182 185 192 195
55 135 137 139 142 145 149 153 154 156 158 161 163 165 166 168 170 175 176 178 181 186 187 188 189 190 193 194 195 196 198 199
66 135 136 137 138 139 144 146 150 152 153 158 159 170 172 173 174 179 181 182 185 188 192 193 194 195 196 197 198 199
100 137 138 142 143 146 150 152 157 158 160 161 162 164 166 168 171 172 173 174 175 176 179 180 183 184 186 191 192 193 194 198 199
52 137 141 145 147 148 152 153 155 162 164 165 167 168 170 171 175 180 182 188 190 192 199
23 139 140 143 152 154 156 160 161 162 165 168 169 170 172 174 176 177 180 181 183 184 186 194 195 196 199 200
50 141 143 144 145 149 155 156 157 163 164 169 171 178 179 182 183 187 189 191 192 193 195
100 140 141 142 143 145 148 149 150 154 155 157 158 162 163 166 170 171 174 178 180 184 185 187 188 190
73 141 143 148 150 151 153 154 155 156 159 161 165 166 168 175 176 177 184 185 187 189 193 196 197 198
17 142 145 146 151 152 153 155 157 159 161 163 164 166 167 168 179 182 184 185 186 188 190 191 192 196 197 198 199
21 145 151 154 156 157 161 163 164 166 167 169 175 177 178 181 182 186 188 190 193 194 195 197 200
36 145 146 151 152 153 156 158 159 160 161 162 169 170 172 176 177 179 181 184 188 192
89 146 149 150 153 155 161 162 163 164 168 169 172 174 176 177 178 180 181 182 188 189 197 200
33 147 154 157 159 162 163 170 171 173 174 175 183 186 187 191 193 194 195 196 198 200
15 148 149 150 151 156 161 162 164 165 166 167 168 169 170 175 178 181 182 183 184 185 191 192 194 195 197 199
35 148 154 160 161 162 166 167 174 177 178 185 186 187 190 195 197
82 149 152 153 155 157 158 159 161 164 167 168 169 170 171 172 174 178 179 183 184 186 189 196 198 199
97 150 152 157 159 161 162 163 165 168 169 174 175 176 180 184 186 187 192 193 194 195 200
82 155 157 159 164 169 171 173 174 178 179 183 185 187 190 193 196 198 200
93 154 155 156 161 165 167 170 177 179 186 187 192 193 194 200
58 154 155 160 164 166 167 168 169 170 172 173 174 175 176 177 178 179 184 185 186 190 196 197 199
18 154 156 163 165 167 169 172 173 174 177 182 185 186 188 189 193 195 197 198 199
51 155 158 161 163 164 170 173 176 177 178 179 181 182 184 185 194 199
50 156 157 163 164 166 169 170 173 174 176 179 182 183 184 186 191 192 193 197 199 200
60 159 165 166 168 170 171 179 182 189 191 194 199
92 161 164 167 169 171 176 177 178 180 181 184 191 196 197
91 162 163 167 175 176 181 184 189 192 194 197 199 200
57 161 163 164 166 167 170 171 172 174 178 181 183 184 185 189 194
80 161 162 168 169 173 177 179 186 187 190 191 193 195 196 197 200
23 168 172 175 176 179 182 184 188 190 191 197 198 199 200
70 165 167 168 170 173 174 176 184 185 189 192 197 199
64 164 167 174 175 179 181 182 185 186 187 189 193 194
72 165 173 174 177 179 180 182 186 191 192
37 166 170 173 178 180 181 182 183 184 185 186 191 194 195 196 198 200
27 168 169 172 173 179 186 188 191 198 199
28 168 172 173 175 177 178 184 188 189 192 193 194 195 196 197
22 169 172 174 180 185 193 198
43 171 172 179 183 190 191 192 193 195 196
38 172 173 174 175 179 190 195 197 199 200
67 174 176 185 186 190 191 192 194 196 198 199
85 173 175 180 182 184 186 187 188 189 190 192 194 196 197 200
40 175 177 179 181 184 187 188 192 194 197 200
97 175 177 180 181 183 188 189 191 195 196 197 199
45 177 178 180 182 184 185 189 192 193 194 195 199 200
40 183 184 185 187 189 194 195 196 198 199 200
63 179 185 187 189 191 192 195 196 197
45 179 181 183 184 188 190 198 200
90 181 183 186 188 189 191 192 197 198
91 181 183 189 190 191 194 198
87 182 183 186 190 191 193 195 197 198
25 184 185 188 190 192
22 184 187 188 189 191 200
66 185 186 188 193 194 195 199
49 186 187 189 192 194 195
98 188 190 191 192 193 194 196
26 188 190 191 194 197
34 190 192 193 194 197 198
63 194
63 193 195 197
72 193 196 197
87 199 200
88 194 195 198 199 200
93 195 196 197
15 196 197
93 197 199
32 198 199
47
19
58
