100	5	1000	1
0	74	25
0	40	16
0	162	21
0	123	18
0	180	20
43 7 8 11 12 13 16 24 25 28 29 32 35 37 38 39 40 41 45 47 49 53 56 58 61 63 64 65 66 71 72 78 84 88 89 90 95
89 6 8 10 11 12 13 19 21 28 33 34 40 41 42 43 47 48 49 51 53 55 57 59 64 70 72 76 77 80 86 89 90 93 95 96 99
97 4 6 9 10 11 14 15 17 18 21 24 25 26 31 33 34 35 36 37 39 40 41 42 43 50 52 53 54 55 58 59 63 66 67 72 73 76 77 80 84 85 88 89 93 94 96 98
80 7 16 19 21 30 32 35 36 38 39 41 43 44 45 48 49 50 51 55 56 60 61 62 63 66 71 76 77 78 80 82 85 87 94 97
21 9 10 16 17 18 22 23 24 25 30 33 36 41 43 48 49 52 55 56 58 64 68 71 73 75 76 77 78 83 85 86 94 95
88 7 8 12 14 15 16 17 18 20 23 24 26 29 31 35 38 39 40 41 42 43 45 51 52 55 56 57 58 60 61 62 65 69 70 77 80 82 84 87 89 91 95 96 98 99
34 8 11 13 19 20 24 28 33 34 35 37 38 39 40 43 45 46 49 51 54 55 57 59 60 62 63 65 68 69 70 71 72 80 82 87 88 90 97 98 99
20 13 14 21 22 24 25 27 28 29 32 36 37 38 39 40 41 45 46 47 49 51 53 54 55 61 63 64 68 70 71 72 73 76 79 80 84 85 88 89 90 91 93 95 99 100
80 10 16 17 19 22 26 27 29 32 33 35 37 38 41 43 45 46 48 52 53 54 57 58 59 61 62 63 64 65 66 69 70 71 72 73 75 77 78 81 83 84 86 87 89 90 91 93 94 96 97 99
86 12 13 19 23 27 30 34 35 37 39 40 44 47 50 52 53 55 56 57 60 61 62 63 64 67 73 79 81 83 84 89 91 93 95 98
88 12 14 15 16 18 22 23 24 25 26 28 29 33 37 38 41 45 46 49 50 51 58 60 63 66 68 71 72 74 75 76 77 79 80 81 82 83 91 93 95
21 13 14 17 18 20 23 26 29 30 32 34 35 36 38 41 42 43 44 45 46 49 55 56 58 59 69 70 71 72 74 77 80 81 85 89 90 93 95 98 99
20 15 18 20 22 23 26 32 33 34 39 40 41 42 50 51 54 58 59 60 64 65 66 67 70 71 74 75 80 85 87 92 93 98 100
72 20 21 27 30 31 32 33 34 37 39 40 43 46 48 50 51 52 55 56 58 60 63 67 70 71 72 73 74 75 77 79 83 85 86 87 90 93 98 99
28 16 17 18 22 23 24 30 33 44 47 48 49 51 52 53 58 59 63 68 71 72 83 90 91 92 96
13 17 23 27 28 33 34 35 37 38 39 42 43 47 49 55 56 58 59 62 66 69 70 75 78 79 80 82 87 89 90 92 99
91 22 23 34 36 37 41 42 45 52 56 58 65 68 69 70 71 73 75 76 79 82 83 86 91 97
87 19 20 21 23 25 26 29 30 32 37 38 39 43 44 45 46 50 51 55 56 59 62 63 66 67 69 70 79 80 83 84 86 87 90 94 100
34 20 24 26 27 30 33 36 37 39 40 41 43 46 47 50 51 52 53 54 56 59 62 66 67 70 71 72 74 75 79 83 90 93 95 98
96 24 25 30 33 36 37 42 46 48 49 50 51 52 56 57 59 60 64 65 66 67 68 70 72 73 76 79 80 81 82 85 87 90 94 96 97
79 22 24 28 29 31 36 37 40 44 46 50 54 55 57 58 60 61 74 80 82 88 98 99 100
43 29 30 31 34 39 42 45 46 47 48 49 50 51 59 61 63 64 68 70 72 75 76 78 79 80 82 87 89 92 93 95 100
38 26 27 28 29 32 33 40 41 42 43 48 50 52 53 54 57 59 60 61 62 66 68 70 71 72 77 79 80 81 82 86 88 90 95 98 100
92 25 26 28 30 33 34 38 42 43 47 49 50 52 54 56 58 59 61 62 63 66 67 68 70 72 74 87 89 90 93 94 96 98 99
74 27 29 33 43 45 46 47 48 49 52 53 56 57 58 59 60 61 65 67 68 69 71 72 74 77 79 80 81 85 86 92 94 96
80 31 32 33 35 37 41 42 46 48 49 52 53 63 64 67 71 73 75 77 78 81 86 89 90 92 93 95 96 97 99 100
51 28 30 31 35 39 40 42 43 46 50 52 53 57 60 62 65 66 67 68 69 70 71 73 74 84 90 91 92 95 97 100
28 29 33 34 37 39 40 41 43 44 47 48 50 51 54 55 56 64 65 75 77 83 84 86 87 90 95 96 100
87 31 33 37 40 41 42 43 45 46 50 52 63 64 67 75 79 80 83 84 89 90 95 97 98
33 34 35 36 38 45 46 49 51 53 58 62 63 64 65 66 70 71 72 74 78 83 85 90 94 97 98
29 34 39 42 46 49 51 52 53 55 56 60 63 64 66 67 68 73 85 86 87 90 95 96
96 36 37 46 49 50 52 58 64 66 70 72 83 85 90 92
12 34 36 39 43 44 47 48 50 53 59 60 61 68 70 71 72 73 79 80 81 82 83 84 87 89 91 92 95 97 98
57 35 40 44 46 47 52 55 57 58 60 61 66 69 75 76 78 82 84 85 87 88 90 91 93 95 96 97 99
52 36 37 38 40 41 42 45 46 48 49 52 53 58 60 62 64 65 67 68 71 74 75 76 79 85 86 87 90 94 95
15 37 38 39 40 46 47 48 51 55 60 65 66 73 78 80 85 87 89 91 97
87 39 42 45 47 49 51 53 54 56 57 58 61 63 64 66 68 70 76 78 79 81 83 85 89 90 91 95 96
25 40 41 44 50 52 56 57 59 61 63 64 66 69 71 73 74 76 79 80 86 90 93 97 99 100
99 40 43 44 48 49 54 55 56 57 59 61 63 64 65 68 69 70 71 72 73 74 75 76 77 80 81 82 83 84 89 90 91 93 94 96 100
17 41 42 43 46 51 52 53 60 69 78 80 84 86 87 88 89 90 91 93 98 99
30 44 45 47 50 55 56 57 58 62 63 67 69 75 76 78 80 81 84 87 89 93 94 95 97 98
27 46 47 53 54 63 66 75 83 87 90 91 92 96 98
78 48 50 54 61 62 63 66 69 70 71 73 74 78 79 86 90 91 95 96 97 98
22 49 54 56 57 62 63 64 65 67 69 70 71 73 74 75 76 80 82 84 86 90 93 95 96 97
70 46 48 52 54 55 59 61 62 65 66 67 68 69 70 71 73 75 76 78 84 85 87 88 90 91 96 100
65 48 50 53 56 59 62 65 72 74 75 78 80 81 82 83 89 91 93 94 96 97 99
88 51 52 58 59 61 64 71 72 74 75 78 83 84 85 87 88 89 93 96 97 98 99
75 53 54 59 60 68 69 70 71 74 77 78 79 82 83 85 87 90 93 94 97 100
80 51 53 58 60 62 66 68 71 74 76 77 85 88 89 91 94 100
100 51 56 60 63 64 66 68 74 75 76 77 79 81 86 87 88 90 91 94 95 97
79 52 53 54 56 60 62 67 68 71 73 77 79 81 83 92 95 96 98
66 54 55 57 58 59 62 67 70 72 73 75 77 86 88 95 100
33 56 58 59 61 63 66 70 73 76 77 78 79 81 84 87 88 90 92 94 95 98 99 100
70 56 57 58 59 61 67 69 71 72 79 81 82 83 85 91 92 94 95 99
20 58 60 61 67 68 70 72 73 76 77 87 88 99
88 58 60 65 68 70 71 72 73 76 79 80 81 84 89 90 92 93 94 99
34 58 61 63 65 66 75 78 79 80 81 88 91 92 94 95
24 61 62 64 67 70 71 72 76 78 80 81 82 85 87 93 97 99 100
24 60 61 63 65 67 71 81 83 85 86 89 90 93
54 65 67 71 72 77 86 90 92 94 97 99
55 62 65 66 70 73 75 78 83 88 91 93 94 97
77 64 66 70 77 78 81 86 87 88 89 90 92 95 98 99
63 64 66 67 70 72 76 77 79 83 89 91 92 93 96 97 99
48 70 72 73 74 77 78 79 82 83 86 87 91 96 98 99 100
55 68 69 70 71 72 78 80 81 82 83 85 87 89 90 97 98 99
66 68 71 72 74 76 77 81 86 92 94 97 98 100
100 68 69 71 75 76 77 78 79 80 82 83 84 88 92 93
52 73 74 75 79 80 83 85 86 90 93 94 95 99
23 73 75 82 91 93 94 96 98 99 100
50 73 74 76 84 85 86 87 89 92 97 98
100 72 75 77 78 79 80 81 83 85 86 88 91 97
73 76 81 83 86 94 97 98 100
17 74 75 79 80 81 84 85 86 87 92 93 94 95 96 97 98 100
21 76 83 88 91 95 97
36 76 79 80 81 84 86 92 93 94 95 96 99
89 79 82 87 88 89 90 91 97 98 99
33 79 84 85 88 91 95 99
15 80 81 86 88 89 91 92 93 94 96 97 98 99 100
35 92 93 97 98
82 84 92 95 96 98 99 100
72 84 87 89 93 95 96 99 100
37 84 85 86 88 90 94 97 99 100
27 84 85 88 90 95 97 99 100
28 85 89 90 91 93 98 99
22 86 87 89 93 96 98 100
43 88 89 90 93 96
38 90 96 98 99
67 89 90 96 100
85 94 95 97 99 100
40 92 96 97 98
97 97
45 96 98
40 95 96 99
63 96 99
45 96 98
90 98 99
91 99 100
87
25
22
