50	5	1000	1
0	183	11
0	43	8
0	48	16
0	19	8
0	30	7
279 2 3 7 8 10 24 26 29 31 32 33 34 35 36 37 38 41 44 46 47 48
287 3 5 7 9 15 16 18 20 21 23 27 33 34 36 37 38 41 42 43 48
270 5 6 7 8 11 13 14 16 20 26 29 30 32 33 39 42 43 44
211 5 10 11 12 14 15 16 17 19 28 31 34 35 36 39 43 45 46 50
278 9 11 17 21 25 26 27 30 33 34 35 37 38 40 41
224 9 11 15 16 17 18 30 32 34 37 39 43 45
210 10 14 15 18 19 20 22 23 24 26 28 29 30 31 33 35 36 42 45 49
270 9 11 15 16 19 22 23 25 26 31 34 36 40 45 48
276 13 14 15 19 20 21 25 27 30 32 36 37 40 41 42 43 44 45 46
278 13 14 16 21 23 25 33 36 37 41 49 50
211 12 13 14 15 16 18 19 20 23 24 25 26 28 32 35 37 42 43 44 48
264 18 20 21 23 24 26 27 30 38 39 42 43 44 46 49 50
236 14 15 16 20 24 30 33 35 36 37 38 39 40 43 45 47 50
296 19 21 23 25 27 33 35 42 43 45 46 49
270 17 21 24 26 30 31 33 34 35 37 42 46
293 18 19 26 27 29 31 32 33 36 38 39 40
218 19 20 23 25 26 31 32 33 38 42 44 47 48 50
277 19 21 22 25 27 28 29 30 31 33 34 37 39 44
223 21 23 28 29 31 32 34 38 45 48
265 22 24 25 26 27 29 31 35 37 38 40 43 44 47 49
261 26 30 34 38 40 41 42 43 44 45 46
274 23 25 27 28 30 31 32 45 46 47
268 24 28 29 31 32 38 41 44 45 48
212 25 26 27 30 31 33 42 44 46 47 50
260 26 28 30 33 36 41 42 44 46 49 50
255 29 31 32 36 38 39 40 42 46 47 50
278 28 29 37 39 44 45
290 31 34 35 38 39 41 42 43 45 46 48 50
265 32 37 39 40 41 42 43 49 50
270 36 37 38 42 43 46 47 48
290 33 35 40 41 44 45 49 50
269 37 38 39 40 42 43 46 49
256 34 35 36 38 40 41 42 44 46 47 48 50
223 35 36 38 41 47 49 50
260 36 44 50
297 38 39 43 44 47 49
205 38 41 44 46 47 48 49
251 39 40 47 49
256 41 43 47
290 43 44 46
242 42 43 45 46 47 48 49 50
213 46 48 50
240 46 47 48 49
218 46 47 49
212 46
233 47 48 49
228 49 50
257
275
230
