50	10	200	1
0	29	3
0	34	6
0	22	4
0	39	3
0	32	5
0	30	7
0	38	4
0	27	4
0	29	9
0	25	5
38 5 6 7 8 9 13 15 17 18 20 22 25 27 28 31 34 40 43 46
59 4 7 10 12 13 14 15 17 23 28 30 32 33 37 39 42 46
52 7 8 9 10 13 14 16 20 24 27 29 30 34 36 40 43 45 47 48 50
54 6 7 10 12 13 14 16 17 22 23 25 26 27 28 29 36 37 40 44 45 47 48
39 7 10 12 16 18 19 22 30 32 36 37 38 41 43 44 47
53 13 15 17 20 22 26 27 28 31 33 35 37 38 40 41 43 44 45 47 50
52 8 9 10 13 18 19 20 24 25 27 28 30 34 36 38 41 43 47 48
44 9 10 13 16 17 19 23 24 26 28 31 32 33 34 35 37 41 43 45 47 49 50
52 10 13 14 16 17 20 33 34 35 37 38 41 42 44 46
46 11 13 17 19 21 23 28 30 31 32 35 38 42 47 48
39 12 13 14 16 17 18 22 26 28 29 30 36 37 39 41 46 48 49 50
58 16 18 20 23 27 28 29 34 39 41 42 43 47 48 49
55 16 18 20 22 26 34 37 39 41 43 44 45 46 49 50
58 15 17 28 29 31 32 33 34 35 37 39 40 43 46 49
49 16 18 22 24 27 28 34 35 41 45 46 47
37 18 19 20 25 26 30 32 34 35 37 39 47 50
31 18 26 29 35 36 41 44 46 47 49
59 19 20 21 22 28 32 33 35 36 37 38 45 46
49 22 23 25 27 30 32 34 41 42 43 45 47 49
33 21 23 24 26 28 29 30 31 33 36 40 41 43 46 48 49 50
47 24 25 26 27 29 31 33 37 40 41 45 46 47 48
58 23 24 27 29 31 32 33 37 38 42 43 45 46 47 48 49
33 25 32 35 36 38 40 41 43
43 29 30 32 39 44 48 49 50
56 26 27 34 37 45 47
37 29 30 31 33 35 37 40 43 44 46 47
32 34 40 41 42 43 44 46 48 49
47 29 31 32 33 34 35 37 40 41 42 45 46
57 30 35 42 43 45 48
54 32 33 36 38 39 40 42 43 45 49 50
45 32 33 36 43 44 45 46 47
32 37 41 43 45 46 47 50
60 35 36 38 40 46 47 50
45 37 38 45 46 47 50
49 36 41 42 43 44 45 50
59 37 39 40 46 47 48
60 40 41 42 43 49
59 43 44 45 47 49
45 41 42 44 45 47 50
60 42 46 49
57 47
55 43 44
55
58 46 48 49 50
56 47 48 49
41 49
52 50
36 50
36 50
47
