50	10	10000	1
0	112	6
0	889	5
0	304	4
0	652	8
0	980	4
0	661	2
0	337	8
0	514	7
0	626	4
0	452	2
1696 7 14 18 19 20 23 24 26 31 34 36 37 38 41 44 47
2950 10 13 19 21 22 24 32 39 41 43 45 47 48
191 4 6 8 10 13 17 18 21 23 24 29 31 36 46 50
2760 8 14 15 18 20 24 25 26 27 28 35 37 38 40 41 42 44 45 47 48
2261 8 10 12 13 15 16 19 25 27 28 29 30 33 34 42 45 46 47 49
2067 7 12 15 19 20 22 24 26 29 35 40 43 45 48 49
1144 15 17 18 19 20 25 26 28 29 31 33 35 37 38 41 42 43 47 49
2129 10 11 12 15 16 19 20 26 31 32 39 40 43 44 46 48
2098 10 13 15 17 18 19 20 22 23 26 28 31 32 39 45 50
1400 11 14 15 17 19 21 22 24 25 27 33 34 38 44 47 49
861 14 16 18 24 30 34 37 40 42 43 44 49 50
2431 13 14 15 20 21 23 28 33 35 41 42 44 46 48 49
1603 15 17 18 20 21 22 23 25 26 27 32 45 47 48 50
2233 17 20 23 24 25 26 27 31 35 36 37 39 40 42 47 48 49 50
790 16 17 20 22 25 26 27 29 33 35 37 38 43 46 47 49
2521 18 23 25 26 27 28 30 35 36 38 39 45
1828 20 24 25 26 29 30 31 32 36 37 38 39 40 42 43 44 47 48 50
1893 19 24 25 30 33 34 35 36 37 42 44 46 47 48 50
1515 20 26 27 37 39 40 46 47 48 49 50
2872 21 22 25 27 28 39 42 43 44 47 49
1982 22 25 26 28 29 30 33 34 35 37 38 40 41 44 48 49
1342 24 25 26 28 29 33 34 38 39 40 41 43 48
1755 24 26 28 29 32
188 26 27 28 29 32 33 42 43 44 47
595 31 32 33 36 37 40 41 42 44 45 47 48
2506 30 31 35 42 43 44 45 46 48 49
2981 29 33 34 35 36 37 38 39 41 42 44 45 46 47 49
2151 29 32 37 40 45 48 49
454 30 32 34 36 37 40 41 46 47 49
959 32 40 41 43 44 48
2588 33 36 37 41 43 44 45 46 49 50
2911 35 37 39 40 43 45 49 50
2379 34 36 40 41 42 44 46 48 50
2179 36 42 49 50
2512 36 37 40 46 47 49
2822 37 44 46 47 50
1617 38 39 42 46 50
2034 44 48
1190 40 41 47 49
2364 45 46
2169 43 45 48 50
2818 43 44 46 48 49
221 44 46 48 49 50
278 48 49 50
137 48 49
2979 48 49 50
542 48
1029 49
2529 50
1712
