200	10	1000	10
-4	173	25
-4	32	25
-1	26	15
-3	31	18
-5	60	23
-4	66	21
-4	25	14
-3	108	18
-4	12	19
-3	35	22
170 5 10 12 21 25 37 38 39 43 47 51 52 55 61 66 67 69 74 78 80 87 89 90 91 93 96 97 102 105 106 107 109 110 112 113 119 121 124 125 126 130 132 135 138 139 141 145 149 152 153 155 156 157 158 161 166 168 172 179 180 185 187 188 190 195 196
111 3 8 9 11 12 15 17 19 21 24 27 31 37 39 44 45 47 57 63 65 66 67 70 73 74 77 84 85 86 87 88 92 93 94 95 98 100 101 104 105 110 113 114 115 116 118 124 125 126 128 132 135 136 138 139 140 143 144 145 147 149 150 151 152 153 154 156 159 166 171 174 180 181 184 185 186 189 193 196 198 200
178 4 5 6 8 9 11 12 13 15 17 20 22 23 25 26 27 29 30 31 37 40 41 43 45 46 47 48 52 58 60 64 66 67 70 72 75 77 78 79 80 87 89 90 92 96 100 101 104 105 111 114 116 117 119 121 123 130 133 144 146 147 149 156 160 162 164 166 169 176 177 178 181 182 184 186 189 191 193 197 198 200
178 5 8 9 12 14 15 17 19 23 25 29 31 34 35 36 38 39 42 47 49 50 55 57 58 62 65 66 69 70 71 73 74 79 80 81 83 85 87 88 92 94 95 98 99 100 104 108 109 111 113 115 117 119 121 122 123 125 133 135 139 140 141 143 144 148 152 154 155 159 160 162 163 164 166 168 170 174 175 176 177 180 181 183 193 194 195 196 199 200
110 8 9 12 16 19 20 31 33 36 37 38 47 50 58 59 61 65 66 68 71 72 73 79 81 82 85 89 90 96 100 102 103 105 113 115 117 120 123 136 140 143 147 148 150 152 153 154 156 159 162 164 165 166 168 174 176 179 180 183 187 189 190 194 196 198 199
177 10 11 14 17 18 19 21 23 28 29 30 35 39 42 46 48 52 53 54 55 58 61 62 63 65 69 70 71 72 74 77 78 79 80 81 83 84 85 88 89 90 91 92 94 98 101 105 106 109 111 113 116 117 118 122 124 134 138 143 146 148 150 151 152 153 154 155 156 157 158 160 162 163 164 166 168 170 173 177 178 181 185 186 188 193 195 196 198 199
124 8 9 10 11 16 20 21 22 23 26 27 34 35 38 42 43 46 51 53 54 58 60 61 69 73 74 77 78 80 82 84 85 86 88 94 95 96 98 101 102 103 104 106 109 110 111 112 115 116 117 118 121 125 128 129 136 143 147 148 150 151 152 155 157 160 162 165 168 170 175 178 183 189 192 194 199 200
186 10 14 16 19 23 24 25 26 28 29 30 31 33 34 36 38 39 41 42 43 45 47 50 51 57 59 60 61 62 64 65 73 77 79 81 84 85 87 88 89 95 97 98 99 100 102 103 105 106 108 110 111 114 117 119 121 122 123 125 128 132 133 137 138 142 144 145 147 148 151 153 154 165 166 167 179 181 184 186 187 188 191 192 193
169 11 12 19 25 32 33 35 36 38 40 42 43 44 48 49 51 53 56 58 59 62 63 66 67 69 70 73 77 80 81 82 87 89 90 91 101 102 104 107 110 113 114 119 123 126 128 130 131 136 139 142 145 153 156 157 159 160 164 165 170 176 178 180 182 184 185 187 189 190 194 196 199
164 12 21 23 24 28 29 31 32 35 42 48 51 52 54 58 61 62 68 69 71 72 75 77 78 79 80 86 87 89 94 97 98 100 104 113 114 115 118 119 120 125 126 130 133 136 141 143 147 148 150 156 157 158 159 160 165 166 167 169 176 178 182 183 185 191 192 195 196 198
200 13 14 15 16 17 19 21 22 27 29 30 36 38 43 45 46 50 53 56 57 61 63 64 66 68 73 74 81 82 84 85 86 87 90 91 92 95 98 99 100 102 103 105 106 108 112 113 116 118 120 121 122 123 124 125 128 131 133 135 136 138 141 143 144 147 152 154 156 159 162 163 167 169 170 171 172 173 175 179 180 181 182 183 184 190 191 197 199
158 13 15 17 18 20 21 22 23 26 28 31 33 37 40 43 47 48 49 53 55 58 61 62 64 67 71 77 80 82 83 84 85 89 90 91 92 96 98 100 101 102 106 107 108 110 113 114 115 116 118 123 124 127 129 132 135 136 137 140 144 146 149 151 154 155 160 162 163 167 170 171 172 180 183 187 188 190 191 194 195 196 197 198 199
169 14 16 18 20 22 28 29 30 31 38 39 40 42 44 50 53 54 58 59 62 64 65 67 70 71 75 77 78 79 81 83 84 87 89 92 93 95 99 100 101 103 104 106 107 110 115 116 119 121 122 123 125 126 128 130 133 139 140 141 142 146 148 150 154 156 160 164 165 170 172 173 174 181 184 185 186 188 189 194 195 196 197
151 15 16 18 24 30 31 34 40 41 42 43 45 48 52 55 57 60 65 66 68 69 71 77 79 82 84 85 92 95 97 98 100 105 107 108 110 114 118 125 128 132 134 135 136 138 139 142 143 145 146 147 148 153 154 156 158 159 160 161 162 163 168 175 176 178 180 183 185 189 193 195 197 200
121 16 17 20 30 32 33 35 38 41 45 52 53 54 55 58 60 65 70 72 77 79 84 88 89 92 94 96 98 102 105 106 108 109 111 113 115 116 117 119 122 127 128 129 136 137 138 141 146 147 149 150 151 153 154 155 162 164 168 170 171 173 176 177 178 180 181 186 193 197 198 200
104 17 19 21 22 23 24 25 27 28 33 34 37 40 41 42 45 48 49 51 56 58 59 62 64 65 66 70 71 72 76 78 79 83 86 87 90 93 95 96 103 106 107 108 113 117 118 122 124 125 127 129 130 134 139 143 146 149 153 154 160 163 164 168 171 172 173 174 179 180 181 189 190 191 197 199 200
153 25 26 27 31 40 44 45 47 49 51 52 53 55 56 59 61 62 66 67 68 69 72 79 80 81 83 85 86 91 93 94 96 102 105 106 108 109 114 115 117 120 135 140 141 149 150 155 158 159 164 165 168 169 170 172 173 180 181 184 185 189 190 191 193 194 195 200
127 21 23 24 28 33 35 40 41 43 44 47 48 53 54 55 59 64 69 71 72 73 74 75 76 79 82 83 84 87 91 98 99 103 107 108 111 112 113 116 119 120 123 127 128 129 131 138 141 147 148 154 160 161 164 166 168 169 170 171 175 177 178 180 181 182 183 184 185 187 188 191 192 196 199 200
191 21 26 27 31 32 34 35 39 42 45 51 53 61 62 63 67 68 70 71 72 77 79 80 82 85 86 87 89 91 92 93 95 96 97 99 103 107 111 114 115 117 121 124 127 129 131 132 135 142 143 149 152 154 156 157 163 166 167 168 169 173 175 177 178 181 184 185 186 190 193 194 195 196 197 198 199 200
186 22 23 26 28 30 31 33 34 37 38 43 46 48 50 51 52 57 58 61 65 68 69 71 73 75 81 84 86 88 90 93 94 103 105 110 112 115 117 118 120 121 124 127 128 130 132 135 137 138 144 146 148 150 151 153 155 157 159 161 165 169 171 172 174 175 176 179 181 182 183 188 190 191 194 196 198 200
105 23 24 31 32 36 37 41 43 44 45 47 52 53 54 59 60 61 63 66 67 70 74 75 76 79 83 85 86 88 98 102 104 105 106 107 112 113 115 116 121 123 124 125 127 128 129 130 131 133 134 136 140 142 145 149 150 152 154 155 156 157 159 161 162 163 169 171 172 173 175 176 177 179 181 184 185 187 188 189 190 191 192 193 194 195 198
126 25 26 29 32 33 34 35 40 45 46 47 48 49 50 51 55 57 64 68 70 73 75 77 78 80 85 88 90 94 96 100 105 107 110 111 112 117 120 121 131 133 135 137 142 145 148 149 151 152 156 157 162 164 173 174 177 178 179 180 181 183 185 188 190 193 194 195 197 198 200
117 25 27 28 29 30 36 40 41 42 47 49 50 53 54 55 56 57 59 60 63 64 65 67 68 73 79 80 81 83 84 86 90 91 92 93 94 99 103 105 106 107 110 111 113 114 116 117 118 124 126 127 128 131 132 138 141 145 147 150 152 153 154 157 159 160 161 162 164 166 167 168 169 170 172 176 180 183 186 188 194 199 200
134 26 27 29 30 31 33 35 38 39 40 42 46 49 51 52 53 54 56 57 58 59 60 61 63 65 78 79 85 87 99 100 103 105 106 107 109 111 112 117 120 123 126 131 132 136 138 139 143 145 147 148 149 150 153 155 157 159 164 168 170 172 177 178 180 183 186 187 188 189 190 199
138 27 36 38 39 40 41 43 44 45 52 53 54 57 58 65 67 71 72 73 76 78 79 81 88 89 91 95 97 99 102 104 105 106 109 110 111 112 113 114 115 117 118 121 122 127 128 130 131 133 136 140 141 142 146 147 149 150 152 155 156 157 158 159 163 170 171 173 174 175 176 177 178 179 185 189 190 192 193 197 199
179 28 29 32 33 34 35 36 39 42 47 48 50 51 52 54 58 62 63 65 69 74 76 77 80 81 89 104 109 114 115 116 117 120 121 126 127 129 130 132 133 136 139 146 150 151 153 157 160 165 166 167 168 170 172 173 177 183 185 187 189 190 191 192 193 195 196 200
187 30 32 33 35 36 39 41 45 47 52 53 54 56 59 61 64 66 67 68 71 75 77 80 81 82 83 85 87 90 91 93 94 95 96 99 104 108 109 111 112 113 118 120 122 125 132 135 138 140 144 145 146 147 151 152 154 155 158 161 162 164 169 171 174 176 177 183 185 186 187 189 190 192 196 199 200
124 29 31 32 36 37 40 43 44 47 50 52 54 55 56 58 61 64 73 74 77 78 81 83 85 88 90 100 102 103 106 111 114 116 118 119 120 121 124 126 127 128 129 130 131 135 138 139 140 149 152 160 163 165 169 170 171 175 176 178 180 181 182 183 191 193 196 197 199
110 30 31 32 37 38 41 46 51 55 56 63 65 66 68 70 72 76 81 83 87 95 99 100 102 104 105 108 111 117 121 122 123 124 131 134 135 138 139 144 151 152 155 156 159 162 164 165 166 167 174 175 181 189 194 195 196
170 31 33 35 37 39 40 46 48 50 52 62 64 65 66 68 72 74 76 77 80 81 82 85 87 88 89 93 95 96 101 103 111 112 113 114 115 123 126 127 132 133 135 136 137 138 139 141 143 146 147 148 151 156 157 161 164 169 171 173 176 180 184 186 187 190 192 195
176 34 36 38 41 43 46 51 52 56 62 63 69 71 72 75 77 79 81 82 84 88 91 93 103 106 109 112 116 119 121 125 128 131 134 137 141 145 150 156 160 164 166 170 172 174 183 184 187 189 191 192 194 195 197 198 200
111 36 37 38 40 47 50 55 56 62 63 67 68 69 72 73 76 77 78 79 81 82 83 89 90 91 92 97 100 103 104 105 107 108 113 115 121 123 128 129 131 134 135 140 142 144 147 148 152 163 164 165 166 168 170 171 172 173 178 181 182 185 186 187 188 193 196 197 200
162 34 36 38 43 44 47 50 51 52 54 57 58 62 64 65 66 69 73 75 79 81 82 83 84 85 87 88 89 92 98 99 103 104 107 108 111 113 114 120 121 125 127 130 134 136 138 141 143 144 145 146 150 152 160 173 175 178 179 188 192 199
200 35 36 37 38 43 53 54 58 61 63 64 65 68 69 71 73 75 77 80 81 82 87 89 90 94 98 103 109 110 112 113 115 118 119 122 124 128 131 132 137 139 149 151 152 158 159 162 168 172 173 179 180 181 183 184 192 193 194 198 199 200
103 38 42 45 46 47 48 50 52 56 61 64 65 67 70 72 73 74 75 76 78 79 81 83 88 91 92 94 96 98 99 100 105 106 111 113 115 116 122 124 125 126 128 129 136 145 148 149 154 155 157 159 160 163 167 169 170 171 172 173 181 183 188 189 190 192 193 198
181 37 40 45 46 47 48 49 50 51 53 56 62 63 65 68 70 73 76 85 86 91 93 94 96 97 98 100 102 105 107 110 113 119 120 121 123 126 130 131 135 137 141 145 147 151 154 156 157 160 162 166 167 169 172 173 175 178 181 184 188 190 191 192 193 194 195 196 199 200
161 40 47 48 52 53 55 59 63 64 65 66 67 72 76 78 83 85 86 88 89 91 92 93 95 97 98 102 103 104 105 110 116 118 122 123 127 129 134 136 137 138 142 143 145 150 155 156 157 158 161 165 166 167 168 171 173 175 179 181 185 186
133 41 43 45 49 50 53 55 60 66 71 73 77 80 81 82 84 85 86 87 89 90 92 93 94 95 97 98 101 102 108 114 115 117 122 123 130 131 133 136 137 138 139 140 142 144 145 146 149 150 152 155 156 160 165 172 173 174 181 185 188 189 191 193 197 198
128 40 44 46 48 49 50 52 57 59 61 63 64 65 67 69 73 74 76 78 82 83 86 91 97 102 107 108 109 110 112 114 115 118 121 123 129 130 133 136 137 141 147 151 152 153 154 155 156 157 159 162 164 170 173 180 184 185 188 191 198 199
182 43 48 51 53 55 60 61 63 64 65 72 74 77 78 79 83 84 89 93 95 96 97 98 100 101 103 109 116 117 120 121 131 133 134 137 138 139 143 145 151 153 158 159 163 164 165 167 170 172 174 177 178 179 181 183 184 187 188 191 192 198 199 200
142 42 44 45 51 55 57 60 71 74 76 78 82 85 86 87 90 91 93 94 95 96 97 98 102 103 106 108 111 114 119 126 128 131 135 136 137 140 141 144 145 148 149 155 156 157 158 159 160 164 165 166 168 170 172 176 177 178 183 187 192 193 195 197 199 200
100 43 44 46 47 48 50 54 57 58 59 60 63 66 72 73 74 77 82 85 88 90 91 95 96 99 101 103 104 110 114 122 126 128 131 137 139 140 142 143 144 151 152 155 156 157 158 159 160 163 166 170 175 177 178 184 186 190 195 199
192 45 46 48 49 50 53 54 57 59 60 61 62 63 65 68 69 70 74 75 80 82 83 84 85 86 87 93 96 97 101 102 104 109 113 115 118 122 124 125 126 127 130 138 140 143 144 146 149 153 159 161 164 168 169 170 174 175 176 179 181 185 193 194 200
124 46 48 49 51 53 55 66 67 70 71 72 73 77 82 87 88 90 99 103 105 106 108 110 111 117 120 121 124 127 128 130 131 134 136 139 140 143 144 146 149 151 154 155 156 158 164 165 167 168 170 176 182 187 188 193 199
177 48 50 56 58 59 60 63 68 72 80 81 82 83 85 86 88 89 92 93 97 99 101 102 105 114 117 118 119 126 127 129 131 132 135 137 139 142 143 145 148 151 152 153 154 155 156 158 160 168 170 173 175 176 177 178 184 186 187 191 193 194 198
102 47 48 51 52 54 55 56 59 60 62 64 67 69 72 75 79 82 83 84 85 86 87 95 96 97 99 100 101 104 108 109 111 113 118 124 127 128 131 141 147 148 149 150 152 157 158 160 162 164 169 171 176 182 192 193 198
132 53 54 57 66 67 69 70 73 74 78 80 81 84 85 86 87 90 95 96 98 99 103 108 110 113 115 118 120 124 128 130 131 132 139 141 142 146 147 149 151 153 155 158 161 162 163 168 170 175 177 179 181 183 186 187 191 192 194 197 198
143 50 51 53 57 59 61 63 65 67 68 69 72 73 75 76 80 81 87 88 89 92 93 95 99 104 105 106 110 115 116 119 123 128 129 130 132 135 136 139 141 144 146 149 150 151 153 154 156 160 161 165 167 169 170 171 174 175 179 180 181 183 187 188 190 191 192 194 199
138 50 54 58 60 64 67 68 70 72 73 75 77 82 83 86 89 90 91 92 94 95 96 101 108 112 113 119 125 126 127 128 129 132 137 140 143 144 148 149 157 158 159 163 165 170 171 172 175 176 177 185 191
112 51 53 60 62 63 65 69 72 73 74 75 77 78 82 91 93 96 99 109 113 114 115 120 122 125 126 131 133 136 137 138 139 141 142 144 147 148 151 153 154 155 156 159 160 161 162 164 165 167 169 170 174 176 178 180 182 183 187 189 190 192 193 195 198
119 53 61 63 64 65 66 67 72 73 78 79 80 81 85 87 95 96 100 103 104 105 106 112 123 124 130 133 135 137 138 140 141 142 143 145 154 155 156 158 159 162 163 164 170 171 173 177 180 183 184 186 187 191 198 199
142 53 54 55 59 61 68 69 71 72 75 77 80 81 83 85 87 89 90 91 92 93 94 98 101 104 105 106 109 110 112 113 114 116 118 119 122 123 124 127 128 129 131 136 138 140 142 148 149 150 154 157 160 164 165 166 167 168 173 175 176 181 182 183 184 190 197 200
189 56 62 63 64 67 72 79 80 84 85 92 95 97 99 100 103 108 113 116 118 120 124 125 129 131 132 133 134 135 136 138 144 147 148 149 150 151 153 154 155 159 160 170 174 180 182 184 186 189 190 191 193 197 198
191 56 58 61 64 67 73 76 80 87 88 90 93 96 97 99 100 103 104 113 114 115 117 118 119 120 122 126 127 129 132 133 136 139 145 146 148 149 150 151 153 154 157 158 159 160 163 165 167 169 177 184 187 188 190 193 196 197
189 58 60 62 64 66 67 73 79 84 85 86 91 93 94 96 100 104 105 109 112 115 117 118 119 121 125 127 128 135 140 148 152 155 157 159 160 162 163 166 167 170 171 173 175 176 177 178 179 180 184 186 195 197
120 59 60 62 64 65 66 67 68 69 70 73 76 79 85 86 87 89 90 94 95 96 102 104 111 113 115 116 117 118 124 125 128 130 133 134 138 139 141 147 149 150 152 155 157 163 165 169 170 171 174 176 177 178 181 183 184 188 193 194 195 197 198
101 63 64 69 71 72 73 74 75 76 79 85 88 90 91 92 93 95 97 102 112 115 116 117 118 120 121 123 128 129 130 132 133 136 137 143 149 150 151 153 155 159 162 166 173 175 178 179 181 183 186 188 189 192 193 194 197
157 59 63 66 72 73 76 77 78 79 82 85 87 88 89 92 94 102 106 108 112 113 118 119 122 124 125 128 129 132 135 137 139 143 145 147 149 154 158 161 163 165 168 169 172 178 179 180 181 183 186 191 195 197 198 199 200
101 60 61 63 64 66 67 68 70 71 73 74 78 79 82 85 86 87 89 91 92 94 95 101 107 110 113 121 125 127 128 133 138 141 144 145 146 147 150 152 157 161 162 165 167 168 169 170 175 178 179 180 184 191 192 193 195 196 200
112 61 66 67 70 73 81 86 87 88 91 93 94 99 101 104 106 107 118 119 120 121 128 130 131 137 138 139 141 142 143 144 146 147 148 149 150 154 155 159 171 177 181 182 183 184 186 187 188 190 193 195 196 199 200
183 70 75 76 78 80 83 84 88 89 90 94 95 97 99 101 106 107 108 109 113 114 123 125 128 138 139 140 145 147 150 151 154 158 159 161 163 165 168 173 175 177 178 180 187 193 195 200
135 69 71 74 75 79 83 89 93 95 96 97 99 100 102 103 104 105 108 111 112 116 117 118 122 124 125 127 129 130 132 133 136 137 138 141 142 146 149 152 153 154 155 158 162 165 166 169 171 172 174 175 176 181 184 186 187 189 194 197 200
134 66 67 72 80 81 84 86 88 90 92 95 96 97 101 103 104 106 110 112 114 116 117 120 121 123 124 125 126 127 128 130 132 134 136 137 140 141 142 144 146 147 151 152 157 159 162 163 172 180 187 188 189 190 191 194 196 197 198
119 65 68 69 70 73 74 75 76 78 79 82 86 90 94 103 104 105 111 113 115 119 120 126 128 132 134 136 137 138 139 142 147 152 156 158 162 164 165 166 168 170 174 176 177 179 180 181 183 184 186 190 193 196 198
121 68 73 75 83 85 87 89 90 91 93 98 99 100 101 105 106 107 108 111 112 113 117 119 120 122 123 126 127 132 135 137 139 140 141 142 149 154 157 158 163 164 165 166 169 170 173 174 177 179 183 184 188 192 194 195 196 197 198 199
170 68 70 72 76 77 78 81 83 84 89 92 95 97 103 106 107 110 111 112 115 118 122 125 126 127 128 130 133 137 138 142 149 152 154 155 159 160 161 162 165 166 167 169 170 172 174 176 177 178 184 186 187 189 190 191 198 199
193 68 69 70 73 74 84 85 87 90 91 98 102 103 104 105 111 115 116 118 119 121 131 132 136 139 140 146 147 148 149 153 154 155 159 161 162 168 171 175 176 177 178 179 187 189 191 199
118 70 71 78 79 80 81 83 87 88 90 91 98 99 103 104 106 111 114 116 120 121 123 126 127 129 131 134 136 139 140 141 142 147 157 163 164 165 168 170 176 178 182 187 188 191 192 194 195 198
177 71 75 76 77 78 79 86 89 91 94 97 98 100 101 104 105 108 109 113 117 119 123 125 126 128 129 131 135 136 138 140 143 144 145 147 149 150 153 159 162 163 165 171 172 173 175 177 179 180 182 185 187 189 195 199 200
123 71 73 74 75 76 79 82 83 84 90 93 97 98 99 101 102 103 109 110 112 113 114 116 118 120 127 128 129 132 133 135 139 145 147 148 151 152 155 156 158 163 165 167 168 172 175 182 184 189 190 192 194 197
186 75 77 81 84 85 87 88 91 93 96 100 101 105 107 109 113 115 120 121 122 123 125 126 129 132 133 138 144 145 146 147 148 153 157 160 161 162 163 164 169 172 173 180 182 185 187 188 190 192 196 197 199
102 77 79 80 84 86 89 93 94 100 101 105 106 108 110 111 112 113 117 120 121 122 125 127 129 132 134 136 138 144 145 147 148 152 154 158 162 164 170 174 175 176 177 180 181 182 183 184 186 187 188 190 191 195 200
147 75 79 80 81 82 84 85 86 88 89 90 91 92 93 94 97 98 99 100 113 114 116 117 120 121 122 125 130 132 136 137 138 141 148 154 155 157 158 159 160 163 166 168 171 172 175 176 181 183 186 191 192 193 197 199 200
105 75 78 80 83 91 92 93 98 99 106 107 108 110 112 114 123 132 134 136 137 138 139 141 142 143 145 147 149 150 151 156 158 160 166 167 168 169 170 173 174 175 178 180 184 185 188 189 191 192 193 194 195 196 198
177 76 77 80 84 89 94 95 96 99 103 104 107 108 111 112 117 118 119 122 133 135 136 137 140 142 143 147 148 158 161 162 165 167 173 174 177 178 179 182 183 184 188 189 192 194 197 198
193 78 79 80 82 84 87 88 89 100 101 103 104 106 107 111 112 113 115 118 119 120 122 123 124 126 128 131 137 138 139 141 148 149 150 152 155 156 157 163 165 168 169 172 174 178 181 183 187 190 191 192 193 194 195 197 198 200
198 81 82 83 87 90 92 93 97 99 101 103 105 106 107 108 115 117 118 119 121 122 124 125 126 127 128 130 133 136 138 142 145 146 147 148 150 151 153 156 160 162 164 165 167 175 178 179 181 186 189 192 194 195 196 197 198 199
197 81 82 85 87 89 92 93 94 96 104 112 113 116 118 119 120 124 131 135 136 137 138 139 140 144 148 150 151 153 155 156 159 161 162 163 165 166 168 171 172 173 179 187 188 194 196 200
128 82 84 85 86 88 93 96 97 100 105 108 111 112 113 119 120 128 130 132 135 137 138 150 151 152 155 158 159 160 166 167 168 172 173 174 175 176 177 179 180 187 193 195 197 200
170 82 85 87 89 91 93 95 96 97 98 100 102 111 112 113 114 116 118 119 120 121 123 124 125 127 130 132 136 137 139 144 146 147 154 156 158 159 163 167 168 169 170 173 174 183 188 190 191 192 193 196 198 200
138 85 90 91 92 96 97 98 101 104 108 111 115 119 120 121 122 126 131 132 134 135 139 141 149 155 156 157 160 162 165 169 172 176 180 181 182 184 187 191 199
148 83 89 90 95 98 99 100 105 106 107 110 113 116 123 124 128 129 130 131 136 140 141 144 148 151 152 153 154 158 160 161 162 167 168 171 176 178 185 187 188 192 193 194 195 197 199
106 84 91 92 93 97 99 101 107 108 110 112 116 122 123 124 125 127 128 129 132 133 134 143 148 152 155 156 157 158 159 166 168 175 180 181 187 189 190 191 195
117 85 89 90 91 94 95 98 104 105 117 118 119 126 128 129 131 135 139 140 142 143 145 150 151 157 158 162 163 166 169 171 172 173 174 175 179 180 181 184 186 188 190 192 193 194 196 197 200
168 87 99 102 103 104 109 111 115 116 117 120 121 122 123 124 125 126 128 131 133 134 135 137 138 145 146 147 149 150 151 153 156 160 162 166 169 171 176 178 179 181 186 187 188 189 193 198 199
112 90 92 99 101 104 105 109 111 112 113 114 116 118 120 123 124 125 126 128 129 134 135 137 138 140 142 146 148 153 156 157 158 162 165 166 170 174 176 177 180 181 187 188 189 197 199 200
170 94 98 100 103 109 111 115 116 124 125 126 130 133 136 137 138 141 150 157 160 161 163 164 169 170 172 173 177 179 184 185 186 187 189 190 192 193 194 197
190 89 90 92 93 94 97 98 99 101 107 117 118 119 121 122 123 128 129 131 134 136 137 139 141 142 143 145 147 148 150 155 159 160 163 164 167 170 171 176 179 183 189 190 191 193 196 197
156 91 93 94 95 98 99 105 107 108 113 115 119 122 124 125 127 128 129 131 132 136 139 140 144 146 149 152 155 161 166 167 169 170 172 174 177 179 183 184 187 188 190 191 192 199 200
123 92 94 95 96 98 99 104 109 110 111 112 113 116 118 121 122 124 125 130 134 136 137 139 145 147 150 153 154 157 159 161 167 168 173 177 178 180 181 186 187 188 189 190 193 195 198 200
160 93 96 98 99 100 101 102 103 104 106 108 110 111 113 114 116 118 122 133 137 138 139 140 145 151 153 155 157 160 163 165 167 175 179 181 184 185 187 188 191 192 200
114 95 98 100 101 103 107 109 111 113 115 119 120 123 126 128 129 138 139 140 142 143 145 150 151 157 159 161 163 164 168 169 173 174 176 179 180 181 182 184 190 192 193 195 196 198 199
144 96 98 100 102 105 106 109 110 113 117 118 120 121 125 126 127 128 129 132 133 134 135 139 140 151 153 155 156 157 159 162 163 164 166 170 173 174 175 176 177 182 183 186 188 189 190 191 198
145 100 101 105 109 111 112 113 115 119 123 125 132 133 134 135 136 137 139 140 143 145 147 148 151 152 156 158 160 162 166 170 173 177 180 182 185 187 192 193 198
115 100 101 108 110 111 112 114 115 118 119 121 122 130 131 133 134 138 143 147 152 153 154 156 157 161 162 164 166 167 169 174 175 176 177 179 181 186 187 188 190 193 194 195 197
119 101 104 105 109 110 113 117 119 122 124 126 127 128 129 130 132 135 146 152 154 158 159 163 166 169 171 172 173 174 179 186 187 189 190 191 194 198 200
117 98 99 101 102 103 106 109 114 115 117 118 120 121 125 126 130 136 137 138 139 143 144 145 148 150 155 156 157 158 160 165 168 171 184 187 190 191 192 193 194 195 196 199 200
149 100 104 106 107 109 111 114 115 117 118 119 122 124 125 127 129 140 143 145 146 150 152 154 155 161 167 174 176 177 178 179 185 187 188 189 192 195 197 199
189 100 101 108 111 116 118 121 128 129 130 131 133 134 139 141 142 144 145 146 150 151 152 158 160 161 163 164 166 168 170 173 174 179 180 181 186 187 189 191 193 195 197 198 199 200
159 102 104 106 107 111 113 116 117 118 122 124 126 128 135 137 144 145 146 147 149 150 152 153 155 158 159 160 161 165 167 169 170 173 177 178 179 180 188 189 191 192 193 196 197 198
188 104 111 112 119 121 122 123 124 125 126 130 131 135 136 138 146 147 149 155 156 157 166 167 169 170 171 172 175 177 178 181 183 186 187 188 190 194 195 198 199
157 106 108 109 110 111 114 115 117 120 123 124 125 126 127 128 132 133 136 137 140 154 158 160 161 162 171 176 177 180 182 185 186 187 188 189 191 192 194 195 197 198 199 200
171 106 108 109 120 121 124 127 129 134 136 140 141 144 147 148 150 151 153 154 158 159 160 163 164 167 169 170 171 175 176 177 180 182 185 186 190 193 198 200
114 106 108 111 112 116 118 119 120 122 124 125 126 128 129 130 131 133 136 138 139 140 143 145 150 151 157 158 159 161 162 163 164 166 169 170 171 172 173 174 177 178 182 183 184 185 186 187 189 191 195 197 198
122 106 109 110 111 117 119 122 123 127 129 130 133 134 135 136 137 141 142 144 147 148 152 153 154 155 159 160 161 162 163 169 173 175 177 178 181 182 185 188 193 194 195 196 199
153 107 111 112 113 114 116 122 125 127 131 135 139 142 143 145 146 149 150 152 154 155 157 162 163 168 169 179 180 182 183 186 187 193 196 198 199
160 108 116 117 118 121 124 127 130 132 134 140 141 143 148 149 150 153 156 157 161 163 164 166 171 173 176 177 180 182 185 186 187 190 193 195 196 197 200
155 111 112 113 114 116 118 122 123 125 126 127 128 133 135 136 137 139 140 141 142 143 144 145 147 153 154 155 156 158 159 160 161 169 172 176 178 185 186 188 190 191 193
178 115 116 119 121 122 130 131 133 134 136 139 142 143 146 150 151 152 153 154 155 156 160 163 166 167 170 171 178 183 186 197
190 112 113 114 116 118 122 124 125 128 135 137 138 143 144 147 148 149 153 154 159 171 172 173 174 179 181 182 184 185 192 193 194 197 198 199
165 115 119 121 123 124 125 126 130 131 134 138 139 140 143 146 148 149 155 157 158 161 166 167 169 173 174 180 184 186 195 196 199 200
169 116 118 120 121 124 133 134 135 136 137 139 141 143 146 153 156 160 163 164 165 166 167 168 169 172 173 174 176 177 179 180 188 195 197 199 200
110 116 117 118 122 127 129 130 133 134 135 141 144 145 149 152 154 156 163 165 167 169 172 175 176 179 180 182 188 189 190 191 194 196 197 199
178 116 117 118 119 122 124 128 129 131 132 134 135 138 140 146 148 149 150 151 156 158 160 161 164 165 167 169 173 175 178 183 184 186 188 193 194 197 198
124 117 118 119 130 131 132 137 139 141 146 149 152 153 158 164 167 170 171 173 178 182 183 188 189 192 200
114 120 121 122 124 126 127 128 129 133 136 137 143 146 147 149 150 151 152 154 156 157 160 162 164 165 167 168 174 176 177 186 189 190 191 192 193 195 196 197 198
167 118 124 127 128 129 130 133 134 135 139 140 143 145 146 147 151 152 155 158 159 164 165 169 173 174 181 185 186 187 188 196 199 200
149 119 126 127 132 134 135 136 137 138 139 142 144 145 147 150 151 153 159 162 166 170 174 176 179 180 182 183 185 189 192 193 194 195 198 200
175 120 127 131 134 135 138 139 145 147 152 154 157 159 162 164 165 166 171 172 174 178 179 180 183 185 187 192 193 195 199
120 121 123 125 126 129 130 131 133 135 137 140 147 149 150 151 153 154 156 157 158 159 168 169 170 171 176 182 184 187 189 191 194 195 197 199 200
114 122 126 127 128 130 132 133 134 135 138 142 147 148 152 153 154 156 157 158 161 162 164 168 171 173 174 175 177 178 179 180 189 195 197 198 199 200
146 123 125 132 135 139 141 142 150 154 156 157 167 170 177 179 181 185 186 187 192 195 196 199 200
143 127 129 132 133 135 136 138 141 143 149 153 154 157 160 161 165 168 171 172 173 174 176 179 181 183 185 187 188 190 192 197 199
191 128 132 134 135 138 139 140 142 148 149 153 155 158 160 162 163 164 169 171 173 176 182 183 184 189 190 193 198
150 127 129 130 131 134 136 137 138 139 140 143 144 150 153 154 155 159 160 161 162 164 165 166 169 170 171 175 178 179 180 183 185 187 189 190 199
115 128 129 135 137 139 142 143 144 145 146 148 149 150 151 152 155 156 158 163 166 170 171 173 175 176 177 179 185 187 188 192 200
194 128 131 133 134 136 138 141 147 149 154 158 161 164 166 167 172 173 176 177 178 180 186 187 189 190 193 198 200
190 129 134 140 141 145 146 149 150 151 152 154 156 158 159 162 163 164 168 169 174 176 177 179 180 181 183 187 188 190 191 192 194 195 196 198 199 200
140 130 134 135 138 139 146 150 152 153 154 155 156 157 159 162 164 170 171 172 176 177 178 180 182 186 187 188 189 195 200
190 133 135 136 137 138 139 142 144 145 150 157 161 162 166 171 174 179 183 185 186 188 189 190 194 197 198
107 137 138 139 140 141 142 143 147 156 164 167 168 174 180 181 183 191 193 194 196 197
111 136 139 145 146 147 148 149 150 152 156 157 158 163 167 169 174 180 181 183 186 190 192 193 194 197 198 199
179 136 138 140 144 145 153 154 156 158 159 162 164 165 166 169 170 172 176 180 181 186 191 192 200
123 142 144 149 150 152 155 158 162 163 170 173 174 176 178 179 183 187 189 190 192 196 198
125 136 137 138 140 148 149 150 151 156 164 172 175 176 179 180 184 185 187 191 195 197 198 200
172 140 141 145 146 152 153 156 158 160 162 163 164 165 166 168 172 176 181 185 187 189 192 193 194 195 198
183 138 140 142 143 147 150 153 157 158 159 160 162 164 167 169 171 180 182 190 192 193 196 199
186 139 140 144 145 146 151 152 154 155 158 163 165 167 168 169 172 173 178 179 180 181 182 183 184 185 186 189 192 194 197 198
140 140 141 145 146 147 149 150 152 154 155 156 159 160 161 163 165 166 168 173 176 177 180 181 185 189 190 191 192 193
147 142 144 148 150 151 152 153 157 158 160 162 167 170 173 174 176 178 179 180 183 185 187 188 189 193 195 197 198
142 143 147 148 151 156 158 160 162 163 168 171 175 180 181 186 187 188 192 195 196 198
156 144 146 147 148 149 151 153 155 160 161 166 170 171 173 179 182 184 186 189 190 191
142 145 150 152 154 155 158 162 163 172 179 180 183 189 194 196 197 198 199
113 146 147 148 151 154 156 157 162 163 164 169 170 171 174 175 177 180 181 183 187 196 197 200
163 146 149 150 151 155 156 158 160 162 165 166 167 168 171 173 177 182 183 187 189 194 196 197 198 199
105 149 152 155 157 158 163 164 165 167 168 170 171 172 174 176 178 180 181 189 190 192 194 195 196 197 198 199
172 149 152 153 154 157 168 169 172 175 181 182 183 184 185 187 189 190 193 196 200
187 149 151 153 155 158 160 165 169 171 173 174 175 176 179 180 181 185 186 187 188 191 194 196 197
145 150 151 153 156 158 162 166 167 168 170 174 175 176 177 186 188 190 191 195 196 199
148 151 155 158 160 161 167 176 177 178 179 180 182 187 188 189 190 191 192 194 195 199
108 152 153 154 155 157 159 160 161 162 167 169 172 175 176 178 179 181 182 185 189 194 197
141 153 154 155 156 162 172 175 179 180 181 182 183 184 185 186 191 193 195 197 198 199
150 154 155 158 162 163 165 166 171 173 175 178 179 180 186 189 190 191 195
191 163 164 165 166 168 171 173 175 178 179 181 182 184 190 195 197 198 199 200
181 157 164 166 167 168 172 173 174 175 176 182 187 190 193 194 196
193 157 159 160 163 168 170 171 172 174 175 177 182 186 188 189 192 193 196 199 200
143 158 161 162 164 168 176 179 184 187 190 195 196 197 198 199
114 162 163 167 168 169 171 173 174 175 176 178 179 182 188 193
154 160 163 164 167 169 172 173 176 178 180 182 188 197
117 162 164 165 167 169 170 175 185 187 188 189 191 193 194 197 199 200
112 163 167 169 172 180 181 183 185 188 192 193 194 195 196
133 164 167 168 172 174 178 180 183 189 190 193 195 196 200
157 164 165 167 168 169 170 173 176 177 180 184 185 186 187 188 190 191 192 194 195 199 200
175 165 166 170 174 179 181 183 186 189 192 193 196 197 199 200
187 170 171 176 178 179 184 186 187 192 193
135 167 169 170 171 172 173 174 176 178 179 183 184 185 190 192 198 199 200
130 168 169 170 171 172 176 177 182 187 190 191 192 194
177 169 170 171 173 174 177 178 185 190 191 192 196 197 198
139 174 180 183 185 186 187 189 190 192 195 196 198 199
188 174 177 179 183 184 185 186 187 189
162 173 174 176 179 180 183 184 186 189 190 196 197 198 200
177 176 177 179 181 184 186 187 188 190 192 193 197 198
178 174 175 176 178 183 184 190 194 198 199
183 176 178 179 180 181 184 185 186 187 189 190 192 194 197 198
122 179 183 186 187 188 198 200
116 180 189 191 192 194 195 196 197 198
193 180 181 182 183 184 186 188 189 191 197 199
161 180 184 186 188 189 191 192 194 195 196 197 199
127 181 182 184 185 186 192 197 200
118 183 184 185 187 189 192 194 195 196 197
128 182 183 186 188 193 196 197 198
130 183 191 195 198 200
153 185 188 192
135 186 191 193 200
180 186 188 189 193 195 196 197 198 199 200
181 188 190 191 192 195 196 197 199
115 193 197 198 200
112 189 190 192 193 196 197 198 199
156 191 192 194 195 197 200
136 195 198 200
116 193 195 196 198 199
124 198 200
153 197 198 200
153 199
105 197 198 199
183 199 200
137 198 199 200
104 199
137 200
148
