100	5	1000	1
0	145	24
0	178	18
0	136	21
0	186	20
0	145	17
142 6 7 8 9 11 12 13 15 16 18 19 20 22 23 27 28 29 33 48 50 54 56 58 61 62 68 70 71 73 74 76 77 79 82 84 85 86 88 90 91 93 94 96 98
138 5 6 10 15 25 26 27 29 30 31 33 35 37 39 44 48 49 50 51 54 55 59 61 62 63 64 65 66 67 70 71 73 79 80 86 87 89 90 91 92 94 97 98 99
179 6 7 8 9 10 11 16 20 23 25 26 27 28 30 31 32 39 42 44 47 49 52 54 56 60 66 71 72 78 79 80 82 85 86 88 90 92 95 96
191 5 7 9 13 15 18 21 23 24 27 30 31 32 33 34 35 36 38 40 44 45 50 54 60 64 65 66 69 70 73 76 77 84 86 87 91 93 94
214 6 8 9 12 13 16 21 23 24 25 26 27 33 35 39 40 42 44 45 48 50 51 52 53 54 56 59 61 62 63 64 66 69 70 71 72 74 75 79 80 87 92 95 97 98
262 7 8 10 11 13 14 15 16 17 24 26 28 29 30 31 34 37 38 40 43 50 52 54 67 71 73 74 76 78 79 82 88 89 96 97 98
173 9 10 16 18 19 23 27 33 35 36 40 43 44 48 49 51 55 56 58 60 61 66 68 69 72 77 81 82 88 89 95 97 100
164 9 11 14 17 19 21 28 29 31 32 36 40 41 42 43 48 52 53 54 55 61 64 67 73 74 76 80 81 83 85 88 92 94 95 96 97 100
290 10 12 14 16 18 19 21 25 29 34 35 37 38 39 40 41 42 43 45 50 55 56 58 59 60 61 64 67 71 73 75 76 77 79 80 82 86 88 89 95 96 100
143 14 16 17 19 21 26 28 29 32 33 36 37 46 51 52 55 57 62 73 79 80 86 88 90 92 94 95 97 99 100
76 13 15 16 18 19 20 22 23 36 37 39 40 44 45 49 51 54 55 64 68 72 76 82 84 86 89 94 97 98
286 13 14 16 20 22 23 27 31 34 36 39 40 42 46 51 53 54 55 58 62 67 70 72 75 80 81 84 86 87 88 89 92 94 96 98 100
148 15 17 19 22 23 26 27 29 31 32 33 35 38 41 44 45 46 51 52 53 58 60 61 62 66 67 69 71 82 86 88 91 92 100
122 15 18 20 22 23 24 26 29 30 31 36 38 40 41 42 47 49 50 51 54 60 63 66 69 72 74 81 84 85 86 88 89 91 93 99
61 18 21 22 23 26 28 30 34 37 38 39 40 41 43 51 54 55 56 61 65 66 68 69 70 71 73 74 76 78 81 86 88 91 93 94 97
283 17 18 20 21 25 26 28 34 39 40 49 50 57 62 66 67 68 69 77 79 85 86 87 89 91 95 97 98 100
73 18 20 22 27 31 37 38 39 42 43 44 47 48 52 56 58 59 62 63 64 75 79 80 81 83 85 86 87 88 93 97 98
21 22 23 34 36 39 41 47 48 54 55 56 59 60 61 62 65 71 72 73 75 76 79 85 89 90 91 95 96 97 99 100
255 22 25 27 28 30 33 35 38 40 42 43 44 45 46 47 50 53 56 57 61 67 68 69 71 73 76 77 79 84 86 90 91 93 95 97 99
288 22 26 29 30 33 34 35 37 39 40 42 44 45 48 55 58 65 68 69 76 80 92 97
267 22 23 24 30 34 35 39 45 50 52 53 56 57 58 59 60 65 66 68 71 73 74 77 78 83 85 86 87 89 90 91 95 96
244 25 27 28 29 30 32 33 38 39 40 42 44 47 49 50 54 55 58 59 61 65 68 72 75 86 88 90 92 94 96 97
181 24 25 26 27 28 31 36 39 41 44 45 47 48 50 51 52 54 56 58 61 62 69 70 71 72 75 82 83 84 85 89 91 95 98 99 100
288 25 29 34 40 44 47 49 52 53 54 56 58 60 61 62 63 64 66 67 69 72 73 75 76 78 82 83 89 90 92 95 96 97 99 100
300 27 29 32 35 36 38 39 46 53 60 62 63 65 69 70 72 73 74 75 79 82 84 85 86 88 89 91 92 95 98 100
132 34 35 36 38 43 45 47 48 51 52 56 61 66 68 69 70 71 74 75 78 79 80 81 84 86 88 91 92 98 100
288 31 32 40 41 42 45 47 49 50 53 55 56 59 61 62 64 65 67 68 73 74 76 78 80 86 87 88 89 90 94 96 99
290 29 35 39 41 43 45 46 47 49 50 53 56 57 59 61 62 63 64 65 66 71 72 73 75 78 86 88 89 91 92 97 99 100
105 35 38 40 44 46 48 50 54 58 59 64 66 70 72 73 74 75 79 81 84 85 91 94 95 99 100
29 34 37 40 42 45 49 53 55 57 58 61 64 67 69 78 79 82 84 85 91 92 94 96 99
120 35 37 40 47 58 59 61 62 67 68 69 70 73 74 75 80 81 85 87 91 92 100
134 35 36 37 38 48 49 50 51 52 54 58 61 62 64 66 69 70 76 77 79 80 85 86 87 88 89 90 91 92 93 98 100
122 38 45 46 47 48 49 50 57 58 59 60 61 63 64 65 68 71 74 75 76 82 83 84 87 88 89 92 96 99 100
71 36 37 39 41 42 43 45 47 48 49 50 52 57 64 67 68 73 75 79 80 81 83 91 92 93 97
104 48 50 52 55 56 57 58 59 60 61 64 74 78 79 80 81 83 84 85 92 93 94 98
41 42 44 50 51 54 55 56 57 58 60 62 63 66 67 68 69 70 76 79 81 83 84 85 86 91 93 94 98 100
46 38 39 40 42 44 50 52 53 61 64 66 67 70 78 80 81 83 84 85 86 90 91 92 93 96 97 99 100
39 39 40 43 47 48 49 50 52 53 54 56 57 60 63 64 65 66 69 70 71 72 74 75 79 80 81 83 84 87 89 90 92 94 97 98 100
92 41 46 48 55 58 59 61 70 73 74 75 79 82 83 84 86 87 88 92 93 100
16 43 45 46 47 48 49 52 54 59 60 62 63 65 67 68 70 71 72 75 77 78 81 85 90 91 94 95 96
297 44 45 46 51 52 54 55 56 57 61 69 71 72 74 76 77 78 81 82 84 85 87 88 92 94
256 43 48 51 52 54 57 60 61 62 68 74 77 80 82 83 88 92 93 96 98 100
81 44 48 53 58 59 60 61 63 65 67 70 72 74 75 76 77 83 85 87 89 91 93 97 99
60 46 48 49 51 55 56 61 62 63 64 65 68 71 73 78 79 85 87 89 91 93 94 95 97 98 99 100
41 47 49 53 56 63 65 68 69 70 73 76 77 80 81 84 86 92 96 97 98 99
134 47 51 53 54 56 57 61 63 69 80 81 85 87 88 90 96 98
42 50 52 56 57 59 60 62 67 68 69 71 74 76 78 82 84 87 88 90 91 96
286 51 53 55 59 61 65 69 72 76 77 78 79 81 85 86 87 89 96 97 98 99 100
133 51 53 54 56 57 58 59 61 65 73 75 76 78 81 84 91 93 96 98 100
104 52 53 54 55 56 59 63 64 67 69 75 77 78 80 81 82 84 90 92 94 95 97 98
277 52 54 58 63 64 66 68 69 71 72 73 75 78 81 83 84 85 86 88 90 98 100
52 56 57 58 59 62 64 66 69 73 80 81 82 84 85 89 91 95 98 99
69 54 55 57 58 60 63 65 67 68 69 72 74 77 82 86 89 90 91 92 94
97 56 63 72 73 75 76 83 84 86 88 89 91 93 96 97 98
228 56 60 62 63 65 66 71 73 74 75 77 86 89 94 97 100
69 63 64 69 70 77 81 82 83 84 89 90 93 95 97 100
45 62 65 67 68 72 75 77 82 83 92 97 99 100
189 59 62 63 67 70 71 74 85 86 88 90 92 94 95 99
193 60 61 65 66 68 69 70 75 77 80 81 82 85 88 98 99 100
281 62 63 64 65 66 67 70 75 76 80 81 82 83 84 88 89 90 93 94 96 97 99 100
70 64 67 74 75 76 77 79 80 81 83 84 87 95 97 100
192 63 64 66 67 68 72 75 85 91 93 99
79 65 70 71 74 78 80 82 86 88 96 99
225 65 68 70 73 74 77 81 82
165 68 70 80 81 85 94 95 96 98
193 68 71 73 75 77 81 84 86 87 88 89 91 94 96 100
296 68 69 70 71 72 73 76 77 78 79 82 84 90 98 99
171 70 72 73 76 79 81 86 88 90 93 98 99
276 72 74 75 76 79 81 88 89 92 94 95 96 97 98 99 100
56 71 74 77 81 87 89 90 91 93 96 100
56 74 77 78 90 91 93 94 96 98 99
45 76 78 79 84 86 87 92 93 95 98 100
278 76 77 78 85 88 94 96 97 99 100
262 77 85 91 93 95
181 76 77 78 82 84 89 90 94 95 96
56 80 84 85 88 89 92 94 95 97 100
61 78 81 84 85 86 88 92 94 96
102 81 83 84 86 87 89 90 91 94 96 99 100
30 86 87 91 94 95 96 97 98 99 100
112 82 84 86 87 89 93 94 95 100
96 82 85 88 89 95 96 100
219 86 88 90 91 94 96
138 85 92 97
258 90 93
121 88 89 92 96 99
81 89 91 92 95 96 98 99
85 88 89 95 98 99 100
114 92 96 98 100
254 94 96
17 94 97 98 99
260 92 99
159 94 95 97 98 99
157 95 96 97 100
207 95 96 97 98 99
224 96 98 99
150 100
47 99
61 99
236
270
