75	5	10000	1
0	293	17
0	720	11
0	950	18
0	689	11
0	222	18
2030 2 4 5 9 11 18 31 35 36 38 45 46 47 49 52 54 55 56 58 59 62 64 65 66 68 69 70 71 73 75
2766 3 4 7 9 11 13 14 16 20 22 26 28 29 30 33 37 39 41 44 45 47 48 49 51 53 58 60 61 64 67 68 75
2900 6 8 12 14 16 18 19 22 23 24 25 28 31 35 36 39 40 43 47 53 54 55 57 58 64 67 68 69 70 72 73 74 75
2623 5 6 8 11 15 23 24 27 29 32 33 38 39 43 45 46 49 50 52 54 55 57 61 65 66 69 70 71 73 74
1691 8 9 11 13 14 16 17 21 27 28 30 33 34 36 37 40 41 43 44 50 52 55 58 64 67 69 72
2753 7 9 12 14 15 19 20 23 24 27 28 29 33 34 38 39 41 42 44 45 51 52 53 54 56 59 61 64 67 68 71 72 73
1891 8 9 10 12 13 14 18 20 22 30 36 40 43 49 50 55 57 61 63 64 65 70 72 73 75
1664 11 12 13 14 15 16 19 21 22 23 24 28 29 30 32 34 35 39 40 44 47 54 55 58 61 62 64 68 69 72 73 75
2621 12 27 28 32 33 34 35 36 37 41 43 44 53 54 55 59 60 66 68 71 73 74 75
2721 14 16 17 23 24 25 31 32 33 34 36 39 44 46 47 48 49 50 51 53 54 56 59 62 64 66 67 68 70 71 73
2754 13 16 17 18 19 20 25 27 28 29 31 33 34 35 36 44 45 46 51 52 54 60 61 62 65 66 70 72 73
1683 13 17 19 20 23 30 31 32 33 34 36 39 40 43 45 46 49 50 53 54 55 56 57 61 62 69
1664 17 20 21 25 26 27 29 33 34 40 41 44 45 46 48 54 55 57 58 59 63 64 66 70 73 74 75
2496 18 23 28 29 30 31 32 33 36 41 42 44 49 50 51 53 55 56 61 65 66 69 71 72 73 74
1799 17 18 22 25 27 30 35 36 37 39 43 47 48 51 56 62 63 66 68 70 71 72 73 74
1554 17 19 20 22 23 27 29 31 32 42 43 46 47 49 51 56 59 60 61 68 69 72 73 75
2800 22 24 25 27 28 30 33 35 48 50 54 55 56 57 61 63 64 65 67 70
2631 19 21 22 28 30 31 32 37 42 45 46 48 51 52 54 56 59 62 63 64 65 67 68 69 70 71 73 74 75
2995 23 28 31 32 33 34 37 40 41 43 46 47 48 50 53 56 58 59 64 68 69 74
1791 21 25 26 29 31 32 33 36 37 38 40 43 44 45 48 50 55 56 57 58 62 64 65 66 68 69 70 72 75
2735 22 24 29 35 37 41 43 49 58 68 69 71 73 74 75
1882 25 26 30 36 39 43 44 47 48 50 51 54 56 57 58 59 63 66 67 70 71 73
1806 25 26 27 28 33 34 39 41 43 44 47 49 52 57 59 63 64 66 71 72 73 75
2891 28 30 32 37 42 44 45 48 54 55 59 61 62 63 66 68 69 71
1533 26 29 45 48 52 56 57 58 61 64 66 69
2261 28 30 33 35 36 37 38 43 44 49 51 52 53 55 56 59 60 61 62 66 67 74
2181 28 36 42 43 44 45 46 49 54 56 60 65 66 67 68 70 71
1592 31 35 36 38 40 44 47 48 50 55 59 60 63 69 75
1786 30 32 33 35 39 41 42 44 46 47 49 50 56 57 60 61 62 64 66 67 68 69 70 71 74
2590 33 34 35 36 38 40 41 42 50 55 57 58 59 60 61 65 74
1702 32 34 37 39 40 41 43 45 48 49 51 52 53 54 55 61 62 65 69 72 73
2466 35 36 37 39 40 41 43 44 45 52 54 55 57 58 59 60 62 65 71
2389 34 35 39 41 42 43 44 46 47 49 50 51 53 56 66 67 71 72 73 74 75
2751 42 43 44 47 54 55 57 58 60 61 63 71 72 75
2941 36 40 43 48 52 54 56 58 59 60 63 67 70 71
2540 38 45 46 47 50 51 53 55 61 63 64 67 75
2628 44 49 50 51 53 54 55 56 58 61 64 66 67 68 69 72
2947 40 42 43 44 46 47 53 54 56 63 64 66 70
2606 40 44 48 50 51 56 58 61 65 66 69 70 72 73
2411 41 45 46 47 48 49 55 64 67 69 70 74 75
1876 43 48 49 50 52 59 61 62 64 67 68
2475 43 46 49 51 55 56 61 62 66 67 68 72 75
1668 44 46 48 52 53 55 56 57 59 63 64 68 69 71 73 75
2754 45 46 47 48 50 52 56 58 70 71 72 74
1889 46 48 54 56 58 61 66 67 70 75
1739 47 50 51 52 53 57 59 60 61 67 68 73 74 75
2361 48 49 50 51 55 60 62 68 69 70 72 75
2121 49 52 54 59 60 62 63 64 65 68
2233 52 53 55 59 65 69
2406 53 56 57 58 60 61 65 66 74
2954 52 57 65 68 70 72 73
2182 54 57 61 65 66 68 69 72 73 74
1723 54 57 58 64 65 66 68 73
2149 55 58 60 62 67 68 73 75
2944 59 62 66 69 73
2508 57 60 61 63 64 65 66 68 71 73
1627 58 59 62 68
2495 63 64 65 68 70 74 75
1947 62 67 71 74
1785 65 69 70 71 72 75
1800 68 74
1706 63 64 66 67 69 73 75
2033 65 68 70 71 72 75
1954 68 69 70 72 73 74 75
2417 69 71 72 73
2703 69 75
1995 70 72 75
2899 70 71 74
2064 75
1982 72 73
2358 74 75
2063
2790 75
2798
2733
