100	5	10000	1
0	613	25
0	340	16
0	1322	21
0	1987	18
0	1005	20
1160 3 4 5 6 7 8 9 10 12 14 15 17 18 19 21 26 27 28 29 30 31 33 37 39 41 42 43 54 55 57 62 68 70 74 80 81 83 84 87 88 89 90 92 93 94 95 98 100
2632 4 5 7 8 10 20 22 23 24 27 30 35 39 40 43 44 47 49 50 51 53 64 66 68 70 71 73 77 82 85 87 91 94
2901 11 13 17 18 26 28 34 37 39 40 41 48 49 55 58 60 63 65 68 73 76 77 78 79 82 85 86 87 89 90 94 99 100
2347 5 7 9 22 23 25 26 28 32 35 36 38 39 43 45 55 64 65 70 71 72 74 75 76 77 80 82 85 86 87 89 100
482 7 9 12 13 14 17 18 21 23 25 28 30 31 33 34 35 39 40 41 42 44 45 49 59 63 64 65 66 67 71 74 82 84 86 88 89 97 98
2606 10 13 14 16 18 27 28 29 30 31 33 41 43 45 48 52 57 58 62 64 66 68 69 72 75 80 94 97
882 10 11 12 13 16 21 22 23 25 26 28 29 33 37 39 41 42 47 48 49 52 54 56 60 63 64 66 67 71 73 78 81 85 87 91 92 95
429 11 13 14 18 20 22 23 24 26 28 29 30 33 34 40 41 42 44 45 47 54 55 58 59 62 63 67 68 70 71 75 77 78 79 80 82 83 86 88 90 92 93 94 98 100
2342 12 15 16 23 24 27 32 33 34 36 40 42 44 47 48 51 52 54 55 58 60 65 67 69 71 73 74 79 81 83 84 85 87 90 97 99
2542 11 15 17 19 20 21 22 33 35 42 43 46 49 50 53 54 60 61 63 65 66 69 71 73 75 77 79 84 85 87 92 93 96 97 98
2609 12 13 17 21 23 26 27 29 33 34 35 38 40 41 43 46 48 49 55 57 60 61 62 64 71 79 80 82 83 84 85 89 93 96 99
467 14 17 18 20 21 22 23 24 28 35 40 41 43 47 52 55 60 62 63 64 68 74 78 83 84 86 87 90 93 94 95 96 97 98 99
428 19 22 24 25 31 34 35 38 39 40 41 42 43 44 45 48 49 52 56 61 63 67 73 74 77 80 83 86 88 90 92 93 98 99
2092 15 16 25 26 29 30 31 33 35 42 45 46 47 50 56 57 58 59 63 64 68 72 73 74 75 76 78 79 83 86 89 91 92 93 96 97 100
699 17 19 25 30 34 35 38 42 43 44 45 46 47 48 50 53 54 59 64 66 68 70 73 74 76 77 81 83 84 87 88 89 90 92 95 96 100
209 17 18 19 21 22 26 29 31 34 36 39 40 41 42 43 45 51 55 59 63 64 66 68 76 80 81 87 88 91 93 97 98 100
2700 21 23 24 25 26 27 28 29 31 32 33 35 41 44 45 49 52 69 70 73 74 75 77 79 84 88 89 90 91 96 98 100
2580 19 21 24 27 29 31 33 35 37 38 41 42 45 48 49 51 53 54 55 56 57 60 61 67 74 78 80 83 86 87 88 90 92 94 99
897 20 21 25 29 32 34 35 36 41 44 45 48 52 57 58 61 63 70 73 80 81 84 87 90 92 93 97
2882 21 22 26 30 31 32 37 38 39 41 42 44 45 47 52 53 54 55 57 61 64 65 68 70 75 79 80 81 82 83 86 88 89 92 95 97 98
2329 22 23 24 27 28 29 30 32 34 35 37 44 49 54 57 58 60 62 64 65 70 72 73 76 78 82 86 88 99 100
1164 27 28 30 33 49 52 63 67 68 69 71 72 73 75 78 81 82 86 87 89 90 91 92 95 96 98 99
1004 26 27 29 33 35 38 40 42 48 52 54 55 56 58 60 61 64 66 68 69 72 75 78 82 84 85 91 95 99
2749 25 28 30 34 37 38 44 49 51 52 53 56 60 65 68 69 72 74 76 83 86 88 89 91 92 96 97 98 100
2162 26 27 28 29 37 38 40 41 42 44 45 47 50 53 54 56 58 60 62 64 65 70 72 74 75 77 81 82 84 86 89 91 93 94 97
2363 32 33 34 35 36 37 40 41 45 46 47 48 49 53 55 57 59 60 62 63 64 65 66 68 70 71 73 75 76 78 79 85 86 88 90 95 96 97 100
1432 29 35 36 40 41 44 45 47 50 53 56 58 60 64 65 66 67 68 70 72 75 77 78 84 86 87 88 90 92 93 94 95 98
683 29 33 35 36 44 45 48 51 52 53 54 58 59 62 64 65 66 68 69 70 72 73 76 79 82 84 85 86 87 93 94 98 100
2570 35 40 41 42 43 44 45 46 47 48 49 50 51 52 53 55 56 57 60 61 62 63 72 73 75 76 80 81 85 87 89 92 98 99
864 32 37 38 39 42 43 50 51 52 53 55 57 59 62 65 67 68 72 73 75 81 83 85 87 90 92 96 97
712 36 39 40 41 45 46 50 51 52 54 55 59 60 64 67 69 71 72 73 75 76 77 78 81 85 87 90 91 93 94 95 97 98 99
2883 33 36 37 39 43 46 47 48 49 51 53 54 55 56 64 65 68 69 71 73 74 79 81 84 91 93 95 96 98
166 35 37 38 46 50 52 57 59 62 63 68 74 75 77 88 92 94
1623 35 39 42 44 45 46 47 48 52 55 56 57 60 64 67 74 75 76 78 79 82 84 87 92 94
1462 36 38 39 42 44 46 48 49 50 51 55 56 62 63 65 66 69 70 72 79 81 82 86 93 96 97 100
285 37 38 39 40 43 49 57 58 61 64 74 75 76 85 86 88 89 90 93 95 98
2583 40 41 44 45 46 51 52 54 57 58 62 69 72 74 76 80 81 87 89 92 94 97 99
607 39 40 44 47 49 50 52 55 56 58 61 62 64 66 67 68 71 72 74 77 78 84 86 88 89 90 94 97 100
2957 44 46 47 48 52 54 56 57 61 65 66 67 70 73 75 76 77 78 79 84 94 95 96 97 100
337 41 42 43 44 45 47 50 52 57 58 60 61 63 64 65 66 68 69 70 72 79 81 83 84 86 88 89 92 93 94 96 100
763 42 43 45 49 51 54 56 59 61 64 71 76 79 83 84 89 92 95 100
672 43 47 53 54 56 59 61 66 67 69 70 75 79 81 83 87 90 91 93 95 96
2281 44 47 49 50 54 55 56 57 61 62 66 70 72 74 75 76 79 83 85 88 90 95 97 98 100
504 46 47 49 53 56 58 62 64 65 69 71 72 73 74 79 80 82 86 89 91 92 96 98 100
2033 46 51 58 60 61 62 64 65 68 69 70 71 76 78 79 81 86 92 94 95
1878 49 53 54 55 57 59 60 63 67 70 71 74 75 77 81 82 86 88 89 92 94
2602 50 51 52 55 59 60 63 64 65 69 73 77 78 79 82 84 85 90 94 98 100
2180 57 59 61 62 64 73 75 79 80 81 82 100
2357 54 56 58 59 63 66 67 69 70 71 74 77 78 79 83 85 86 88 89 91 93 95 97 100
2994 51 52 53 57 59 68 75 77 79 80 83 90 93
2313 53 54 60 61 62 63 66 70 73 74 75 79 84 85 87 88 89 90 93 94 95 100
1922 55 68 69 70 71 72 73 74 75 78 80 83 84 86 88 90 93 94 95 96 100
853 55 57 60 62 63 64 66 67 69 70 71 73 74 75 76 78 80 86 87 89 91 92 97 98
2051 58 63 65 72 74 76 77 80 82 87 92 93 94 95 99 100
437 57 59 60 61 62 63 67 69 71 73 78 80 83 86 87 90 91 93 95 99
2609 59 60 61 64 66 69 70 73 76 77 79 80 82 83 86 87 89 90 91 92 95 96 97 98 100
879 58 61 62 64 65 67 70 71 76 77 80 82 87 91 92 97
579 59 60 66 69 77 78 79 80 83 85 89 92 96 97 99
575 60 61 63 64 70 74 76 83 87 88 89 90 92 95 97 98 99
1534 62 63 64 67 69 71 72 81 83 85 87 88 90 91 93 94 96 99
1568 62 68 72 74 75 76 77 79 83 85 91 95 97 99 100
2268 63 64 66 67 69 70 71 78 79 87 89 90 94 99
1822 66 67 68 79 80 83 85 89 93 94 95 98
1342 67 69 71 75 81 82 84 85 86 89 91 96
1566 67 68 71 73 75 77 79 80 84 86 94 95 97
1913 67 70 76 77 78 80 84 87 88 89 91 92 96 97 98 99
2836 68 72 80 81 82 83 84 87 92 94 95 97
1464 69 70 75 76 79 81 83 90 91 92 94 95 97 98 99
546 70 76 77 81 84 85 86 87 88 90 92 95 97
1398 71 76 84 85 86 87 91 97 99
2988 74 75 81 83 86 87 89 95 98 100
2117 75 76 77 78 82 84 86 87 89 90 91 93 94 97 98 99 100
354 77 83 84 89 90 91 93 96
474 75 79 80 82 84 85 87 88 93 94 96 97
962 77 79 80 81 84 87 89 90 91 92 96 97
2641 80 82 83 85 87 88 90 97
838 79 80 83 86 88 90 92 93 95 100
261 82 92 94 98
916 81 82 84 86 87 94 95 98 100
2433 82 86 89 93 95 98 99
2090 83 87 88 98
994 83 88 96 98
670 85 86 87 92 93 95 98 99
701 85 87 93 95 96 97 98 99 100
512 89 95 96 99 100
1166 87 93 94 96 99
1008 89 90 96 97
1934 89 93 94 96 97
2506 93 96 98 100
1091 91 92 93 94 95 96 97
2899 95 96 98 100
1228 98
1064 96 97 99
1817 96 100
1227 97 100
2681
2697 98 99
2566
590
513
