200	5	200	1
0	22	44
0	30	35
0	39	39
0	21	38
0	21	44
41 11 16 17 20 21 22 25 36 45 46 47 49 57 58 59 62 63 64 65 67 72 75 79 81 82 84 88 89 94 95 97 98 105 107 108 112 117 118 119 123 127 132 134 137 138 142 147 149 152 153 154 159 161 163 167 171 173 177 180 189 194 195 196 200
48 3 5 6 9 10 11 13 16 29 31 38 42 45 57 59 62 63 66 70 71 79 80 85 101 103 106 110 112 121 125 128 132 133 137 138 140 145 149 150 151 154 156 160 166 167 168 170 171 174 176 177 179 180 181 191 196 197 200
59 10 18 21 25 27 29 32 43 46 47 51 54 55 56 57 59 60 62 63 70 83 86 87 89 90 93 98 100 102 103 105 107 112 114 120 128 134 138 140 145 155 158 166 167 172 174 176 177 178 187 191 195 196 199
53 7 13 15 16 23 30 31 34 37 40 42 46 49 50 51 57 63 64 69 70 71 73 80 81 89 94 96 97 102 105 106 114 115 118 119 125 127 128 129 130 134 135 137 150 152 155 157 162 167 170 183 188 190 197 199 200
7 19 20 21 22 27 33 35 42 43 45 50 53 57 66 67 70 75 80 81 86 90 94 95 99 103 104 107 112 113 115 120 121 123 129 132 135 136 140 141 146 168 171 175 176 180 182 187 189 191 197 198 199
41 15 19 23 25 27 29 33 44 45 49 55 56 63 65 66 71 73 78 79 80 85 88 92 95 96 97 105 107 108 113 114 115 118 127 132 135 137 139 140 142 143 147 148 151 153 162 164 167 177 179 182 184 185 186 195 199
14 9 14 15 18 19 27 29 36 49 50 51 54 55 58 59 71 76 77 78 83 88 89 94 97 99 103 109 110 115 119 123 133 136 138 139 147 148 149 150 159 161 162 163 165 170 174 175 180 182 187 189 190 191
7 10 19 20 23 27 28 31 32 33 42 45 47 48 50 53 56 57 59 62 63 73 74 77 78 79 84 85 91 92 93 96 97 98 101 104 105 113 116 120 121 123 124 125 127 133 138 142 143 144 150 153 154 156 164 166 167 168 169 171 184 187 190 197 199 200
21 17 19 22 23 36 40 44 45 46 50 52 53 59 63 69 80 81 83 91 93 96 98 99 102 106 107 109 111 116 120 127 130 135 145 156 164 168 169 171 173 175 177 178 182 184 187 189
37 15 16 21 23 26 30 37 38 39 44 46 48 52 54 55 57 58 68 72 74 87 90 94 96 97 99 105 109 113 114 117 124 125 126 130 133 140 156 157 158 161 163 168 175 176 181 184 189 190 193 194 198
7 12 18 19 24 27 30 32 35 37 40 43 44 46 47 48 52 60 70 71 74 78 80 82 90 97 104 106 115 116 117 120 121 122 123 128 137 138 143 145 150 161 165 168 171 173 175 184 188 191 195 198 200
59 13 14 15 18 26 27 31 33 34 37 38 48 49 52 53 54 55 60 61 63 66 67 70 73 75 76 81 83 85 90 92 93 97 99 101 103 104 107 118 119 127 132 133 134 136 145 147 155 157 163 164 165 173 174 180 183 188 190 193 197 199 200
33 22 24 27 29 31 33 34 38 41 42 45 46 50 58 62 65 68 70 72 73 76 77 80 84 85 86 87 90 92 93 94 96 98 100 105 110 117 120 124 128 131 132 133 136 138 140 142 143 146 147 148 153 155 158 160 162 166 169 170 171 172 173 174 177 179 182 185 193
48 16 20 22 28 36 42 46 55 56 62 69 75 79 84 92 94 97 99 100 101 102 105 108 114 116 125 126 128 130 131 133 134 138 142 145 148 155 158 159 162 170 174 177 178 193 195 200
8 17 18 19 20 22 25 26 29 32 33 34 40 43 49 50 55 56 62 67 72 74 76 77 78 88 92 94 102 105 107 114 122 124 126 130 136 138 139 140 142 147 148 149 150 151 152 153 156 159 160 164 166 171 173 174 176 177 185 190 192 193
3 22 24 25 32 34 35 37 41 45 47 48 49 54 61 62 66 69 73 74 79 80 82 88 111 112 115 119 121 124 127 128 131 133 139 142 149 153 156 157 159 164 166 169 173 175 176 186 193 194 199 200
42 18 22 27 40 42 45 47 48 54 57 59 64 68 74 78 88 96 98 99 103 110 112 116 117 119 120 122 123 124 132 137 138 139 142 145 147 153 162 168 169 170 175 183 190 197
4 24 29 32 34 35 36 41 42 43 45 47 59 62 63 68 72 76 77 78 87 88 93 96 98 100 102 104 108 110 119 121 126 127 133 134 135 136 140 142 143 145 150 151 153 159 161 166 176 178 188 190 192 194 195 198
32 29 33 37 39 44 48 52 63 70 74 82 84 86 88 94 97 102 106 107 116 117 123 124 128 130 135 139 147 148 150 163 166 168 169 173 176 185 189 191 196 199 200
45 24 25 32 38 39 40 41 52 53 54 55 56 61 62 66 67 69 73 76 77 81 82 87 88 93 96 97 99 101 105 109 112 115 117 121 123 125 127 135 136 138 146 148 150 151 157 158 160 167 168 170 174 176 179 181 187 188 197 200
36 22 25 28 30 40 43 48 50 51 58 59 60 66 71 73 84 86 87 90 91 92 96 100 103 105 110 115 127 130 132 133 135 138 141 145 146 149 151 154 156 157 160 161 162 166 167 169 175 183 188 196 197
55 23 28 29 31 32 47 48 49 54 57 60 62 63 68 69 71 73 74 76 79 80 83 84 89 95 96 100 102 109 116 119 126 134 136 142 145 146 147 149 153 154 156 157 161 166 169 175 178 180 190 192 193 200
34 25 26 37 46 53 54 56 57 63 65 77 79 80 86 87 90 93 98 99 100 106 107 108 110 111 112 113 119 123 124 125 129 133 136 137 143 148 153 156 157 158 165 168 172 178 180 186 188
52 26 32 37 38 39 42 52 59 65 66 77 78 79 83 84 91 93 94 97 99 100 105 108 109 112 114 115 117 128 129 130 133 136 137 138 139 140 142 144 147 151 152 153 164 170 172 173 177 181 188 190 195
40 36 45 48 50 51 53 57 60 64 66 68 69 71 77 78 80 82 89 90 92 95 99 107 112 114 116 121 125 130 131 132 138 141 147 150 153 161 162 163 166 174 178 181 182 189 190 195 199
31 27 28 30 36 37 38 40 41 42 50 56 58 64 65 69 71 74 77 78 80 83 84 86 98 99 100 104 105 108 110 112 115 116 117 121 125 126 128 129 130 131 134 135 137 139 140 149 150 155 156 157 158 159 162 164 166 168 169 171 173 174 176 178 180 182 183 184 186 188 193 194
23 29 36 41 48 53 61 62 65 70 72 74 75 78 80 87 92 93 96 99 109 110 111 112 113 114 115 125 129 130 138 140 144 145 151 155 163 167 170 173 176 179 187 189 190 191 195 196 199
36 32 38 43 45 46 47 50 51 52 53 59 60 66 68 74 79 82 87 90 93 103 107 116 119 122 123 124 128 129 130 134 138 139 146 149 151 154 156 158 162 165 166 169 181 188 192 198 200
2 30 32 38 39 41 42 47 55 62 67 68 72 77 80 85 86 92 93 98 99 102 103 107 108 114 119 126 132 135 138 139 142 144 148 149 150 157 158 159 169 176 178 181 194
12 32 33 39 42 45 48 50 55 59 71 75 78 86 88 89 90 91 92 94 97 98 101 109 116 118 121 122 124 125 127 128 136 139 140 145 148 155 161 163 167 173 175 177 183 185 195
58 34 42 45 58 62 69 70 73 74 77 84 89 91 96 98 100 105 112 113 116 124 125 128 134 136 141 143 147 150 152 159 161 162 165 167 176 181 186 189 190 192 194 196
33 34 36 44 47 48 49 50 51 52 55 61 62 63 64 67 68 69 71 76 77 78 87 89 90 92 94 98 99 101 107 109 117 119 120 121 126 130 133 134 135 138 139 140 141 156 164 169 171 174 177 178 179 182 189 190 191 192 194 197
55 34 35 44 46 47 49 50 52 53 55 56 59 61 78 80 96 98 100 102 106 108 113 115 119 120 121 122 128 130 133 138 140 144 152 160 164 165 168 169 170 178 182 183 184 195 196 199
15 36 46 48 50 52 58 64 68 69 75 78 81 86 88 92 93 95 96 97 98 99 101 106 109 110 112 113 115 116 118 119 122 124 130 131 134 143 149 150 152 154 157 158 160 162 165 167 168 173 174 180 187 188 189 194 195
47 36 40 41 42 45 47 54 57 62 65 66 68 71 77 79 86 87 89 91 97 110 116 117 119 122 127 129 131 134 136 139 142 147 151 153 154 155 157 160 162 165 166 172 174 176 179 186 189 191 192 198 199
54 37 38 43 48 50 52 57 58 61 62 64 75 76 77 79 86 91 92 94 96 107 108 112 114 121 123 124 129 130 133 134 135 137 138 139 142 144 145 153 154 155 157 158 169 178 181 186 194 195 197
14 40 45 47 49 54 68 69 70 77 78 80 82 85 87 93 95 96 97 99 101 106 124 125 127 129 132 135 136 141 142 148 149 150 160 161 162 163 167 172 173 174 175 181 184 185 186 188 190 192 198
40 39 46 47 50 52 57 59 62 63 64 66 68 70 71 73 75 81 82 92 95 98 101 106 108 118 123 124 132 140 143 147 153 157 160 163 164 168 170 172 178 179 181 182 184 185 186 190 193 200
3 40 41 43 44 45 47 57 59 61 63 64 67 72 74 75 76 81 84 86 88 90 92 94 99 100 102 103 112 113 114 116 122 128 132 137 139 141 144 146 150 158 159 164 171 172 177 181 183 185 188 189 192 194 196 199 200
57 43 45 55 60 61 62 66 67 77 78 79 82 88 89 92 93 95 98 102 104 107 112 113 116 122 125 133 134 140 145 148 150 152 153 154 157 158 159 164 167 168 173 174 181 193 196 198 200
4 43 45 48 50 51 55 59 60 73 74 77 79 85 86 90 91 92 96 100 103 105 106 107 108 112 113 114 119 120 121 124 126 130 132 133 134 137 139 144 150 151 154 157 159 162 169 174 178 181 182 183 186 196 199 200
15 48 49 51 53 65 67 70 74 76 78 80 91 113 116 119 123 125 127 133 135 145 148 150 158 163 166 169 171 173 179 181 200
56 44 48 50 51 52 58 59 62 64 65 66 74 75 78 81 82 83 91 97 100 102 104 108 109 111 120 124 126 127 130 135 139 141 142 143 144 148 149 153 154 156 157 158 162 170 173 174 176 177 179 180 186 190 191 192 193 196
10 47 49 50 63 75 88 92 94 98 106 107 108 112 115 118 119 120 121 124 132 134 136 138 148 149 151 152 155 156 161 162 167 168 170 172 177 181 182 183 185 187 188 193 197 198 200
34 47 48 52 54 64 68 71 80 85 88 90 95 96 99 106 107 108 114 115 116 117 126 127 128 130 131 134 136 146 152 154 156 162 163 164 165 168 169 175 180 184 187 189 192 193 195 196 199 200
20 48 49 51 53 65 66 68 69 71 76 77 83 86 87 90 98 99 103 110 115 116 122 123 124 125 138 140 146 150 151 154 155 158 159 163 164 170 171 173 174 179 186 190 192 194 195 198 199 200
50 50 52 54 55 62 63 64 66 67 76 81 83 88 91 93 95 98 103 104 107 108 109 111 117 119 122 126 135 136 137 139 140 142 145 150 155 157 158 161 166 167 169 173 174 175 176 177 179 181 184 185 187 188 191 192 193 194 196 199
21 50 51 53 55 60 70 71 73 74 75 76 78 80 88 89 92 96 97 99 102 103 106 110 111 112 118 125 128 133 137 138 145 149 153 159 162 163 164 167 177 178 180 181 184 186 188 195 196
37 53 56 57 61 62 70 72 73 76 78 82 85 88 91 92 100 101 103 112 116 117 118 120 121 125 127 128 130 133 136 139 141 144 145 148 150 152 156 161 162 163 164 167 173 174 175 176 181 183 185 188 193
53 52 53 54 64 70 72 74 75 80 83 84 85 86 87 91 95 97 102 104 108 117 119 120 122 123 124 126 127 129 133 134 137 138 140 142 153 154 155 156 159 160 163 167 170 171 174 183 184 189 190 194 198 200
53 55 58 59 61 67 68 69 72 75 77 82 86 90 95 98 105 108 109 110 111 112 114 115 119 121 123 124 125 126 128 129 143 144 160 172 176 178 185 188 189 191 193 197
54 54 55 57 58 59 60 62 64 65 66 67 72 74 75 77 80 85 89 94 99 102 103 105 106 110 117 118 119 120 121 123 124 132 134 141 142 146 147 151 155 157 158 161 162 164 175 176 178 184 189 190 191 192 199
4 57 68 70 72 74 76 79 81 85 87 88 91 92 94 101 103 104 106 108 111 112 115 133 141 148 150 155 158 159 160 161 165 166 174 175 176 177 178 181 185 190 191 196 197
58 56 63 65 66 74 83 86 87 89 92 98 101 106 111 113 114 116 118 119 125 128 133 135 144 145 147 150 151 153 155 157 168 169 172 174 175 178 179 187 191 198
4 57 60 61 64 69 72 73 76 80 84 95 96 101 106 108 110 113 115 120 122 125 126 127 132 134 140 146 156 158 165 171 172 173 174 178 180 183 187 194 198
56 58 59 60 71 74 81 90 92 95 97 102 106 108 120 123 129 130 131 132 134 145 149 154 158 167 176 180 182 189 194 196 199 200
59 63 67 69 71 72 80 83 84 90 91 96 100 103 106 111 114 122 123 125 126 129 136 139 143 154 161 167 177 180 181 185 186 189 192 193 196 198
17 63 64 77 90 92 96 98 99 108 111 113 129 133 135 142 151 154 155 156 159 161 163 164 166 169 171 179 180 181 186 193 197 198 200
25 61 64 65 68 69 73 74 78 80 82 85 88 90 93 94 102 105 106 108 110 113 114 115 116 119 120 124 126 130 132 133 136 137 139 140 142 143 146 151 155 157 162 163 166 169 172 178 187 189 190 192 193 194 195 197 199
23 61 63 73 75 78 79 80 82 85 89 94 95 98 102 107 108 110 115 118 120 122 123 124 125 126 128 140 141 149 155 164 165 166 169 170 174 179 182 183 184 189 190 193 195 198 199
56 62 64 74 87 88 89 92 98 100 105 108 114 120 126 128 133 137 150 151 152 155 156 158 168 170 171 172 174 175 176 183 184 192 193 195 197 198 200
4 65 66 67 68 75 80 82 86 87 92 97 100 102 107 108 109 113 117 118 122 125 130 131 133 134 139 144 146 148 149 153 158 162 167 168 169 173 177 178 185 190 192 193 196
40 69 70 72 83 85 93 94 95 96 98 107 111 112 114 119 121 125 129 133 147 160 161 162 164 166 168 185 186 189 197
13 65 70 72 84 85 87 89 91 92 94 106 109 110 114 117 127 130 132 133 139 140 143 145 146 147 151 153 156 158 169 172 173 174 176 178 181 183 184 186 187 189 190 191 192 194
48 80 82 87 89 91 92 100 107 118 120 121 128 129 130 131 134 142 146 147 153 154 163 170 173 178 187 195 198
6 67 70 71 73 74 76 78 80 82 84 87 88 89 97 99 100 102 107 112 113 115 122 128 131 132 133 134 135 136 138 140 141 148 152 154 157 160 165 171 173 178 180 181 184 188 189 197
51 68 72 77 80 84 89 92 93 97 107 108 110 111 112 113 115 138 141 142 144 147 164 168 169 170 171 172 174 178 179 182 184 185 190 192 193 194 195 200
56 69 70 72 75 76 79 81 83 87 88 91 93 96 98 99 101 102 103 105 107 114 125 128 129 134 135 139 141 142 143 144 150 152 167 172 179 185 188 189 190 192 196 198 200
23 73 82 93 97 98 99 100 104 105 115 122 124 126 127 128 131 135 136 137 145 149 150 151 152 154 156 157 163 168 169 173 174 175 176 177 181 182 183 184 189 193 195 197 198
2 71 74 85 86 89 92 93 94 98 101 107 109 112 125 131 133 135 137 138 145 146 148 149 150 153 158 161 163 166 167 170 172 177 178 181 184 187 194 196 198
50 74 77 80 81 82 84 85 87 92 97 99 106 110 111 113 114 125 126 128 130 138 141 143 146 156 157 161 163 172 179 182 184 190 193 196
16 79 80 81 84 86 92 94 96 98 100 106 112 113 118 125 130 138 139 148 159 172 176 177 181 185 196
30 76 82 86 87 88 89 91 108 110 116 124 133 139 142 162 164 171 173 174 180 182 188 192 193 196 198
2 75 77 78 81 84 90 91 92 95 98 100 101 105 108 109 119 123 127 128 136 141 142 144 148 149 150 154 156 158 164 166 171 173 174 175 177 179 182 184 190 193 196 200
57 77 82 86 89 91 97 110 119 123 132 139 141 145 148 153 155 160 164 169 171 179 182 183 187 188 189 191 195 199
8 79 80 84 87 90 93 95 97 106 107 110 117 118 119 128 129 130 132 136 138 147 148 151 156 157 161 170 175 180 181 184 185 191 192 196 199 200
19 82 84 86 88 91 93 94 95 97 99 101 103 107 110 112 123 127 128 133 135 136 137 145 146 148 149 155 158 163 165 167 168 170 174 176 179 180 183 185 186 187 188 190 193 196 200
26 82 86 87 102 116 120 127 128 136 139 140 143 146 149 151 152 154 157 160 164 165 166 167 172 176 182 190 196 200
19 83 89 90 94 95 96 98 99 104 110 112 113 117 121 124 125 126 130 131 133 134 135 136 139 141 144 147 149 151 152 153 154 155 158 170 175 176 180 188 192
34 84 85 91 93 94 95 96 98 99 100 101 105 106 107 111 115 117 122 124 129 140 145 149 151 156 157 160 165 166 169 171 175 176 178 184 189 192 193 195 198 200
32 89 95 105 110 114 118 120 125 126 127 137 138 142 144 145 148 152 158 159 160 162 165 172 177 178 187 197
39 85 86 88 90 99 103 105 107 108 111 112 114 120 121 125 127 128 133 135 137 139 141 145 147 151 153 155 158 159 170 172 179 181 185 197
60 85 99 104 107 109 117 119 121 128 129 133 134 140 143 147 151 154 159 162 163 164 165 172 173 176 183 186 188 189 190 191 195 200
32 85 86 94 101 103 106 108 109 110 112 116 117 120 126 130 133 138 141 143 144 145 158 159 160 161 165 173 178 180 187 193 196 198 200
29 87 91 93 104 113 117 119 126 137 142 143 146 148 151 152 154 161 174 176 180 181 182 184 187 191 195
41 90 94 99 103 104 105 106 107 108 111 120 129 133 134 138 142 146 156 159 161 163 166 169 171 176 177 179 181 184 189 194 195
17 88 89 91 98 99 103 109 119 121 122 123 130 137 138 140 144 147 150 156 157 158 161 163 164 165 169 178 182 185 189 194 198
47 99 106 109 118 119 121 122 125 126 131 139 149 161 162 169 174 175 176 178 182 184 191 197 198 199
58 91 92 94 95 103 105 112 113 116 119 121 125 135 137 141 145 149 152 155 161 163 164 167 169 170 171 177 180 183 192 193 195 199 200
54 94 97 102 104 107 109 111 114 117 119 124 127 131 135 136 138 140 145 147 149 150 154 155 165 167 168 170 172 175 176 180 185 186 189 191 192 194 195 197
13 94 95 96 101 105 125 131 133 136 137 142 147 160 161 164 165 170 171 176 177 187 193 198 199
32 95 97 99 102 104 116 118 121 128 129 137 138 141 148 150 152 155 162 166 169 171 173 174 176 183 184 185 186 190 192 193 195 200
30 100 103 107 116 117 122 128 129 130 131 135 137 141 142 143 145 146 149 151 152 153 158 161 162 164 165 167 168 171 174 175 182 183 184 185 186 187 193 196
7 97 113 115 117 123 126 127 129 130 133 134 135 142 146 147 148 153 159 160 170 172 173 175 181 184 198 200
41 97 101 103 106 107 108 112 122 123 124 132 134 138 139 141 143 145 150 151 153 165 173 174 176 178 181 182 184 187 189 192 193 194 195 196 198
56 97 99 104 106 110 111 115 118 119 120 122 123 124 125 130 134 137 140 144 146 151 152 153 156 158 164 173 176 179 180 185 186 191 192 197 198
9 101 104 106 110 111 113 117 119 134 135 136 140 141 144 147 148 150 151 156 166 170 175 179 184 186 187 189 190 197
55 103 105 108 112 118 120 126 130 132 136 137 138 141 143 148 150 151 154 155 157 160 164 188 189 193 194 198 199
6 101 105 108 116 119 122 124 130 131 133 134 135 142 150 157 160 165 168 169 170 172 175 177 180 183 190 198 199
24 105 107 108 110 114 116 125 130 135 139 140 143 146 147 149 152 163 167 169 179 182 187 193 199
24 102 105 110 124 129 131 134 135 138 140 141 146 148 150 151 156 159 160 164 166 167 174 175 176 177 182 185 189 190 192 196
43 104 105 106 107 111 115 116 119 124 129 130 134 136 138 144 148 150 159 160 168 170 175 177 178 180 181 182 192 195 197
26 104 105 108 109 111 113 115 117 118 122 123 125 126 131 134 147 148 152 163 166 170 172 174 178 188 192 198
11 107 108 109 110 111 112 114 115 119 121 123 126 130 135 136 137 138 150 152 158 160 162 164 167 172 174 178 183 189 193 195
10 106 107 108 113 114 123 126 127 132 135 139 144 146 148 153 155 157 159 160 164 169 171 172 184 186 196 199
39 108 113 116 120 123 124 125 126 127 133 137 144 147 157 158 161 165 167 168 170 174 176 187 188 193 196
26 109 110 111 118 122 123 124 128 129 130 131 132 136 142 145 146 157 160 178 179 185 187 189 192 197 198
12 120 123 134 142 144 147 151 152 157 159 169 171 173 177 182 195
46 114 119 122 127 129 131 132 133 140 143 145 154 155 156 158 159 163 165 167 171 175 184 186 188 189 193 194 195 197
21 114 115 119 120 128 135 137 141 148 149 156 157 158 159 161 162 163 164 172 180 181 191 195 197
19 117 119 122 124 127 129 130 131 132 138 139 142 147 151 152 157 159 161 164 165 168 169 171 175 176 178 181 186 197
60 115 117 119 120 121 123 124 125 133 135 136 140 141 143 145 152 156 157 158 159 160 166 169 170 171 174 175 177 178 182 184 186 188 192 194 196 197 198
10 114 120 123 125 127 131 133 136 141 146 148 149 154 157 162 165 172 179 180 197 199
9 118 122 126 136 139 140 143 144 148 151 152 153 154 155 157 159 161 165 166 171 173 176 179 182 189 190
37 121 124 129 130 133 137 138 142 146 149 150 155 158 166 167 168 169 170 172 179 180 182 191 194 197
25 120 124 128 129 136 138 140 143 147 148 154 156 158 160 161 163 168 172 174 175 176 179 188 192 195 197 199
23 118 120 121 122 127 128 133 135 137 141 145 149 151 154 160 166 168 169 170 175 177 181 184 188 195 197
47 121 123 127 128 129 132 139 144 145 147 152 153 155 160 161 163 164 165 169 170 173 174 176 177 178 180 183 184 186 187 189 191 195 199
50 123 128 129 138 141 144 148 149 150 151 153 156 157 158 160 163 164 165 166 168 169 172 177 179 180 184 185 190 191 193 194 197 198 199
4 122 125 130 132 135 141 142 150 153 155 161 165 167 168 174 176 178 181 183 186 188 189 198
27 123 125 128 129 130 133 136 139 140 142 145 147 150 151 152 154 157 163 165 173 175 177 179 184 188 191 195
30 125 130 133 135 136 137 141 144 147 151 152 158 160 167 180 181 182 187 190 194 198
47 136 149 152 153 156 158 164 169 171 172 174 178 185 191 192 195 197 200
54 125 128 129 130 131 132 135 136 138 140 142 146 148 150 154 157 158 159 163 164 170 171 172 174 177 180 181 183 184 200
7 126 132 136 138 139 142 143 144 145 149 154 157 158 163 166 167 168 169 175 181 183 186 189 193 196 200
22 133 135 136 138 143 146 147 149 151 155 156 161 162 164 165 171 173 175 176 179 183 185 188 190 192 193 195 196 197 199
55 129 131 139 140 141 142 145 146 149 150 153 158 160 163 165 166 174 176 177 181 184 185 188 190 193 194 197 200
39 136 137 142 143 144 146 147 150 151 153 163 167 171 180 182 184 185 189 194 195 200
44 134 136 137 140 145 146 147 148 149 150 152 153 156 160 168 171 172 179 181 186 188 190 191 195 200
54 133 138 140 144 146 149 150 153 154 163 165 166 173 175 176 180 183 192 193 200
7 133 135 140 145 147 149 152 154 155 158 163 166 167 173 176 181 187 195 197 200
41 134 137 142 144 153 154 159 168 170 171 174 176 180 184 187 189 192 193 194 195 200
13 138 139 146 148 150 152 153 156 157 161 162 166 169 175 180 184 185 187 196 197
4 135 136 138 139 140 143 144 148 150 154 164 167 168 170 172 179 180 185 189 191 193 194 195 197 198
14 136 146 148 150 151 157 159 160 164 169 171 179 183 186 187 189 195 196 197 200
55 139 140 143 148 149 151 156 160 162 163 169 174 175 179 183 192 195 200
44 138 139 140 142 148 151 156 161 164 165 166 167 170 173 176 180 184 186 187 188 190 194 195 198 199 200
45 143 145 152 153 154 155 158 164 170 171 173 174 175 180 182 186 192 194 195 197 199 200
59 145 147 148 150 154 156 158 159 160 166 170 171 172 173 177 179 180 181 183 189 191 193 194 198
24 144 145 146 148 151 152 155 159 160 169 173 181 191 198
55 145 148 150 152 153 157 160 162 166 170 173 174 175 177 178 179 180 183 187 189 190 191 192 194 195 197 199
26 145 146 147 148 151 153 159 160 161 166 169 172 173 174 177 178 181 182 185 187 190 191 193 194 198 199
4 152 154 156 157 158 163 165 174 178 180 182 193 195 197 200
57 145 151 157 158 160 169 176 177 179 183 184 188 189 194 195 197 200
6 151 152 159 163 167 168 176 177 182 183 190 191 195 196 197 199
60 147 154 155 156 161 163 170 172 174 175 177 178 180 185 189 191 192 199 200
5 149 152 154 160 165 166 168 171 173 176 182 192 195 198
14 153 156 158 169 170 174 175 176 177 178 191 193 194 195 197 200
45 152 156 158 160 162 163 166 181 183 189 191 192 200
22 152 153 156 157 158 162 163 164 168 170 177 180 188 190 191 194 195 199
56 153 157 158 159 162 171 172 173 178 179 180 181 182 184 185 188 194 196 197 199 200
42 153 155 156 161 165 168 172 174 179 180 183 184 188 192 194 196 197
53 155 162 166 169 173 174 175 176 179 181 186 190 191 196 199 200
47 156 157 162 163 164 167 169 171 183 184 185 187 191 196 197
42 162 163 164 168 169 180 184 194 200
25 162 164 166 168 170 171 176 177 178 183 185 186 189 190 195 198
47 158 160 162 163 167 168 170 172 173 175 176 178 186 189 191 196 199
59 162 163 168 171 174 178 181 183 184 186 187 188 190 199
8 164 167 180 183 185 189 192 193 195 196 197 200
18 163 164 165 169 170 174 176 177 179 180 181 183 184 186 191 193 194 195 197
60 162 163 165 168 177 178 182 183 186 191 195
16 163 164 166 167 168 171 173 174 176 177 181 182 183 188 194 197
30 164 171 173 181 184 188 189 191 193 194 197
33 167 170 171 173 174 179 183 184 189 199
20 168 171 174 177 178 179 180 182 185 188 189 191 192 195 198
15 170 171 176 179 180 182 192 196 197 200
37 170 171 175 176 177 179 181 182 184 186 190 191 192 196 199
20 169 174 176 180 182 183 185 189 196 198
53 171 173 178 180 183 185 187 194 197 199 200
17 172 175 179 183 186 190 192
44 172 181 188 194
45 173 178 180 183 190 192 193
19 174 175 180 183 189 193 199
53 176 177 178 179 180 183 184 186 191 192 193 197
54 181 182 186 190 192 194 198 200
42 177 188 189 199
42 179 181 182 184 188 191 197 199
40 183 185 191 197 198 199
9 180 182 185 186 188 192 193 197 198 199 200
3 183 185 187 194 195 199 200
8 189 192 193 197 200
12 184 185 186 188 190 193 197
18 185 186 190 198
57 189 190 193
60 191 193 194 198 200
46 190 192 193 194 199 200
20 190 191 194 196 198
10 189 197 198
14 193 194 195
57 193 194 196 197 198 200
28 193 197 198
58 193
40 198
42 195 197
41 197 198 200
54 198 199 200
60 199 200
43 200
13
20
