200	5	10000	10
-4	590	44
-4	198	35
-1	730	40
-3	467	36
-5	1855	45
733 2 8 10 15 20 23 25 28 30 32 35 37 38 41 43 44 45 50 51 59 65 71 79 80 86 92 94 97 99 100 104 110 113 114 118 123 124 132 134 137 138 140 149 153 160 161 166 168 169 172 174 176 177 179 183 189 192 198
970 9 13 14 18 19 23 24 25 26 27 29 32 33 35 36 39 40 43 44 48 52 57 58 61 66 71 76 77 79 81 84 86 88 89 90 93 94 100 109 110 111 112 113 114 115 118 120 121 123 128 131 133 134 138 143 146 152 162 164 168 171 172 175 176 177 181 182 199
924 5 9 23 24 26 27 28 30 33 34 40 41 43 51 53 58 61 68 69 72 73 75 76 77 79 80 83 89 90 95 104 105 113 117 119 123 125 129 130 133 135 137 138 145 154 158 159 163 164 171 172 175 178 182 185 186 188 190 195
836 8 10 14 26 30 34 35 37 45 48 51 53 67 71 72 76 78 80 81 83 88 90 93 94 96 103 106 108 109 115 123 125 131 133 134 135 143 145 154 159 167 170 172 175 180 182 184 185 196 200
726 7 13 16 17 18 19 22 24 26 30 32 38 41 42 49 51 55 56 62 66 71 72 76 79 80 88 94 106 108 112 113 115 119 122 123 125 129 131 132 142 143 145 149 151 152 153 156 158 163 174 179 184 185 191 193 195 197
295 12 13 15 23 24 25 28 33 34 35 37 43 44 45 51 55 61 64 67 68 70 77 81 85 87 92 94 96 98 99 100 102 107 113 118 119 120 125 126 127 133 134 138 141 147 152 155 161 163 167 171 177 182 185 191 193 195 197 200
182 10 12 25 32 36 37 48 51 54 60 62 67 68 69 75 76 78 80 81 86 88 89 94 96 97 98 100 101 105 112 113 117 120 122 124 128 131 136 138 141 142 143 145 149 151 154 168 170 171 176 182 184 186 189 190 195 196
408 10 11 12 13 20 29 33 37 39 43 45 47 52 57 61 69 78 79 80 85 87 88 90 93 96 102 108 114 117 119 125 137 138 145 146 148 155 159 160 171 182 192 196 198
660 23 27 30 33 34 36 37 41 46 48 51 53 57 60 67 72 73 75 77 84 88 96 98 103 106 113 125 128 130 131 132 139 140 144 146 149 157 161 163 165 166 171 177 178 180 182 183 185 187 188 189 200
191 12 16 19 20 21 23 25 26 27 28 36 37 38 43 44 45 47 49 50 53 57 59 60 63 65 67 68 69 71 75 79 80 84 91 94 97 98 101 105 114 115 118 119 120 125 126 131 132 135 136 138 141 143 145 146 147 149 150 151 152 153 154 161 165 166 172 173 174 176 177 179 182 183 186 187 189 190 195 197 198 199
816 12 15 19 20 22 25 28 30 35 39 41 47 48 50 55 57 61 62 65 68 76 79 80 81 82 84 92 94 98 101 102 109 114 126 128 129 130 132 133 135 145 149 150 153 158 159 160 164 173 175 181 182 183 187 195 200
598 13 17 27 30 31 33 36 46 49 52 55 58 66 70 79 81 83 91 93 96 97 99 100 103 105 107 109 110 111 112 113 116 117 118 119 129 130 131 137 139 146 148 160 164 166 171 172 182 188 192 193 194 196 199
849 15 16 17 19 21 27 30 32 33 37 39 40 45 54 56 57 59 61 66 72 76 82 83 84 88 89 93 96 101 102 105 112 124 125 127 128 129 132 134 135 147 160 168 170 171 172 179 181 186 187 193 194 195 198
203 16 17 20 22 24 26 27 28 31 39 40 43 45 48 49 50 55 56 59 61 62 69 70 75 79 84 88 94 99 100 103 110 111 112 113 116 118 119 120 123 124 126 127 129 133 145 147 152 156 157 166 170 171 174 180 186 187 190 198 199
127 16 19 22 25 28 31 32 43 44 47 49 50 53 54 58 59 63 65 66 73 77 83 87 88 89 90 91 92 96 98 101 103 111 112 114 116 117 119 127 128 131 133 134 138 141 147 153 155 159 162 165 171 174 176 178 179 180 181 184 186 189 190 191 199 200
750 19 25 27 28 33 38 47 55 62 67 71 74 75 80 83 85 92 101 116 118 119 121 122 124 132 138 142 143 147 156 161 163 165 172 174 177 178 179 180 183 184 185 188 191 193 197
137 19 21 24 31 32 33 38 44 45 46 54 55 57 58 59 61 68 69 74 82 84 85 91 94 95 101 105 108 112 117 118 122 123 124 127 128 136 138 143 145 157 160 172 175 179 186 187 197 198 200
590 22 23 32 37 39 42 45 47 48 50 52 59 66 67 72 78 82 83 85 87 91 92 97 101 104 105 107 108 110 111 113 114 115 118 124 126 127 130 131 137 145 150 152 153 155 160 162 166 167 177 178 179 186 192 198
795 21 22 27 32 34 39 41 47 49 53 54 65 67 69 74 76 77 79 83 90 94 95 100 101 104 107 108 109 112 118 119 120 122 124 130 131 138 141 142 147 149 151 157 159 161 166 169 171 173 175 176 183 186 189 192 194
657 37 42 44 52 55 59 60 63 65 66 75 78 80 85 92 95 98 102 104 109 116 117 119 122 123 124 125 126 128 129 130 132 136 137 138 150 156 160 161 164 165 168 170 171 172 180 181 182 184 189 190 194 195 197
955 22 28 29 30 33 37 39 40 45 50 52 55 68 72 73 74 77 79 81 91 93 95 97 101 107 113 120 122 126 132 134 135 138 145 148 150 152 162 165 172 173 175 181 182 187 188 191 193 194 195 199
615 31 36 43 47 48 49 50 52 53 56 59 60 61 64 68 72 79 81 84 85 89 91 94 104 106 107 110 113 119 120 122 123 124 125 130 133 142 143 144 147 151 153 154 157 164 165 166 167 172 178 179 183 184 188 189 192 196 197 198
907 37 39 46 47 50 56 57 58 66 67 86 89 90 92 100 109 111 112 113 114 115 119 122 124 127 133 139 142 143 146 147 154 155 163 164 166 167 168 173 174 180 181 182 186 190 191 197 199
711 29 30 33 37 38 39 47 52 53 55 61 62 64 65 68 73 76 82 84 86 87 88 95 99 101 106 107 110 114 116 117 118 122 124 128 130 131 136 137 145 146 151 152 155 157 164 170 171 172 173 181 183 185 186 188 190 192 197
568 27 29 39 48 52 55 56 68 73 81 83 85 89 91 94 98 103 107 108 110 114 116 127 131 132 133 142 143 150 154 158 160 162 163 165 168 169 171 172 177 179 188 190 194 195 196 198 200
443 30 32 34 37 44 49 50 55 59 60 61 62 63 67 68 69 73 75 76 77 78 81 82 86 87 88 89 90 97 101 111 119 121 128 132 135 137 141 144 147 150 151 152 157 161 162 170 173 184 187 191 194 195 196 197
657 28 34 41 42 44 46 52 53 54 56 59 62 63 66 72 73 76 78 95 96 99 103 105 106 111 121 124 125 127 129 132 135 138 140 145 148 149 159 162 164 165 166 167 168 171 174 181 182 183 187 188 189 192
101 30 32 33 39 42 43 46 50 52 59 60 61 63 70 71 74 76 77 84 94 97 99 101 103 108 109 112 117 122 125 128 134 143 146 158 165 168 171 175 176 177 181 182 189 197 199 200
269 30 31 39 40 42 50 52 57 66 69 70 71 72 74 78 79 80 81 82 85 87 88 96 97 103 108 110 114 118 122 127 129 141 143 146 149 150 153 158 163 166 170 171 175 178 180 182 185 188 189 191 192 194 195 196 197 199
139 33 35 37 45 53 56 58 62 63 65 66 68 69 71 74 75 79 81 84 88 89 90 91 94 103 111 113 114 118 120 122 124 126 130 133 144 145 147 149 150 152 161 164 166 170 171 172 177 178 180 185 186 188 193 196
957 32 34 37 46 49 51 62 63 64 66 68 70 73 77 84 87 94 95 104 107 109 117 119 120 122 124 127 134 139 144 148 154 155 156 157 160 163 164 166 169 171 175 176 180 190 194 198
318 39 51 53 57 59 64 67 68 72 74 75 79 82 85 86 96 97 98 101 107 116 121 123 125 126 127 137 140 143 144 148 152 155 157 162 164 177 178 181 185 189 192 193 195 199
834 36 38 41 43 48 53 57 62 65 71 72 73 74 75 80 82 84 89 91 94 96 99 103 107 113 116 117 118 120 121 123 125 126 129 136 139 145 148 152 154 158 160 164 166 170 174 176 178 182 184 188 192 196 198 199
942 42 49 57 59 60 64 66 68 69 74 76 79 80 83 85 92 101 103 107 108 113 114 116 118 122 126 127 133 135 136 137 139 141 146 154 156 168 171 175 177 183 194 199
295 40 42 43 53 54 56 59 61 63 65 70 74 76 79 82 84 86 94 101 104 105 107 109 112 116 118 125 129 131 132 137 138 149 150 151 152 156 159 168 169 178 179 181 182 183 187 189 190 191 192 195 197 200
722 39 42 44 45 49 50 51 53 55 58 60 63 66 67 70 73 77 78 80 83 88 100 101 105 112 117 118 119 120 121 124 125 131 132 136 137 138 144 146 147 148 149 150 153 158 159 162 172 176 177 184 188 189 190 195
122 39 42 43 47 48 50 51 54 68 70 85 91 95 97 104 110 111 115 117 120 122 123 125 130 133 136 142 143 147 150 154 160 162 163 166 167 170 171 180 183 194
982 44 49 51 58 62 64 65 75 77 78 84 90 91 96 97 98 102 107 113 115 121 126 131 132 135 137 142 151 153 154 155 156 157 161 168 169 170 175 180 188 189 195 196 199
143 41 42 43 55 58 66 68 74 81 84 85 89 92 97 99 101 102 104 106 113 117 119 125 127 133 139 140 141 154 156 157 160 163 165 170 176 177 181 184 187 194 197
310 41 45 49 51 54 55 67 73 74 78 79 82 89 92 93 94 97 99 101 112 117 119 120 128 132 133 137 138 142 145 147 158 160 163 164 165 167 170 175 176 177 188 195 197 200
966 44 47 48 49 50 51 52 56 57 58 60 62 63 64 69 74 79 83 84 85 90 91 96 97 106 110 115 117 118 121 122 123 124 133 138 141 142 150 156 158 159 161 162 167 172 174 196 198 200
241 44 55 57 64 65 73 76 79 80 81 84 87 88 93 95 96 104 106 108 110 111 113 130 131 132 138 141 143 145 162 163 165 168 169 179 182 183 190 195 200
446 44 46 49 50 53 55 69 70 72 78 80 81 82 89 92 98 99 100 104 105 106 110 111 115 118 122 126 134 135 138 140 142 144 148 154 157 158 159 162 163 165 166 169 172 176 177 178 187 188 189 194 195 198
376 49 60 66 68 70 75 76 78 84 91 97 98 101 102 109 110 111 118 121 122 128 131 132 135 136 141 144 150 156 160 163 164 165 174 187 189 197
616 52 57 58 59 61 69 70 80 83 84 89 90 91 100 101 103 107 108 109 112 116 118 122 127 134 142 143 144 153 157 158 164 165 169 174 177 182 186 187 193 194 197
388 48 49 51 54 56 61 62 65 73 76 79 81 89 90 105 106 110 112 115 117 119 125 126 129 130 131 132 140 143 144 149 155 157 164 166 170 175 176 179 183 184 192 193 194 197
873 48 54 58 62 63 67 72 75 76 78 79 80 81 84 87 88 92 97 98 102 109 111 112 113 118 123 128 137 139 145 154 155 157 161 168 171 173 176 178 181 185 190 192 193 194 197 198
665 53 56 58 64 67 69 73 83 84 85 87 89 91 100 101 105 106 109 119 120 121 127 128 133 136 139 140 142 144 150 151 152 163 170 171 172 173 177 181 184 187 189 190 193 195 196
922 51 53 54 55 56 59 63 64 66 69 70 71 73 82 83 89 95 96 104 106 110 112 114 127 131 132 134 135 137 139 147 151 152 159 160 165 166 168 170 176 179 185 189 190 195
922 52 53 64 71 72 76 78 80 84 85 86 91 92 95 108 112 113 115 119 125 127 128 130 135 136 138 141 144 146 148 151 156 159 161 162 163 164 166 167 168 169 171 178 180 183 184 189 194 196
941 62 64 66 67 79 82 84 86 95 97 99 100 103 106 109 111 114 115 117 118 122 123 127 129 131 141 143 145 148 150 158 159 162 164 169 174 176 181 188 191 192 194 195 196 197 199 200
133 54 55 57 61 62 74 78 80 81 91 96 98 99 100 106 108 110 115 118 124 125 129 131 133 137 139 142 146 150 152 154 159 163 165 173 174 175 176 180 182 184 188 190 192 197 198
997 56 62 68 73 75 80 84 90 91 92 94 95 98 100 102 104 107 108 109 112 115 125 126 127 130 133 135 138 146 147 148 164 172 173 176 177 183 184 185 187 188
139 56 57 59 60 64 74 76 77 85 87 89 92 93 96 99 106 108 112 114 115 125 130 133 134 138 147 151 152 154 155 158 163 171 172 173 174 175 182 186 193 194 199 200
969 57 58 59 60 62 63 64 72 73 75 82 95 100 103 105 107 108 113 118 122 125 126 128 129 130 131 134 136 138 140 146 148 149 151 152 161 163 164 167 172 173 176 181 184 185 187 189 191 192 194
795 57 59 60 61 64 66 75 80 82 83 85 87 90 92 96 97 98 99 101 109 110 113 114 119 126 131 133 135 137 140 142 143 149 157 158 160 161 162 168 170 173 174 175 178 181 185 188 194
348 60 61 62 63 65 73 74 75 88 89 91 94 98 99 102 103 114 117 120 123 124 126 129 130 136 139 146 152 153 154 155 156 157 163 164 170 174 176 179 180 183
480 60 61 63 70 73 74 78 81 87 90 93 98 102 103 107 110 114 119 121 130 135 137 138 140 144 148 154 156 158 162 169 171 172 175 176 177 181 182 183 193 195 197 198 199
440 64 69 70 71 73 74 76 82 84 86 87 88 94 96 98 99 101 102 111 122 123 130 131 149 154 156 157 158 160 161 163 165 166 167 169 178 189 193 195
975 65 67 75 77 81 84 86 88 89 91 97 100 104 105 107 118 121 122 123 125 126 127 133 134 139 143 146 151 156 161 164 169 171 175 177 179 182 187 190 194 198 199
146 64 65 67 73 75 79 80 85 86 87 89 90 91 92 95 96 113 117 119 122 124 126 127 130 134 141 143 145 151 155 156 157 158 170 179 187 188 189 190 195 196 197
720 63 67 68 70 73 80 82 83 84 86 90 96 100 104 106 111 113 115 119 120 123 128 136 143 147 151 153 159 161 172 173 177 179 182 186 189 190 191 193 195 196 199 200
289 73 76 77 82 83 84 87 89 91 99 101 109 110 114 117 122 123 135 140 151 152 156 158 162 164 165 170 175 184 194 196 200
844 66 73 76 77 85 88 89 91 94 96 100 103 105 106 107 108 110 113 116 122 125 126 127 129 130 136 137 140 141 143 146 147 150 153 154 158 163 164 168 170 172 180 181 183 184 188 193 198
173 67 70 72 73 74 75 78 81 85 89 91 92 93 95 96 97 100 102 104 116 119 122 125 130 136 140 141 143 145 146 148 153 160 162 166 169 186 189 198 200
885 68 70 77 80 81 83 85 87 91 92 94 96 97 101 104 105 106 109 112 113 114 116 117 118 121 123 126 128 130 132 137 143 153 154 155 161 165 168 169 172 174 184 185 189 191 192 196 199 200
965 69 70 71 72 73 80 82 85 97 99 103 107 112 114 117 118 119 120 124 125 128 132 137 143 149 153 156 162 163 164 165 167 180 182 183 184 187 190 191 192 193 195
450 70 71 74 76 79 82 94 95 96 97 100 101 102 104 107 108 109 111 112 114 116 118 125 129 130 131 132 133 136 140 143 144 147 148 149 156 162 163 172 175 192 194 195 197 198 200
113 73 77 80 82 83 84 86 87 88 92 96 98 105 108 112 113 115 116 118 122 124 129 134 140 145 150 151 153 155 157 158 159 162 168 172 177 180 181 182 183 184 185 188 189 190 193 194 198
880 76 77 79 84 89 92 97 98 101 111 112 115 118 128 137 140 143 144 149 154 155 161 169 174 178 179 192 193 194 195 197
328 77 82 84 85 87 88 92 94 95 96 102 104 106 110 112 119 128 130 132 134 137 148 153 155 163 164 166 167 168 171 172 178 179 181 183 188 190 195 196 199
557 73 77 78 81 84 87 88 89 90 96 98 103 104 109 111 112 113 124 130 133 134 136 137 139 140 141 143 149 153 155 157 167 171 175 177 178 180 184 187 188 199
115 77 81 82 86 95 107 109 111 114 116 118 121 122 126 130 131 132 135 138 139 140 144 147 154 156 157 160 162 164 166 168 169 172 173 174 175 177 181 187 190 192 194 200
994 76 78 82 83 85 88 92 100 103 106 111 112 114 115 117 118 119 124 129 130 134 137 139 141 145 154 159 161 166 171 173 180 183 184 185 190 193 194
202 77 78 79 80 81 84 87 92 110 111 112 114 116 120 121 127 140 143 146 149 151 152 157 158 161 166 169 172 180 183 188 197 198 199
385 77 80 82 87 100 101 103 104 109 111 112 113 115 128 129 131 132 133 134 141 143 144 151 155 163 164 165 167 168 170 174 175 176 180 181 182 184 185 191 194 199 200
484 79 81 89 95 96 98 102 103 112 124 125 127 138 139 140 141 143 144 145 146 148 149 151 152 156 159 161 166 169 173 176 179 181 185 186 193 194 197 198
377 83 85 87 91 96 103 104 110 120 122 123 124 128 134 135 144 146 152 160 163 169 170 171 174 180 198
253 80 83 84 86 88 89 91 100 101 106 107 110 113 114 120 121 128 129 130 136 137 142 143 144 148 149 150 151 157 160 162 163 171 172 173 174 180 182 184 188 190 191 192 194 197 199 200
588 93 97 102 105 110 111 112 117 118 122 124 128 129 132 134 137 138 139 143 145 148 155 158 167 170 171 172 174 178 182 191 196 199 200
697 91 93 97 98 99 103 106 107 112 117 118 121 132 137 144 145 147 148 152 154 161 173 175 181 195 197
645 83 86 87 90 95 99 101 103 104 107 108 109 113 117 118 119 120 121 128 130 132 134 138 146 160 169 170 172 173 174 175 176 179 182 183 184 187 189 193 194 195 196 200
201 95 97 101 103 107 110 114 115 116 127 132 136 143 148 150 151 156 157 162 165 166 168 171 172 174 175 176 182 183 184 189 192 196 198 199
583 85 86 98 101 106 107 112 114 116 117 119 120 121 123 131 133 137 139 140 142 146 148 150 151 152 169 172 177 178 179 183 185 186 187 189 191 196 199
544 90 93 97 103 106 110 118 119 123 126 129 133 135 136 139 142 149 157 163 164 165 167 169 172 183 185 187 191 197 198 199
725 90 93 97 102 109 112 118 119 123 126 134 137 143 145 148 152 153 159 165 167 168 172 176 178 180 183 184 189 191 192 200
349 90 95 97 99 104 105 106 112 114 120 124 126 130 131 133 136 152 153 154 156 158 160 166 169 174 176 177 178 182 187 188 191 192 194 198
820 89 90 93 98 102 104 108 112 113 118 120 121 124 126 132 133 135 141 145 147 150 155 156 158 161 163 165 171 174 179 181 182 183 184 185 187 189 191 192 194 196
996 97 99 101 102 103 109 112 117 125 127 131 134 135 137 139 152 153 154 160 162 163 164 171 186 191 194 195
934 91 92 100 102 106 113 120 122 123 125 126 127 136 149 150 153 154 156 159 160 164 167 168 170 171 172 176 177 179 182 183 184 197
288 94 96 97 99 102 103 104 106 107 109 113 117 119 124 125 126 127 130 131 138 142 145 146 148 150 158 161 163 169 174 176 180 182 186 188 189 190 191
587 93 99 106 110 117 121 123 126 134 135 139 143 148 149 150 154 155 156 161 164 175 176 182 189 191 196 198 199
561 95 104 108 114 122 125 131 134 139 158 167 173 175 176 178 182 187 196
184 98 99 100 104 107 108 111 113 120 122 123 125 127 128 129 132 134 140 141 146 150 168 175 177 181 183 184 185 188 189 191 193 195 199
727 96 98 99 100 101 103 105 106 109 111 115 116 117 120 121 123 124 125 131 134 137 142 144 147 150 151 157 163 167 169 171 173 183 188 189 193 194 196 200
965 99 100 103 113 115 116 126 127 132 142 143 145 149 159 167 168 169 170 179 181 183 189 192 195 197 199
219 101 105 106 108 109 111 112 113 116 117 118 119 121 128 131 132 134 139 141 142 145 148 149 152 159 162 163 164 168 171 174 178 181 183 184 187 192 193 199
953 104 106 107 117 118 129 130 131 138 140 141 142 144 145 159 160 161 163 164 173 176 183 184 198
171 100 103 104 105 106 107 110 117 122 126 127 129 135 136 138 139 146 148 151 154 156 157 168 171 173 175 176 177 180 187 189 192 193 200
458 103 104 106 107 109 111 113 117 124 125 126 127 131 133 138 139 143 154 155 160 161 162 165 168 170 176 178 182 186 187 188 190 193
467 105 107 110 115 125 127 128 132 133 135 137 138 141 142 145 147 151 152 157 158 162 172 174 176 190 195 200
497 112 113 116 122 127 129 130 131 138 140 147 148 149 152 155 159 162 163 164 165 166 168 170 173 174 175 179 181 182 184 193 198
257 105 109 112 120 127 131 142 143 150 151 152 153 165 168 171 175 180 181 182 191 195 198
238 105 107 108 110 116 122 124 127 129 132 133 135 136 142 148 150 157 162 163 164 165 167 174 175 176 178 181 184 185 186 187 191 192 193 195 199 200
704 110 113 126 130 131 133 139 141 142 149 154 156 157 161 167 172 173 176 180 181 186 187 189 195
497 107 108 109 111 115 119 122 129 131 141 155 156 157 159 163 165 168 170 174 182 183 186 192 193 195 197
263 108 110 113 120 126 127 128 136 141 146 147 151 153 154 155 159 165 166 168 170 172 176 179 181 184 185 190 195 198 199 200
818 111 114 115 127 131 136 140 142 147 148 152 154 156 157 159 160 161 162 163 164 166 170 171 173 175 177 178 181 185 186 187 189 194
957 111 112 113 115 116 120 123 124 127 128 134 136 137 146 148 149 150 155 156 157 158 159 161 162 173 175 180 181 184 185 189 196
386 123 125 131 135 138 144 153 163 164 165 167 169 172 177 181 183 185 192 193 196 198
563 114 115 119 123 124 126 129 131 132 133 134 136 137 144 151 154 159 160 166 167 174 179 181 183 186 188 195
236 114 117 128 130 131 132 134 135 138 139 144 151 152 159 160 165 171 172 173 181 182 184 188 191 193 197 198
217 114 116 117 120 124 127 139 142 152 154 162 164 168 169 172 173 174 178 194 196 197
671 121 122 124 127 128 131 132 134 136 137 138 143 149 162 170 181 186 190 191 192 195 198
475 118 119 122 128 132 134 138 141 146 150 155 156 161 162 167 170 173 176 178 179 186 188 189 193 194 195 198 199
445 117 119 123 128 134 135 136 143 150 161 162 168 169 174 179 184 185 186 187 189 193 194 195 196 197 198 199
835 118 125 133 140 146 148 150 156 161 165 168 170 172 174 182 184 187 191 193 195
504 119 120 123 126 136 137 142 143 145 147 148 150 151 153 154 156 157 158 174 176 180 185 189 191 193 194 198 199 200
217 125 128 133 134 135 137 138 139 143 150 156 166 167 169 170 173 174 177 179 182 186 196 199
514 123 134 138 142 151 153 154 156 157 161 162 168 170 172 176 180 181 182 184 185 189 190 198 200
553 122 123 124 126 129 130 135 136 139 143 146 148 149 151 152 156 161 163 166 171 172 178 179 183 185 193 196 199
827 124 125 129 132 136 138 141 144 148 151 156 161 162 163 165 170 174 176 177 178 179 180 184 188 200
947 127 130 135 139 140 143 153 165 167 168 173 182 186 187 193 194 195 197
193 126 131 141 142 146 147 148 155 157 158 159 162 163 165 169 172 175 176 182 183 185 186 188 189 190 191 192
424 128 129 132 139 142 148 150 152 153 160 166 173 177 178 182 184 186 190 192 193
957 128 130 131 132 134 140 143 144 149 156 157 158 159 165 167 169 180 182 190 191 193 194 195 196
693 130 132 135 139 142 150 153 155 159 164 169 175 177 180 183 187 191 192 196 199
776 129 132 133 134 137 139 140 142 145 147 153 154 156 159 160 162 164 172 175 176 183 185 187 188 193 196
935 131 139 150 153 154 155 162 171 173 175 179 187 188 189 191 193
193 131 134 135 137 146 149 154 156 157 159 163 164 165 171 172 178 179 180 183 184 190 192 197 200
735 134 135 136 139 148 150 151 153 163 166 168 170 171 177 178 180 184 187 195 199
284 133 145 153 154 155 157 159 161 168 170 177 179 181 183 192 193
140 135 140 142 146 148 149 154 158 160 161 166 169 172 176 180 181 196 198 199
304 136 137 141 145 148 151 155 160 164 167 168 171 180 182 183 191 193 195 198
958 137 138 142 144 145 146 147 155 160 162 168 172 175 186 187 190 193 199
781 143 144 145 146 147 152 154 157 163 172 177 182 195 196 198
797 138 139 140 145 146 153 156 164 169 172 176 178 180 182 183 188 190 197 198 200
682 139 143 146 153 162 167 174 182 186 187 196 199
460 147 152 154 156 157 159 162 165 166 167 168 172 174 177 178 187 188 189 190 194 195 196 200
948 142 144 147 149 150 154 155 158 162 163 164 166 167 168 169 170 179 181 183 186 188 190 193 197 198 199 200
487 144 146 147 151 159 165 166 168 171 182 185 186 187 191 192 194 198 200
132 143 147 149 160 162 163 164 169 170 171 173 174 176 177 179 188 189 194 198
992 147 152 156 158 164 173 181 182 185 186 195 197 198 200
165 147 152 156 157 159 160 164 165 167 168 171 175 176 187 193 195
433 146 161 166 169 171 172 184 191 195 196 197 200
151 152 154 157 159 161 166 170 175 178 179 183 185 193 195 198 199 200
292 154 158 161 169 175 182 183 188 191 193 194 197 198 199
794 150 153 154 163 167 171 176 178 182 183 184 189 191 193 200
423 156 159 162 164 168 169 170 174 177 179 180 185 187 191 197
974 158 160 170 172 173 174 175 178 180 187 188 189 196
742 152 153 157 167 171 177 179 181 186 187 190 195
829 157 158 161 164 174 176 179 182 183 184 185 188 191 194 196 197 198
755 154 157 160 169 175 176 177 178 182 184 185 187 188 190 199
481 156 164 166 176 178 179 180 183 192 196
848 158 160 162 163 166 170 175 176 177 178 179 182 184 187 190 193 196
250 158 168 181 185 187 188 200
203 161 162 171 172 173 175 178 180 182 187 194
366 160 173 174 178 179 184 185 186 190 191 192 193 196 198 200
114 172 173 174 180 187 190 191 192 193 199
327 161 170 171 172 175 176 182 187 189 191 192 193 195 196 197 198
558 162 165 169 176 182 189 190 191 193 196 198 199
601 167 169 170 172 174 175 180 181 185 186 188 189 191 197 199 200
398 171 172 174 178 180 185 191 192 195 198 200
308 170 171 172 173 175 178 181 184 191 196 197
660 166 171 179 182 183 186 187 191 198
394 168 171 179 181 182 183 184 185 187 193 197
917 168 172 174 175 176 180 181 182 184 190 194 196 198 199
347 171 177 178 180 182 184 188 193 194 195 197 199
772 172 186 187 188 190 191 192 193 196 198 200
799 171 173 174 178 179 180 183 184 191 194 195
382 174 178 179 181 182 184 187 188 190 192 197 198 199
931 173 174 179 181 189 194 198
945 175 177 180 182 187 191 194 198 199
745 177 182 183 184 188 190 192 198 199
749 176 177 179 180 181 185 187 188 194
716 182 184 191 194 197 199
222 180 183 189 190 197 199 200
122 179 185 186 187 198 199 200
203 183 186 194 196 198 200
273 183 188 191 193 199
356 182 187 190 192 194 195
418 184 188 194 198 199
807 190 192 194 196 198
394 188 191 192 193 195 196 199
235 186 190 192 193 196 199
296 188 196 198
995 190
528 189 191 195 197 200
598 190 191 192 195 200
718 194 195 198 199 200
748 194
726 194 195
936 197
969 196 197
771 198 200
282
398 199 200
136 199
396
232
