75	5	200	1
0	12	12
0	5	13
0	17	16
0	20	13
0	12	21
49 3 5 8 10 19 21 22 29 34 37 38 39 42 46 48 50 52 53 56 57 59 62 63 65 67 70 73 74
53 7 8 10 12 15 18 22 23 27 28 33 35 39 52 53 55 56 59 63 64 65 66 72
58 6 14 19 20 23 26 28 29 30 32 35 46 53 56 58 59 61 63
55 5 7 14 15 20 26 28 38 39 43 50 51 54 56 60 63 64 69
32 6 7 17 21 24 25 28 31 32 35 37 40 41 42 43 47 49 56 59 60 68 70 71 72
49 7 9 10 15 18 19 21 29 30 36 43 45 46 51 57 62 64 65 68 71 75
36 10 14 17 20 27 35 37 45 51 52 54 56 60 62 64 66 73
32 11 12 15 25 27 28 32 33 45 49 50 60 67 68 69 73 74 75
47 10 11 19 27 34 37 48 52 56 60 70 75
32 17 18 21 26 28 33 42 43 46 48 49 50 54 61 62 64 66 67 73
56 19 22 24 28 37 43 44 46 48 52 53 56 57 59 70 71 73
58 13 14 15 21 27 30 31 32 43 45 46 47 49 50 62 67 68 70 73 74
46 20 22 24 27 28 30 31 36 38 39 46 49 51 52 55 57 60 63 64 65 66 68 74 75
39 15 16 22 29 31 32 33 37 38 40 44 45 52 53 58 66 73
54 16 17 18 19 21 23 26 29 30 34 36 38 39 43 44 46 52 57 59 69 74
39 17 20 21 25 26 27 33 34 37 40 46 47 51 53 56 57 60 61 63 68 69 71 74
60 18 20 28 32 34 38 40 42 45 46 47 49 56 57 63 75
55 21 23 27 30 38 41 42 52 58 62 63 70 72
55 22 23 25 26 33 46 47 48 51 53 54 55 59 62 66 67 68 69 74
56 24 27 30 36 37 43 53 55 56 59 62 65 69
31 23 25 26 34 40 44 46 47 49 55 60 61 63 65 66 67 70 71 72
58 25 32 38 39 45 54 58 59 60 62 63 71 73 74
59 32 37 48 49 70 71 73 74
57 29 38 40 42 43 47 50 60 70 71 73
58 31 33 34 35 37 39 43 44 51 55 59 62 66 68 74
60 31 36 46 49 50 51 55 56 69 71 74
60 28 29 33 34 37 39 42 46 51 62 67 69 73
59 29 32 35 41 44 50 57 63 64 66 67 68 69 70 71 73
45 32 33 36 38 40 42 45 48 56 57 64 68 69 73 74
43 32 33 34 35 39 44 51 53 54 55 60 73
49 32 35 39 46 48 49 51 56 62 65 69 71 72 74 75
37 35 38 40 42 55 63 65 67 68 69 70 71 72 74
52 36 39 41 42 43 44 45 50 51 54 58 59 60 61 67 72 73 75
58 39 40 42 44 45 49 52 62 63 68 73
47 40 42 43 44 56 58 59 61 62 68 69 70 73
52 38 39 43 59 61 62 63 66 71
56 43 46 53 58 60
35 40 49 51 53 54 56 57 62 63 64 66 67 69 72
45 41 51 55 61 62 64 65 67 74 75
44 42 43 49 59 60 61 62 65 67 68 74
32 42 43 45 47 50 51 52 61 62 65 66 68 70
54 43 45 46 50 52 53 57 60 61 63 64
31 49 51 53 55 57 60 61 62 63
59 46 50 54 58 60 62 69 70 71
41 49 51 54 58 70 71
57 47 48 49 53 55 56 59 62 64 69 70
52 50 52 55 56 69 72 75
56 49 51 53 57 59 62 63 68 71 72 74
33 63 66 67 70 75
32 53 55 57 58 60 61 64 66 69 71 75
40 67 70
56 53 55 56 61 63 68 70 75
48 66 68
51 61 62 66 68
45 58 62 63 75
58 62 63 64 65 68 73
52 62 69 71 74
58 61 62 65 70
33 63 70
45 61 63 67 72
38 64 65 66 67 73
59 67 68 71 74
37 66 72
44 71
59 66
36 70 71 72
47 71 73 74
39 74
55 71 72 73
37
51 73 75
51
38 74 75
55
56
