200	5	10000	1
0	654	49
0	312	37
0	414	37
0	303	37
0	352	40
1929 2 5 6 10 18 26 27 33 39 40 52 59 61 66 67 69 76 81 88 89 92 99 107 113 118 120 124 127 129 136 138 148 149 155 157 160 161 166 168 171 174 179 182 188 192 194 195 197 200
2499 3 4 8 9 20 24 30 36 38 43 46 54 55 56 59 60 62 64 66 72 73 75 82 83 86 87 89 90 94 98 99 102 115 119 123 126 127 128 129 131 132 141 144 145 153 156 159 160 162 168 170 172 173 174 176 178 179 183 185 187 188 192 196 198 199
2744 12 14 18 25 28 29 31 37 39 42 44 47 49 56 57 59 61 62 64 74 79 80 81 84 85 88 89 100 102 103 104 109 111 113 114 116 130 131 141 142 144 148 158 161 165 166 167 170 171 173 175 176 181 182 188 189 198 200
2710 7 9 10 13 19 26 28 34 36 38 39 41 45 46 48 62 63 64 66 69 78 82 84 87 88 90 92 96 106 107 108 114 116 118 121 125 126 135 138 139 141 143 144 146 150 153 158 160 161 163 169 170 174 175 176 180 181 182 185 186 190 194 197 199 200
2150 6 15 20 23 25 26 29 32 34 41 42 45 49 51 53 54 57 59 64 68 69 73 75 77 78 88 89 90 95 96 100 101 102 107 109 111 114 115 122 123 125 126 129 132 134 137 138 141 150 155 157 158 160 163 165 167 168 173 174 181 182 183 197 198 199 200
1545 10 15 26 29 31 33 36 38 41 45 46 47 48 50 52 56 58 62 64 73 74 75 85 87 92 95 98 99 100 102 106 108 111 116 119 124 129 131 132 137 140 141 148 151 155 158 160 162 163 178 179 181 188 193 194 195 198
2364 10 15 16 18 19 20 23 25 26 29 32 35 43 44 45 51 52 56 58 60 61 62 63 67 68 70 72 74 75 76 84 86 89 93 97 98 102 105 109 111 114 116 120 122 125 128 129 131 144 155 156 160 162 165 167 168 169 175 176 179 182 188 189 190 192 198 199
2639 10 11 12 25 27 29 33 35 38 47 56 61 62 63 64 66 69 76 83 84 86 89 90 95 100 101 102 103 104 105 111 112 118 120 123 126 133 135 137 139 141 143 148 155 157 161 163 166 169 171 173 175 183 184 188 190 195 197 200
2706 13 14 17 18 26 27 29 31 32 33 38 43 49 56 58 62 66 68 73 80 81 88 96 97 106 111 114 119 122 123 126 133 141 143 145 148 150 153 157 158 162 171 172 173 175 180 182 186 188 194 198
3000 12 20 21 24 36 42 52 54 58 59 60 62 68 71 72 80 83 84 89 91 92 93 94 103 106 116 129 131 141 143 147 148 149 150 155 160 161 163 167 170 178 181 187 191 192 197
2461 13 18 20 25 28 31 33 35 36 38 41 44 53 57 60 61 66 67 69 70 79 84 85 86 91 92 94 95 99 110 117 120 122 123 124 137 138 142 144 145 147 148 159 164 166 170 180 181 182 183 185 187 191 195 200
1964 14 17 18 20 21 31 35 42 48 49 50 51 55 60 64 73 75 81 83 85 88 89 92 93 97 101 102 106 108 122 123 131 143 146 150 153 159 161 164 166 170 176 179 183 184 188 190 193 195 198 199
2747 16 19 21 25 26 30 32 37 38 44 47 48 54 56 60 61 64 65 68 69 70 74 79 83 85 88 89 90 95 99 100 103 104 106 107 109 112 115 116 117 118 120 128 130 131 133 137 142 145 150 151 153 157 163 168 171 172 181 184 187 188 191 193 198 200
2372 18 20 34 35 36 43 45 57 59 62 66 71 76 78 79 91 92 95 98 99 102 109 111 114 115 120 122 124 130 131 132 133 139 140 142 143 144 145 149 151 156 162 164 168 171 172 177 179 185 186 188 195 199 200
2208 16 17 21 23 30 40 42 43 44 49 59 60 65 67 75 76 81 83 84 89 91 93 94 98 100 101 107 111 115 120 121 126 128 129 132 133 136 143 145 155 156 157 161 168 169 173 176 177 178 179 181 182 183 187 197 199
2728 21 22 24 27 29 34 38 39 41 42 45 46 55 64 70 72 77 83 84 86 89 90 95 99 101 103 107 115 117 118 122 126 128 130 134 139 140 146 148 149 151 152 154 158 163 168 173 175 180 182 183 192 193 196 199
1870 20 21 22 25 33 36 37 38 40 41 43 47 50 52 56 61 62 63 67 69 75 81 85 86 89 91 92 94 101 104 108 113 118 119 120 125 133 145 149 154 160 164 165 167 173 174 177 179 189 195 198 200
1566 20 30 38 41 42 44 48 52 70 79 86 94 96 99 102 112 113 117 118 120 121 126 130 131 140 143 144 146 148 149 154 155 156 157 158 159 165 169 171 177 178 181 182 188 191 193 199
1670 20 21 27 33 35 37 41 48 53 54 56 60 65 66 67 68 69 70 72 73 76 77 81 82 89 91 93 96 104 110 112 113 114 122 123 128 131 132 139 155 159 167 169 173 175 192 196 198
2427 23 24 25 26 27 28 30 32 52 63 65 66 68 73 76 77 83 91 100 101 105 106 108 111 112 114 115 118 120 131 132 134 135 138 142 145 146 158 161 164 168 169 174 177 179 186 187 188 189 198
2050 26 33 34 35 37 38 41 45 47 52 54 62 66 68 72 77 79 83 86 92 104 110 114 121 122 123 131 134 136 137 141 142 147 148 150 153 156 158 162 164 165 170 172 173 174 178 181 182 189 195 198 200
1733 24 26 34 36 37 38 40 41 44 46 47 55 56 63 65 71 72 74 76 80 82 88 89 92 93 94 96 101 105 107 108 114 115 119 123 127 129 137 140 142 143 152 155 157 162 168 169 170 174 176 177 178 184 187 189 196 198 199
2384 26 29 30 33 40 41 42 43 52 55 63 69 73 76 77 80 81 90 93 95 99 105 109 113 118 119 121 125 129 131 132 136 137 139 141 142 147 150 153 155 165 166 168 175 176 177 180 191 192
1961 25 29 31 37 38 39 45 52 56 58 60 63 66 81 83 88 89 90 94 97 104 111 112 114 117 118 119 122 126 128 138 145 149 151 162 169 176 177 178 184 185 194 196 198 200
2572 30 32 34 36 39 40 47 49 50 52 53 58 62 63 64 65 68 69 70 71 73 92 96 100 102 103 110 113 124 126 127 142 143 146 147 149 159 160 162 165 167 168 169 170 172 173 175 176 177 178 184 190 197 199 200
1644 37 38 39 43 45 52 54 57 68 73 77 82 83 86 88 89 92 98 103 107 110 111 120 121 124 130 132 136 140 142 143 151 153 157 159 161 163 164 166 173 174 175 176 182 184 185 188 189 191 192 194 198 200
1767 37 38 39 40 42 43 47 54 56 61 63 72 73 74 77 79 81 82 83 86 87 92 93 94 98 100 103 108 110 111 112 113 115 119 121 123 130 132 133 136 142 144 150 151 154 158 174 177 178 182 187 188 191 193 195 198
2648 29 31 38 43 46 48 50 52 58 59 62 63 66 78 80 90 93 104 115 118 129 130 138 139 141 143 144 147 151 156 161 164 165 168 169 170 179 183 184 186 193 196 200
2542 30 31 34 35 36 39 40 47 48 54 60 71 79 80 81 85 91 96 98 101 105 109 111 117 121 125 127 130 135 136 142 143 145 147 149 151 154 155 159 171 172 175 180 195 199 200
2210 34 42 56 57 62 64 65 67 70 84 85 87 91 92 94 95 100 102 106 109 110 111 118 119 121 126 137 144 152 156 157 167 173 179 182 187 193 194 195 199
2508 32 33 34 37 38 40 41 42 43 49 50 51 54 57 61 62 67 68 69 70 71 73 75 77 78 81 84 88 93 97 103 104 105 111 114 115 122 123 124 128 142 164 173 187 188 191 194
2523 34 37 38 40 42 48 49 51 52 53 55 58 59 60 61 65 71 77 78 82 83 85 86 90 93 99 106 108 109 116 118 121 123 124 125 126 127 128 129 132 140 143 145 149 150 160 162 166 169 170 176 177 185 186 189 196
2881 39 46 54 55 56 57 60 61 64 73 79 82 92 101 107 112 119 122 127 129 136 143 146 153 155 156 157 159 165 170 171 172 177 181 182 186 187 190 193 196
1980 37 43 44 46 49 54 61 66 67 71 76 85 86 91 92 96 104 108 109 115 116 117 122 126 128 130 131 132 133 134 135 136 140 142 150 155 157 158 161 162 163 164 165 167 169 170 176 177 185 188 190 194 195 196
2985 36 38 41 42 49 50 51 63 64 65 70 71 72 73 86 88 90 92 95 101 102 113 114 115 117 125 126 129 134 136 137 141 149 155 156 158 170 172 173 174 178 180 184 190 193 196 200
2628 37 44 46 49 53 61 63 65 68 73 80 89 91 94 95 100 101 102 103 104 105 110 111 114 117 120 121 127 130 139 151 158 161 167 176 177 179 190 196
2156 40 41 44 45 55 56 58 60 61 62 69 70 71 72 73 75 78 79 81 82 83 89 91 94 96 97 103 104 116 120 121 122 127 129 130 133 135 137 140 143 144 154 155 161 164 167 173 175 177 179 180 190 193 195 199
2332 42 50 52 63 66 67 68 69 73 74 75 76 81 83 85 87 101 102 106 109 116 117 118 120 129 131 135 139 143 152 156 157 159 161 163 171 173 174 176 184 189 191 197 199
2659 40 45 47 49 56 60 61 68 70 77 81 82 84 89 90 98 100 103 107 111 116 120 122 126 127 130 131 135 136 140 142 144 150 152 161 164 167 168 172 173 174 176 179 180 183 185 188 189 192 194 198 199 200
2594 41 43 44 46 47 51 54 58 59 67 70 77 78 80 81 84 85 89 90 91 94 95 99 103 104 105 109 110 121 132 135 139 140 143 154 163 169 170 173 176 179 183 186 188 190 192 194 200
1720 48 50 59 62 63 65 67 76 77 78 79 80 82 84 87 91 100 104 105 108 112 116 124 136 137 145 147 148 150 159 162 164 166 167 172 174 182 192 196 198 199
2105 44 47 49 51 55 59 73 74 79 80 83 94 99 107 108 111 112 113 116 118 120 121 122 127 129 132 133 134 135 138 140 144 147 154 156 157 159 165 170 171 176 181 183 186 187 188 191 197
2756 44 45 54 58 61 64 65 72 77 78 80 88 92 99 102 105 110 112 120 121 124 129 138 140 141 142 145 148 149 156 167 168 170 177 185 186 187 189 192 193 194 196 197 198 199
1735 47 53 54 56 57 59 61 63 68 74 76 80 93 97 98 108 112 116 120 124 126 130 132 133 135 143 144 149 159 163 165 167 171 175 176 195
1831 52 55 56 60 63 68 70 76 77 83 89 93 99 106 107 108 109 113 119 125 127 131 133 138 145 147 149 150 152 156 158 165 168 169 171 173 177 180 181 185 190 191 195 198
1825 49 50 52 55 57 59 62 66 68 71 76 78 82 83 84 85 92 99 102 103 104 105 111 112 113 115 124 126 127 132 140 146 150 152 160 161 162 163 166 170 174 176 179 181 182 185 189 194 195 196 200
2144 53 54 56 58 60 72 73 78 80 83 84 87 94 95 100 101 109 115 118 121 122 123 124 128 129 131 132 133 135 136 138 143 145 147 149 154 159 160 164 166 168 171 174 175 177 178 179 184 187 189 200
1581 49 53 56 57 58 59 62 74 80 82 83 87 91 95 98 101 103 112 113 117 118 121 125 128 129 131 136 137 139 140 142 145 147 154 163 165 169 170 173 174 175 177 179 180 182 183 186 187 195 197 198 200
2316 54 62 63 70 73 74 77 78 82 91 93 95 99 107 114 115 121 123 126 131 134 135 137 139 141 144 146 148 149 151 154 157 158 159 161 163 165 167 171 173 177 180 182 185
2045 52 53 54 56 62 68 79 88 91 92 93 95 97 99 115 126 128 129 134 139 142 144 150 154 155 157 160 163 167 171 176 177 185 190 191 192 198 199
2905 53 58 67 69 72 74 80 82 84 85 86 87 88 90 94 97 105 110 111 112 113 115 116 119 122 132 136 143 151 158 160 164 165 167 172 173 177 178 184 192 199 200
2580 55 56 57 58 59 60 61 63 66 69 71 73 74 79 81 85 86 91 95 99 100 108 109 124 128 130 132 134 141 142 144 146 148 151 154 155 159 160 163 172 175 176 181 182 185 186 190 192 193 194 197
2632 56 61 66 68 74 78 79 81 84 87 89 96 109 111 121 122 124 128 134 139 152 153 154 155 157 158 159 160 170 171 175 177 180 181 183 187 193 194 197
2207 55 56 57 63 65 66 75 76 81 85 88 89 95 97 100 101 102 110 111 112 118 124 125 129 130 131 142 146 151 154 159 162 167 171 172 173 174 177 192
2886 58 60 61 63 66 69 70 72 75 77 80 81 82 85 93 96 97 98 100 101 109 112 115 117 120 122 137 138 141 143 148 150 152 155 163 167 170 177 180 183 188 196 199
2872 57 64 66 70 82 84 85 86 90 104 109 111 112 114 119 123 124 127 128 133 134 135 137 140 141 142 154 158 169 175 176 179 181 185 187 188 190 194 198
2483 58 78 80 84 87 90 101 103 104 107 108 112 113 114 115 125 128 133 134 137 142 146 154 155 156 158 159 163 166 169 178 180 181 183 193 194 196 199
2861 59 63 67 70 71 75 77 85 86 93 94 97 98 101 110 113 114 123 124 130 132 139 142 144 152 153 156 159 172 173 176 181 182 185 187 188 189 191 193 200
1721 63 66 68 70 81 85 86 88 91 92 94 98 101 103 105 107 108 117 119 124 125 134 135 137 139 144 150 151 152 153 155 157 158 159 160 163 164 168 172 174 175 177 180 191 192 194 198 200
2306 61 63 67 69 70 71 72 74 76 78 80 82 86 88 93 94 95 97 107 109 112 113 114 115 119 132 134 138 139 141 142 143 145 150 157 161 162 163 167 172 173 174 175 176 178 180 181 186 187 188 193 195 198
2622 62 63 66 70 72 74 76 80 81 88 92 93 95 101 102 104 106 109 112 113 115 121 127 130 131 133 134 135 139 140 142 146 157 158 161 169 174 176 179 180 181 183 190 192 196 200
2649 63 67 69 73 87 93 95 101 106 114 116 120 125 130 132 134 135 140 144 145 150 151 154 162 169 172 174 175 182 183 184 185 189 190 191
1970 66 67 75 84 88 89 91 92 94 100 102 103 105 106 113 116 120 123 128 129 133 137 138 145 148 151 156 157 162 164 168 171 173 177 185 186 188 192 193 196 200
2075 65 72 73 77 79 80 82 85 89 91 93 94 95 96 105 106 113 115 116 119 120 128 130 131 134 137 139 142 143 144 147 152 156 158 160 161 162 170 176 180 183 187 189 192 193 196
2779 68 71 74 76 79 81 82 84 89 92 95 96 98 104 108 109 111 117 121 125 128 133 146 151 152 154 157 158 161 164 166 168 176 178 181 184 186 189 195 200
1642 68 70 71 72 73 75 78 80 84 92 97 102 104 111 114 116 119 120 121 124 131 134 135 137 140 143 145 153 154 155 156 158 162 163 165 167 170 171 172 173 186 187 188 189 192 193 195 196 197 198 200
2580 70 72 73 74 79 82 83 85 88 91 92 94 100 104 109 111 112 115 117 118 120 121 122 126 127 128 131 133 134 140 142 148 149 153 154 156 159 163 165 166 168 173 176 178 183 184 185 186 189 191 192 195 196 197 200
2313 70 71 73 75 80 84 89 90 95 97 103 105 108 112 113 114 124 130 131 138 139 140 143 144 148 149 151 161 164 174 177 180 181 182 185 186 189 192 196 197
1572 72 75 77 79 84 85 86 87 89 93 95 96 98 99 101 102 105 111 114 117 121 124 125 127 129 130 132 134 135 136 144 147 149 153 163 169 177 180 182 189 190 192 193 194 200
2615 71 80 81 83 86 89 93 97 98 99 102 104 106 108 111 113 114 122 125 133 135 141 142 144 145 146 148 149 150 152 154 159 168 173 178 182 185 189 198
2423 74 85 88 90 93 94 95 106 107 108 116 117 119 124 132 135 141 151 152 153 167 171 174 180 185 186 191 197 200
1757 73 74 81 84 85 86 91 92 93 94 96 110 116 118 123 124 126 131 137 144 146 148 150 159 161 163 166 168 176 178 179 183 185 189 199 200
2709 75 79 81 85 87 90 95 97 98 99 103 104 111 114 120 124 128 129 131 133 134 136 137 143 150 151 152 156 158 159 160 164 167 168 170 171 172 175 180 187 188 189 194 195
2274 83 85 87 91 97 98 100 102 107 110 111 119 120 121 122 123 125 128 137 140 144 145 146 149 151 156 173 176 177 178 191 198
2711 76 79 80 82 84 85 90 93 100 103 104 110 115 118 119 122 123 127 128 131 135 136 137 138 139 144 145 146 154 157 160 172 173 175 187 189 190 191 192 194 196 197 198
1537 84 85 88 93 97 100 101 103 114 116 117 121 123 125 126 137 139 141 147 148 159 162 164 165 174 183 186 187 188 189 191 192 195
2653 83 84 85 90 96 99 101 105 110 116 122 126 129 133 134 139 143 149 153 158 159 161 162 168 178 188 190 191 198
1673 83 84 94 98 100 102 103 106 108 109 114 115 122 127 128 131 132 136 142 147 149 152 156 157 159 161 163 165 166 167 168 170 175 178 180 181 187 188 190 192 194 195 198 199
1847 83 84 93 94 97 103 104 107 115 118 124 127 134 139 143 145 146 148 149 157 162 171 172 173 174 176 183 184 189 190 194 199
2602 82 84 86 92 99 101 105 107 110 111 112 117 118 123 125 129 131 132 134 135 140 143 144 145 151 153 154 157 161 162 167 168 169 170 175 176 177 179 181 183 187 188 190 192 193 194 197 199 200
2278 82 84 90 101 103 110 116 119 121 129 131 135 136 138 142 145 153 155 157 163 167 173 181 184 196 200
2626 88 95 101 105 107 108 110 111 113 114 116 118 122 123 125 128 131 132 155 162 164 165 168 169 174 177 184 196
1884 84 85 91 103 111 121 124 127 130 136 137 140 149 155 156 157 158 160 161 166 185 196 199
2423 87 90 91 95 102 105 106 107 109 113 120 121 123 129 144 146 148 154 155 161 171 173 179 183 184 188 193 195 197 200
2894 88 89 90 92 95 98 99 103 106 108 113 116 118 120 121 127 129 132 136 137 142 144 147 150 153 157 162 165 166 167 168 171 178 179 181 185 190 191 194 198
2030 87 88 91 92 96 98 99 117 119 121 124 129 131 136 137 140 141 144 149 152 156 159 163 175 181 189 190 195 198
1629 92 93 96 100 102 104 107 108 109 110 113 114 121 123 130 131 135 137 140 147 149 153 154 158 162 163 167 176 182 188 189 193 197 198 199
2441 89 92 95 111 121 131 135 138 139 140 142 146 147 155 156 158 161 162 163 164 169 172 174 176 178 179 182 186 187 190 193 195 197 198 199
1880 90 94 96 97 102 106 107 108 110 113 114 121 123 124 125 128 133 135 136 143 146 151 161 163 164 165 166 170 171 173 176 180 187 189 191 194 195 197 200
1747 91 93 94 95 100 108 111 115 116 117 125 127 128 130 134 137 138 140 143 147 151 153 156 158 161 166 167 168 174 175 180 182 187 193 194 198
2121 93 97 98 99 102 104 105 108 116 121 122 127 128 131 133 134 137 140 141 153 155 157 158 161 162 166 180 182 186 188 194
2939 100 101 102 103 104 108 109 110 113 118 120 123 126 128 132 135 141 143 148 149 152 154 158 160 162 163 166 178 179 183 188 191 193 197
2485 94 105 109 113 119 121 137 140 143 148 149 151 152 153 154 158 160 162 164 165 167 171 184 186 189 193 194 196
2628 96 97 101 107 112 130 131 132 135 146 151 156 160 162 163 167 171 172 173 175 182 183 186 187 191 192
2205 97 98 99 108 110 111 113 114 121 124 126 127 128 129 130 132 136 139 147 150 156 168 169 172 173 179 186 189 196 198
1826 97 103 110 113 114 115 116 117 118 125 133 134 135 137 139 140 141 143 144 155 164 165 173 175 179 181 184 190 191 198
2844 103 104 105 107 109 116 118 120 123 125 130 134 136 138 141 144 149 150 151 153 156 157 158 169 172 173 174 184 187 194
2827 99 107 112 116 129 132 135 138 139 142 143 146 148 151 152 153 164 167 168 169 170 171 177 182 184 187 197
2431 103 104 105 108 111 114 116 122 125 130 132 135 136 140 143 145 146 147 151 152 153 154 160 164 166 171 174 178 185 188 189 199
1885 101 103 105 107 108 109 111 114 116 117 118 121 122 123 124 126 127 130 133 136 139 146 148 149 151 153 156 157 160 163 164 168 171 174 175 181 185 191 192 193 194 195 196 198
1722 102 103 104 106 107 109 110 113 114 121 123 135 138 141 142 144 145 147 150 151 152 154 155 156 157 158 162 164 166 169 175 180 183 184 186 187 189 190 191 196 197
1620 110 116 118 121 122 126 131 137 139 141 142 151 153 154 156 157 159 162 164 165 170 171 172 174 176 184 190 192 194 198
1597 104 108 109 110 111 113 117 120 122 123 127 138 139 141 145 148 154 155 158 161 164 168 172 173 178 182 184 186 190
2135 105 106 108 109 116 117 119 120 121 123 124 136 141 142 143 144 147 153 163 164 166 168 171 175 178 186 188 191 192 197 199
2656 109 110 111 116 117 120 123 129 132 133 134 135 139 140 152 157 161 163 166 168 172 175 176 180 182 191 193 197
2323 109 112 116 117 128 130 131 134 137 139 140 141 145 148 152 154 155 158 160 164 170 177 180 181 182 183 194 200
1911 111 112 113 117 120 121 122 126 130 131 132 138 146 154 158 160 162 164 166 178 183 185 197 199
1936 117 124 125 126 127 129 131 137 139 143 145 147 154 156 157 161 163 169 176 177 179 186 190 191 192 194 199
2048 116 119 120 121 127 130 132 133 139 154 159 168 169 170 173 183 189 190 193 197
2022 115 116 118 121 127 129 132 133 134 143 145 148 152 154 159 167 169 175 177 178 179 191 193 198
2193 112 116 118 119 121 123 129 130 136 138 140 142 143 144 148 153 157 159 161 166 168 174 175 183 188 191
1733 113 115 116 128 130 139 140 144 145 148 149 151 152 158 161 171 175 176 177 178 179 180 185 188 189 192 195 199
1756 115 117 119 121 122 127 129 130 134 135 136 137 139 143 153 158 159 164 167 175 176 177 179 181 186 193 194 195
2046 115 116 118 119 121 123 127 129 130 131 132 133 134 138 139 146 147 156 157 159 160 161 165 168 169 170 173 178 179 185 186 191 192 195
2437 120 123 127 132 133 141 142 144 149 151 153 156 161 169 172 176 177 180 184 185 186 187 189 190
2611 117 125 126 128 130 134 142 143 152 153 156 159 160 161 164 165 168 169 170 172 173 176 178 179 180 188 190 193 198 199
2626 118 126 132 135 139 142 144 145 147 148 150 153 155 157 160 164 168 174 176 177 181 182 184 185 187 190 191 192 193 195 196 197 200
1925 120 137 139 149 151 155 156 159 161 166 168 169 171 176 177 184 188 189 191 194 200
1521 120 124 125 127 135 136 137 146 150 151 153 155 157 159 162 164 167 168 169 170 181 182 184 185 186 188 192 193 195 197 198 199
2301 124 129 135 138 139 141 143 145 146 148 149 151 156 163 169 172 179 183 184 186 192 196 199
1631 123 124 127 129 132 133 137 138 139 140 143 145 147 148 149 154 155 156 157 164 168 172 173 177 180 181 183 193 194 198
1728 125 129 130 139 143 149 152 159 163 165 167 168 174 177 178 184 200
2855 134 137 138 141 151 154 156 158 163 164 165 168 171 172 173 177 180 181 191 199 200
1741 129 130 132 135 138 141 146 150 152 157 158 159 163 168 177 182 183 186 187 189 190 198
2420 126 128 140 141 142 150 159 161 166 178 180 181 186 187 188 191 195
2834 129 132 142 147 148 162 169 170 174 175 177 179 180 184 185 187 191 193 194 198
2298 131 137 143 145 152 154 155 156 158 161 162 166 172 174 176 178 182 184 187 188 189 191
2925 129 132 133 135 140 143 148 149 152 156 160 162 174 176 178 179 180 181 187 189 195
1518 132 133 134 136 140 141 149 151 155 163 166 167 170 172 176 179 181 182 189 190 197
2396 131 136 139 141 142 146 147 151 154 155 158 162 166 169 171 175 176 177 180 187 188 191 194 198 199
1544 140 142 143 145 150 151 155 156 163 171 178 179 180 183 187 190 191 192 194
2703 133 139 142 150 151 154 157 159 160 161 165 167 168 176 177 178 182 186
2534 134 138 141 142 144 156 160 163 167 172 173 174 175 176 178
2327 141 148 152 153 154 159 162 163 164 171 178 182 183 193 194 195 196 197 198 199
1677 137 141 144 145 146 155 156 157 158 160 162 163 167 176 177 180 182 187 188 189 194 196 200
2566 137 138 139 142 144 145 147 149 151 153 154 157 161 163 167 172 173 174 176 178 190 191 194 195 198 199
2258 138 139 141 142 146 151 157 159 162 163 172 179 184 186 189 190 194
2223 139 140 141 152 155 156 159 161 164 165 166 167 168 172 177 178 180 184 187 188 194
2346 141 142 143 156 169 172 173 174 177 181 182 184 186 191 199 200
2230 147 148 149 153 155 156 164 165 172 173 176 177 179 182 185 188 197 198 200
2178 142 144 146 147 154 155 158 161 166 169 171 174 175 183 191 192 200
2516 143 145 147 149 151 154 156 160 165 167 169 171 174 175 177 178 183 186 188 190 191 192 197 199 200
2138 145 148 150 151 152 153 154 156 161 164 172 175 177 179 181 183 187 188 195 196 199
2203 151 152 154 156 166 167 168 172 177 179 180 183 184 193 196
2888 149 151 152 156 157 159 161 162 169 171 173 178 181 183 186 191 192 193 195 196
2157 147 151 153 159 164 167 170 174 175 178 181 182 189 190 191 192
1824 149 150 152 153 154 155 163 165 167 169 170 172 173 178 180 181 185 190 192 193 194 197 200
2667 153 159 160 163 164 165 172 175 185 193 195 196 198 200
2880 161 163 164 166 169 172 184 185 187 193 196 197
2863 153 154 158 172 178 179 186 187 188 189 191 196 197 198 200
2194 152 159 164 167 168 169 184 185 195 196 197
2964 154 155 156 160 167 171 172 175 176 178 179 180 183 200
2703 163 168 175 181 182 184 187 192 193 194 196 197 198
1687 155 156 161 168 174 177 178 182 186 189 193 194
2701 159 161 165 167 169 170 171 176 177 179 190 195 196 198
2391 157 164 169 170 172 177 178 182 184 191 192 193 196 197
2957 159 161 162 163 167 169 174 178 181 183 184 187 188 192 195 196 197 198 199
2155 159 163 166 176 179 181 187 192 194 197 198 199
2731 161 163 167 170 171 172 175 176 177 182 183 187 191 192 193 197 198 199
2611 161 168 169 181 182 183 188 192 194 197 198 199
1775 166 170 175 176 188 192 195 198 200
2830 163 169 170 172 173 175 177 178 185 186 190 196 197 200
2977 168 169 172 175 176 178 193 196 197 198
2364 165 166 168 180 182 184 188 189 190 197 198 200
2251 168 170 171 175 176 177 178 184 187 188 193 196 200
2859 168 172 174 177 181 182 185 188 193 196 198
2131 170 171 184 185 186 190 191 192 193 194 196 197
2714 169 173 184 191 196 197
1845 171 174 181 186 191 192 193 196
1908 173 185 190 191 195 197 199 200
2328 173 177 179 182 184 193 196
2204 174 176 180 181 187 200
2051 175 181 197 198
2285 175 177 181 182 184 186 191 194 195 200
1764 181 182 184 191
2667 180 181 185 186 189 190 191 195 196 198
1909 179 184 186 194
2602 182 183 188 190 196 197 198
2776 185 189 195 200
2627 181 182 186 188 189 194 197
2995 189 193 194 197
1928 183 185 186 188 191 193 194
2412 184 194 196 200
2791 190 193 194 195 197 199
2308 186 187 192 193 200
1851 194 199
1921 192 199
2106 190 192 193 197 200
2166 191 192 193 194 200
2276 194 198
2204 192 195 199
2492 193 197
2729 198 200
1981 197 199
1777 199
1734 198 199
1656 199
2105
2987 200
1940
