50	5	200	10
-5	13	10
-5	20	5
-1	13	11
-4	16	13
-5	10	11
16 2 3 5 7 9 13 19 23 24 27 29 30 31 34 43 46 47
25 10 13 21 22 25 30 36 41 45 49
29 11 13 14 16 18 19 20 22 24 25 26 31 38 41 44 45 47 49 50
10 11 13 14 21 26 29 37 47 49
27 9 10 11 14 17 20 21 29 41 42 44 47
28 7 8 12 15 18 19 20 23 24 27 30 31 41 43 50
26 8 9 12 19 23 29 32 33 37 38 41 44 45 50
25 11 12 16 19 21 24 28 30 32 33 38 41 43
25 12 14 24 26 28 29 30 31 33 37 38 39 41 45 46 47
17 12 15 18 19 21 26 32 36 39 41 43 46 48
17 16 25 26 27 29 32 35 39 43 49 50
26 14 16 18 26 28 33 36 38 43 47 49
25 17 20 23 24 26 27 34 35 42 45 49 50
22 16 17 22 27 28 32 35 44 50
27 16 17 20 21 23 25 31 36 41 42 49
12 19 20 23 25 26 32 34 36 38 41 45 46 47 50
24 18 19 21 25 29 35 38 41 42 44 46
13 22 28 30 31 32 40 42 44 46 48 49 50
17 21 23 24 29 35 36 41 42 43 46 49 50
24 27 33 34 36 37 38 39 43
15 28 30 34 37 38 39 43 44 47 50
13 26 31 32 34 38 41 42 43 45 46 49 50
19 26 27 29 30 31 36 40 42 44 48 49
15 25 26 39 41 49
27 26 30 31 39 42 50
22 31 32 33 42 44 45 46 47 48
13 30 32 37 43 46 49 50
24 30 33 40 42 44
30 32 34 37 41 46 50
22 31 35 41 42 44 45 48 50
10 42 45 47 50
16 33 36
17 34 40 43 44 46 48 50
10 40 42 43 45 47
26 37 39 45 50
28 37 41 43 44
26 40 44 49
22 40 42 47 48 50
12 40 42 48
14 41 42 44 50
17 42
10 45 47 48 49
10 45 49
25 47 49 50
15 46
19 47 50
28 50
15
16
22
