100	10	200	1
0	23	6
0	35	12
0	26	10
0	21	11
0	20	9
0	37	11
0	33	9
0	39	6
0	23	13
0	28	13
38 2 5 15 20 24 27 28 31 32 33 34 40 43 49 52 62 63 64 65 68 72 75 78 79 80 81 90 93 95 96 97
59 7 10 12 13 16 25 30 31 45 52 54 57 60 63 65 66 67 69 71 78 79 80 81 84 87 90 92 93 94 99 100
52 4 5 13 14 16 22 27 28 31 35 39 41 45 46 57 61 72 80 81 82 86 87 90 94 96
59 9 11 15 26 37 40 43 44 49 50 51 53 57 58 61 63 66 72 79 81 85 86 92 94 95 96 99
37 9 10 12 15 19 22 24 31 32 34 36 46 55 57 60 63 64 66 69 71 75 82 83 86 89 90 96 99 100
56 9 10 14 21 27 28 30 31 34 37 41 45 48 49 50 59 60 61 63 64 72 73 85 90 94 97
54 9 20 21 33 38 39 40 43 51 53 54 60 64 65 71 83 85 91 94 96 99
39 12 13 15 19 22 27 33 34 37 41 43 44 51 53 57 63 66 75 78 79 82 84 86 88 92 96 97
53 11 21 22 23 24 28 32 35 40 49 50 51 53 55 56 57 60 64 66 75 79 81 84 88 90 91 100
52 13 14 15 29 30 33 39 42 47 50 51 53 57 60 68 70 71 76 78 80 84 85 86 87 95
44 17 20 25 33 37 39 55 58 60 62 64 67 68 71 73 75 76 77 79 81 85 88 95
52 13 16 19 24 26 33 42 58 63 70 73 74 76 77 80 82 83 86 87 88 91 92 93 94 95 96
45 18 19 21 22 23 25 27 28 29 39 40 41 42 46 49 51 58 59 66 67 68 70 76 77 80 82 86 90 93 97 99 100
56 15 27 28 30 33 35 45 46 50 51 52 53 57 59 60 63 64 68 75 78 82 84 89 90 94 98
49 19 21 27 29 34 35 42 44 46 49 52 53 54 61 63 64 65 66 71 72 73 78 79 81 82 83 84 85 88 90 95 98 99
49 17 19 20 23 33 34 36 38 40 45 46 49 51 52 54 56 58 62 65 68 80 83 84 86 87 97
30 18 22 26 28 33 34 35 38 42 43 45 48 49 51 56 63 68 69 71 72 76 79 81 85 87 90 97 99 100
56 19 22 26 29 30 31 34 40 45 49 51 52 54 58 70 71 74 80 81 83 89 92 97
46 29 41 42 47 49 52 54 61 75 78 85 86
39 21 22 25 26 27 29 30 31 41 46 51 57 72 73 95 96 99
58 22 24 25 26 31 32 36 47 50 55 61 62 65 70 72 73 79 84 89 90 95
55 26 29 30 34 35 38 44 49 51 56 57 58 62 63 66 68 69 70 72 77 79 82 85 89 91 95 97 99 100
56 25 28 29 32 34 36 41 43 45 53 54 55 57 59 63 64 68 70 81 88 89 91 93 94 95 100
32 29 31 33 34 38 41 44 45 46 50 53 54 59 65 68 69 71 73 77 79 80 81 84 85 86 91 92
58 26 28 30 32 36 44 47 50 56 57 62 63 67 68 79 82 84 95 97 99 100
41 28 31 35 37 38 40 41 46 48 59 60 63 65 66 74 77 80 82 83 84 87 88 90 94 96 97 99 100
33 32 35 36 39 43 50 57 60 61 67 70 72 73 74 80 90 91 95 100
60 31 39 41 44 46 52 53 60 65 71 72 75 76 80 84 91 94 98
58 32 36 39 40 42 44 46 47 52 57 58 59 63 64 65 68 85 86 87 88 89 91 98
49 40 44 45 49 51 52 54 55 62 68 69 70 77 79 81 83 86 88 89 90 93 98 100
37 32 34 39 43 44 52 68 71 75 76 80 90 94 97 98 99
35 34 40 46 48 50 59 61 63 66 67 69 70 74 79 84 87 90 94 95 96 98 99
55 34 37 41 42 51 54 55 57 58 70 75 76 78 83 84 86 87 88 89 90 91 93 96
57 45 58 61 64 66 75 76 78 80 83 85 87 98 99
57 38 39 41 44 47 49 54 56 58 61 63 65 66 68 69 70 73 85 93 94 95 100
33 40 41 46 48 57 59 61 62 67 70 74 75 77 79 80 81 83 84 85 86 94 95 97 98
57 45 48 55 58 59 62 64 68 69 70 73 75 80 86 90 94 96
50 39 40 43 51 52 56 57 59 69 72 74 75 80 83 90 95 99
30 47 48 49 50 53 61 65 76 77 78 79 80 84 90 95
31 42 43 46 48 55 57 71 79 85 86 93 97
59 44 49 52 53 59 62 63 64 66 67 69 74 76 81 84 85 88 91 95 97 99 100
49 44 49 52 54 56 61 62 64 71 78 79 80 81 90 93 99 100
33 49 58 68 70 71 83 85 88 91 98
47 46 48 53 55 60 62 63 66 67 68 69 72 74 86 87 90 98 99
37 47 51 56 58 61 62 65 72 75 80 81 85 88 89 90 91 93
51 52 56 63 64 67 70 72 79 80 81 85 86 88 91 93 94
48 48 52 53 56 57 61 62 63 64 70 74 96 100
53 50 51 52 54 55 60 67 68 71 75 82 83 87 90 91 94
58 56 58 66 79 88 92 93 100
33 52 54 57 61 62 70 71 75 77 80 81 82 86 87 88 91 92 93 99 100
43 53 58 59 66 72 77 78 83 86 88 89 90 92 93 96 99
56 55 60 64 67 68 73 76 78 79 81 83 88 90 94 95 98 99 100
37 58 63 65 68 69 70 73 78 80 81 83 92 95 96 98 99
32 55 57 58 59 60 61 62 63 72 73 74 81 83 85 87 90 91 92 95
47 58 63 65 66 67 70 71 72 75 80 87 89 90 93 98 99
51 58 60 67 70 72 74 78 81 84 87 88 89 90 93
32 58 65 66 69 74 76 77 78 83 89 92
50 65 66 73 77 80 81 82 85 86 90 94 98
32 65 72 79 80 81 83 84 85 91 93
57 62 65 71 74 75 76 77 78 95 98 99 100
54 65 77 80 83 84 86 89 92 95 97
45 66 75 80 85 87 89 92 97
32 68 73 74 75 80 83 84 85 90 96 99
55 68 69 77 78 80 89
51 67 76 77 78 80 85 86 91 93 94 96 97
56 69 70 81 85 88 91 95
40 71 72 81 88 89 98
33 69 72 75 76 79 81 82 86 87 95
60 70 76 78 83 84 85 86 88 91 92 93 96 99
45 73 74 76 81 82 83 86 88 89 90 97 98 99
49 75 79 86 96 99 100
59 74 75 80 92 93 100
39 74 80 82 83 84 87 95
44 76 79 82 87 88 93 94 97 98
60 76 82 90 92 93 96 97 98
59 79 80 81 82 94 95 98
45 85 87 90 98 99
60 82 90 91 92
57 86 88 92 94 96 97
55 81 83 87 88 90 91 93 95 98
55 82 87 88 90 93 94
58 83 86 87 88 97
56 90 91 93 95 97 98
58 88 90 97 99
56 87 91 93 96 97 98 99
38 91 92 93 95 96 98 100
50 88 90 92 93 94 99 100
41 91 92 96
52 94 95 96 97
36 94 98 99
36 95 97 98
47 95 97 98 100
32 95 97
40 99
31 96
58 97
45 100
31
49
31
