200	10	1000	10
-4	73	25
-4	91	19
-1	95	17
-3	35	17
-5	79	20
-4	88	28
-4	38	17
-3	11	24
-4	53	12
-3	100	21
262 3 4 5 9 19 21 24 26 29 31 35 36 39 40 55 58 72 75 77 82 84 96 105 107 108 114 119 120 124 130 131 137 138 142 146 150 151 158 160 162 163 170 174 176 178 181 183 192 195 197 200
143 5 7 12 17 20 22 23 26 27 28 30 37 39 42 44 45 46 48 52 59 64 66 68 70 71 72 73 75 76 77 82 88 89 93 94 96 97 98 103 108 109 110 111 114 116 117 120 123 126 127 130 139 150 151 152 153 158 159 160 161 163 164 168 171 174 176 181 184 192 195 196
148 14 15 17 21 23 25 29 31 34 35 42 44 46 47 49 51 53 55 62 63 64 65 67 69 73 74 75 77 81 90 92 95 96 97 99 102 103 108 110 112 114 117 120 125 130 134 136 138 143 145 146 147 155 156 159 161 163 166 167 168 172 180 181 183 187 188 189 192 196 197
61 6 11 15 24 29 33 34 38 41 42 45 51 54 60 62 63 64 66 77 87 99 106 108 110 111 112 130 131 135 136 139 143 145 146 147 150 154 165 168 169 170 171 177 178 179 180 184 185 186 190 192 193 195 199
283 7 10 11 12 17 18 22 24 32 34 41 42 46 49 51 52 54 55 62 64 66 70 71 77 78 80 84 87 89 93 96 97 108 109 115 122 124 126 128 129 133 134 138 139 142 144 145 146 147 152 166 174 175 176 180 181 191 192 196 197
73 11 14 15 17 19 23 26 30 34 35 42 45 47 49 50 55 56 57 59 61 62 63 73 78 80 82 83 98 101 103 105 107 120 122 124 125 127 131 132 135 136 138 143 144 145 146 160 162 166 167 170 173 177 178 179 182 184 185 188 199 200
21 9 19 28 30 38 39 41 43 47 48 53 55 60 62 68 70 75 80 82 84 85 87 88 89 92 93 94 95 97 105 109 114 115 117 118 123 125 127 128 129 130 134 137 138 142 144 152 155 157 160 162 166 168 169 171 175 180 183 195 198 199
288 10 13 19 25 27 30 39 40 43 44 45 48 56 60 62 65 73 75 78 83 89 96 98 102 108 113 117 118 119 127 131 133 135 139 141 144 145 146 155 157 158 159 161 179 181 186 188 191 192 194 197 200
267 12 16 22 23 25 27 33 35 40 48 56 58 60 61 62 64 65 66 69 70 71 83 91 93 100 108 115 117 119 124 129 131 132 137 139 140 144 148 153 154 155 156 157 162 167 169 176 184 185 188 192 196 198 199
244 15 16 17 19 22 25 26 30 31 32 36 38 42 51 54 59 62 68 69 72 82 83 96 97 100 102 103 108 111 113 114 118 121 122 123 129 131 132 133 134 136 139 141 144 145 147 148 150 151 168 172 176 177 182 183 187 191
288 12 14 15 19 24 29 34 37 44 59 61 63 65 70 75 83 88 89 90 94 96 97 98 101 102 104 111 112 114 117 121 124 129 134 154 155 167 170 173 174 176 179 181 185 186 189 192 195
108 13 18 22 28 32 43 46 52 57 62 65 66 68 70 76 81 83 85 88 92 94 95 101 103 108 111 113 116 117 118 122 123 132 141 149 150 154 161 164 168 174 179 181 183 192 194 200
215 22 23 24 25 30 45 47 51 52 53 54 61 65 71 72 73 74 75 77 83 89 91 92 93 102 105 110 113 116 119 126 127 130 133 135 140 141 143 150 154 159 160 164 165 166 168 169 170 172 178 180 181 182
94 15 17 24 28 32 34 36 37 38 39 40 41 50 57 59 60 68 72 74 75 77 79 80 85 88 92 96 97 98 99 100 101 103 107 109 110 111 113 118 120 121 122 124 130 135 138 145 149 152 163 169 170 172 173 174 175 177 182 183 188 190
263 19 22 26 27 29 31 32 36 37 40 44 46 50 57 59 62 64 67 68 69 72 80 83 84 85 87 92 93 95 98 117 122 131 132 137 138 150 153 163 167 168 173 174 175 179 182 189 191 193 194 198
280 22 29 30 31 33 35 38 40 41 42 51 63 66 68 69 70 72 76 77 80 81 97 99 102 103 104 111 114 115 117 118 125 130 132 142 143 144 152 158 162 165 167 168 169 172 174 179 182 183 184 190 193
31 28 43 45 47 52 60 65 66 71 74 75 76 82 84 89 90 92 94 96 101 102 103 104 106 111 114 123 129 130 135 136 140 143 148 150 153 154 157 159 168 171 183 190 194 195 197 199
115 19 33 34 36 40 41 48 49 53 55 59 60 62 66 68 69 71 72 75 79 80 87 92 95 99 120 121 127 132 136 137 151 155 162 166 167 168 176 178 187 189 198
80 22 24 25 28 29 32 34 38 46 52 53 55 56 62 63 77 79 80 83 85 92 101 105 108 111 114 117 119 120 132 133 139 143 145 150 152 157 163 168 171 175 178 185 189 192
148 23 32 34 45 53 62 63 67 69 70 74 83 87 95 96 100 101 103 105 106 107 108 110 111 114 116 119 121 124 125 128 129 131 136 139 142 146 149 158 159 165 169 170 171 176 177 189
167 24 27 31 38 46 48 49 57 66 71 74 76 80 82 85 86 89 93 98 102 103 104 105 110 113 115 116 119 122 123 125 127 128 130 133 137 138 139 140 144 145 147 156 157 162 164 165 166 176 179 181 182 184 185 187 191 193 194 196 198 199 200
164 25 30 33 34 37 42 43 52 55 57 59 62 66 75 77 78 84 90 96 97 98 101 102 104 106 112 114 116 122 129 138 140 141 146 150 151 152 153 157 162 165 169 172 177 178 180 185 187 188 190 191 193 196 197 198 199 200
207 24 29 30 31 34 36 40 41 43 58 62 63 64 71 74 75 78 79 85 92 93 95 98 102 106 108 115 119 120 122 129 132 137 146 147 152 157 158 165 166 172 173 176 181 189 190 197
60 25 28 29 32 40 43 46 47 49 50 51 54 62 64 66 67 72 75 80 89 93 94 96 99 100 101 103 107 112 116 120 133 135 136 140 141 145 158 159 162 169 173 176 178 181 183 193 195
120 26 28 29 30 31 32 40 45 46 52 54 56 58 60 61 64 69 79 80 81 82 83 84 87 90 91 99 100 103 108 116 121 123 125 132 136 137 138 144 157 158 159 162 166 169 173 174 184 187 188 191 192 196 198 199 200
138 28 32 48 50 56 57 58 61 62 63 70 72 75 81 83 84 90 94 95 96 100 102 111 120 122 129 138 140 141 149 154 157 160 161 163 165 166 167 173 174 176 178 186 190 194 196 197 200
179 28 32 33 35 37 38 44 47 49 52 66 69 72 75 76 81 82 85 101 104 105 106 110 111 112 117 118 124 134 136 142 144 145 147 150 152 156 160 162 163 164 165 170 176 178 182 186 190 191 192 195 197 200
191 30 34 38 39 40 41 44 45 47 49 50 52 57 58 68 69 71 74 77 81 83 85 87 88 91 92 93 97 98 100 103 107 109 121 122 127 129 131 132 135 138 139 141 151 153 157 160 165 166 168 171 181 182 183 191 197 200
214 30 34 36 37 40 49 52 53 59 60 63 64 68 69 71 72 74 78 81 82 83 85 89 92 94 95 98 101 103 110 115 116 117 122 125 127 137 138 140 145 146 148 154 160 163 166 167 173 174 181 182 183 185 186 190 192 196
173 31 33 34 36 37 38 39 40 41 42 45 46 47 54 55 57 59 61 62 63 74 89 95 96 97 98 104 108 111 121 122 123 125 126 133 135 144 148 149 150 151 152 154 156 159 162 166 185 186 193 197
164 34 38 44 49 52 55 56 58 68 69 72 82 87 88 89 93 94 95 97 100 106 107 112 118 120 126 127 128 129 131 132 136 140 142 146 148 150 151 152 155 157 172 173 175 177 181 182 186 188 191 197
290 34 35 39 45 51 53 58 62 65 69 71 72 75 81 86 92 101 103 106 107 108 109 114 121 126 131 133 138 139 146 150 152 155 157 163 164 170 171 179 183 184 185 191 193 199
76 37 41 43 47 49 55 58 61 66 68 69 70 71 73 74 78 79 80 82 83 85 87 91 95 101 102 103 106 107 109 114 117 119 123 126 127 130 132 136 138 139 143 144 146 148 154 155 172 178 181 185 190 191 193 197 199
286 35 41 42 47 49 52 53 55 56 57 65 66 68 69 73 75 78 81 82 89 90 93 98 102 103 104 109 112 115 118 120 121 125 126 131 132 147 154 160 167 172 178 180 181 182 183 185 187 197
122 44 45 48 49 50 51 55 57 59 62 69 72 74 78 87 94 97 102 108 113 120 127 128 130 132 141 145 148 151 158 164 165 175 177 184 186 190 191 192 200
255 37 38 49 60 62 63 69 76 78 83 84 89 97 98 102 103 114 120 122 124 126 127 130 134 135 141 147 152 153 155 162 171 178 180 181 182 183 186 189 190 197 199 200
181 40 42 43 50 51 54 58 62 68 72 73 76 77 86 97 98 100 101 104 110 111 115 116 117 119 122 130 136 138 141 142 149 152 153 155 158 159 164 166 168 169 170 172 176 177 178 189 194 198
21 48 49 50 51 55 56 57 63 70 71 77 84 86 89 90 91 96 97 98 102 103 105 107 108 109 111 114 115 121 122 126 128 129 142 143 146 147 150 151 157 162 163 165 169 174 180 182 186 188 193 199
141 41 44 45 46 50 52 53 57 58 60 61 68 72 83 87 88 92 97 101 109 111 112 119 127 131 132 135 138 141 142 152 155 156 159 163 168 175 177 184 185 186 193 194 199
164 41 42 44 46 51 53 58 70 73 74 76 85 87 88 92 95 97 98 102 103 104 109 112 116 121 122 126 127 133 138 146 147 148 151 152 166 167 173 177 179 180 184 189 190 192 193 195 196
60 42 47 48 57 65 66 75 79 80 84 90 91 96 101 104 106 112 116 119 120 121 127 131 133 135 137 142 143 145 148 149 151 155 159 160 161 162 166 169 170 171 172 173 174 177 180 182 188 193 198
53 51 56 63 64 65 66 68 70 72 74 75 78 83 85 91 92 103 107 113 120 121 123 127 129 130 133 134 135 142 148 153 157 159 164 165 169 176 178 179 180 189 192 198 199
24 52 53 55 56 57 62 64 74 76 77 79 84 87 88 97 99 100 101 102 103 108 110 115 116 118 119 121 123 128 137 138 139 144 145 146 147 155 161 166 169 170 171 173 180 181 185 190 194 197 199 200
111 50 52 56 57 62 65 67 68 69 72 78 80 82 84 89 91 93 94 96 116 122 123 125 130 131 132 133 135 137 147 151 153 160 161 163 164 168 176 179 180 182 185 191 194 198
288 48 49 56 58 59 62 72 73 75 82 87 89 90 93 95 97 104 106 110 111 112 123 131 136 138 141 142 147 149 151 170 173 185 187 189 197 200
29 52 54 61 63 67 68 72 73 76 78 91 94 99 100 112 121 122 127 136 140 148 149 150 156 159 167 170 174 176 187 191 196 198
122 50 53 57 59 60 61 66 67 69 76 84 85 90 93 94 97 99 100 103 104 107 110 112 114 126 131 132 136 138 139 143 146 154 160 174 181 182 186 187 189 195
92 53 57 60 65 66 67 76 77 86 87 89 93 96 99 101 102 105 108 109 111 113 130 135 137 138 147 148 153 168 169 170 171 172 174 176 177 179 186 188 192 193 195 200
16 57 62 65 67 79 80 82 91 96 98 111 113 114 117 123 132 133 135 138 141 143 144 145 146 151 153 154 161 162 165 168 171 173 176 177 178 182 183 187 190 191 195 196 199
297 54 55 56 60 62 65 71 72 77 79 80 84 87 90 91 92 94 96 104 107 108 110 115 119 124 125 132 134 135 143 146 147 150 158 162 164 171 172 174 175 176 177 184 187 188 189 193
17 53 54 55 57 58 60 63 64 67 68 69 72 73 75 76 78 92 98 101 106 111 124 126 128 129 130 131 132 133 134 137 144 145 150 154 160 164 172 173 174 177 181 187 190 192 194 197 198
61 71 73 86 90 92 93 95 96 97 99 104 106 107 108 111 113 114 118 119 123 124 130 140 142 144 148 153 156 165 166 169 170 171 173 182 184 185 186 188 189 193 196 198 199
276 58 61 67 72 73 76 80 83 102 105 107 109 113 114 115 116 122 125 128 130 132 135 143 145 146 150 154 161 170 175 176 179 180 187 191 193 194
152 60 62 63 67 68 69 77 78 82 87 91 92 99 100 105 108 113 116 120 122 124 126 134 135 136 142 147 158 167 168 170 175 176 177 178 183 185 186 189 196 197
116 59 61 64 67 69 77 80 88 89 94 103 110 113 116 117 120 123 124 127 131 135 140 142 143 147 149 151 152 157 160 172 173 175 176 179 182 184 186 189 190 195
148 58 61 64 70 71 72 73 84 85 89 90 92 93 96 101 102 106 110 111 115 127 131 132 137 142 147 149 154 162 163 171 176 177 179 181 183 185 187 188 189 190 194 196
86 59 60 61 66 67 69 70 71 77 78 79 80 90 92 97 101 103 107 110 112 116 119 120 131 133 137 139 140 141 143 146 148 152 153 155 156 157 170 173 174 176 178 182 185 186 187 190 193 194 195 196 197 198
277 62 66 69 71 72 78 79 82 84 88 91 93 107 108 112 113 120 123 125 127 134 135 138 139 144 145 149 150 151 156 157 161 165 167 169 171 175 178 180 188 191 192 197
299 74 78 87 89 93 94 96 101 105 108 110 112 116 123 125 127 135 136 148 153 155 156 158 161 163 172 174 176 177 179 182 183 190 192 194
63 61 65 67 72 80 84 88 89 90 91 94 95 96 99 103 104 107 118 121 122 123 124 125 128 132 133 134 140 144 147 152 153 155 156 160 161 162 164 172 174 177 185 187 193 197
298 63 64 65 66 70 71 75 76 79 81 88 89 92 95 97 103 104 107 108 119 120 126 127 133 141 147 150 152 155 156 166 174 175 176 179 181 184 185
300 67 76 82 83 85 87 88 98 102 103 107 110 111 113 114 116 118 119 121 122 128 134 135 136 137 138 143 144 145 146 147 148 149 151 156 158 160 162 166 179 181
132 65 70 74 77 80 82 83 84 86 88 91 98 100 102 107 109 117 128 132 135 139 146 147 149 150 155 158 159 161 162 163 165 171 173 180 181 182 184 190 192 193 196 198
290 65 71 73 74 83 85 87 95 97 99 101 102 104 108 110 115 118 120 123 125 131 133 139 141 142 144 145 152 155 159 161 165 166 169 170 173 181 191 192 195 197 200
105 68 69 72 81 85 86 87 91 94 96 105 107 109 116 120 123 126 131 133 143 152 157 158 159 162 167 168 172 175 176 177 179 183 185 194 197
120 69 75 81 84 85 89 98 106 115 124 129 131 132 137 139 140 143 150 153 163 164 167 168 176 178 179 184 185 189 190 200
134 72 74 75 80 81 88 89 91 92 95 97 104 111 115 116 117 123 126 128 130 138 143 144 150 155 158 159 164 169 172 173 175 178 179 180 184 186 196 197 198
71 70 74 75 79 80 82 84 85 88 90 97 99 102 103 104 105 108 113 122 125 129 130 133 134 136 138 146 148 152 153 156 158 166 168 174 176 184 186 193 198
104 72 84 87 93 98 99 101 103 108 109 110 111 114 118 124 125 129 140 155 159 161 162 165 171 172 175 186 188 191 192 195
41 74 84 96 106 107 110 111 113 114 117 122 125 129 130 132 134 139 141 142 146 147 150 160 161 162 163 164 176 180 183 184 187 189 193 199
46 74 78 79 83 85 89 90 91 93 95 96 101 102 110 111 112 120 125 129 130 131 132 134 137 138 139 141 144 145 152 153 154 155 156 157 158 160 161 162 163 168 170 172 178 187 188 193 194 198
39 80 83 96 99 105 106 107 108 111 112 113 115 118 128 129 132 133 134 136 139 142 146 148 150 152 155 160 169 171 172 174 179 184 185 189 192 200
256 75 78 79 85 87 88 89 92 97 99 102 104 105 107 111 114 118 121 122 124 125 132 134 137 139 142 143 144 146 147 149 154 157 158 159 161 169 172 173 174 177 180 181 182 183 187 188 190 191 193
124 75 77 78 79 85 86 92 96 100 101 108 112 116 117 118 127 128 132 137 142 145 148 149 150 155 157 162 163 165 166 169 178 183 187 188 193 195 200
17 84 87 88 92 93 96 97 99 101 109 114 115 116 117 120 126 127 128 129 130 131 132 140 141 142 143 145 146 147 148 151 154 157 158 162 166 168 171 172 182 185 186 187 190 193 196 197 198
70 77 81 86 89 91 92 94 96 99 105 106 113 128 130 131 133 135 138 140 143 147 148 151 154 156 157 160 161 163 164 165 167 174 178 180 181 182 185 196
123 86 88 96 98 101 109 112 115 125 128 136 137 139 140 141 146 148 150 151 152 154 155 159 168 170 172 181 188 193 194 196
70 80 83 85 98 103 104 105 108 112 116 117 119 123 126 138 140 143 144 145 153 161 163 164 165 166 172 174 176 179 182 184 185 187 188 191 193 194 197
81 80 82 86 87 88 90 94 95 96 99 101 104 106 110 116 118 119 124 126 130 132 139 140 146 147 148 149 151 156 161 162 163 164 166 171 172 175 180 181 184 186 187 192 196 197 198
60 90 95 98 100 101 105 106 115 119 122 123 129 132 133 138 139 148 150 152 153 157 159 162 167 171 183 193 194 195 200
41 84 92 95 96 100 105 106 115 124 125 128 130 131 134 143 147 148 150 155 158 160 163 176 179 182 183 185 186 187 189 190 191 198
104 85 87 89 93 94 95 97 100 102 103 104 112 123 124 125 126 128 130 131 133 135 139 142 143 145 146 152 157 160 164 165 170 171 172 181 186 192 193 196
277 84 85 88 90 92 93 96 97 102 114 117 118 123 126 132 134 138 139 140 143 144 146 149 155 159 161 164 165 167 171 172 174 181 183 189 193 198
45 86 92 93 95 99 105 107 109 110 118 123 124 125 126 129 137 146 149 152 166 168 170 174 176 177 179 180 183 184 186 187 188 190 192 195 196 200
189 86 90 93 96 106 107 108 112 113 116 119 121 124 132 137 139 141 145 153 154 156 159 160 161 166 170 187 190 194 195 198
193 89 90 94 96 99 104 111 113 116 117 125 128 148 152 161 162 164 176 178 180 183 184 187 189 193 194 195 198 200
70 88 90 91 94 98 106 110 112 118 119 121 124 125 127 131 134 137 138 142 143 145 146 150 152 153 154 163 165 166 169 171 173 175 177 182 185 186 191 192 197 199
192 89 90 91 92 94 109 110 111 112 119 128 131 133 136 138 141 144 145 147 149 157 163 166 167 169 177 192 198
79 90 91 93 99 102 104 105 112 118 119 122 125 126 131 134 141 142 143 144 145 149 151 152 155 156 163 165 169 171 174 181 182 183 184 187 188 191 194 195 196 200
208 92 95 97 99 101 103 105 106 112 115 126 130 131 132 133 134 135 138 140 142 145 151 152 155 159 161 162 163 167 171 172 174 176 178 181 182 184 187 188 191 192 199
90 95 99 102 103 109 113 121 122 123 126 128 130 131 134 136 138 139 143 146 149 153 156 164 165 169 171 177 180 185 191 197 198
153 95 96 97 105 106 108 109 115 116 117 120 122 128 131 132 133 134 141 144 148 151 152 153 154 166 167 168 169 175 176 179 180 183 184 188 194 195 200
241 101 102 105 106 108 113 116 117 123 126 127 129 131 136 137 146 147 148 149 155 158 166 169 176 180 181 183 186 187 191 192 193 194 196 200
295 95 106 107 113 115 120 124 125 127 132 134 135 140 143 145 147 148 150 157 159 160 163 165 166 174 175 179 180 182 188 189 195 196 200
68 96 101 107 108 114 116 118 124 125 127 128 134 140 144 148 149 151 152 155 158 164 169 171 172 178 180 183 184 186 188 192 193 195 196 197 199
222 98 99 103 104 107 111 112 114 118 120 124 126 128 133 145 146 152 154 164 168 172 173 180 182 183 184 191 196 197
95 101 102 105 106 113 119 122 128 129 132 140 142 143 146 149 153 155 156 159 164 165 166 173 174 181 193 194 198
116 102 108 110 111 112 113 115 116 127 128 131 142 151 154 160 176 179 183 184 189 193 194 196
134 100 103 106 111 113 120 122 124 125 127 130 132 134 137 140 146 147 154 157 160 164 165 177 178 181 184 188 189
42 102 103 105 108 109 112 113 115 121 122 125 126 130 133 134 138 139 142 144 146 154 155 156 157 161 163 165 168 170 172 173 176 177 178 184 185 188 191 193 194
286 102 109 114 124 125 130 133 139 141 143 152 154 155 156 159 165 169 174 177 182 185 186 191 193 194 195 197 198
133 107 109 113 115 116 118 122 125 128 129 131 133 135 138 143 145 148 152 153 154 158 166 167 171 176 177 179 182 187 189 191 193 194 195 198 200
52 104 106 108 110 119 129 130 133 141 148 150 157 158 159 163 165 167 174 175 177 179 183 187 188 189 197 200
69 105 106 107 123 134 136 137 141 144 145 147 160 165 171 177 187 189 192 194 196 198 200
97 109 110 117 121 124 126 127 128 132 133 135 136 137 138 144 146 148 149 150 151 154 157 158 160 165 170 174 177 180 181 182 183 184 185 190 195 196
228 109 111 112 119 124 126 131 132 134 135 137 139 146 148 149 151 159 160 164 169 172 175 176 182
69 108 113 116 118 121 124 128 132 135 136 137 138 144 146 155 158 159 170 176 177 181 183 193 197
281 111 116 124 129 130 132 136 140 141 146 151 152 154 155 165 169 170 172 177 184 185 190 192 193 195 196 200
157 111 112 120 122 127 133 135 142 151 159 163 164 168 169 173 174 175 176 179 181 183 187 188 189 191 196 197 198 200
77 111 116 117 118 122 129 136 137 149 154 157 159 162 163 165 168 172 184 190 192 195
91 116 119 123 124 127 129 134 137 138 140 141 143 145 149 150 151 155 156 159 163 165 166 174 175 179 181 182 186 187 193 198 200
169 113 114 115 116 122 125 130 132 133 134 135 136 140 142 154 156 157 161 166 167 171 175 177 180 182 191 197 199
11 114 115 117 121 126 127 132 133 144 146 149 153 155 156 158 159 160 165 167 168 170 172 178 179 181 192 194 196 198
68 121 122 125 126 136 137 143 145 150 152 154 155 157 159 166 172 173 185 187 197 200
197 117 122 128 129 131 137 138 144 145 146 151 152 165 166 171 172 175 180 182 184 193 195 197 199
285 120 121 122 123 124 125 126 128 131 132 137 138 141 142 144 146 148 155 157 164 169 170 173 174 178 179 182 187 190 195 197 199
182 118 120 127 128 130 138 139 140 143 145 146 154 157 165 166 170 171 172 174 175 180 181 183 187 189 192 195 198 199
57 121 127 135 137 141 142 143 146 147 148 151 155 165 166 167 168 173 179 182 184 191 192 195 200
28 127 131 136 139 144 145 149 150 151 155 157 160 164 168 170 172 173 179 185 189 196 200
212 123 125 126 132 133 138 149 155 157 169 171 173 180 186 191 194 195
73 129 131 138 139 140 141 142 145 147 149 151 159 163 168 172 173 177 179 181 188 191 197
89 125 126 136 137 150 154 163 164 168 170 172 173 174 177 179 181 185 186 191 192 196 197
122 124 128 129 131 133 137 141 143 144 149 150 151 156 158 159 161 164 165 166 167 169 170 171 176 182 186 188 189 191 193 196
68 135 144 145 146 152 154 162 165 167 177 178 182 184 185 186 192 195
289 127 128 135 137 139 142 146 151 153 155 162 166 167 170 172 174 176 182 183 184 198
265 127 130 131 134 141 151 152 154 160 169 172 174 177 178 180 186 187 190 195 198 199 200
171 129 130 132 136 139 143 146 147 150 151 159 160 166 168 177 178 179 180 186 191 195 197
278 130 133 137 138 147 150 152 153 157 163 170 173 177 178 181 183 185 188 189 193 196 198 199
56 132 136 138 142 147 155 174 179 180 181 182 187 191 192 200
61 133 143 146 148 149 151 153 154 159 164 166 168 169 171 178 181 182 187 189 192 194 199
102 135 140 141 146 150 156 157 163 164 171 180 181 187 190 193
112 136 140 144 147 149 150 154 155 157 159 163 165 166 167 169 171 174 179 180 181 183 184 185 189 193 196 198
138 143 144 149 152 159 161 163 166 167 170 175 186 189 192 195 198 200
51 135 137 140 150 155 157 158 159 160 161 162 163 168 171 181 184 188 198 199
106 141 142 145 150 152 155 159 162 163 165 170 173 175 176 180 183 190 192 195 197 198 200
223 138 140 141 143 145 150 151 154 160 165 166 167 168 169 172 177 178 183 184 192 195 199
159 141 142 143 145 148 152 163 183 184 185 186 196 197 198
178 150 168 172 175 177 181 183 192 193 199
54 143 146 147 153 155 161 162 165 172 176 179 180 181 185 189 193 195
294 141 152 154 155 158 161 166 167 168 177 179 180 182 183 187 191 198
52 146 150 151 162 164 168 178 179 180 184 186 187 188 190 191 192 193 200
108 143 146 150 151 153 158 166 168 170 173 174 177 181 189 192 193 198
226 145 148 150 152 153 158 161 165 168 173 175 186 188 194 195
296 146 149 154 157 161 166 168 175 181 183 184 186 188 190 196
276 146 150 155 160 163 165 166 167 168 173 175 180 181 183 185 187 192 193 200
56 161 162 165 166 167 169 171 178 181 187 189 190 193 196 199
56 153 154 156 158 167 169 181 183 184 185 190 191 193 199
45 153 154 158 159 161 162 163 165 166 167 169 171 174 177 182 185 186 187 190 197 198 199
262 153 154 155 164 176 180 183 188 193 195
181 154 155 165 169 171 177 178 180 183 187 188 190 193 194 195 197 198
30 157 158 162 164 166 168 173 174 175 177 179 180 185 186 187 188 191 193 199
96 156 157 159 160 164 172 173 179 181 182 184 188 193 197 200
219 154 156 157 174 177 180 181 188 189 190 196 200
203 161 164 174 175 178 181 183 184 189 194 195 200
42 161 163 166 173 180 183 184 188 189 195 197 198 199
280 159 162 163 164 165 166 170 177 181 182 186 188 189 193 194
297 164 165 167 168 175 176 179 180 182 184 197 198
35 159 161 163 164 169 173 174 175 180 181 192 193 196 197 199
213 167 169 173 177 181 185 190 192 199
232 161 165 169 176 180 181 189 191 193 198 200
132 168 169 173 177 178 181 183 185 187 192 199
182 164 166 168 172 176 177 180 193 198 200
69 167 169 173 175 181 189 190 193 194
228 169 170 173 174 177 178 180 183 189 193 196 199
260 167 168 173 176 177 189 190 195 197 198
213 175 181 183 184 189 190 192
203 173 174 181 182 186 192 193 196
81 181 186 187 188 191 194 195 196 198 199
85 171 172 173 176 178 186 193 195 197
254 175 176 178 179 180 185 186 187 192 194
17 175 181 184 187 192 193 198 200
260 174 175 178 180 183 185 191 192 194 195 199 200
159 176 187 191 195
52 179 185 186 187 199
76 178 179 181 182 183 184 186 187 188 193 197 199 200
256 180 181 186 189 193 194 196
158 178 184 185 186 191 194 198 199 200
241 179 180 185 188 193 199
263 185 192 193 194 196 198
121 185 195 199 200
114 182 186 192 194
157 195 196 197 198 200
207 186 188 190 191 193 196 197
224 186 188 190 192 195 197 198 200
150 186 188 194 198 199
47 190 196 197
61 195 197 199
236 191 194 196 197
270 194 195 196 198 200
222 191 194 197 200
224 193 195 197 200
10 196 197 199 200
60 194
111 196 200
31
263 198 199
158
121
84
259
