50	10	10000	1
0	1294	3
0	1455	6
0	1093	4
0	1610	3
0	1817	5
0	1394	7
0	1324	4
0	1589	4
0	1247	9
0	1297	5
766 4 6 7 8 9 11 12 16 19 22 23 28 31 32 33 40 42 47 49 50
1437 6 9 11 13 15 20 24 25 30 31 32 33 38 42 49
1227 4 7 12 13 16 29 33 47 48 50
1273 8 12 17 18 21 23 25 34 36 46 49
817 9 11 12 16 21 28 30 32 33 34 36 37 40 47
1247 10 11 14 18 21 22 29 34 35 38 39 42 44 46
1220 8 14 15 16 18 20 22 23 24 28 30 46 49
958 11 13 14 15 24 25 26 31 36 37 41 42 43 48
1223 10 11 15 17 19 25 29 32 34 35 38 43 44 49
1016 15 17 19 23 26 30 36 44 45 46 48 49 50
788 13 22 44
1423 21 22 23 27 31 35 37 39 41 45 46 48
1322 14 15 18 19 28 31 32 37 39 40 43 45 46 47
1413 16 18 20 22 23 30 33 43 46
1125 18 22 24 29 31 34 38 40 43 44 45 46 47 49
727 17 19 26 27 30 32 35 36 39 41 42 43 44 46
541 21 22 26 30 31 33 37 43 49 50
1440 19 23 24 28 30 32 34 36 37 39 40 42 48
1133 23 24 27 30 44 45 50
611 24 30 41
1064 26 29 32 33 34 35 37 39 41 46 49 50
1420 25 26 29 30 31 32 34 37 38 48
603 24 26 28 31 32 39 48
944 31 39 42 44 46 49
1347 27 30 32 33 34 36 40 50
749 27 30 37 44 46
582 29 30 33 35 40 43 48 50
1060 29 33 34 35 41 42 44 48
1364 33 35 37 38 42 43 44 49
1276 31 32 36 39 40 41 48 50
997 33 36 38 41 45 49
595 34 35 37 38 39 49
1491 35 36 46 47 48 50
988 38 39 40 42 49
1126 36 39 44 47
1455 37 39 41 42 45
1488 42 43 45
1431 39 41 42 43 47 48 50
983 42 47
1489 41 42 47 50
1386 43 44 46 47
1324
1322 45 46
1396 48 50
1334
866 50
1222
695 50
708
1060
