200	10	10000	10
-4	291	22
-4	792	22
-1	1696	18
-3	1370	18
-5	173	19
-4	184	20
-4	652	18
-3	435	18
-4	406	21
-3	1294	24
1824 7 10 11 14 20 24 25 27 28 33 36 37 42 43 45 46 51 56 57 65 73 82 84 86 88 93 95 100 102 103 105 108 115 118 138 140 143 151 155 156 164 167 168 176 180 184 189 197 198 199
1095 6 14 16 17 18 20 26 27 30 31 33 35 37 38 39 41 43 44 46 49 56 57 61 64 65 67 71 73 74 76 77 79 81 82 87 88 91 99 104 105 110 111 116 119 120 123 124 125 126 127 128 130 131 132 137 142 145 149 150 152 155 158 161 166 169 175 177 182 183 186 190 191 198
1626 5 11 19 20 26 28 30 41 42 46 48 53 59 60 64 72 73 78 83 85 88 92 93 103 104 106 108 109 114 125 127 134 139 141 143 144 151 153 158 162 164 166 168 170 174 176 180 181 184 185 188 191 194 195 198 200
1862 5 7 8 12 15 23 25 26 33 36 37 38 43 44 54 61 63 68 70 71 79 85 88 94 95 99 100 101 102 103 107 108 110 111 112 113 117 118 123 129 137 139 141 144 145 150 151 153 154 155 158 159 162 168 170 172 173 175 176 180 183 186 188 190 194 198
1749 6 7 14 16 17 19 25 28 36 37 45 47 49 50 51 52 53 57 60 62 70 71 74 81 82 89 101 105 106 112 114 120 124 126 128 129 132 134 135 139 140 142 143 147 148 149 150 151 154 157 158 162 164 166 179 180 185 186 187 188 189 190 199 200
1103 10 11 12 17 19 21 22 26 38 40 42 43 49 50 51 52 56 63 65 70 72 74 75 91 92 93 97 98 101 102 127 128 132 133 141 143 144 145 147 149 151 159 171 172 173 180 187 188 190 194 196 200
1959 20 22 23 25 32 33 38 42 45 53 56 59 60 66 69 73 74 78 79 82 85 87 88 98 100 102 107 108 111 115 116 121 123 124 125 126 127 128 131 132 133 137 138 140 144 150 151 152 154 160 165 172 176 178 187 195 198 199
1557 13 16 17 19 21 24 25 27 28 30 31 33 37 38 43 47 49 51 52 62 64 72 75 76 88 92 101 107 108 109 120 127 128 131 137 142 144 145 150 151 155 159 166 167 177 179 182 183 187 189 191 194
1515 12 17 20 31 34 38 43 48 50 52 55 56 59 64 71 76 82 85 89 91 98 99 102 103 114 119 125 127 128 129 136 145 149 150 153 154 161 179 180 182 185 186 194 198 199
1807 13 17 22 31 32 37 38 40 50 51 61 63 64 65 69 74 75 78 79 81 82 84 92 95 96 100 103 104 109 110 114 123 125 128 137 139 142 143 145 147 150 152 156 160 163 169 170 173 179 180 181 183 187 191 192 196 197
1468 12 13 14 20 21 24 26 29 30 37 38 39 40 44 46 51 62 74 77 78 79 82 83 85 86 94 95 102 103 104 111 117 119 121 134 135 136 137 138 140 142 143 146 152 160 161 162 163 165 167 170 171 172 173 184 187 190 193 198 200
1557 16 17 20 23 24 32 38 39 42 44 47 48 49 64 75 76 81 88 89 95 98 107 109 111 112 114 115 120 121 123 137 140 145 147 149 153 154 155 157 160 161 167 169 172 173 175 176 181 183 184 186 189 193 195 197
1169 17 18 19 23 24 28 30 32 33 34 35 42 46 56 58 67 69 70 72 73 74 75 76 77 82 83 89 92 93 94 95 96 98 102 104 127 128 130 131 132 136 145 149 153 155 156 158 160 163 168 170 174 176 178 181 186 190 193 196
1905 17 22 23 24 33 35 37 38 42 51 56 58 63 71 72 73 76 79 83 86 97 98 99 101 108 111 114 115 118 119 121 122 124 125 130 131 133 143 144 147 150 152 155 157 158 163 167 169 172 174 175 179 180 181 183 186 187 192 194 195 197 199
1506 18 20 22 23 24 25 26 29 32 34 35 37 42 45 52 63 64 65 66 69 73 77 81 83 85 87 88 91 92 94 96 101 102 103 106 111 115 117 118 119 120 126 127 130 133 136 137 147 148 158 160 169 173 180 181 188 189 191 192 194 198 199 200
1218 19 21 25 29 33 34 36 42 44 52 53 60 66 71 72 74 75 76 79 80 86 95 97 99 100 102 106 111 114 115 116 118 121 124 126 130 131 138 139 140 144 149 152 154 156 157 161 166 170 171 175 180 184 187 193 195 197 200
1734 20 21 24 29 31 32 33 42 44 45 48 49 58 61 64 65 67 71 72 73 74 78 84 89 91 94 100 102 103 107 109 119 127 130 139 144 145 146 147 149 150 152 155 156 157 159 160 170 176 183 185 190 192 194
1842 20 21 24 28 29 34 39 40 42 43 53 55 56 57 58 59 60 61 62 64 66 67 71 72 74 76 78 81 82 84 86 89 91 94 96 99 101 106 109 113 115 120 122 128 131 132 133 136 139 140 141 144 148 149 150 151 152 156 161 163 173 174 178 181 183 184 188 189 191 192 193 195 197 198
1043 20 21 22 23 26 31 44 48 51 52 55 61 62 69 70 71 72 74 84 87 93 96 97 98 100 104 107 111 115 117 118 122 123 134 135 138 149 155 163 165 166 169 173 174 175 181 184 186 195
1210 23 24 25 27 31 32 51 56 63 66 67 72 74 77 80 82 84 87 100 101 105 106 108 119 124 127 129 134 135 136 140 145 149 150 151 158 161 163 165 169 171 172 176 177 178 182 184 186 187 188 197 199
1866 22 23 26 28 33 34 36 38 41 45 57 67 78 80 83 85 89 92 93 98 100 101 102 104 106 111 116 121 123 126 130 137 139 146 148 149 152 157 160 163 164 168 172 175 176 179 188 191 192 194
1141 24 25 28 33 34 38 48 52 57 59 70 71 72 75 76 77 78 82 85 87 96 97 103 109 111 116 120 121 129 131 132 134 136 140 143 146 147 150 155 158 164 166 167 168 169 170 173 174 177 180 182 183 186 192 195 196
1633 24 35 39 45 46 47 53 58 61 62 68 71 73 75 81 84 85 89 100 110 113 115 117 118 123 127 128 129 133 134 135 136 137 138 140 148 149 151 153 158 159 162 163 171 172 176 177 180 181 184 187 188 189 190 192
1747 25 33 34 45 46 47 57 58 60 66 68 69 71 75 79 84 85 87 90 93 104 105 109 110 111 112 116 117 124 125 126 127 134 139 144 156 157 163 170 173 174 177 178 179 183 189 190 192 199
1920 30 43 45 46 49 50 64 67 70 71 80 82 86 91 92 94 97 98 100 101 103 109 113 116 117 118 125 126 136 143 147 158 159 160 168 171 172 173 176 177 178 183 189 192 200
1195 27 30 31 36 37 43 47 48 52 53 56 57 61 68 69 78 80 82 87 88 90 91 92 93 97 100 101 108 120 126 132 139 140 141 149 150 163 170 171 174 175 179 180 182 191 193 194 197
1082 28 29 31 32 36 38 39 42 47 64 67 72 76 77 79 80 81 85 86 87 90 91 114 115 124 125 129 134 140 143 144 145 152 155 158 162 164 165 166 172 174 178 183 184 189 193 196 199 200
1560 29 39 40 41 42 44 46 49 55 59 75 76 81 82 87 89 94 95 104 105 110 114 117 120 122 123 124 133 138 142 143 144 145 147 150 155 166 172 186 190 192 197 199 200
1091 30 32 40 41 42 58 59 70 71 73 75 77 78 80 83 86 88 89 94 99 103 105 112 114 119 124 131 135 138 142 154 159 161 165 166 167 169 171 175 179 184 186 187 193 196
1919 35 38 46 48 50 56 57 58 62 64 66 69 75 76 79 81 82 83 87 93 98 101 104 105 108 110 114 115 118 120 121 122 123 124 127 129 133 134 135 144 146 149 150 155 156 157 158 160 161 165 166 170 171 173 174 180 184 186 190 191 193 194 196 198
1498 44 45 47 51 53 55 57 58 67 69 73 76 84 85 87 89 90 92 96 97 98 101 106 107 110 115 117 119 124 125 129 134 136 143 145 150 151 154 157 159 173 176 178 186 191 193 199
1027 36 38 42 50 54 57 58 60 61 68 69 73 84 88 93 104 106 112 123 126 130 131 134 136 140 142 144 149 150 159 162 164 166 167 170 174 175 178 183 187 188 190 191 193 199
1650 36 37 38 39 42 45 49 50 54 55 58 59 63 68 77 78 80 81 89 91 92 94 99 106 112 116 117 118 121 122 126 128 136 137 138 143 150 157 158 167 172 177 180 181 189 194 198 199
1037 38 40 43 51 59 60 62 64 67 68 74 75 76 80 86 90 92 93 102 104 107 108 109 111 116 120 129 135 136 139 141 145 148 150 155 156 170 173 174 179 182 187 199
1490 36 41 43 51 57 59 60 61 62 66 68 75 76 78 79 84 85 88 90 91 95 96 99 105 110 111 114 115 116 118 121 125 126 127 128 132 133 134 140 145 147 148 154 159 162 166 170 180 181 183 184 187 188 189 195 196 197
1855 37 39 40 41 42 43 45 47 52 56 58 59 60 62 63 65 72 73 76 77 82 88 93 95 103 105 107 113 117 118 122 126 128 130 132 134 136 137 138 147 150 153 161 162 170 172 181 185 186 189 194 197
1611 38 40 44 47 52 57 63 66 68 69 78 81 85 96 101 108 110 113 116 117 120 126 128 129 130 137 139 140 141 150 152 161 164 166 177 178 190 195 197 198 200
1343 45 47 55 56 61 64 66 68 70 78 79 88 90 93 96 102 104 105 106 107 108 111 117 120 127 133 141 143 144 148 153 154 156 159 164 172 173 176 194 196 200
1001 41 54 59 60 64 66 67 69 71 73 85 88 89 90 93 94 98 99 102 106 107 110 116 119 121 123 128 129 130 131 133 135 136 139 148 153 156 157 162 163 167 168 171 175 177 180 186 187 193 200
1857 51 55 60 65 72 73 77 83 87 88 89 95 96 97 101 106 108 114 116 120 122 123 124 125 132 133 136 139 140 144 146 148 149 150 152 155 156 158 159 169 170 172 178 182 183 185 186 190 192 193 194 195 196 197
1195 53 54 56 57 59 60 62 63 65 66 76 77 79 85 87 96 97 100 103 106 110 111 112 114 118 119 123 128 132 134 136 141 142 144 146 149 152 158 161 165 167 170 173 174 177 180 182 193 196 197 199
1622 46 48 52 60 61 62 81 86 90 93 94 96 107 108 112 116 118 119 120 123 124 126 129 130 132 134 138 139 142 145 150 151 152 159 160 161 164 173 174 175 176 180 182 187 188 191
1022 46 47 49 52 54 58 59 60 66 67 68 70 72 81 97 109 110 115 116 119 120 122 124 126 127 131 134 143 144 146 150 156 164 172 176 180 182 183 186 196 198
1882 45 46 55 65 76 77 82 85 88 92 100 102 105 106 113 114 116 118 120 122 130 131 133 134 135 137 139 146 149 150 157 158 160 161 166 168 172 173 174 177 178 179 191 193 197 199 200
1288 47 48 51 55 56 62 65 67 75 82 85 86 87 88 89 90 95 96 98 106 109 110 112 118 119 123 125 132 138 144 145 149 150 157 158 159 163 164 165 175 180 183 195 196 197 200
1773 47 50 60 64 68 71 73 75 76 83 84 85 95 96 97 99 103 104 106 107 109 111 114 117 122 139 143 150 151 152 154 160 166 170 172 175 179 181 182 186 190 193
1317 50 53 58 60 61 62 69 79 80 81 90 91 93 102 106 108 109 110 111 112 113 117 123 124 130 131 133 136 138 142 143 145 148 152 153 159 162 165 166 167 169 170 179 186 192 197
1822 56 57 66 68 69 70 73 75 79 84 89 92 93 96 104 105 107 108 111 113 114 116 117 129 134 139 140 141 142 148 149 151 153 154 155 158 160 161 167 168 171 176 177 186 189 192 195 198
1033 52 56 59 62 63 68 70 72 74 86 97 99 105 107 111 114 119 121 125 126 128 129 133 134 138 140 144 145 149 153 155 156 157 163 164 166 167 169 170 171 172 174 176 182 185 186 189 190 195
1897 58 59 61 66 67 68 77 80 81 83 84 92 96 99 101 102 105 109 110 111 113 115 116 119 131 132 134 141 143 144 145 152 155 156 158 160 163 164 168 173 184 185 189 197 199
1945 66 69 70 75 80 81 89 92 94 99 104 109 116 117 119 120 123 127 129 130 132 134 136 138 143 150 151 156 163 166 169 172 173 176 177 181 182 194 195 199
1340 53 58 60 61 66 71 72 78 82 83 89 91 94 96 98 99 103 108 114 115 122 124 129 131 132 134 139 140 146 149 152 157 162 163 165 166 171 182 184 187 191 194 197 198 200
1875 54 58 62 63 65 68 69 73 76 78 81 83 84 91 96 97 98 99 101 103 106 107 108 109 110 112 119 121 124 131 138 143 144 146 149 160 164 170 171 172 176 178 183 185 186 192 193 194 196 197 198 200
1735 63 66 69 71 79 90 96 97 103 106 107 111 112 117 125 130 131 132 137 138 140 141 144 145 146 149 151 153 160 170 173 177 178 183 192 193 196 199
1865 58 62 73 78 79 80 81 82 83 84 86 88 91 94 96 98 106 108 113 115 116 117 126 132 137 140 148 151 152 156 168 169 172 176 179 183 188 191 197 198 199
1350 59 61 62 68 84 86 89 95 98 99 101 104 108 116 118 121 122 124 126 127 129 132 136 138 141 147 151 152 154 160 161 168 169 170 171 175 181 183 186 199
1013 61 63 67 71 78 79 80 91 97 100 101 102 103 106 110 116 120 122 127 129 135 137 140 144 148 149 157 158 160 162 168 169 175 177 183 185 191 192 193
1457 59 62 65 66 68 70 75 76 80 82 85 97 100 101 104 107 111 114 117 119 126 128 131 134 143 144 145 147 149 151 156 160 166 172 176 178 183 184 185 195 196 197 198 199
1015 61 62 71 72 74 77 78 79 87 95 97 103 104 106 109 111 113 116 117 131 133 136 137 139 140 143 147 156 158 162 163 165 166 168 171 172 175 183 185 187 189 190 191 194
1102 61 63 65 73 83 94 99 100 104 108 109 110 114 118 121 122 123 125 128 130 136 137 139 141 144 146 148 150 152 154 156 159 160 164 175 176 178 179 181 182 184 188 190 197 198
1285 62 65 67 72 77 80 82 86 87 89 90 95 99 101 102 103 107 110 113 117 123 128 129 132 133 137 142 151 153 156 171 172 181 183 187 190 194 195
1277 63 67 73 76 82 85 86 88 89 95 96 97 98 100 105 108 113 114 119 122 124 130 133 137 139 140 151 156 159 161 163 168 172 173 183 184 190 191 192 193 199
1516 64 66 69 70 73 75 78 81 86 89 98 99 100 105 106 116 120 124 127 132 134 140 141 143 145 155 156 158 164 166 170 171 173 195 197
1989 67 69 78 79 83 85 88 89 92 99 106 116 118 119 131 140 144 145 148 149 151 157 161 166 167 168 175 176 177 179 180 183 185 188 192 193 194 200
1822 66 67 71 74 75 78 81 84 87 93 95 97 100 105 106 107 108 110 113 114 117 121 122 125 127 129 130 132 135 138 141 142 143 147 150 155 158 159 163 164 166 174 177 179 189 194 195 197 199
1841 67 68 71 83 88 89 90 93 96 102 103 106 108 109 110 113 117 118 120 122 126 127 130 133 134 138 140 143 144 145 151 153 154 155 161 163 169 173 178 179 180 182 191 192 196 197 198
1869 72 73 85 90 92 96 101 107 108 109 113 115 118 119 120 130 133 134 135 138 143 146 153 154 156 165 171 173 175 181 192 195 197 198
1916 72 74 75 78 81 90 96 107 112 114 124 125 130 133 144 145 149 150 151 153 158 162 166 171 173 174 177 182 183 185 187 191 194 197 198 199 200
1248 73 76 79 80 81 82 83 84 86 87 92 96 103 108 109 110 116 117 121 124 125 129 133 138 139 141 143 144 148 154 155 161 162 164 166 169 170 172 177 178 182 184 188 192 197 199
1380 81 83 85 90 94 95 97 98 99 100 102 103 104 108 110 112 116 117 120 122 125 126 127 131 133 137 139 140 142 146 154 161 162 164 167 168 175 176 178 179 184 191 193 194 196 197 198
1046 76 78 90 98 99 107 113 114 116 119 120 121 127 128 131 133 138 141 144 145 147 148 149 151 156 157 163 165 167 168 170 171 173 175 181 191 193 194
1620 83 85 91 92 93 97 102 105 107 109 111 115 116 121 127 132 137 143 147 149 160 161 164 169 173 175 176 181 185 187 192 195 196
1984 76 77 78 80 92 93 102 103 105 110 112 126 133 137 142 149 157 162 165 166 167 174 179 186 197 199
1744 75 77 80 82 83 84 90 91 96 98 101 102 103 104 105 106 108 110 112 114 115 124 125 126 129 131 135 140 141 148 153 159 160 163 171 173 176 178 183 186 188 189 193 199
1073 80 89 93 97 99 101 102 112 116 119 120 128 135 138 143 144 145 148 149 153 154 156 158 162 165 170 172 177 178 180 182 183 185 198
1989 78 83 86 87 90 93 98 102 105 113 117 123 130 132 135 136 148 150 159 160 161 162 163 164 165 168 169 171 173 175 180 183 191 196 197
1780 80 82 84 88 92 93 113 114 115 122 133 135 136 140 141 145 150 151 153 159 163 166 168 169 173 175 176 179 180 182 186 189 192 194 196
1228 81 83 87 95 97 101 102 103 108 109 118 121 123 125 126 127 130 133 134 138 139 140 141 154 155 158 164 166 167 176 180 182 184 190 193 194
1894 80 84 89 92 99 102 103 108 110 112 116 118 121 126 127 133 135 140 141 142 147 158 161 165 166 167 170 171 175 176 183 184 185 186 187 189 194 198 200
1384 90 92 96 97 113 115 119 121 124 127 129 132 139 141 147 148 149 151 155 159 163 170 172 178 183 188 189 199
1931 84 86 88 97 102 107 111 114 116 119 121 126 130 136 139 151 153 156 157 170 172 173 180 183 184 186 187 193 194 199
1564 83 97 106 110 111 112 114 129 130 131 132 135 141 143 148 152 154 155 158 162 163 165 166 168 169 175 182 184 186 188 190 192 193 195 196 197 198
1723 93 97 102 103 105 110 112 113 116 117 118 122 126 129 130 131 132 141 145 147 153 158 159 161 168 169 172 177 178 182 184 186 193 194 198
1188 86 87 91 94 102 103 112 120 127 128 129 130 143 145 147 150 164 168 177 184 187 198 199
1487 89 95 97 98 100 105 109 113 117 119 121 122 125 132 138 139 140 165 166 169 171 174 178 183 184 186 188 189 190 194 196
1461 87 89 91 93 94 95 97 98 104 105 106 107 110 119 121 123 126 132 134 136 139 140 141 143 146 154 157 159 161 162 163 166 169 171 175 184 190 194 200
1119 89 91 101 105 109 110 111 114 115 118 133 140 141 145 149 153 159 165 176 177 181 189 191 192 194 196 200
1071 94 97 100 103 108 111 117 123 129 132 136 139 142 143 144 147 153 156 160 161 163 164 168 170 171 172 173 174 175 178 180 185 187 191 198
1358 94 96 97 98 103 105 106 112 115 117 119 134 136 140 142 144 145 148 150 152 153 155 156 157 158 159 161 162 166 168 171 179 182 190 194
1367 94 96 98 100 101 102 103 105 106 116 118 119 120 121 122 123 127 128 129 144 145 146 147 159 161 167 178 181 184 186 197
1664 93 98 100 105 108 109 115 121 122 124 128 130 132 136 138 140 143 149 150 154 157 160 165 166 167 170 174 178 179 182 185 187 190 191 195 199 200
1157 94 103 104 105 110 115 118 119 123 125 127 128 129 133 147 150 153 154 164 167 168 172 173 174 175 176 179 180 183 185 186 188 189 190 191 193 194 195 197
1138 94 96 99 102 105 109 110 113 115 118 122 125 129 131 134 135 137 142 143 144 152 153 159 160 163 166 167 176 178 184 194 198
1397 95 96 101 102 106 111 126 129 130 132 133 135 140 142 144 147 148 152 153 160 162 170 174 175 176 184 188 189 190 196 199
1718 97 99 100 101 103 109 111 112 113 121 123 128 131 136 138 151 152 160 162 165 170 172 173 177 183 189
1286 98 100 108 122 123 124 125 126 127 130 137 138 139 140 143 155 158 160 162 166 167 169 170 171 177 178 179 181 182 189 193 195 199
1935 98 101 102 116 120 122 125 126 134 135 137 139 142 146 153 154 156 157 164 166 169 170 172 173 174 182 185 186 188 189 194 195 199 200
1136 102 103 104 107 110 111 113 114 118 119 121 130 131 132 133 137 141 148 153 159 167 168 170 171 176 179 184 185 186 188 193
1571 104 105 106 107 109 113 114 120 123 125 129 133 134 135 136 138 141 146 148 151 155 157 158 164 165 174 177 179 186 189 192 193
1483 107 114 115 116 119 121 123 125 126 128 132 133 134 139 140 142 145 146 150 152 156 164 166 169 170 171 178 182 183 186 187 189 191 192 193 198
1444 110 112 115 116 118 119 122 123 124 130 135 144 145 157 160 163 164 166 169 171 172 177 178 180 184 186 189 195 196 200
1625 104 105 107 112 113 117 120 122 125 126 130 131 136 137 141 145 146 148 149 151 164 170 173 175 177 185 187 194 197 199 200
1249 104 107 117 124 125 128 130 131 138 143 147 156 164 165 167 170 174 182 183 184 185 190 192
1720 108 111 112 118 119 123 131 144 145 146 151 162 163 166 171 175 178 180 181 191 195
1896 106 110 113 115 116 117 121 123 124 125 128 138 140 142 152 168 175 179 186 188 194 200
1834 108 109 113 127 131 133 134 135 141 144 146 149 153 155 158 161 163 168 170 174 179 182 186 192 198
1084 109 110 111 113 114 115 117 121 122 124 135 136 137 140 146 147 150 151 153 154 159 170 174 180 182 183 184 186 191 192 195 196
1627 111 113 122 126 127 128 134 138 141 146 148 150 152 153 154 160 167 170 172 178 179 180 184 187 189 190 195
1865 110 111 112 114 121 123 124 126 131 136 139 140 143 149 155 157 158 160 161 163 164 168 172 180 182 185 188 190 192 195 199
1853 116 119 120 123 135 137 151 152 155 158 161 162 165 166 174 175 177 187 188 196 197
1397 115 116 117 118 119 124 125 126 127 129 130 131 133 134 137 138 139 141 146 147 148 151 152 153 154 155 158 161 164 165 168 169 170 171 177 189 195
1604 114 120 123 124 125 126 129 130 132 133 135 136 147 149 157 161 169 176 187 188 198 199
1163 116 120 122 124 137 143 153 165 168 172 173 175 178 188 190 193 197
1319 119 120 122 125 128 139 140 145 146 153 154 157 159 161 163 167 168 171 175 179 186 190 192 198 200
1117 127 128 129 135 136 147 152 154 156 159 160 162 165 173 179 183 186 188 190 192 193 199
1969 119 120 122 123 130 132 133 135 139 140 142 143 152 157 164 166 167 173 174 175 176 177 178 179 180 183 184 185 187 189 194 198
1960 130 134 137 140 142 146 147 148 160 165 166 175 176 177 182 186 187 192 193 194 195 197 199
1345 122 123 127 128 131 134 140 150 154 157 160 162 165 171 175 176 179 182 184 189 190 196 200
1735 122 125 126 127 130 131 132 134 139 141 157 160 163 166 169 171 172 173 175 176 178 179 180 181 182 185 194 195
1727 122 125 128 131 136 137 143 144 145 148 149 153 156 159 163 166 167 168 178 181 183 184 186 188 192
1324 122 123 124 129 132 134 136 143 144 148 150 151 152 154 157 163 164 165 167 169 176 177 182 187 190 191 193 195 197 199
1857 128 129 138 139 142 143 144 156 163 165 167 169 170 174 175 177 178 179 186 187 190 194 197 198 199
1593 126 129 130 134 136 138 140 143 144 146 147 153 154 155 157 161 170 174 178 182 184 189 197 200
1835 126 129 130 136 143 144 146 147 149 150 155 158 162 164 169 170 176 178 183 188 189 190 191 197 198
1093 132 133 136 138 139 145 153 155 156 159 160 161 162 163 168 170 174 176 181 184 186 197
1635 128 130 135 136 139 149 161 162 163 164 166 169 170 171 177 179 180 181 184 186 187 188 194 196 198
1184 128 137 138 144 153 154 160 161 164 165 168 170 175 178 188 189 192 198 199 200
1204 130 140 141 143 149 150 152 157 163 166 167 173 175 177 186 188 191 193 195 196 199 200
1921 131 132 133 137 141 144 148 149 151 156 163 164 171 178 181 182 183 186 187 188 190 191 194
1848 131 136 138 140 143 151 152 153 154 157 161 162 165 170 171 175 177 181 183 184 193 194 195 198 200
1032 134 135 137 148 149 151 156 160 164 165 166 167 169 170 174 176 177 179 180 184 185 186 188 189 191 192 193 200
1892 133 139 152 154 159 161 164 166 169 170 172 174 176 178 187 195 196 197 199 200
1192 137 138 139 145 147 152 154 155 161 165 167 171 172 175 178 183 192 194
1972 139 143 151 152 164 171 174 178 179 181 184 185 188 191 195 197
1323 136 139 143 145 149 150 156 157 158 160 162 165 168 176 177 180 186 188 194 195 198 199 200
1642 146 156 158 160 161 167 175 179 180 181 184 186 189 193 198
1381 139 144 149 157 159 160 161 163 164 167 174 176 177 179 180 185 186 189 190 193 195 197
1886 140 141 144 146 149 152 157 161 165 166 172 173 191 195 200
1847 140 143 146 148 150 152 155 157 158 159 162 166 174 176 180 183 185 188 191 200
1111 144 145 151 154 162 164 167 168 171 177 178 179 184 188 189 191 198 199
1093 143 146 147 148 151 153 154 159 162 165 167 170 171 172 175 177 190 191 193 194 196 197
1676 144 146 148 153 159 160 165 171 177 179 180 187 188 192 194 195
1040 144 145 147 148 149 151 156 158 161 162 165 170 173 174 176 183 186 189 190 192 194 195 196
1858 153 154 155 157 161 162 164 167 170 172 173 175 180 187 191 194 195 196 200
1681 149 150 151 153 154 156 160 166 167 171 173 175 176 178 179 180 184 188 195 196 198 200
1697 148 150 151 157 158 162 163 164 166 174 175 178 179 181 186 190 191 192 193 200
1360 149 154 157 158 165 166 167 172 174 178 180 182 183 186 192 194
1387 150 151 153 155 156 157 160 161 164 167 176 178 182 183 184 185 187 188 189 190 194 196 199
1065 150 152 153 154 155 157 161 163 165 167 168 170 176 177 181 182 190 191 192 193 195 198 199
1929 151 157 158 161 165 167 170 173 178 179 180 182 184 186 188 189 190 195
1051 152 155 158 160 161 163 166 168 171 175 176 177 178 183 184 187 188 193 195 197
1874 164 167 169 172 175 181 185 193 200
1819 161 162 166 169 172 174 177 179 181 184 185 188 192 194 198 200
1729 158 159 168 171 172 173 178 181 186 195 200
1655 157 158 159 160 162 163 164 165 169 178 179 181 187 189 190 191 193 199
1722 157 161 163 164 166 168 176 178 181 186 187 196 199
1103 159 165 167 168 171 173 175 179 182 183 184 192 195 198 200
1488 161 162 163 164 165 168 172 183 184 185 187 191 197
1266 160 162 165 167 173 174 175 188 190 194 196
1937 162 163 166 173 174 175 180 182 186 187 190 192 193 197 200
1458 162 164 167 170 171 175 177 178 179 181 182 183 186 189 190 191 197
1955 170 171 176 178 179 186 194 197
1208 165 168 173 179 180 181 182 184 186 190 191 196 198 200
1699 165 166 167 175 178 181 185 187 195 196 200
1282 168 175 177 178 181 182 184 190 191 192 195 198 200
1831 169 171 177 180 181 185 187 190 193 194 199
1616 168 171 174 176 187 189 190 191 193 200
1256 170 180 181 183 190 196 197 198 199 200
1939 170 174 175 187 189 190 194 196
1707 182 184 192 194 195 197
1906 173 177 178 181 191 194 197 200
1618 175 176 178 182 183 187 193 199
1986 183 195 200
1626 177 178 180 181 182 187 189 191 192
1836 181 183 189 191 193
1182 177 178 179 184 186 191 196 197 198
1913 182 185 194 198
1923 179 182 186 189 190 191 193 195 198 199
1227 184 186 189
1560 181 186 191 196 198
1294 183 184 191 196 197 198 200
1817 186 189 194 195
1247 184 187 189 191 194 196 197 198
1672 186 188 190 200
1845 186 187 190 194 199
1645 188 197 198 199 200
1649 190 193
1122 192 195 200
1022 193 196 198
1103 197 200
1173 197 199
1895 193 197 199
1294 194
1135 196 200
1196
1895 199 200
1428 199 200
1931
1671 200
1298
