50	10	200	10
-4	30	3
-4	33	7
-1	24	3
-3	7	5
-5	22	6
-4	9	2
-4	33	3
-3	39	6
-4	23	5
-3	14	10
57 5 14 16 17 22 25 27 31 33 34 37 47
42 4 6 10 14 15 27 28 29 32 38 42 44 47 50
59 6 17 25 33 35 36 39 40 41 43 44 46 48 49 50
59 10 17 18 20 26 31 35 37 40 44 46 49 50
50 6 7 9 11 12 14 17 18 19 21 22 25 32 34 42 43 49 50
51 14 15 18 22 25 26 28 32 38 42 44 45
46 8 9 11 14 18 23 28 31 35 36 37 40 45 48
42 18 19 22 32 33 39 43 49
44 10 11 13 14 18 21 24 29 36 40 41 43 44 47 48
57 11 14 15 16 19 21 24 26 28 29 30 38 39 44 47 49 50
46 21 22 24 26 30 32 40 44 46 47 48
41 26 29 38 44 45 48
41 15 17 19 26 27 29 31 35 38 40 41 50
57 15 18 19 20 23 35 38 41 50
50 24 25 26 28 31 37 40 46
44 21 30 31 34 35 36 37 39 42 49
49 18 23 27 29 33 34 37 39 40 42 45 46 48 49
46 19 25 26 29 36 39 40 41 45 50
44 22 23 24 29 30 37 38
57 21 22 24 26 28 29 39 42 44 46 47
43 23 28 29 30 34 35 39 42 43 44
57 24 25 27 29 33 41 47 50
43 26 27 29 30 37 41 44
56 29 38 39 45 46
56 26 28 35 40 42 49 50
58 28 32 39 41 43 49 50
50 28 36 37 43 50
60 32 35 45 46 49
56 33 38 40 41
57 31 37 38 40 41 42 43 47 50
54 37 38 44 48 50
50 34 36 37 41 43 46 48
43 40 43 44 45 47
42 36 39 41 42 45
42 37 42 48
44 39 42 45 46 48
48 40 41 42
54 41 42 43 45 48 50
50 41 44
46 43 47 49
46 43 45 48 50
44 48 49
60 47 50
47 45 49
57 48 49
49 48
52
48
53
48
