50	5	200	10
-4	38	8
-4	33	12
-1	38	10
-3	28	8
-5	34	12
22 4 6 8 9 11 14 20 22 24 28 30 31 36 40 42 43 45 46 48 49
37 3 12 28 32 35 38 43 44 48
22 5 7 12 22 27 30 31 42 43 47 48
39 5 7 11 12 13 15 16 18 21 23 30 35 40 41 42 45 49 50
26 7 8 10 12 19 23 25 26 28 31 34 36 37 38 39
22 8 22 25 29 30 34 36 43 44 45 48
24 9 12 13 20 25 26 27 32 38 39 40 43 46 47 48 49
37 9 12 17 25 26 31 36 40 41 44 50
36 15 16 17 20 21 22 23 30 31 32 38 40 44 46
29 16 17 28 35 40 42 45 47 49
23 12 18 22 27 31 33 35 39 40 45 46
29 15 20 23 26 29 30 31 32 46 47
37 21 27 33 34 37 40 41 42 43 44 45
30 18 24 25 28 29 31 41 42 43 46 47 48 49 50
24 18 24 25 36 45 47 49
29 17 19 21 22 27 28 30 33 46 50
26 22 29 31 35 39 42 43 46 49
21 25 29 31 32 36 37 45 47
21 22 23 25 29 31 32 33 37 43 46 50
26 23 24 25 27 32 33 34 35 38 40 44 47
35 23 24 25 30 32 33 37 43 45 47 48
38 25 26 29 30 31 32 36 45 47 49
35 30 31 34 50
33 25 26 27 29 33 34 38 44 46 50
39 27 30 36 40 41 45 46 47 49
36 31 35 37 43 45
37 28 29 30 34 41 42 43 45 46
23 30 32 33 37 39 43 44
38 30 37 39
36 35 40 43 45 48
32 33 35 38 39 41 42
34 35 43 44
40 38 40 47 50
30 37 38 39 41 47 50
23 40 45 47 49 50
22 39 42 46
22 40 42 43 45 50
36 44 46 50
28 44 47 49 50
39 41 48
23 46 49
28 44 47 49
27 46 50
34 45 50
30 49
26
37 50
29 49
32
28
