50	10	10000	1
0	1191	2
0	1033	7
0	1627	3
0	1672	4
0	1266	5
0	1487	8
0	1070	4
0	1091	4
0	1695	7
0	1775	6
924 3 4 6 9 16 18 19 20 24 25 27 29 34 36 39 42 43 48 49 50
726 3 4 5 15 20 22 26 31 33 34 35 39 42 44 47 49 50
733 13 16 19 22 24 26 30 32 34 36 37 38 39 40 42 46
970 9 13 14 17 18 22 25 32 35 41 44 48
836 8 10 14 15 16 17 18 23 30 31 32 35 40 43 45
295 8 10 11 13 15 18 20 26 36 40 41 47 48
182 15 19 25 29 34 35 40 41 50
408 10 15 24 26 31 39 43
660 10 13 15 18 19 35 36 39 43 45 46 47
388 17 18 23 31 33 35 41 42 48 49 50
873 14 24 29 38 39 40 42 46 47
922 13 16 17 18 28 31 41 44
616 22 24 25 33 37 47 49
665 16 17 24 25 26 32 37 40 49
922 30 33 34 42 43 47 48 49
941 19 21 24 28 31 38 42 47
623 20 26 27 35 36 38 39 41 42 49
588 26 27 32 33 36 40 44
645 20 24 26 27 33 35 41 42 46 48
201 23 34 35 39 45 46
288 23 33 35 45 47
697 27 29 32 33 34 35 38 41 45 46 48 49
583 26 27 29 32 33 36 37 38 39 40 50
544 26 28 31 35 36 39 40 49
725 27 31 33 35 39 40 44 50
349 29 31 32 34 45
820 28 38 43 49
996 29 32 47
934 32 33 35 39 42 44 45 47 48
876 32 35 36 39 40 42 46 47
141 33 34 36 39 40 48 49
827 41 44 46
424 45
514 37 39 41 42 49
553 37 44 45 48 50
947 37 39 50
193 39 40 43 46 50
203 42 44 46 47 50
366 44 47 50
114 46 47 49 50
558 43 44 47
601 43 46 50
398 47
308 46
250 46 50
327 48
660 48 50
394 49 50
917
347
