200	5	1000	10
-4	95	50
-4	198	35
-1	185	44
-3	49	33
-5	52	38
279 8 10 13 16 22 25 33 36 39 40 43 44 47 50 51 53 54 56 59 61 66 71 72 73 74 75 79 85 89 92 97 98 99 100 105 108 109 110 113 115 121 124 125 127 129 130 135 139 140 146 147 149 157 160 166 168 182 184 186 192 194
287 7 9 10 13 16 17 18 22 24 30 40 51 52 57 58 63 64 72 74 83 85 88 93 96 97 98 99 100 102 107 108 110 111 112 114 115 117 122 125 127 129 130 131 139 141 143 149 150 153 155 160 161 163 164 167 171 174 176 178 182 185 186 188 189 192 195 198
270 8 11 14 21 22 24 29 30 33 39 43 44 47 51 53 59 64 68 69 72 77 78 88 98 99 100 104 105 106 107 109 110 111 112 118 127 132 133 135 136 137 139 140 141 142 147 150 153 154 156 157 159 161 166 169 175 185 190 191 193
211 7 11 16 17 21 25 26 27 30 41 45 49 54 57 59 60 68 75 78 83 85 91 92 93 94 99 101 102 103 104 106 109 114 120 133 138 139 151 152 154 168 175 176 180 187 188 189 190 193 195 198 199 200
278 6 8 9 12 13 20 31 36 42 43 44 45 47 49 57 59 64 65 72 75 85 92 99 102 112 113 115 117 119 121 122 124 125 129 132 139 141 142 144 145 152 156 166 168 170 172 176 177 178 185 187 190 192 194 196 199
224 7 9 10 13 14 20 22 24 27 37 38 43 51 53 56 58 63 67 69 71 72 75 76 77 78 80 81 87 89 90 97 102 105 106 108 110 115 116 117 118 119 124 125 139 140 142 147 150 155 156 158 161 166 169 173 174 178 179 183 184 193
210 10 16 21 26 27 28 30 36 39 42 52 54 55 57 60 63 67 68 81 85 90 91 93 102 103 112 114 115 121 123 125 127 128 136 137 139 141 142 148 149 152 156 158 160 161 162 164 167 168 169 171 179 181 182 185 187 189 191 193 195 198 200
270 13 17 21 23 25 31 32 38 39 41 44 52 56 59 60 65 70 71 72 74 77 78 82 85 88 90 91 99 103 107 109 123 125 127 130 133 146 147 149 153 156 160 161 164 165 166 170 171 174 178 183 186 190 196 197 199 200
276 13 16 18 21 22 29 31 32 33 35 38 39 43 45 46 57 62 64 65 67 70 73 77 79 82 94 101 102 105 106 109 112 119 121 124 127 128 130 134 135 138 141 145 146 148 150 153 159 160 161 162 164 168 169 170 172 173 178 181 183 191 193 194 196 197 199
278 13 14 17 18 20 21 26 30 33 38 39 40 42 43 45 51 55 56 59 61 62 70 88 89 90 92 93 99 100 104 105 107 108 115 124 134 135 138 139 146 153 155 157 164 167 168 181 191 198 199 200
211 13 18 19 21 23 28 29 32 33 37 40 45 47 48 50 54 56 57 58 59 67 71 75 77 79 80 84 86 89 91 92 98 104 111 112 114 120 121 123 128 132 138 142 143 144 149 152 161 162 166 169 176 179 186 188 195
210 13 14 15 16 19 20 38 41 42 49 57 59 69 70 71 77 78 79 80 84 85 89 90 94 95 96 98 100 102 109 112 117 125 127 130 131 132 133 136 146 148 149 151 154 156 157 160 163 165 172 176 188 193 194 197 198
262 17 18 25 28 29 32 33 34 40 42 44 45 46 48 51 52 57 58 59 60 61 62 63 64 73 75 77 78 80 83 85 91 94 96 99 104 105 113 122 129 134 137 144 145 146 152 153 157 159 161 170 171 174 175 179 180 187 190 192 196 199
300 17 18 19 23 24 27 32 33 34 41 44 47 48 50 51 54 60 63 64 69 72 73 75 76 79 86 98 102 106 116 117 120 121 126 127 136 139 144 149 154 159 161 163 169 170 171 182 183 184 191 198
203 18 22 25 26 27 35 39 40 46 49 50 52 53 69 70 74 75 80 88 95 101 104 110 112 113 120 124 132 136 137 139 140 141 147 150 158 164 167 174 195 200
281 17 22 25 26 29 34 40 48 51 53 60 61 63 64 66 69 70 71 75 77 81 82 85 86 89 95 97 102 114 116 117 118 125 132 133 135 136 146 148 153 158 159 161 178 179 182 184 189 193
277 19 20 23 24 25 28 29 32 36 37 38 40 41 42 43 45 52 54 56 61 63 69 70 74 75 76 77 79 80 84 85 86 88 89 90 91 94 95 97 99 100 103 106 107 109 113 118 120 121 126 128 134 136 137 138 139 150 151 152 154 155 157 162 166 168 169 170 175 179 182 183 187 189 191 195 200
224 20 25 27 33 40 44 45 46 47 48 50 57 59 66 70 73 74 75 76 77 86 93 95 98 99 100 101 104 105 111 112 113 115 117 120 123 126 127 130 136 141 160 162 164 165 166 170 171 173 184 190 192 193 194 195 197 199
261 21 23 32 34 42 44 48 50 51 52 53 59 67 77 79 81 85 91 93 100 109 113 121 123 125 126 129 133 135 138 141 142 143 147 148 151 155 156 160 164 167 168 172 173 179 180 183 184 185 190 193 195 200
286 22 25 31 33 34 36 40 41 48 50 54 56 57 58 60 63 64 65 67 77 79 80 84 86 92 94 99 100 101 105 107 109 111 114 122 126 127 132 133 135 136 137 139 140 143 145 148 150 162 164 165 166 170 174 177 180 182 185 187 191 196 197 198
269 25 26 33 35 38 41 44 49 50 51 53 54 56 57 64 67 68 73 79 93 97 98 101 103 104 105 106 107 108 112 113 122 125 129 131 133 135 136 141 144 148 153 157 158 163 164 170 174 176 177 184 188 189 192 195 200
233 26 28 34 37 43 49 54 56 57 68 69 70 74 76 79 84 85 90 92 94 97 117 119 127 132 133 134 135 136 137 142 145 146 148 151 156 161 168 170 171 172 176 177 182 192 197
228 24 28 31 35 36 37 42 45 47 52 53 54 63 64 67 71 72 73 76 78 79 80 83 85 86 93 99 100 114 115 117 123 126 131 133 136 137 139 142 143 148 152 156 160 162 164 165 166 169 175 176 177 179 183 184 189 194 197 198 200
282 26 30 33 46 48 50 51 53 55 56 57 64 65 66 67 71 72 74 77 79 81 82 87 88 90 94 97 99 100 108 110 112 116 134 136 142 144 146 147 148 150 156 157 158 161 162 167 169 173 175 180 182 186 187 188 189 194 195 196 200
264 26 28 31 32 39 41 44 47 48 51 60 61 65 67 73 76 77 79 81 92 113 115 119 122 123 128 129 134 136 137 138 144 151 152 153 165 170 177 178 179 182 186 187 188 189 192 197 200
300 29 32 33 38 41 42 49 50 61 62 63 67 68 70 74 75 78 80 85 86 88 101 103 105 107 111 113 118 121 122 123 129 132 133 137 147 149 150 160 164 165 166 169 170 172 175 176 182 184 185 187 191 193 199 200
258 40 41 48 56 65 73 74 75 79 83 91 98 99 101 107 112 115 118 122 126 127 140 152 156 161 165 167 171 172 173 175 177 178 185 188 189 193
242 31 33 35 40 48 50 51 52 54 56 57 67 68 73 78 82 85 86 87 92 93 99 105 106 112 115 116 135 136 141 147 148 150 151 153 154 159 160 161 168 173 174 179 180 182 184 185 186 187 188 192 193 195 196 198 200
269 30 31 35 37 40 49 55 59 61 62 64 65 66 67 72 73 76 80 82 83 84 89 92 106 108 109 112 113 116 119 120 121 124 126 127 136 141 142 150 155 156 158 160 161 162 165 168 175 177 179 181 186 188 191 194 200
200 36 42 62 63 64 65 73 74 75 77 79 80 81 86 98 101 106 108 113 116 119 120 121 122 126 129 132 137 139 141 142 145 147 150 151 152 155 156 160 174 180 186 193 196 200
251 32 34 38 41 50 52 53 54 55 56 62 64 65 66 67 69 70 71 73 82 83 85 87 88 95 98 101 104 105 114 117 118 123 124 131 132 138 140 143 147 157 158 160 162 169 171 175 178 180 181 182 183 189 193 196 199
221 33 35 41 43 48 50 52 53 57 58 60 61 62 63 72 73 74 82 85 89 90 92 93 100 102 104 112 120 132 135 137 141 144 145 148 149 151 152 153 155 157 161 162 164 166 172 174 187 192 194 195 196
204 37 42 43 45 50 55 56 57 70 73 75 77 80 82 83 84 96 97 98 106 108 110 111 113 117 119 120 121 125 132 136 137 143 144 146 148 150 151 164 177 184 188 189 191 196 199
253 35 37 41 43 47 53 54 58 60 61 64 67 71 72 73 74 76 82 85 86 88 92 94 95 96 98 102 105 109 111 114 118 121 123 153 158 159 167 172 175 180 184 188 196
292 51 58 68 74 77 84 86 88 109 117 119 129 135 138 144 145 150 154 155 160 163 168 174 181 188 189 190 191 195
227 37 40 42 44 45 46 49 53 57 64 67 72 77 79 85 87 91 94 101 102 104 107 110 111 116 118 121 127 132 133 135 136 139 140 143 144 146 147 148 149 151 156 159 162 163 164 171 178 179 185 186 190 192 196 200
291 39 40 43 45 51 53 69 71 72 81 85 86 87 89 95 102 108 113 115 119 120 121 122 125 126 129 131 135 138 148 153 157 158 159 167 176 180 194 197 200
286 39 52 53 59 62 65 72 73 77 78 79 81 82 88 102 104 110 112 117 122 126 128 132 136 139 140 141 143 145 149 154 161 163 164 175 182 187 188 192
224 40 42 45 50 52 56 58 60 61 67 68 69 70 71 72 78 79 81 86 87 88 96 98 103 104 107 108 109 110 119 122 124 125 129 130 132 135 138 144 149 152 154 157 158 166 168 171 172 178 183 184 186 187 194 196 198 199 200
277 44 48 56 59 65 68 70 72 76 80 81 85 89 93 94 95 97 98 101 105 106 108 114 116 118 121 128 129 133 137 143 145 148 155 156 157 169 170 173 175 179 184 185 188 200
202 42 47 48 51 53 61 62 69 74 76 85 88 91 93 96 99 100 101 103 107 108 109 110 111 112 113 114 117 121 125 126 129 131 133 138 142 143 144 146 148 150 151 154 162 164 165 169 174 190 192 194
232 43 45 51 58 60 63 67 68 69 71 72 73 75 79 80 81 83 89 91 92 98 105 107 108 110 113 114 116 125 132 139 140 141 143 146 148 149 150 160 165 170 171 173 176 181 184 185 191 194 199 200
205 45 46 50 51 52 53 55 62 65 69 70 73 75 90 92 95 97 98 100 101 103 104 108 111 115 118 119 120 124 129 131 145 148 150 152 153 161 162 163 168 169 172 174 182 185 186 187 188 193 195 196
226 46 47 51 54 58 63 66 67 70 72 74 77 83 85 89 92 93 106 110 112 113 114 120 121 122 127 130 133 135 140 141 149 153 157 158 161 162 163 165 167 175 176 186 188 194 196 200
217 51 52 58 65 66 67 68 69 82 87 90 91 93 94 98 101 102 106 109 112 113 114 116 119 120 129 130 134 136 137 148 151 153 157 159 160 174 176 177 182 185 189 192 194 195 196 197 200
243 48 50 66 68 69 70 71 72 79 89 102 105 107 108 110 126 127 130 131 133 137 138 139 142 143 144 148 149 151 152 161 162 169 170 172 176 183 186 190 192 193 195 197 200
234 52 55 61 64 67 69 70 71 74 76 79 85 87 89 90 93 96 97 103 110 112 113 115 123 124 130 132 133 135 136 137 140 142 145 148 149 151 152 156 158 161 162 165 176 179 187 194
238 50 52 57 60 61 63 66 68 69 76 84 87 88 92 96 99 100 108 113 117 120 124 125 127 130 135 138 140 141 149 150 154 157 160 161 163 165 167 172 173 174 183 187 188 190 191 193
212 57 65 66 71 73 77 78 85 87 88 92 95 97 103 109 115 116 117 120 121 122 126 131 135 136 140 142 144 145 150 157 158 163 169 171 172 173 176 177 188 192 193 196 198
238 52 55 57 62 66 68 74 75 76 77 81 82 83 86 88 91 93 94 97 98 101 105 119 124 129 130 131 132 135 137 138 140 158 159 162 165 168 172 173 175 176 177 178 180 181 183 186 187 188 196 199
264 52 55 61 63 67 69 80 85 86 87 89 90 91 92 93 96 99 100 103 105 106 108 109 113 118 119 121 122 140 141 142 145 147 152 155 160 165 171 175 176 177 179 180 185 189
236 58 60 62 63 65 68 69 72 76 77 78 81 82 84 87 93 94 96 99 102 106 108 109 111 113 119 122 125 126 127 131 132 133 135 139 143 144 149 152 155 156 157 158 159 161 168 169 175 177 179 183 185 188 190 194 200
296 57 60 63 69 72 73 75 76 79 84 89 90 95 97 100 104 105 109 110 118 120 123 126 129 131 132 135 137 139 143 145 146 150 151 156 157 158 161 164 166 169 175 176 179 186 187 192
270 56 58 67 70 72 74 75 80 81 83 86 89 92 95 99 100 101 103 108 116 117 121 123 124 127 133 134 135 139 155 156 157 159 161 164 171 174 182 185 194 196 198
293 62 63 64 67 78 81 82 87 90 91 93 95 97 98 104 106 109 110 111 118 121 122 126 127 132 134 136 137 140 141 142 143 144 145 148 150 153 154 164 165 169 177 178 180 181 184 185 187 194 200
218 57 58 70 74 78 79 86 92 98 101 103 104 105 112 113 119 120 122 132 133 135 136 137 138 143 144 147 157 160 161 164 167 175 176 185 190 191 193 194 197 198 200
277 58 59 60 61 72 76 77 83 91 93 97 98 100 102 106 110 111 114 115 116 118 120 125 126 129 131 138 142 147 156 162 163 169 174 178 182 187 191 192 193
223 63 66 69 72 73 77 79 81 86 93 99 102 113 114 124 125 126 127 128 137 141 143 144 145 148 150 151 152 156 160 163 164 165 166 168 173 179 181 184 185 189 192 197
219 61 63 65 67 71 78 79 82 86 92 93 99 102 103 115 117 119 120 121 122 123 128 129 132 137 138 141 146 150 151 154 159 160 163 164 166 176 186 196 197 200
286 62 69 71 72 81 82 83 84 92 93 96 97 101 103 107 115 119 120 121 125 129 135 138 141 144 148 149 152 154 160 161 162 164 172 173 176 178 180 183 184 187 190 194 196 197 198 199
202 62 66 67 69 72 73 76 82 87 91 105 109 114 119 129 132 135 138 140 143 149 152 154 159 160 162 164 165 167 175 177 178 181 182 185 188 189 190 198
247 67 69 70 75 83 87 89 92 93 96 100 109 110 111 122 127 128 130 131 132 133 135 136 139 140 144 147 152 154 158 160 162 164 169 171 174 175 187 188 191 193
242 65 68 70 71 74 75 82 85 90 91 92 98 103 104 105 107 109 110 112 115 116 120 126 140 145 146 149 150 151 158 159 161 162 163 164 167 169 171 175 178 186 188 189 191 196 197
289 66 78 79 80 82 84 88 89 95 98 104 105 111 113 116 117 118 121 123 125 126 136 140 142 143 151 152 153 154 160 166 169 171 173 174 177 180 184 185 187 189 191 193 194 196 199 200
205 66 69 71 74 77 80 81 84 87 88 91 95 98 101 103 104 115 127 128 142 144 149 151 153 159 161 169 171 174 176 180 183 184 186 187 189 191 195 196 198
277 68 69 70 73 74 76 80 81 85 86 88 90 92 98 101 103 105 108 112 113 115 117 127 128 130 134 135 139 140 143 144 146 147 150 151 152 153 156 159 160 162 167 174 176 183 185 194 197 199 200
291 72 77 79 81 82 88 92 94 95 99 104 105 106 108 110 125 130 131 134 138 142 146 151 163 164 167 169 171 172 175 184 190 191 193 194 197 200
293 70 71 75 79 81 86 87 91 92 107 108 109 114 115 121 122 123 124 127 129 130 131 132 134 135 136 137 148 151 154 160 161 168 170 172 183 185 187 188 195 197 198
289 73 75 78 80 86 90 92 94 95 100 102 110 112 116 117 118 119 120 126 131 134 141 142 144 145 150 152 155 162 164 169 172 175 176 177 179 180 184 185 188 191 195 200
298 74 77 91 94 95 96 105 107 112 115 116 117 120 128 129 131 132 135 138 139 141 143 144 149 154 156 159 160 163 172 174 180 181 183 184 196 198 200
220 73 79 83 87 89 90 93 102 109 110 113 115 120 123 132 139 140 141 142 146 151 153 154 158 160 161 170 174 177 179 180 182 187 189 190 192 194 196 197
201 78 81 82 86 93 95 96 98 105 108 110 111 112 116 122 125 127 130 133 143 149 150 153 160 169 173 177 181 185 191 192 194 198 199
297 74 76 80 83 85 92 97 102 104 107 111 114 116 126 131 132 139 146 151 161 166 169 171 173 175 176 181 183 187 196
228 75 78 83 88 93 94 95 101 104 106 107 112 114 117 118 119 121 122 124 125 127 131 133 138 140 143 157 160 165 170 173 175 176 181 182 183 189 191 195 197 199
257 78 80 82 83 86 87 96 104 105 108 111 112 114 115 120 123 124 130 133 138 139 142 148 151 152 159 167 174 176 177 180 185 192 193 195 197 199 200
270 80 89 92 99 100 105 110 113 115 119 120 124 126 127 129 131 133 134 139 146 152 156 158 161 162 165 167 170 171 174 175 176 179 180 181 182 193 194 199
201 81 82 85 89 90 98 100 101 102 104 108 109 110 114 118 120 128 132 136 138 139 140 147 149 151 155 157 161 166 167 168 174 178 183 185 197 198 199
238 80 82 93 95 98 102 106 112 114 115 116 123 124 127 130 131 134 135 138 139 140 143 147 148 151 152 157 160 165 166 168 169 174 179 183 185 186 188 190 191 193 194 198 200
212 80 81 82 83 85 86 95 97 98 101 103 105 111 112 113 114 118 119 122 133 134 135 140 143 144 145 147 148 157 158 160 163 164 167 177 178 181 193
283 81 84 85 87 101 102 108 110 111 116 117 120 122 125 126 127 136 138 139 140 143 146 152 153 161 162 164 165 166 177 189 193 195 198 200
235 86 92 93 97 100 101 109 110 114 117 118 124 127 128 130 131 133 137 140 142 143 144 145 146 151 153 154 162 164 167 170 171 174 183 185 188 193 194 199 200
248 83 86 89 90 94 98 101 105 107 109 116 119 122 126 130 132 133 134 138 142 143 145 147 152 154 160 161 162 163 167 170 179 181 185 187 190 191 193 194 200
234 85 86 87 94 96 97 102 103 106 108 117 119 123 131 132 138 140 141 143 144 149 151 153 155 158 161 162 164 166 167 169 171 174 180 181 182 189 197
219 91 93 95 99 102 103 104 106 112 113 115 116 118 121 123 128 129 130 137 143 144 149 150 153 156 158 168 174 175 181 186 191 193 194 200
206 87 91 92 99 100 103 112 113 114 118 120 123 129 133 135 141 143 146 152 162 169 173 174 175 176 182 183 184 191 197 198 200
261 95 96 99 100 109 112 117 118 123 126 128 129 131 132 137 144 147 148 155 161 162 163 164 168 173 175 176 177 181 185 186 189 192 200
274 91 93 97 98 101 104 106 108 109 112 116 119 125 132 138 140 142 144 147 156 157 159 164 172 173 174 176 177 183 188 191 196
268 89 91 94 95 97 104 105 106 110 119 120 122 125 126 127 129 131 136 149 156 157 159 161 162 166 170 173 176 179 180 184 186 193 194 195 197 198 199
212 92 93 94 99 103 107 109 110 111 118 124 125 126 128 134 136 137 140 144 146 149 152 155 159 164 165 166 168 170 171 176 179 181 182 191 192 194 195 198 199
260 92 96 97 100 101 104 105 106 108 110 112 113 116 118 119 121 122 123 125 127 130 131 133 134 142 148 149 150 155 159 166 170 175 177 178 181 183 186 188 189 190 191 196 199 200
255 92 97 100 102 104 109 110 111 115 117 120 122 130 132 135 148 151 152 155 156 161 163 165 167 171 172 173 174 179 181 182 189 190 198
278 97 100 101 107 111 112 114 120 122 125 128 144 150 151 155 157 159 160 162 164 165 172 175 178 179 188 196
290 96 102 106 107 114 115 119 121 122 123 125 127 129 132 133 135 143 145 146 147 153 154 156 162 166 172 177 179 181 184 187 189 190 195 198
265 95 109 110 113 121 126 129 131 137 142 143 145 147 150 151 154 155 162 167 168 171 180 185 189 192 195 196 197 199
270 96 104 105 106 107 111 120 121 123 125 127 130 131 132 134 144 145 152 158 160 161 163 164 165 166 167 169 171 173 177 178 183 187 188 189 191 193 194 195 198 199
290 104 105 109 110 111 112 116 121 122 125 127 128 129 135 136 141 143 146 151 152 155 157 159 161 163 167 174 176 178 182 183 184 188 190 198 200
269 98 100 102 105 114 117 118 119 123 129 132 139 142 143 151 152 153 155 159 167 173 176 177 178 180 182 188 189 192 194
256 99 101 104 105 106 107 108 114 116 120 122 123 124 130 133 134 142 146 150 153 155 156 157 158 167 171 177 184 188 189 192 194 197 198
223 102 107 109 111 115 121 124 127 128 129 130 131 132 135 141 143 146 150 151 155 156 160 163 165 178 183 184 188 190 192 193 196 198 200
260 108 110 112 117 121 129 130 134 138 145 147 148 150 151 158 159 163 165 166 167 170 172 173 177 185 187 188 191 192 194 199 200
210 103 109 112 113 115 117 120 122 125 127 129 132 134 139 141 142 147 148 152 155 156 165 171 172 179 181 188 192 196 197 199 200
278 103 108 111 114 115 116 123 126 130 134 135 139 141 146 152 155 156 158 160 161 163 165 167 168 169 170 174 177 180 184 190 193 200
224 106 110 120 121 123 126 140 143 144 146 148 151 159 160 161 164 166 169 170 173 178 183 190 198 199
214 108 111 115 118 120 122 127 128 129 135 137 143 151 153 159 160 166 169 171 172 175 179 182 185 190 197
214 106 114 115 118 122 127 132 134 135 137 138 140 142 143 146 147 150 153 155 156 157 160 161 167 173 182 183 187 189 190 196
244 116 122 125 127 128 134 137 141 149 152 154 156 160 164 166 171 172 175 177 181 185 186 192
245 109 110 111 113 126 136 138 140 144 148 156 158 163 164 167 168 171 173 180 182 183 191 197 198
267 114 119 126 127 130 133 135 146 150 162 175 180 184 185 187 189 194 195
215 112 116 121 129 132 140 149 156 157 158 160 162 169 172 173 178 182 184 193
249 111 114 122 125 128 131 133 135 139 140 148 152 153 158 164 171 173 174 176 184 186 190 191 197 199
219 118 120 122 127 128 133 139 140 151 152 154 158 163 165 168 169 170 172 174 177 182 183 192 197 198
217 115 125 130 132 135 136 137 145 146 147 149 153 157 159 161 167 168 173 176 177 181 183 186 190 191 198
275 123 124 126 127 129 133 138 139 141 149 151 153 154 156 158 161 165 167 171 174 175 176 178 184 185 186 187 192 199
249 119 121 122 123 124 125 129 134 137 144 147 149 150 153 154 160 164 170 175 176 177 178 181 185 189 194
220 120 124 128 130 131 132 136 138 143 149 153 155 160 162 165 171 172 175 176 182 184 188 190 191 192 194 198 199
289 117 119 121 125 127 129 130 135 139 141 142 147 157 158 159 168 175 179 181 189 192 197 200
259 119 121 126 129 133 136 137 139 140 143 145 147 155 156 157 160 165 166 167 170 176 178 181 184 196 197
288 119 129 131 132 136 138 141 148 149 150 152 153 158 159 160 163 168 176 182 185 188 189 197 200
257 122 128 130 132 133 137 139 144 145 151 153 159 161 170 172 175 180 181 185 188 189 190 191 193 194 199 200
214 131 142 143 149 151 154 158 166 168 171 172 177 178 184 185 190 193 194
271 127 129 132 133 137 141 143 146 147 152 156 160 163 170 173 178 179 182 184 188 191 193 195 197 198 199 200
246 128 133 138 142 153 157 159 169 171 173 174 175 177 184 187 189 190 193 194 195 198 200
243 124 130 132 139 140 141 144 152 153 159 160 161 166 169 170 173 182 183 185 199
291 125 132 133 135 147 148 151 164 166 170 179 180 184 185 188 192 193 194 197
250 130 131 137 138 141 144 148 153 156 160 161 162 165 171 176 183 186 195
214 130 131 133 136 139 140 141 143 146 150 151 152 155 165 169 173 177 179 181 182 184 185 189 190 191 192 195 199 200
222 130 134 140 141 142 149 151 153 155 160 161 163 165 173 176 177 194 195 196 198 199
253 132 141 142 145 148 150 152 156 157 160 161 165 166 167 169 177 178 180 182 184 185 190 191 196 197 198 199
215 130 132 135 143 149 153 154 155 156 157 159 165 170 171 174 177 181 183 185 189 190 197 200
251 137 139 142 146 148 149 151 159 160 166 171 179 181 182 184 186 197 198
256 143 145 146 147 160 162 170 174 177 181 190 192 193 197 200
290 134 135 141 147 159 160 161 165 168 169 173 185 187 190 196 199
242 137 142 144 147 153 155 156 160 164 166 167 168 175 176 181 186 192 194 195 197
213 136 137 142 147 156 158 159 162 165 167 168 170 171 178 179 180 182 187 189 191 194 195 198 200
240 142 145 152 153 158 163 164 165 167 171 173 175 176 177 181 182 190 198
290 137 138 141 143 147 148 149 155 157 161 163 166 169 175 180 184 185 186 191 199
263 142 154 163 171 176 179 180 181 183 184 187 189 190 192 194 196 198
207 139 140 143 147 149 150 154 155 159 165 167 169 173 174 175 189 194 195 199 200
211 147 151 152 157 164 166 169 172 176 178 181 184 191 194
279 141 147 148 149 158 169 174 175 184 193
223 143 144 149 152 154 158 161 166 168 169 170 173 180 182 183 186 192 199
205 150 156 158 160 161 163 164 170 173 176 184 187 193 195
225 146 147 154 155 158 163 169 173 174 175 176 184 190 194 200
272 149 150 153 158 161 168 172 173 177 185 186 188 190 191 194 198
287 146 147 148 150 152 154 159 160 170 174 182 184 189 200
272 151 153 154 156 157 158 162 164 166 171 172 180 189 191 192 193 195 198
245 149 150 157 159 165 168 171 173 174 176 177 179 181 182 183 191 197 198 199
283 152 153 155 159 163 165 171 175 176 178 180 189 195
248 150 151 153 155 159 161 162 165 168 172 177 179 184 192 194 198 199
208 153 158 159 164 171 178 181 187 189 193 195 196 198
241 153 162 164 168 182 183 185 197 199 200
286 161 163 176 181 186 188 194 195 198 200
240 154 155 159 160 162 173 174 175 176 177 178 181 186 187 188 193 196
250 155 156 159 163 165 166 174 175 181 186 188 190 192 193 194 195 196 198
291 157 160 162 164 172 184 186 188 192 193 197 199
281 173 177 186 189 192 194 195 197 199
247 159 161 162 167 170 171 178 182 188 190 198 199
293 159 160 161 167 174 176 177 178 186 190 194 197
242 162 164 165 167 170 172 178 180 189 196 200
243 163 167 169 174 176 181
214 164 169 172 177 185 187 189 191 192 198
254 166 167 173 178 182 188 191 193 195 198
218 165 166 169 170 174 176 180 181 182 184 188 195 196 200
212 167 168 169 170 172 174 181 182 183 189 190 192 194 195 200
233 168 174 180 186 193 195 198 199
228 175 176 181 182 183 185 189 191 194 195 196 199
257 169 173 174 176 181 192 194 196 199
275 169 174 181 185 186 188 189 190 193 194 195 200
230 177 178 180 181 183 188 190 193 195 198
287 176 179 182 183 184 185 186 187 188 190 191 197 198 199 200
235 172 178 180 182 184 185 186 196 199
230 176 179 183 184 187 192 197
253 176 180 181 186 192 197 200
235 179 184 186 189 191 193 194 199 200
280 178 179 186 187 196
281 180 183 185 190 191 192 196
277 179 186 190 194 196
215 182 183 189 192 195 196 197
212 180 181 192 196 197 199
256 184 185 189 191 193 194 195 197
239 182 183 189 193 194
288 184 186 190 194 198
236 184 185 192 195 197 198
216 188 189 190 191 192 193 196 199 200
224 186 191 194 196 197 200
253 188 189 198 199
253 188 194 195 200
262 190 197 200
277 196 198 200
278 200
283 192 194 197 199
205 193 196 197 200
283 195 197 200
222
237 196
204
237 198
216
293 200
261
