100	5	10000	10
-1	1735	18
-1	1126	21
-5	1490	20
-4	1215	15
-5	1744	26
1273 6 8 16 18 21 22 27 29 30 32 33 35 38 41 44 54 57 59 62 63 68 71 75 79 81 85 86 87 88 97
817 3 7 12 18 20 21 24 25 28 29 32 37 42 43 51 55 57 58 60 67 69 77 83 84 90 95
1247 7 9 12 15 23 24 26 29 30 39 44 45 47 52 55 57 58 65 69 73 76 79 82 88 98
766 6 8 9 16 18 29 32 33 34 36 39 40 41 42 45 47 51 59 60 62 66 73 75 76 77 78 82 83 90 92 98
1437 10 11 17 22 26 44 49 50 52 56 60 64 71 74 75 80 82 84 99 100
1227 12 16 20 21 24 26 29 31 40 47 61 63 66 67 73 76 82 86 87 90 93
1220 8 12 22 23 24 25 29 30 32 33 37 38 41 46 54 56 62 64 65 68 70 71 75 77 78 81 84 89 93 94 96
958 9 11 14 22 24 29 30 34 37 38 40 41 42 45 48 49 52 56 57 61 65 69 71 72 73 84 86 88 91
1223 15 17 18 23 29 34 35 36 38 47 48 49 51 52 53 55 58 60 64 69 70 76 79 81 85 86 88 89 95
987 13 14 17 18 20 23 24 29 31 32 36 39 47 50 54 58 63 65 66 70 71 73 78 81 86 87 92 100
1445 12 13 18 21 40 41 43 45 49 52 55 56 58 59 64 67 68 79 84 85 88 89 100
1362 15 16 17 20 21 25 36 43 45 46 47 53 56 57 62 64 67 72 74 77 85 89 94 95
1127 16 17 18 19 20 21 22 23 26 29 38 39 42 45 46 47 52 58 60 65 68 71 72 75 82 85 87 88 94 98
748 15 16 18 19 20 26 27 28 30 38 40 42 45 47 48 50 55 59 61 62 64 73 81 86 93 96
1335 20 22 26 35 36 39 40 43 44 51 53 54 55 56 57 63 64 66 67 69 70 71 73 82 88 93 96 98
1116 23 25 26 29 32 35 36 37 39 42 43 45 47 48 49 50 55 56 58 59 60 65 68 71 72 76 78 87 89 90 91 93 97 98
527 18 20 22 30 32 37 45 46 49 55 58 63 64 71 73 77 84 87 93 95 97
1353 21 30 35 38 48 51 55 56 57 59 62 63 64 66 69 71 78 83 85 88 89 100
1413 20 23 24 25 29 32 33 34 35 36 38 39 41 43 55 57 58 61 62 67 68 69 77 79 82 87 94 95 98
1016 22 26 30 31 33 34 36 40 43 44 46 56 57 60 65 68 72 76 79 86 90 91 92 95 96
788 22 26 27 31 34 49 51 53 55 57 58 63 64 68 69 71 73 76 78 87 90 92 95
1423 26 28 31 34 42 43 49 51 53 54 55 58 59 67 69 70 80 88 90 95 99 100
1125 24 26 29 32 34 35 38 48 53 55 56 57 66 67 69 73 84 85 89 91 92
727 28 35 36 37 42 44 48 49 56 65 70 73 75 77 78 82 87 88 89 91 94 95 98 100
1322 33 36 42 56 60 61 66 70 71 72 73 78 87 94 96 97
688 30 36 38 46 57 60 62 65 66 67 69 71 72 77 79 80 81 84 86 87 88 89 90 98 100
1341 30 39 40 41 46 49 51 53 58 59 60 62 64 65 75 79 81 83 84 85 90 96
591 38 43 49 50 51 52 53 61 65 68 69 77 81 82 86 88 90 91 94 99
1397 34 39 41 42 43 44 49 50 51 54 56 60 70 71 72 74 76 78 84 87 90 91 96 97 98
1331 31 34 35 37 43 44 61 62 67 69 73 74 75 87 89 91 94 95 97 98 100
1369 35 37 38 49 50 51 52 53 59 60 65 69 71 80 82 92 97 99
1365 34 35 38 40 43 51 53 55 60 62 65 68 70 72 77 82 84 87 93 94 99
619 35 37 41 42 50 51 53 54 62 64 68 69 70 72 73 78 80 83 84 88 92 97 98 100
880 36 37 38 40 53 54 56 57 59 71 72 76 84 85 91 92 95 98 100
603 38 42 44 51 52 53 58 63 67 74 76 85 87 93 98
1375 42 43 45 46 54 58 68 69 70 73 75 78 79 81 85 92 94 98 100
1150 38 44 48 50 55 57 61 63 65 66 68 69 71 72 74 77 78 79 81 83 84 91 96 97
522 40 42 49 54 55 59 60 68 72 75 79 80 81 82 85 89 91 92 95 96 97
1484 42 44 49 52 57 66 69 77 79 80 82 87 90 94 100
541 42 44 48 52 62 64 65 69 72 73 74 75 76 81 82 83 84 86 89 90 95 97 99
1440 49 52 57 59 61 66 71 78 79 85 91 92 94 98
1133 43 44 46 50 51 55 56 58 59 63 65 68 81 86 90 92 93 94 98
1420 44 52 55 61 62 68 69 72 76 77 80 83 85 87 90 95 96
603 45 46 48 52 53 55 58 59 69 70 71 72 79 82 83 85 91 92 98
944 48 49 50 51 66 67 71 76 78 79 81 82 86 90 91 99 100
1347 51 52 54 57 60 61 63 66 69 74 78 81 85 86 89 92 99 100
749 48 49 56 62 71 73 74 78 82 87 89 91 96 99
582 50 51 53 54 56 57 58 59 61 65 67 69 71 81 82 84 85 86 89 95 97 99 100
611 50 51 58 59 61 71 72 74 76 78 79 83 84 87 92 97 100
1064 57 61 62 68 71 81 82 89 91 95 96 97 98 99
1060 53 54 55 56 61 64 65 68 71 75 77 86 87 91 92 94 97 99 100
747 54 56 57 58 59 65 69 80 82 86 87 88 90 91
1172 60 61 66 69 72 73 74 79 80 82 83 87 91
1093 55 57 58 60 62 64 65 67 70 72 77 83 84 88 89 91 94 99
1176 60 61 69 70 71 73 74 76 78 79 84 87 90 92 93 99
584 60 67 71 75 76 83 84 85 87 88 91 92 94 98 99 100
1145 59 65 77 78 80 84 85 86 89 91 96 99
1249 66 71 73 79 80 82 87 88 92 97 99
593 61 70 71 83 84 94 95 100
1364 65 66 68 72 75 81 87 90 91 92 97 100
1276 67 68 73 74 77 83 87 88 96 97 99
997 70 74 76 78 79 81 86 92
1491 65 66 67 68 69 74 76 78 79 80 85 92 95
988 65 67 70 72 76 80 82 84 93 94 100
595 69 70 72 76 78 91 92 94 96 97
1126 75 77 79 84 91 94 97 99
1455 69 77 78 85 87 88 90 92 99
794 74 78 79 80 87 91 93 96
1317 76 78 80 81 84 87 90 91 92 95 97
1199 71 74 75 77 78 82 83 89 93 98
1345 74 76 78 79 81 82 85 86 88 90 92 95 99
961 78 82 84 86 87 89 91 97
840 78 80 84 87 88 89 96 98
622 75 78 80 84 87 88 89 92 93 98 100
1488 76 81 87 88 90 93 94 96 98
866 77 79 82 83 84 87 88 92 94 98
1431 78 82 87 91 92 93
1222 79 81 83 84 89 91
983 81 86 87 88 90 92 95 99
1489 87 91 96 97 98
1386 83 86 93 97
1324 86 88 92 93 97 98
695 87 89 93 95 96
1322 90 94 98 99 100
1396 86 89 90 91 92 93
1334 90 92 93 96
708 89 92 96 97 99
1060 96 97 98
593 95 100
824 92 96 97 100
533 92 93 98 99
1419
1357 100
782 99
1416 96
998
546 98 100
1149
1120
537
