50	5	1000	10
-2	175	12
-5	174	9
-2	150	5
-1	182	14
-2	121	10
147 4 7 8 21 22 31 41 43 46 48 50
82 5 8 10 14 15 19 20 22 23 28 29 33 35 41 43 45
147 4 5 7 9 14 15 19 25 26 28 41 45 50
125 6 7 14 21 23 26 28 30 31 32 42 46 47
90 16 17 19 22 30 32 33 34 35 38 41 44
52 12 14 19 22 25 27 28 32 35 39 40 42 43 46 47
104 9 11 14 21 25 27 31 38 40 41 42 44 47 49
87 18 23 24 25 26 33 38 39 40 42
132 13 19 24 26 33 41 45
125 11 12 14 21 26 27 33 34 35 36 37 46 48
143 12 22 25 27 28 29 37 39 40 48 50
110 13 16 20 24 26 27 28 30 32 35 40 42 45 46 47 50
150 20 22 26 28 29 30 37 42 43 44 45 47
84 17 19 20 21 30 33 39 40 43 44 47 48 50
137 16 17 22 23 28 29 31 36 41 44
117 21 28 29 38 43 47
79 19 25 26 30 35 44
135 20 22 25 28 34 35 37 39 40 44 45 50
111 20 33 43 44 50
103 23 29 34 36 39 40 45 47 48 50
63 31 39 41 46 48 50
79 24 26 27 31 35 37 39 43 44 45 49
73 30 35 37 39 42 43 44 46 50
65 33 34 35 37 38 41 42 43 44 45 48
88 27 36 38 39 40 46 49
139 28 32 38 39 41 43 44 45 50
113 30 32 34 36 40 41 43 50
110 36 39 40 41
62 30 35 36 38 43 49
53 32 34 35 36 37 40 43 50
139 37 38 41 42 44 49
51 33 35 37 38 43 45 48 50
147 37 45
147 35 36 37 38 39 41 42 45 50
125 39 47
114 41 44 46
145 38 43 45 46 48 49
61 44 45 48
116 40 41 44 47
97 45 47 48 49
67 42 45
105
133 45 46
113 47 49
103 46 50
142 48
104 48 49 50
96 50
134 50
89
