200	5	200	1
0	8	46
0	15	29
0	4	40
0	13	42
0	9	43
48 4 7 8 13 17 22 23 25 26 27 30 37 41 42 43 44 45 57 61 65 66 71 78 79 81 84 91 96 97 99 100 107 113 114 117 119 123 130 135 136 138 140 142 145 146 147 148 170 175 176 178 182 184 185 199
59 14 16 20 21 22 28 33 39 46 47 58 63 64 65 70 71 73 74 76 80 81 82 92 94 96 105 107 109 111 116 118 119 127 132 135 136 137 138 139 149 150 157 161 162 167 170 172 174 175 176 177 178 182 184 191 196 200
50 7 8 9 10 14 15 18 28 33 34 35 36 41 42 45 46 47 50 53 57 62 69 71 75 79 81 84 85 87 100 101 107 111 119 123 125 128 134 135 137 139 145 154 160 161 164 166 169 178 186 188 192 193 196 197
51 6 11 12 17 24 25 35 39 40 42 46 47 54 55 62 65 69 74 77 78 82 83 84 85 90 97 107 109 111 112 113 114 115 116 120 123 125 128 129 141 143 147 148 149 154 156 158 160 168 170 171 174 176 177 180 192 194 197 200
57 8 10 18 26 28 30 31 35 36 37 41 42 47 48 51 52 56 59 61 66 75 76 77 82 85 87 88 89 91 92 97 99 100 104 105 110 113 118 122 124 130 137 139 141 145 146 148 152 154 160 162 163 165 166 168 171 173 175 177 185 189 194 196 197 200
42 9 16 17 18 23 24 32 39 40 43 46 48 55 56 57 59 60 62 68 75 79 81 82 83 87 90 92 97 98 103 106 107 111 119 122 126 129 133 138 141 142 148 150 151 152 157 159 160 162 168 170 171 173 175 176 178 184 188
59 8 11 16 19 22 26 30 37 38 40 43 46 47 48 56 65 66 67 73 78 81 82 85 86 90 92 94 99 100 101 108 110 111 112 115 116 123 126 130 135 136 142 145 147 152 159 164 169 170 171 174 178 181 184 186 190 192 198 200
46 9 14 17 18 19 21 22 24 28 29 37 43 44 61 64 65 68 70 75 79 83 85 88 89 90 98 105 107 112 117 119 125 127 130 135 139 145 147 148 153 162 173 179 180 186 187 192 196 199
42 10 11 14 29 34 36 41 50 57 59 60 63 66 68 80 82 83 91 93 94 98 99 106 107 108 111 112 113 114 116 117 123 128 130 131 132 135 141 143 147 152 159 160 161 162 163 164 172 174 178 179 181 184 189 194 195 196 197 198
44 17 18 23 25 29 30 34 43 45 47 48 52 54 58 59 63 64 65 66 68 69 75 76 80 81 86 90 91 93 101 102 103 104 105 111 112 115 117 118 121 125 126 128 135 137 139 145 149 150 151 152 162 168 170 174 180 181 188 195 197 198 200
57 13 15 21 23 29 35 41 43 48 49 51 52 58 59 61 63 66 74 77 78 82 84 89 90 91 92 93 100 101 110 113 117 119 123 124 125 126 130 139 144 145 146 150 153 155 157 159 160 161 162 165 168 170 174 176 178 180 182 191 192 193 199
55 14 15 18 20 22 29 32 33 34 40 43 44 45 47 51 56 58 60 65 73 74 78 79 85 89 90 98 100 103 104 106 110 113 117 119 122 125 126 127 134 136 137 151 159 161 162 166 176 184 192 199
44 16 27 28 30 34 35 38 42 45 55 56 60 68 73 90 91 96 108 110 111 118 123 124 126 127 132 133 134 144 146 147 149 150 153 154 155 160 161 164 165 166 170 173 174 179 183 185 188 199
40 17 23 26 27 30 33 35 36 37 42 46 47 50 51 53 56 61 63 65 70 73 75 77 85 86 87 90 96 101 102 103 107 114 115 116 118 120 125 129 130 136 138 141 145 146 147 153 157 158 162 167 168 170 172 177 181 183 184 187 191 192 194 198 199
60 20 23 25 26 30 33 35 36 38 40 42 44 47 48 49 50 52 53 54 55 58 61 69 71 78 91 92 97 100 101 102 107 111 132 137 138 144 145 149 156 158 160 167 175 178 179 181 182 185 199 200
59 21 25 30 32 33 37 41 52 54 55 56 57 58 63 65 70 72 75 76 85 87 88 90 92 103 105 108 110 112 114 118 119 123 129 131 132 133 137 141 143 149 152 153 156 162 164 170 172 181 182 184 185 191 192 194 198
46 24 27 28 29 38 39 46 47 50 61 62 69 71 73 82 86 89 98 99 104 107 108 109 112 115 117 123 124 125 127 136 139 142 146 147 148 149 150 151 154 157 159 160 163 171 172 173 174 184 188 190 195 198
40 22 32 33 36 41 43 46 53 55 58 65 75 77 83 85 89 97 102 103 104 108 109 113 114 116 118 122 126 138 141 145 147 163 165 167 171 173 175 176 179 183 186 188 190
56 20 24 26 29 31 32 33 37 40 45 46 49 52 53 55 56 58 59 60 63 64 66 67 72 73 76 81 82 88 90 98 101 102 112 113 114 122 124 126 127 128 129 130 132 133 139 140 141 144 150 153 154 155 156 158 159 160 161 168 170 176 178 180 189 190 192 195
45 21 23 26 30 32 34 41 42 45 49 50 52 55 56 57 58 59 61 73 76 78 85 95 102 107 108 114 116 121 128 134 135 139 144 153 160 161 163 164 166 167 168 169 186 190 193 196 197 198
59 25 26 27 29 37 39 41 44 47 53 55 56 60 62 68 72 75 76 80 86 88 105 106 107 109 113 114 116 119 122 126 128 132 135 137 147 162 163 164 168 169 170 171 172 175 178 181 182 188 190 193 196 198
55 24 29 34 40 47 55 59 61 65 71 72 73 78 80 82 83 85 88 90 94 100 104 112 113 114 115 116 117 125 127 129 130 131 132 133 140 141 145 150 152 156 157 159 161 163 166 169 176 179 182 184 187 188 196 198 199 200
40 24 25 28 29 34 35 44 49 53 54 58 60 67 71 72 80 81 82 84 86 90 93 99 104 105 107 109 110 111 113 115 117 119 122 124 127 129 130 131 135 137 140 141 142 146 149 150 153 154 156 159 161 167 168 177 192 195 196 199 200
52 26 27 29 31 35 36 38 40 44 52 55 56 58 60 64 65 67 72 80 88 93 102 103 105 107 111 112 113 114 126 127 128 129 130 132 137 143 150 151 152 154 158 161 163 168 171 177 179 183 186 187 193 197 198
45 30 34 41 45 46 48 49 54 59 61 63 64 65 66 67 68 74 80 82 86 87 97 104 105 108 112 113 117 122 125 127 130 131 133 137 138 140 149 157 166 168 169 173 174 175 182 185 187 189 190 192 199
55 27 30 32 34 35 36 45 47 50 56 57 63 68 70 71 74 75 77 79 80 85 89 93 95 97 103 105 106 107 108 109 111 113 114 117 121 126 133 135 141 144 149 158 161 164 169 170 171 178 181 182 183 194 196 199
44 29 33 36 38 40 44 45 46 47 48 54 58 60 61 66 67 74 79 80 83 87 92 93 94 95 96 100 104 105 107 111 116 117 124 126 127 128 133 153 159 161 162 165 173 179 186 188 189 190 197
52 30 32 36 39 41 48 55 57 58 61 62 67 68 74 82 85 87 88 90 91 94 103 109 110 111 115 116 119 126 133 134 136 140 141 142 144 145 156 157 162 165 169 171 179 180 183 192 193 199
46 34 35 37 40 41 43 49 51 57 67 69 73 74 75 76 77 79 81 83 84 87 88 98 99 100 112 115 119 121 128 132 134 138 141 142 152 155 159 160 174 175 176 178 186 192 197 199
40 36 37 40 43 50 51 54 55 57 58 59 61 62 64 73 81 83 84 91 92 99 105 106 112 113 114 116 119 124 130 135 136 138 140 141 147 150 152 157 158 160 163 165 166 169 177 183 184 185 191 197 199 200
46 42 44 55 57 59 64 69 73 74 77 79 86 93 97 98 101 104 105 107 108 111 113 115 118 119 121 130 131 138 141 143 144 149 152 158 159 160 164 170 174 175 179 185 186 191 193 198
59 41 51 52 58 67 68 72 74 75 77 86 90 92 94 96 101 103 113 115 125 130 132 138 139 142 144 147 149 158 159 160 161 164 165 168 170 176 182 185 191 192 193 198 200
55 36 39 43 47 48 67 68 73 76 77 92 96 100 101 105 106 107 112 113 114 120 128 130 131 132 134 135 137 138 140 142 146 147 149 150 156 159 160 163 173 174 175 177 178 182 183 185 193 194 199
40 37 41 43 46 49 52 54 55 60 67 68 69 72 74 76 77 82 85 89 90 92 94 97 107 109 110 111 112 113 116 127 130 131 132 135 145 153 154 158 164 168 169 178 183 187 191 198 199
48 41 46 48 49 53 55 57 63 64 73 75 78 81 85 86 87 88 89 96 97 100 104 108 112 114 116 120 122 123 130 132 133 140 141 142 143 146 150 154 157 158 160 166 170 174 177 179 181 184 186 191 195 199
41 39 40 42 51 64 65 69 71 72 75 77 83 84 85 87 90 91 94 95 96 104 107 108 109 111 114 116 121 124 126 134 138 143 145 150 152 153 155 162 163 164 167 169 170 173 177 178 181 183 186 189 199
46 40 41 42 44 46 52 53 55 62 67 68 69 70 73 74 84 87 93 94 96 104 105 108 111 115 119 125 127 135 136 138 141 145 151 152 154 155 156 157 158 164 166 167 168 171 172 174 175 176 180 183 187 189 190 191 193
44 44 47 48 50 51 52 54 55 58 61 62 66 67 71 75 76 80 83 87 91 95 109 126 127 131 134 136 140 144 147 150 155 158 162 163 165 167 170 172 183 185 188 189 190 192 197 199
41 42 45 47 48 51 52 53 54 56 60 62 63 66 69 70 81 82 83 84 85 91 92 97 102 103 106 124 127 130 131 133 136 140 142 145 146 147 150 153 155 159 168 169 171 172 176 181 183 184 185 188 193 199
55 42 43 56 58 64 67 71 79 84 86 87 88 102 108 109 112 113 118 121 122 123 126 129 133 134 136 137 138 140 144 156 157 158 160 163 165 166 167 168 170 173 188 190 193 196 198
57 44 46 50 53 54 58 59 66 71 72 74 81 88 90 92 94 97 100 101 103 106 109 110 111 112 113 116 122 125 126 127 131 132 138 141 142 144 148 150 156 159 164 169 170 174 186 189 190 194
55 44 48 57 58 60 61 73 74 77 79 85 93 94 95 97 98 101 102 103 105 111 112 113 115 117 124 125 129 130 131 140 141 143 145 149 151 152 154 156 157 158 161 162 163 167 175 176 177 178 179 182 185 187 188 189 192 194 196 199
55 44 48 49 51 62 65 66 70 71 72 74 75 80 84 85 86 94 96 97 98 101 106 109 113 116 117 118 126 127 128 129 138 139 140 142 145 147 148 150 151 157 158 162 163 165 172 180 181 192 199
42 45 48 51 53 56 60 61 68 75 79 90 92 94 100 101 103 105 112 121 131 133 138 139 145 146 151 153 154 155 170 175 178 181 184 188 192 195 198 199
46 46 49 51 53 56 57 60 61 71 80 81 89 94 95 98 101 102 105 107 108 115 120 121 123 132 134 137 139 142 143 150 152 158 163 164 167 174 186 189 193 195 198
52 48 55 58 66 67 70 72 82 85 86 88 89 92 94 95 99 102 108 113 116 120 121 131 134 138 139 147 149 150 152 153 154 155 156 157 158 161 165 166 167 171 176 178 180 181 183 184 187 190 191 200
57 50 52 53 54 57 64 66 67 75 79 82 84 89 93 95 104 106 113 114 121 129 130 133 135 140 141 152 156 157 158 159 160 167 171 188 193 195 196 198 200
50 51 56 59 63 65 68 69 70 71 73 74 77 78 82 85 89 96 97 104 106 114 121 131 141 145 153 154 156 157 159 161 163 167 168 170 171 175 177 178 180 182 183 184 187 193 197 198
44 52 59 61 62 68 73 74 77 79 81 83 86 89 90 96 98 101 102 103 109 110 112 119 122 137 140 141 144 145 148 159 164 169 173 178 180 182 185 196 198
49 53 59 62 64 65 68 76 77 78 81 83 92 95 96 102 105 106 115 116 123 126 134 143 145 146 147 149 151 152 153 161 164 165 167 175 182 194 195 198
46 53 54 57 58 59 63 66 67 69 72 84 86 87 89 92 103 104 113 117 119 127 131 135 136 138 139 142 143 146 147 152 160 161 163 170 179 182 183 184 185 189 191 196 198
41 54 55 56 59 61 69 70 71 83 87 89 91 92 100 101 106 114 118 119 121 123 127 128 129 133 135 136 143 144 146 148 154 155 156 157 168 169 170 172 174 181 189 194 195 197
41 62 64 71 72 73 74 77 80 81 84 86 88 93 97 98 99 106 107 108 109 112 118 120 123 124 125 127 128 130 133 135 139 141 142 143 146 147 148 149 150 152 154 159 160 165 168 170 172 175 177 178 179 180 188 192 197 198
46 57 59 65 67 68 72 75 80 84 85 89 95 97 101 103 106 107 111 112 114 115 116 120 123 126 129 130 132 135 137 140 144 145 151 153 156 160 170 176 188 189 190
40 57 58 62 69 70 74 78 82 83 89 95 98 99 100 102 108 115 116 118 121 122 123 125 129 130 138 142 143 148 150 152 155 158 168 174 178 186 187 188 189 190 192 195 197 198 199
51 59 65 72 74 91 92 99 100 102 106 107 108 109 111 114 115 117 119 121 122 124 125 132 136 138 139 146 149 152 158 159 165 168 170 175 181 185 186 190 195 197 198
50 58 60 65 69 70 71 72 73 75 78 81 82 83 88 89 91 97 98 99 110 114 116 120 127 132 134 139 150 154 155 156 161 163 164 165 168 170 175 177 178 181 182 184 187 193 194 195 196 198
41 59 60 62 65 67 70 71 82 84 87 90 92 98 101 109 113 117 122 125 126 130 134 135 144 145 146 149 151 154 164 168 171 175 176 180 188 197 198
59 60 61 63 68 77 78 81 83 89 92 98 99 103 105 110 114 117 120 124 126 128 129 130 131 134 135 137 140 149 150 151 153 155 156 159 161 167 169 173 174 176 179 182 183 189 194 195 197 198 199 200
43 66 67 68 69 71 72 75 79 82 85 93 94 98 103 104 108 111 118 120 124 127 134 139 142 145 147 149 151 154 159 161 166 168 169 172 173 175 177 180 182 183 188 192 196 197 199
42 63 66 67 71 72 75 78 80 81 83 87 95 99 100 101 102 109 110 113 114 117 120 123 133 143 154 162 164 167 170 173 175 176 178 180 182 187 188 192 199 200
46 64 66 69 71 72 75 77 78 79 87 88 90 91 94 95 97 100 104 105 109 113 114 115 117 131 132 142 144 145 150 159 162 163 169 170 176 177 184 185 186 188 189 193 196
50 68 70 72 73 74 75 86 90 91 94 99 102 104 109 110 119 120 121 124 125 129 130 134 135 138 139 141 144 146 153 158 160 161 162 164 170 179 187 189
47 65 66 69 70 77 92 99 100 101 103 107 108 109 112 114 115 117 118 121 122 124 135 140 142 146 147 160 161 180 181 183 184 185 187 190 195 199
47 70 71 72 73 78 79 81 88 94 98 101 104 105 113 114 117 122 128 129 130 133 136 137 141 143 147 149 153 159 160 161 163 166 169 171 173 175 179 181 185 191 192
49 67 70 74 75 77 78 82 95 97 98 102 103 105 106 108 111 118 121 122 123 125 126 128 132 136 137 142 144 145 147 152 153 155 156 158 161 166 172 173 181 184 186 195
60 70 73 76 79 80 85 86 92 93 103 109 113 115 116 118 119 120 122 125 127 132 134 136 138 139 142 143 145 148 151 162 163 166 168 169 170 174 181 188 190 197
48 71 73 75 77 79 83 94 98 115 121 122 123 126 129 130 138 140 142 151 152 155 156 163 165 169 172 173 174 181 188 189 192 198 199 200
52 70 71 73 81 82 84 85 86 88 99 100 108 109 112 113 115 117 120 124 130 131 136 137 141 142 148 149 151 152 155 156 157 161 165 180 183 184 188 189 191 197 199
48 71 78 85 87 89 91 94 99 102 105 108 110 111 114 117 120 122 125 126 128 131 134 135 143 146 147 148 150 153 154 158 161 162 170 172 175 179 183 186 187 199
58 73 77 86 87 90 94 96 102 103 104 112 114 115 124 126 127 128 130 132 133 134 136 141 144 145 146 149 158 159 160 161 163 164 165 171 172 177 181 186 187 188 189 190 195 197 200
49 75 79 80 84 85 86 89 95 99 100 101 105 108 111 112 113 115 117 122 123 125 128 130 131 132 133 135 138 144 145 148 149 150 151 157 161 162 164 169 180 181 183 185 188 193 194 198 199
41 75 77 79 85 87 88 90 91 95 97 98 100 101 102 104 111 114 115 120 125 126 127 129 130 136 139 140 146 148 149 153 158 161 164 166 171 172 174 178 180 181 186
45 75 78 81 87 91 92 95 100 102 104 107 111 113 115 117 121 129 133 137 140 141 142 143 144 147 150 152 154 155 157 160 165 166 168 169 175 177 178 179 182 183 189 190 191 195 197 200
41 78 81 82 84 85 88 89 90 91 93 96 98 101 111 115 117 119 122 123 124 129 132 138 139 145 150 153 156 166 167 168 170 171 172 177 181 183 185 187 189 192 194 197 198
44 78 81 86 90 96 100 102 104 105 106 110 112 115 122 136 138 143 145 146 148 149 155 164 166 172 174 175 176 178 184 187 188 194 197
57 81 90 91 92 93 94 98 99 100 105 109 110 117 119 120 126 135 136 139 143 153 156 163 166 167 168 170 173 174 176 188 193 194 195 198 199
43 81 83 88 90 92 95 99 101 102 105 111 114 115 119 120 123 124 129 130 132 133 134 139 142 143 144 149 154 159 161 164 166 168 169 180 184 185 187 188 190 199
56 81 82 83 85 87 88 90 91 93 100 110 118 122 124 129 130 132 141 147 152 156 166 167 175 177 179 182 184 185 186 187 200
57 84 86 88 90 92 96 98 99 109 111 114 116 118 121 122 125 126 128 129 132 133 135 140 141 142 145 146 147 148 150 152 153 158 167 168 170 179 181 184 186 187 190 191 192 193 198
43 83 85 86 90 91 94 96 98 100 106 107 109 119 120 127 129 131 136 138 142 143 145 148 149 152 153 157 163 168 169 170 171 173 177 178 184 186 187 191 192 196 199
58 84 86 91 92 93 95 96 97 101 114 115 120 123 124 125 129 130 132 134 144 145 147 148 151 154 159 169 170 176 178 183 188 190 197 198
56 84 85 92 94 99 102 103 108 110 113 116 118 119 125 126 131 134 137 140 141 144 146 147 149 150 155 157 161 169 175 177 178 180 182 187 191 192 196 199
42 85 87 88 104 105 109 111 123 127 133 134 137 139 143 145 148 149 150 158 162 164 171 173 178 179 180 181 188 189 191 192 193 197 198 199 200
59 87 88 89 93 96 98 105 110 112 116 117 118 122 123 125 135 148 149 150 155 159 165 166 167 172 174 178 185 186 190 191 193 196 199
46 87 91 92 93 96 104 105 106 107 109 110 116 120 121 124 126 129 131 132 133 139 144 145 147 148 150 159 161 167 171 176 177 178 179 181 191 194 199
43 90 92 94 105 106 108 111 112 114 115 118 121 122 124 126 128 132 135 136 139 142 144 147 149 150 152 162 163 166 168 172 173 175 178 183 193 195
43 89 91 94 102 106 112 113 119 127 129 131 135 139 140 149 151 156 175 177 183 184 188 189 193 194 195 196 197
42 93 97 98 99 105 106 108 111 113 124 125 130 132 134 136 137 146 150 153 155 156 157 159 164 166 168 170 179 181 188 189 191 196
51 91 92 95 96 103 104 105 109 111 117 122 123 125 129 135 138 139 140 146 150 152 156 159 160 163 166 168 172 174 175 177 180 181 183 185 188 189 193 199
51 96 97 105 106 111 114 116 119 125 127 128 129 130 131 133 134 137 138 140 142 143 153 158 159 160 162 171 172 174 175 176 178 179 186 189 192 194 198 200
52 93 97 98 99 102 104 109 113 120 121 124 125 127 130 138 139 142 144 147 150 159 160 162 167 168 170 174 176 178 182 184 185 188 190 194 199
44 94 96 103 104 111 112 114 126 127 143 144 145 148 151 159 160 162 169 170 173 174 178 180 181 184 185 187 198
41 95 96 97 99 100 101 104 105 109 112 116 120 124 128 129 133 134 138 139 154 156 163 167 169 170 178 180 183 184 187 198 199
58 96 97 99 100 101 108 113 115 118 120 122 124 130 134 135 136 137 144 147 149 150 152 154 155 158 170 171 176 179 183 187 199
52 97 98 103 106 108 116 123 125 128 137 143 144 145 150 152 160 170 171 173 174 175 184 185 188 189 193 196 197 199 200
45 101 104 107 108 109 112 115 120 121 122 125 127 133 134 136 140 141 144 146 152 153 156 159 162 165 168 182 183 189 198
45 100 102 104 105 106 111 113 117 118 120 122 129 130 131 133 135 138 140 149 150 151 153 154 159 164 166 167 170 171 177 179 180 181 183 185 186 187 191 192 194 195 197
49 102 105 107 110 120 121 125 130 135 140 142 143 146 147 155 157 160 166 167 170 182 184 186 191 195
45 103 106 108 109 110 114 118 128 131 132 138 144 145 146 148 152 153 159 161 165 168 172 177 181 184 185 186 193 199
54 103 108 109 110 126 130 131 132 133 134 135 137 138 140 142 147 150 151 154 156 157 164 167 168 170 171 176 177 178 191 192 193
43 105 112 113 115 119 122 124 125 126 127 131 132 133 148 149 152 155 158 162 164 165 167 169 171 172 174 175 177 178 184 192 193 195 199
57 116 126 129 130 136 163 165 169 170 172 179 183 184 187 188 189 191 193 195 196 198
51 108 112 117 122 124 125 128 133 135 136 151 152 155 160 167 173 182 185 186 188 193 197
50 118 119 132 133 134 139 140 143 146 147 155 161 167 168 173 177 180 181 182 186 190 198 200
42 115 123 125 127 131 135 138 139 140 143 153 154 159 162 163 164 168 169 175 183 185 190 192 194 195
59 113 116 118 123 125 126 128 129 135 141 147 158 160 161 164 167 168 171 183 193 195
45 109 111 113 115 117 125 127 128 129 133 138 139 140 145 148 154 155 158 159 163 165 169 170 175 177 193 197
51 110 111 115 122 126 130 137 141 143 145 146 147 153 155 160 162 174 182 183 186 188 190 191 193 197
45 114 115 121 124 129 130 138 141 147 148 151 155 167 169 171 180 181 182 187 188 189 191 198
52 113 114 118 125 126 130 131 133 136 144 147 149 150 157 164 167 175 181 184 186 187 188 190 193 197 198
49 117 118 121 123 126 127 131 140 145 147 148 150 153 157 173 175 178 180 186 191 194 196 199
50 119 121 126 128 131 132 136 138 142 146 147 154 156 157 162 163 168 174 177 182 186 192 195 197 198
50 116 118 119 122 125 127 128 129 130 135 137 139 147 148 152 156 157 159 161 167 169 170 174 177 180 181 183 185 188 189 191 193 196 199
54 118 119 121 124 125 127 129 130 131 132 140 148 150 154 156 157 160 165 166 172 173 175 178 179 180 185 188 190 191 193 196
53 117 118 119 122 129 138 144 146 150 151 155 156 158 159 160 164 168 170 173 181 186 189 193 194 196 197 199
49 118 120 125 126 127 139 144 145 151 152 156 164 165 166 168 170 181 182 187 188 189 192 193 194 196 200
51 119 120 132 133 139 140 141 142 145 149 153 159 161 162 163 165 170 172 174 175 179 185 187 192 193 194
57 120 123 126 132 135 136 140 144 152 155 160 162 168 170 173 176 177 178 183 187 190 192 193 194 195 196 197 199
50 121 123 124 125 128 129 150 154 156 157 160 162 166 172 173 179 184 190 196 198
54 131 132 138 139 143 145 146 147 149 150 154 156 157 158 160 163 170 172 179 189 190 196
60 124 128 129 130 139 150 153 155 158 160 165 166 167 174 176 177 184 187 191 194 196 200
50 124 125 133 136 139 166 168 172 173 186 189 194 196 198
43 129 135 140 142 144 147 149 159 161 171 172 173 174 180 189 190 191 199 200
42 128 130 133 136 147 149 152 162 163 171 174 178 181 184 185 186 187 190 197 199 200
42 131 135 136 139 142 148 152 153 166 168 172 188 189 190 191 195
56 128 130 131 135 140 144 152 153 156 161 162 166 167 168 172 173 176 177 178 182 184 186 188 191 194 195
55 130 138 139 141 143 144 146 152 158 159 163 166 167 169 170 171 174 179 193 194
41 132 134 135 152 160 174 175 177 178 180 187 192 194 195 197
42 132 136 138 139 143 151 155 156 159 165 167 171 177 183 184 186 187 190 193 195 196 197 200
46 135 140 143 145 146 148 150 160 163 165 168 171 178 180 181 188 189 192 194 198
45 134 137 144 149 152 153 161 164 166 172 173 174 177 179 183 185 189 191 194 199
41 138 141 145 154 155 165 167 171 181 200
46 135 136 138 150 153 161 167 180 181 182 184 189
58 140 141 151 154 161 168 169 171 173 175 177 192 193 196 197
45 137 140 146 150 153 155 157 162 164 165 167 174 176 182 184 193 199
58 142 143 144 147 149 151 152 155 168 169 172 177 180 181 185 186 188 191 193 200
42 144 145 159 163 164 167 175 180 188 190 192 196 197
51 140 141 145 147 148 149 155 159 165 166 167 169 172 177 178 180 181 183 184 186 187 192 196 199
60 149 152 155 157 158 161 163 164 166 169 171 173 176 178 181 185 186 188 194 199
52 142 145 153 159 161 168 169 171 174 182 187 188 189 191 192 194 195 196 197 198 200
42 144 145 149 150 158 161 162 163 164 168 169 170 172 174 176 186 187 191 197 198
56 149 160 166 169 170 173 177 181 182 185 187 188 189 195 196 199
57 150 153 156 157 161 164 165 167 169 170 171 178 190 192 197 200
41 146 148 150 151 154 159 161 162 163 170 173 181 191 194 195 200
46 148 154 155 159 160 162 166 172 177 182 183 184 192 198 200
50 153 160 161 163 165 167 168 170 172 177 178 179 180 183 186 189 190 195 196 197 198 199
60 152 154 160 163 165 167 168 170 173 178 185 197
60 151 152 153 155 161 162 165 170 175 180 185 190 195 197 199
60 152 155 157 158 161 162 168 170 171 175 177 178 186 188 189 191 193 195 199
51 152 156 158 159 162 165 169 170 171 172 173 177 178 181 185 188 190 191 193 197
57 157 159 167 176 180 182 184 185 186 192 195 197 199 200
43 155 156 163 168 170 171 174 178 179 181 186 188 193 194
55 160 164 171 173 174 176 177 178 180 190 192 194 196 198 199
41 156 162 163 165 166 167 171 172 179 180 182 183 185 192 194 198
40 158 161 162 163 166 169 173 174 178 179 187 188 189 200
58 158 159 160 162 169 172 173 181 185 186 187 189 192 193 195 197
55 161 163 170 179 180 182 183 185 188 189 193 195 197 199
46 160 167 168 169 191 193 194 195 197 198
44 162 167 169 173 174 177 179 180 181 182 187 190 192 198 199 200
44 162 165 172 173 181 183 185 190 191 192 200
60 164 165 169 173 178 179 186 188 191 195 198 200
48 171 172 173 175 177 178 185 188 189 191 194
47 167 171 174 179 181 182 188 195
54 167 169 176 177 178 180 184 187 192 193 194 196 199
50 167 169 170 172 178 182 184 186 189 190 194 196
46 172 173 174 178 179 180 183 188 196 198 200
57 173 176 180 183 188 196 198 199 200
49 170 172 180 183 185 186 187 190 195 196 198 200
52 175 176 178 180 184 186 198
48 180 181 182 183 185 186 188 189 191 192 193 198
53 173 182 185 190 196 200
48 179 181 184 186 187 188 190 191 197 199 200
60 176 181 186 189 192 193 195 199
60 182 188 190 193 194 196 199
59 180 182 183 184 191 192 193
43 179 183 185 189 190 191
53 180 182 183 189 192 199
43 180 185 190 198
43 185 186 190 194 200
48 187 188 190 192 197 199
49 183 185 186 188 189 195 196 199
40 189 198
48 191 192 194 197 199
49 186 189 190 193 194 200
44 189 194 196
46 188 189 192 199
53 189 190 193
53 190 192 194 195
40 192 198
60 200
59 194 197
60 199
41 196 200
60 196 198 200
45 198 200
49 200
42 200
52
56
