50	5	200	1
0	11	9
0	16	7
0	4	12
0	14	8
0	12	14
54 2 4 7 13 16 17 25 31 34 40 45 48
39 6 8 24 26 27 28 30 31 40 41 46 47 49 50
53 9 11 26 37 39 40 47 50
38 7 18 21 22 24 28 32 37 39 40 41
59 7 8 11 19 25 27 28 34 35 43 44 45 47 48 49
52 16 20 22 23 26 28 33 43 44 45 47 49
52 9 11 13 22 24 26 27 29 32 33 40 43 45 48
44 12 17 18 20 21 22 25 27 30 32 34 35 41 46 50
52 17 22 23 27 31 32 36 47 48
58 14 16 18 19 28 30 33 34 36 40 42 48 49
46 13 14 17 23 28 29 30 38 43 47
39 14 15 22 23 29 30 33 35 41 43 44 50
58 14 19 21 25 26 28 29 32 37 38 39 41 44 47 49
49 18 21 25 28 35 39 41 45 46
37 17 18 21 24 25 26 27 28 30 31 32
55 20 23 24 25 26 28 29 32 34 36 38 39 40 47 49
31 21 27 29 31 35 43 44 45
59 20 21 22 28 29 35 37 39 41 45 50
49 22 24 38 39 40 42 50
58 21 22 25 34 39 40 41 43 45 47
33 22 23 24 25 33 34 47
43 24 30 34 40 43 46 49
56 24 29 30 38 40 41 42 44 45 46 48
37 29 34 35 36 37 39 41 43 44 46 48 49
32 27 28 31 33 36 37 42 47 48 50
33 27 30 31 36 42 46 47
47 29 30 33 35 38
47 29 33 34 39 41 43 49
57 30 35 36 39 40 44 45
54 31 33 42 43 48
45 32 39 40 45 48
60 36 38 47 48
45 37 41 42 43 47 50
32 35 36 39 40 41 43
49 36 38 40 43
59 42 43 45 46 49
60 38 40 45 46
41 39 44 46 47 49
59 43 50
52 42 46 48 50
45 45 47
60 45 50
57 45 46
55 49 50
36 47 49
55 47 50
58
56
36
47
