200	10	1000	1
0	24	26
0	42	19
0	37	16
0	89	18
0	79	20
0	98	18
0	70	19
0	94	16
0	55	24
0	43	24
147 4 7 11 20 27 30 32 35 37 40 42 54 55 59 61 70 74 76 83 85 87 88 89 93 95 101 102 105 108 115 119 123 126 127 133 140 146 158 159 163 164 167 168 172 174 176 177 179 180 182 184 186 192 195 198 200
90 3 5 6 7 8 9 11 12 14 15 16 17 18 23 24 25 32 38 39 42 45 55 56 62 71 82 83 85 87 88 92 93 96 97 100 103 108 112 113 117 118 125 128 134 137 138 139 146 147 156 157 158 159 163 167 172 177 190 192 195 196 198
52 6 10 13 19 20 24 27 28 30 31 39 40 42 47 49 50 52 59 64 66 72 76 81 82 87 89 91 98 103 105 110 119 124 125 132 134 135 138 139 143 148 150 158 162 164 172 174 175 176 179 184 185 189 194
104 6 8 10 14 16 18 21 27 30 36 37 38 50 51 54 56 64 65 66 70 74 79 86 89 99 106 111 113 114 120 122 125 128 130 135 146 149 151 152 153 154 155 162 164 168 173 178 181 185 190 193 195
87 6 17 21 25 27 31 38 40 44 45 47 48 49 51 54 60 64 66 68 69 77 81 84 86 94 97 99 100 104 108 110 112 116 120 126 128 131 134 137 149 151 154 157 160 163 166 171 173 175 179 181 183 185 187 188 189 199
125 8 11 13 15 26 27 28 29 30 31 37 45 46 47 48 49 55 58 60 62 65 69 71 74 81 82 84 89 91 95 103 105 106 111 114 116 121 125 129 131 137 139 152 159 163 164 165 168 170 172 173 174 178 179 181 183 188 190 191 193 194 200
143 11 12 17 18 19 20 24 30 34 35 38 39 48 51 52 55 56 57 63 65 70 74 75 77 78 80 84 89 90 91 92 95 96 101 106 115 116 117 118 130 133 134 137 140 143 147 149 150 151 152 156 161 171 175 177 178 179 182 190
110 15 18 21 34 41 42 45 50 53 54 55 57 58 59 64 69 73 74 76 77 81 82 83 87 94 95 102 109 112 116 117 122 124 129 133 144 145 147 148 150 153 154 156 159 168 172 180 181 183 185 186 187 194 199
79 12 18 23 29 40 42 45 46 52 59 67 68 70 72 79 93 95 97 98 100 102 105 107 108 109 124 125 126 137 140 147 149 153 155 159 162 163 164 165 167 172 180 184 187 194
127 21 22 23 34 40 43 46 48 49 55 57 68 69 72 73 77 81 85 91 92 98 100 101 108 115 121 129 136 137 139 146 148 152 156 157 164 170 174 181 185 186 187 190 191 193 194 196 199 200
126 14 18 25 26 29 32 39 40 43 44 46 47 48 52 54 55 56 60 62 63 68 71 73 76 81 82 87 92 100 101 104 106 107 108 111 124 126 127 129 133 136 145 146 151 152 153 155 156 161 167 168 172 177 184 185 187 189 192 194 195 197 199
60 20 22 29 30 32 37 42 43 44 45 46 53 57 58 59 66 70 71 78 79 85 86 89 90 91 96 100 105 108 114 117 118 120 123 126 128 129 136 139 146 147 149 154 155 156 158 161 162 167 170 187 189 193
107 14 15 16 17 19 22 24 26 27 28 30 33 36 43 48 55 56 57 60 64 71 80 86 88 92 94 96 101 102 104 109 112 122 126 130 134 136 140 145 147 148 149 151 154 160 161 164 168 173 177 184 185 186 187 190 192 193
64 16 22 29 33 38 40 46 47 48 49 51 63 71 81 82 88 89 96 98 99 100 102 105 106 107 109 114 118 133 134 135 136 138 145 147 156 160 163 165 166 167 170 171 172 174 175 176 177 179 180 192 196 197 200
105 16 27 28 29 30 31 37 40 41 45 52 55 75 76 77 78 80 90 92 94 96 104 107 122 123 128 134 135 136 137 153 154 156 158 161 164 165 173 175 176 178 179 181 186 187 192 195 196 198
78 19 22 25 30 32 33 43 47 51 55 57 58 61 64 67 68 70 71 73 77 80 85 98 102 105 111 118 119 121 124 127 129 130 132 133 136 137 141 144 148 150 152 159 160 162 166 167 172 175 176 178 185 188 189 190 191 192 196 198
117 18 24 25 26 30 33 39 42 50 51 55 58 60 62 74 75 76 77 78 80 83 90 91 101 102 106 107 109 113 116 119 123 126 133 134 135 142 144 145 146 148 150 151 152 154 157 158 162 163 167 173 174 178 179 180 181 189 191 192 193 194 195 199
115 24 27 35 45 47 50 52 54 58 59 62 63 66 70 73 74 82 84 93 96 99 104 106 111 113 115 118 125 137 143 144 147 149 157 158 169 174 175 177 179 182 187 192 193 195
113 21 23 24 34 36 52 58 67 68 76 77 81 89 98 100 103 105 112 117 118 120 125 130 134 141 142 147 152 155 156 158 160 164 165 166 174 176 180 186 190
142 23 24 27 40 41 43 44 49 50 51 58 61 67 79 80 81 86 91 92 95 96 100 106 108 111 112 113 115 116 123 132 134 150 152 153 154 158 159 165 167 169 170 172 179 181 184 187 188 192 196 197 200
91 22 23 25 26 28 29 31 33 36 37 38 39 41 45 49 55 56 57 59 62 64 67 68 71 73 74 75 77 78 79 81 84 85 86 88 90 95 99 100 101 102 103 106 107 108 113 116 117 118 119 128 129 137 143 151 152 154 155 157 158 159 160 161 171 173 175 176 178 179 180 182 183 185 186 187 188 189 192 195 198 199
63 26 27 33 35 39 40 41 45 64 65 66 67 68 71 73 74 77 81 89 92 93 103 105 107 110 113 115 116 118 120 121 125 127 131 132 135 137 138 139 143 151 157 162 164 170 171 172 177 179 182 184 187 192 197 198 199
87 30 33 36 37 41 48 49 50 53 57 62 64 66 68 69 70 72 73 78 80 86 90 92 95 96 100 102 113 115 119 120 122 124 128 129 131 137 138 141 148 156 157 159 160 162 170 172 178 181 183 186 189 196 197 198
128 25 26 32 33 37 39 43 45 49 51 54 55 56 58 62 64 70 71 73 74 75 89 97 100 103 105 106 112 114 118 121 122 126 129 136 142 147 148 153 154 156 162 164 165 167 168 171 176 182 184 186 191 197 199
64 28 32 36 39 41 42 45 46 55 68 70 71 72 73 74 79 84 85 86 87 88 96 98 99 105 106 107 110 113 114 116 119 124 125 127 136 138 140 142 147 150 153 154 161 165 167 169 175 177 178 182 183 184 188 190 191 194 197
55 27 28 37 40 42 44 46 47 48 52 54 59 62 63 68 72 73 76 77 83 85 86 94 97 101 105 106 114 126 129 130 133 136 139 140 141 151 158 159 160 169 175 176 179 185 186 187 188 190 198
147 36 38 40 51 53 54 58 60 66 73 80 83 84 85 89 94 104 107 110 112 116 119 121 125 133 134 136 143 145 148 152 154 156 157 158 159 168 171 172 173 175 176 181 184 185 187 188 190 196 198 200
82 29 34 36 40 42 51 52 54 57 67 68 71 73 74 76 78 80 82 84 86 87 88 90 91 92 95 99 103 104 106 109 111 115 125 126 127 128 129 132 133 134 138 139 140 143 145 147 151 159 163 164 165 172 173 180 181 183 186 187 190 195 196 198 199
125 40 41 43 53 54 59 60 61 65 66 67 71 73 75 76 77 79 80 89 90 93 96 97 100 103 105 107 108 112 117 123 131 133 143 150 153 154 155 156 168 171 173 175 176 178 179 182 187 192 193 195 199
132 38 43 47 48 50 52 53 59 60 70 71 73 74 76 79 81 82 85 86 88 89 100 102 104 112 116 123 125 132 134 136 145 146 147 148 152 154 157 158 160 166 167 171 173 176 177 183 184 186 191 192 195 199
73 33 37 41 42 43 44 47 56 58 59 64 66 68 69 75 76 77 79 81 82 86 94 96 97 99 105 107 113 118 122 130 132 143 145 147 148 149 151 152 159 162 165 167 168 171 172 175 177 182 195 200
54 35 41 43 44 46 49 50 53 54 59 70 86 91 93 97 109 112 114 115 116 121 122 123 128 139 140 148 149 150 151 155 157 158 160 161 171 179 180 182 187 190 200
87 36 40 41 42 50 59 63 67 70 71 78 80 84 91 94 95 97 99 106 110 111 114 115 124 128 130 133 137 139 141 150 152 155 156 165 169 170 171 178 183 187 188 190 191 193 199
59 35 39 41 43 47 49 51 58 61 63 66 68 72 74 75 76 86 89 91 101 103 104 113 114 116 117 119 121 122 123 126 130 131 135 139 143 144 147 148 150 153 159 163 170 172 174 175 176 177 181 183 186 187
94 40 43 44 47 49 56 59 60 62 63 68 77 82 86 90 91 94 95 97 100 108 114 116 118 119 123 128 132 134 136 157 159 160 162 166 167 168 171 172 176 182 193 200
113 39 42 46 48 50 54 58 59 60 63 66 68 69 70 75 76 78 80 83 90 94 95 96 98 99 102 104 107 115 117 124 128 129 131 138 141 143 145 146 149 153 154 155 156 159 162 163 171 172 173 175 183 187 190 196 197
136 42 44 50 61 64 66 70 73 74 75 76 81 88 92 100 104 114 117 121 124 129 137 139 141 143 144 147 151 153 163 169 174 176 186 191 200
80 39 41 43 46 48 50 57 58 64 75 77 91 92 93 94 97 98 99 105 107 110 116 117 118 120 123 125 126 127 129 133 137 138 141 150 152 153 154 158 161 163 164 171 174 175 176 177 179 181 189 194 195 196 197
120 40 41 42 43 45 46 48 49 52 53 58 61 62 66 67 69 75 81 83 89 92 95 98 99 100 102 106 109 112 114 115 120 123 127 131 132 140 141 144 145 146 147 148 150 151 162 164 165 168 175 177 187 189 195 199
102 41 46 57 62 66 68 72 74 78 80 81 85 89 93 100 101 105 106 111 113 119 132 135 136 140 142 146 149 158 161 162 166 168 175 179 180 182 183 192 194 195 196
122 46 50 56 57 59 64 65 70 79 86 87 88 90 92 95 99 104 109 110 112 114 118 123 124 125 129 132 133 134 135 139 142 147 149 151 153 155 160 171 173 178 181 189 194 195 200
118 46 47 50 51 52 53 55 57 58 60 67 71 73 82 85 87 88 89 95 99 100 101 103 107 110 111 124 128 131 132 134 137 142 143 146 147 151 155 157 158 159 160 161 163 167 168 169 170 178 179 180 181 182 184 186 187 192 198
70 45 50 52 53 55 61 62 68 69 70 71 72 87 89 92 94 96 104 113 114 117 119 120 121 122 124 130 131 137 141 153 155 158 161 165 166 168 173 174 177 178 179 184 186 187 190 191 197 199
90 52 53 54 56 57 59 61 67 71 73 74 76 79 89 94 95 97 100 101 105 113 114 116 120 121 122 127 128 132 135 136 137 142 145 148 152 155 158 159 167 169 171 172 174 175 178 181 184 185 186 188 189 190 192 195 199
101 46 48 52 57 60 69 72 77 78 83 87 88 90 92 94 101 103 104 106 113 120 122 126 131 142 147 150 152 154 156 158 164 173 174 175 178 180 181 183 185 192 197 198
103 50 52 54 57 58 59 60 64 65 75 76 78 91 97 100 107 113 114 116 120 121 124 133 145 146 147 149 163 164 167 176 181 182 188 189 191 192 194 196
63 48 51 52 54 57 61 66 68 69 70 71 74 75 78 80 86 88 93 94 97 100 104 105 110 111 114 118 121 125 127 131 133 135 137 141 142 143 154 161 165 166 169 172 181 183 185 191 192
100 52 56 60 63 64 67 70 71 73 74 77 79 81 83 84 87 89 92 94 97 98 103 105 109 111 112 115 117 119 123 129 132 135 136 139 140 142 143 145 153 155 163 164 165 167 170 171 173 177 179 182 184 188 189 190 191 195 196 197 200
79 53 55 57 59 61 63 64 66 73 76 79 80 88 95 96 97 98 99 101 102 106 112 117 120 121 124 129 139 141 148 151 156 162 163 165 172 173 181 183 184 186 190 192 193 197 198 200
71 51 55 57 59 63 65 70 72 73 76 80 82 83 86 88 89 90 92 95 97 100 103 104 111 119 120 124 131 132 136 138 145 149 155 164 169 173 174 179 180 184 187 188 190
100 64 65 66 73 76 79 81 85 88 91 95 99 100 104 109 111 116 119 121 126 129 131 133 135 139 140 146 149 151 152 160 167 176 179 182 185 187 188 189 192 193 197 199
54 54 59 63 70 71 74 77 78 79 80 91 92 94 97 98 99 104 105 109 110 112 114 118 120 122 123 128 129 130 131 139 141 143 150 151 152 157 158 161 162 176 178 179 190 192 193 195
145 55 56 57 61 72 73 74 77 78 81 86 88 98 99 106 107 108 115 116 117 118 121 123 126 129 131 132 136 137 140 148 154 155 156 157 158 160 161 163 164 171 174 177 180 181 183 187 191 192 193 194
82 55 59 71 72 74 75 76 77 84 89 91 96 98 104 108 109 112 117 123 125 127 129 137 138 139 144 155 156 157 158 171 178 184 185 186 187 188 189 191 193 196
108 59 60 64 68 69 70 75 76 82 84 85 86 89 91 94 96 97 101 102 104 105 106 110 114 118 122 129 135 143 149 150 155 160 163 167 170 172 187 193
52 66 67 69 70 73 74 76 78 84 85 86 92 104 111 115 120 121 122 124 132 136 138 140 143 144 145 146 149 152 158 159 161 166 169 171 172 174 176 181 188 192 194 199
122 58 59 60 64 68 72 75 80 84 87 91 92 94 105 106 112 113 114 118 119 121 126 127 132 134 136 138 140 154 157 158 165 166 167 172 182 185 187 188 190 191 199
60 59 62 68 69 73 75 76 79 86 87 88 89 90 92 94 97 99 105 107 109 110 113 116 117 120 122 129 140 142 144 145 148 153 156 161 180 184 186 188 192 197
71 60 64 65 69 70 72 80 81 82 85 86 89 96 104 108 110 113 114 115 117 118 121 122 128 131 137 138 140 146 148 154 155 158 162 170 174 176 179 183 185 187 188 192 194 195 196 197
98 62 68 69 72 73 77 79 81 83 90 99 112 114 120 123 124 125 128 134 135 136 138 142 144 146 148 156 162 166 169 176 178 180 187 188 189 192 194 197
103 62 72 74 75 79 80 82 87 88 89 98 107 108 113 114 120 121 130 131 132 133 135 140 141 142 144 145 146 147 153 162 165 167 171 172 175 176 177 178 179 181 188 190 192 197
150 73 82 83 84 87 90 92 93 96 97 101 103 104 110 115 122 124 128 131 134 137 140 144 146 149 150 152 154 155 157 158 160 161 164 165 169 170 175 178 181 183 184 187 194 195 200
84 64 68 69 77 85 86 92 93 95 96 98 106 110 112 121 123 128 131 132 134 136 137 138 143 144 150 153 154 155 157 163 171 175 176 177 188 191 193 196 200
137 65 66 68 70 71 74 76 77 80 84 86 87 89 98 99 103 106 107 110 112 115 120 122 124 129 133 135 136 137 138 149 156 158 159 163 165 173 176 177 178 181 186 188 193 197 200
117 66 67 68 69 70 71 72 73 74 80 81 82 89 94 108 109 112 114 116 120 124 133 134 135 136 142 143 153 155 156 160 162 164 168 183 184 189 193 196
79 67 68 73 74 77 82 85 90 91 93 94 97 98 101 108 112 114 122 124 127 129 136 141 142 145 146 148 150 154 158 159 160 161 164 166 167 174 176 178 181 182 183 186 187 189 190 193 196 197 198 199
135 71 76 77 81 83 86 87 88 90 91 95 96 100 102 111 113 114 117 120 121 124 126 130 149 153 157 162 163 164 165 167 168 176 177 179 183 184 186 188 189 190 196 198
111 74 78 88 89 99 105 107 110 116 122 129 132 138 139 140 141 144 146 150 151 152 158 162 163 167 168 169 174 177 179 183 186 189 194 197 198 200
148 70 80 82 84 87 92 95 99 102 105 111 120 121 122 123 130 131 133 139 143 144 151 159 167 169 172 174 175 186 188 189 196 198
120 72 77 78 82 90 93 95 100 106 107 108 110 115 117 118 119 123 124 126 127 133 134 136 137 142 144 145 148 156 159 160 164 165 168 171 178 184 192 194 199 200
119 78 83 87 90 92 96 102 106 110 111 112 113 115 119 120 122 123 125 130 131 135 136 139 141 146 148 151 152 153 158 162 166 167 170 177 178 181 185 188 190 194 196 199
107 74 77 81 84 88 90 94 106 108 112 114 115 116 117 118 119 120 125 126 127 129 130 132 135 136 140 142 143 145 146 149 164 166 167 174 178 180 181 182 183 184 187 189 196 198
66 76 77 82 83 84 87 90 101 106 107 108 109 117 126 127 129 132 133 140 148 151 153 163 165 166 168 180 181 186 187 190 194
98 76 83 87 94 101 102 104 109 116 119 120 128 132 133 139 141 143 144 147 148 156 160 161 162 166 174 176 181 182 189 190 192
125 78 86 93 95 102 107 109 112 113 114 120 121 122 130 132 133 135 136 137 139 143 145 148 150 155 156 164 170 174 180 194 200
118 79 81 93 102 107 111 120 121 124 125 127 131 133 137 139 141 143 147 151 154 159 167 169 172 175 177 185 187 188 191 193 195
120 80 84 86 87 89 93 99 109 115 117 121 122 124 134 136 139 141 149 151 154 156 158 159 161 162 166 172 173 177 179 181 186 190 198 200
74 79 80 84 86 88 89 90 106 111 115 125 126 129 130 131 132 136 142 162 163 167 168 169 170 173 176 181 187 192 193 194 195 199
71 93 96 99 100 108 113 123 124 125 126 127 130 148 161 162 171 174 175 178 180 182 186 188 189 190 192 193 194 196
73 83 84 89 95 97 100 104 106 110 117 118 123 127 131 135 137 139 140 141 145 151 154 157 158 159 163 164 167 173 174 179 181 184 185 186 193 196 197 200
88 82 83 84 86 87 91 94 95 96 97 98 103 116 119 120 125 128 129 130 132 133 137 139 140 142 144 145 146 156 159 164 167 171 172 173 178 179 181 182 186 189 191 194 195 196 198 199
108 87 91 92 97 98 103 106 107 115 116 118 119 121 122 124 127 128 133 144 145 146 158 160 162 167 168 177 180 186 187 194 195 197 200
120 86 89 92 94 104 107 110 111 116 117 118 119 121 123 124 132 136 140 149 151 158 160 162 163 166 167 173 182 186 188 190 194 195 197 198
146 91 92 96 97 103 109 119 120 123 126 127 128 131 133 146 149 151 152 156 158 159 161 163 165 167 168 169 172 178 179 181 183 187 189 191 192 193 197 198
81 93 94 98 100 109 113 115 119 121 123 126 128 130 131 133 134 138 140 142 143 148 151 152 159 160 165 166 167 169 170 177 178 179 181 186 189 190 195
71 97 98 101 105 109 115 125 126 131 132 135 137 138 139 144 145 150 153 154 157 158 163 168 172 174 176 178 182 183 194 195 199
132 90 96 98 101 104 108 110 113 114 115 119 122 123 124 129 131 134 146 147 149 150 154 157 160 162 166 167 174 176 184 185 186 189 191 192 199 200
74 95 96 102 105 115 118 119 124 126 127 128 134 136 140 143 144 145 146 147 151 154 159 160 161 163 168 176 180 181 186 188 190 191 192 197 199
63 101 103 104 107 110 111 113 114 116 118 133 139 154 158 159 160 164 165 166 172 184 187 188 198
57 95 99 100 104 105 112 118 119 122 127 132 136 139 141 142 143 144 147 156 160 165 167 169 171 172 174 177 179 180 181 188 189 191 194 195 199 200
56 92 96 103 104 107 114 117 118 120 123 132 134 142 147 150 154 156 158 161 172 173 175 176 177 181 182 189
89 93 94 95 107 108 111 113 114 117 125 127 128 137 139 142 144 149 160 163 165 167 168 174 177 178 179 181 182 184 196 197
101 99 101 104 105 106 107 111 118 121 125 131 132 138 142 143 153 155 156 158 159 160 161 163 165 173 174 175 179 184 186 188 190 192
77 98 99 102 103 104 105 107 110 112 119 122 125 127 128 130 134 137 145 146 147 151 157 158 168 170 172 192 196 197 198
64 98 99 106 109 115 116 124 127 129 130 131 134 137 144 146 147 148 149 151 160 168 169 170 171 172 173 174 176 177 178 179 185 193 194 197 199 200
108 99 101 105 114 118 124 127 128 131 136 138 139 145 156 160 162 163 164 168 171 177 182 188 193 195 196 197
119 100 101 103 104 110 112 114 118 121 125 126 127 128 135 143 144 150 151 152 153 155 158 160 166 168 173 179 180 182 183 184 187 190 195 200
120 102 105 106 108 109 111 112 113 115 117 121 122 128 129 133 134 137 140 145 146 150 151 161 162 163 167 168 169 173 174 180 186 188 193 195
51 104 106 107 112 122 123 126 127 132 140 143 145 146 151 152 153 160 161 163 165 168 169 175 177 179 184 191 195 196 197 198 199
79 116 117 119 123 124 125 134 135 136 137 139 142 143 145 147 148 152 163 165 169 170 172 174 179 181 185 187 188 189 190 192 196 200
65 105 111 113 115 118 119 121 132 134 135 138 140 145 150 158 159 160 162 165 167 168 170 172 174 175 178 181 184 186 187 191 192 196
139 113 116 120 122 123 124 129 133 134 137 141 142 150 158 159 161 164 166 172 175 176 177 181 183 185 188 189 193 194
115 110 113 120 121 122 127 133 134 138 143 145 149 150 152 154 155 157 158 159 169 174 176 180 187 188 189 191 197 198 199
123 106 108 115 119 120 122 124 134 136 138 142 151 159 160 162 164 166 169 170 171 175 179 181 182 190 191 195 196 198
112 106 110 119 129 131 135 137 141 151 152 160 161 162 164 169 173 175 176 177 179 187 192 194 198 199
103 115 116 126 136 137 140 148 150 151 153 157 158 159 161 163 164 165 167 168 172 174 175 183 187 189 193 194 195 198
73 109 112 113 114 117 121 124 125 126 127 128 133 134 136 139 141 144 146 148 156 165 171 172 173 183 185 186 187 189 190 193 194
108 109 117 118 124 125 126 133 134 135 139 140 141 143 148 151 152 154 155 158 162 166 167 168 172 175 176 182 188 190 195 196 197 200
75 114 124 131 132 136 145 146 156 159 162 164 165 166 167 175 176 177 178 188 189 192 198 199 200
84 112 115 116 118 119 120 121 123 126 127 128 131 135 137 140 142 143 149 151 153 156 160 167 170 175 185 187 188 189 190 192 196 197
82 114 115 122 124 125 127 135 136 142 143 144 145 146 147 150 152 154 156 159 168 172 174 178 180 183 188 190 193 199
93 116 119 121 122 127 130 132 134 135 139 140 141 143 146 153 157 162 166 167 173 175 180 183 186 188 190 191 194 197 198 199
66 119 120 122 123 124 127 128 134 135 138 143 146 148 149 151 165 166 167 169 175 181 187 189 192
84 115 121 125 127 128 129 130 132 136 137 139 144 145 147 148 149 150 151 152 157 159 167 168 170 172 173 175 176 181 182 183 184 185 190 199 200
76 117 119 121 122 124 125 126 128 129 130 133 145 155 158 160 162 164 167 169 172 174 176 178 180 187 188 192 200
100 117 125 126 127 130 132 137 139 140 144 145 149 155 162 169 177 181 185 186 193
58 125 127 129 132 135 136 138 139 141 145 146 147 148 149 153 155 162 166 167 168 172 174 175 176 178 179 180 181 191 192 193 194 196 197 200
110 130 131 136 138 139 140 143 152 160 164 165 167 171 172 173 174 183 185 186 194 196
53 123 126 128 130 140 142 143 146 149 153 155 162 175 176 177 183 188 190 194 195 196
51 121 132 134 136 139 140 142 143 144 146 151 155 157 158 166 167 169 171 172 175 176 180 181 183 185 187 189 190 191 194 195
114 130 131 132 135 141 142 146 148 153 155 157 160 163 164 165 167 170 171 174 191 198
145 124 125 133 135 144 145 147 148 149 150 157 159 162 165 166 171 174 175 179 181 186 190 192 197
116 124 127 128 131 133 136 138 141 153 154 155 160 162 163 167 175 184 187 194 195 197 198
79 126 133 136 137 144 150 151 155 157 166 179 181 185 191 199
76 126 127 132 136 145 152 161 162 164 166 168 169 170 172 174 180 181 184 186 197 200
114 129 131 133 135 143 145 146 149 150 151 153 157 158 159 160 161 163 165 166 167 169 171 172 173 180 186 196
89 130 138 148 152 166 168 172 173 175 176 178 181 184 187 188 191 196 197
93 129 131 136 139 141 142 151 154 155 156 157 170 176 178 179 180 184 187 188 189
136 131 132 139 143 147 150 153 158 159 166 168 172 178 180 181 182 183 184 187 189 190 191
91 135 137 139 142 146 147 149 151 157 163 166 179 184 186 191 197
136 134 135 138 143 151 152 157 162 167 168 173 177 180 182 193 194 195
135 133 136 147 149 150 158 164 165 169 170 175 177 182 184 186 188 193 194
93 134 138 142 146 148 150 151 153 164 169 170 181 183 190 191 193 195
125 137 138 140 142 143 145 148 149 155 158 159 160 173 175 177 179 183 186 187 197 198
61 137 138 143 144 146 148 149 151 153 155 156 157 160 167 174 181 183 185 186 191 193 194 196 200
105 139 142 143 146 150 153 161 168 169 171 175 179 183 185 186 188 191 192 193 200
113 143 146 152 155 160 164 166 170 171 175 181 187 190 192 195 199 200
62 139 141 144 146 147 148 153 154 161 165 166 171 172 181 184 187 196 198
139 143 144 147 150 154 156 160 161 169 173 176 177 182 183 185 186 188 192 195 199
147 142 144 145 152 154 155 157 164 187 188 196 200
147 142 143 145 155 156 159 163 167 172 173 174 183 188 189 192 195 196 199
125 143 149 151 162 164 170 177 178 179 182 184 190 196 200
61 149 154 158 161 166 167 175 177 179 180 186 188 189 192 194 195 196 198
97 145 156 163 165 166 168 172 173 178 179 180 182 187 188
57 148 150 153 155 161 162 163 165 168 182 190 191 195
92 155 156 157 158 164 168 171 172 173 175 193 197
113 148 152 154 158 161 166 168 169 171 172 177 179 181 182 183 190 194 195
149 151 155 156 157 160 161 162 163 164 165 166 170 181 185 195 196
64 155 158 162 168 169 177 179 180 181 185 188
141 152 155 156 158 160 163 166 170 172 174 178 184 186 188 190 191 192
90 153 154 162 165 167 169 171 173 174 176 183 185 186 187 188 189 190 192 194 196
126 166 168 169 170 172 178 180 182 184 185 187 190 194 196 200
133 154 167 168 169 172 176 180 190 194 196 198
113 157 160 162 166 172 174 180 182 185 188 189 191 192 194 197
103 162 169 171 172 176 178 181 183 184 185 189 190 191 198
142 161 163 164 169 170 174 175 181 183 187 189 193
104 158 160 161 163 165 167 170 185 191 193 194 195 197 198 200
96 161 165 172 175 177 179 181 185 187 188 189 193
134 161 163 164 168 175 176 178 181 189 191
71 165 170 186 187 197
119 164 165 166 170 171 173 174 176 186 193 195 196
134 164 166 173 174 175 177 185 188 192 193 194 195 196 198
99 167 182 186 187 191 194 197 198
66 167 169 176 178 180 189 196 197 198
149 169 170 174 177 184 185 190 192 194 198
50 167 173 174 177 178 183 184 185 186 190 198
82 174 177 178 181 182 188 190 194 196 199
143 169 170 172 178 179 182 186 190 192 193 194 196 197
107 170 175 176 185 188 190 193 194
130 173 178 179 185 187 190 196 198
51 176 177 181 185 187 189 191 196 198 199
87 178 181 186 188 190 193 199
98 174 191 192 194
94 175 176 178 179 180 181 183 189 191 196 197
112 176 183 189 190 193 199
126 178 179 183 189 193 199
67 178 181 182 183 187 188 189 193 195 197 198
105 183 192 197 199 200
89 183 184 185 186 188 195 197 198
125 181 182 184 187 188 194 196
96 182 183 185 186 188 193 197
119 183 188 190 199 200
150 185 192 197 198 200
120 186 187 188 189 191 198
64 187 190 192 193 199 200
76 191 193 194 196 200
100 193 197
103 190 194 195 196 197
54 190 194 200
77
149
76 193 194 196
91 194 196 197
80 199 200
67 196 197 198
64 197 200
59 200
87
150
142
