200	5	1000	10
-4	142	50
-4	194	35
-1	187	44
-3	119	33
-5	121	38
279 3 9 17 21 22 23 24 27 40 41 45 47 54 55 56 63 65 67 74 78 79 82 88 89 90 91 93 96 100 101 103 116 118 120 125 127 133 134 142 145 148 149 155 158 164 165 166 173 176 177 180 182 184 186 193 200
287 3 9 13 21 28 29 32 35 43 45 46 48 50 55 56 59 62 65 71 78 80 84 85 87 90 93 95 101 103 105 107 108 110 115 118 125 127 134 145 146 147 149 150 153 155 156 159 160 161 164 165 166 171 173 183 186 188 189 195 198 199 200
270 6 8 9 10 18 20 21 25 26 30 36 38 40 42 46 48 51 55 60 68 69 70 72 73 77 85 88 90 95 105 113 117 118 120 125 127 130 131 132 137 140 143 150 152 154 155 159 160 162 167 177 179 180 187 188 199 200
211 6 11 15 16 17 19 30 31 32 40 49 56 58 59 62 67 71 72 80 81 82 83 85 89 91 97 102 103 105 108 111 113 114 115 117 118 120 124 127 130 153 156 159 160 162 164 165 173 179 187 191 192 196 197
278 8 13 16 17 20 26 29 30 36 38 39 51 57 62 68 74 77 79 82 88 89 93 97 98 99 100 103 104 110 111 112 113 114 118 122 124 125 142 145 149 152 154 155 159 161 162 163 168 169 171 172 173 175 177 178 185 186 190 191 197 199
224 9 10 14 15 23 24 25 26 27 28 29 45 46 47 48 52 53 55 58 59 61 63 66 67 68 70 76 81 82 84 85 87 91 92 93 94 95 97 111 113 116 117 119 123 128 138 140 142 144 147 154 160 161 168 170 173 175 176 183 187 190 198
210 13 20 27 29 30 31 35 41 42 44 48 55 56 60 62 66 68 72 84 85 87 96 99 108 117 119 123 124 128 130 137 142 143 146 147 148 153 156 158 163 168 169 171 175 179 194 199
270 10 18 19 20 24 26 27 36 39 40 41 44 45 49 51 52 54 55 57 58 60 62 66 68 73 75 77 78 82 85 87 91 92 93 95 102 106 113 117 120 126 129 133 135 139 140 141 144 147 151 155 158 162 163 166 179 180 183 192 195 198 199 200
276 10 17 19 24 27 28 29 34 36 38 39 41 45 48 49 55 57 60 69 71 81 84 85 89 91 92 96 97 110 112 119 124 126 133 135 136 138 141 143 146 148 149 150 153 154 155 157 161 164 166 172 176 180 181 186 188 192
278 13 25 32 33 35 36 37 39 42 44 46 47 48 50 56 58 67 76 81 82 89 90 92 101 104 105 111 115 116 117 120 123 126 128 132 135 136 141 151 153 157 159 167 173 174 176 183 184 187 188 189 190 191 195
211 12 15 18 23 25 30 34 41 43 49 52 55 56 65 68 72 74 77 79 83 84 85 86 88 96 97 98 100 103 104 105 116 119 125 131 133 134 136 141 145 149 153 159 160 169 174 179 181 182 189 200
210 13 22 23 24 25 27 30 33 34 38 40 41 44 45 47 54 62 63 65 68 70 73 80 83 86 87 88 89 90 91 92 95 99 102 103 104 105 109 110 111 117 119 122 128 135 138 141 143 144 148 151 160 161 162 163 164 165 166 168 171 172 175 183 188 190 192 197 200
262 19 28 29 31 33 35 36 42 45 51 53 54 55 62 67 68 70 71 72 73 82 83 86 89 110 111 114 118 119 123 124 125 126 128 130 132 134 138 140 149 151 152 157 158 163 167 174 175 179 180 182 193 195 196 199 200
300 19 20 21 23 24 25 29 30 31 32 34 36 39 40 49 50 53 58 60 62 63 66 69 70 71 73 77 80 85 87 88 107 114 115 120 123 126 132 134 138 139 142 148 149 150 151 152 153 154 155 157 159 162 165 166 168 169 178 179 181 184 185 190 191 195 197 200
203 17 20 28 31 37 49 56 57 59 63 67 69 70 75 78 85 90 91 92 96 97 98 103 104 105 107 118 123 124 127 132 135 139 142 144 146 148 150 152 156 159 160 164 166 169 173 175 178 185 186 187 188 190 193 197 200
281 17 18 25 27 29 38 39 41 42 43 47 49 53 54 56 64 65 67 71 72 73 75 77 85 86 93 94 101 102 104 108 111 115 116 118 134 139 142 143 150 157 161 171 175 176 181 190 191 193 196 198
277 19 20 21 22 25 29 30 44 47 50 56 62 69 71 72 76 77 78 80 87 90 100 101 102 107 109 113 119 121 122 124 128 133 137 144 149 153 154 164 168 170 171 172 174 176 177 178 179 181 183 191 194 198 200
224 28 33 36 39 41 43 45 46 48 54 58 59 60 61 67 68 71 72 75 76 77 80 92 105 107 109 110 112 113 115 116 118 127 129 135 137 140 144 145 146 150 156 157 158 163 167 171 172 174 175 179 181 193 197
261 23 27 31 35 36 39 44 46 50 54 55 58 60 63 64 65 68 71 72 73 74 75 78 80 82 85 89 94 97 99 101 102 104 108 110 114 117 120 123 125 142 144 148 161 162 164 172 175 178 183 184 190 198 199
286 22 23 25 26 29 35 39 45 47 51 59 60 62 73 75 81 87 89 93 94 96 98 101 103 104 108 109 111 112 114 117 119 135 136 146 147 149 151 152 156 158 163 166 168 180 182 183 192 195 196 197 200
269 22 25 28 32 41 42 44 47 51 53 54 56 59 61 68 72 76 89 94 95 99 101 103 108 112 117 119 120 122 123 125 128 129 131 132 135 137 140 141 145 148 153 154 157 161 168 170 171 174 181 186 187 188 189 191 196
233 24 29 31 33 34 35 36 39 40 41 53 55 63 64 72 75 78 80 86 87 94 96 98 105 107 111 112 117 122 126 127 130 133 137 139 140 141 142 143 144 145 152 153 163 164 168 171 174 182 185 188 190 192 196 200
228 27 31 33 36 38 43 45 47 48 50 53 55 57 58 60 61 63 71 77 78 79 80 81 85 89 94 95 100 101 102 103 111 113 115 126 132 138 146 148 149 150 152 154 159 168 169 170 171 173 180 185 186 187
282 26 28 30 41 42 43 46 48 54 56 62 68 74 85 87 95 107 111 113 116 127 130 142 144 146 148 150 151 154 155 156 159 163 165 167 171 173 174 181 185 189 194 197
264 31 34 35 36 37 39 49 50 53 57 62 66 77 82 85 86 88 94 101 103 104 105 108 119 122 124 128 130 132 135 137 138 141 142 145 146 148 152 154 155 157 159 164 166 167 171 172 176 177 182 183 184 192 195 199
300 30 42 48 52 59 61 66 70 80 89 92 95 98 101 104 105 108 114 117 119 121 124 132 133 134 137 138 140 141 142 144 147 158 163 164 166 167 172 175 177 178 180 181 186 190 191 192 195 196 197 198
258 30 34 39 40 45 47 49 55 57 60 61 66 77 78 80 84 86 87 98 100 101 104 112 113 115 116 122 128 130 132 133 146 150 154 164 166 171 172 175 176 178 179 180 182 184 185 188 190 195 196 197 199
242 30 35 38 42 44 45 50 53 54 55 56 61 70 73 74 87 88 91 96 99 100 102 108 109 110 113 114 118 120 123 124 126 129 134 135 136 139 141 142 144 145 146 147 151 152 153 154 163 164 166 167 169 175 178 181 183 185 188 190 191 192 195
269 30 32 34 36 38 41 43 49 57 60 62 63 64 72 74 75 77 86 90 93 94 95 100 102 103 104 107 110 112 114 117 129 134 140 143 147 152 153 159 160 164 165 173 181 187 188 193
200 33 35 36 37 38 44 49 54 55 60 62 64 67 68 70 71 74 75 78 88 90 91 92 93 96 98 100 101 106 108 109 111 114 115 116 120 122 126 131 132 137 138 139 140 144 145 149 150 151 154 156 157 161 162 166 167 170 171 175 180 181 182 185 186 192 195 200
251 40 41 43 47 57 60 63 67 78 82 83 84 89 98 99 101 104 112 114 117 118 119 123 125 126 127 128 131 133 134 138 140 143 146 148 149 155 158 159 167 168 169 170 173 174 175 179 182 184 185 186 195 199
221 34 35 37 38 41 42 46 49 50 52 54 55 56 57 63 69 70 71 73 85 87 98 99 107 117 118 120 123 124 125 127 128 135 137 138 146 147 154 157 161 162 165 166 178 179 182 183 186 188 189 193 194 195 197 199
204 34 42 52 53 57 58 61 64 65 69 73 79 81 90 92 95 96 97 100 106 112 115 120 122 126 128 129 134 144 146 147 149 152 153 154 157 162 165 166 171 172 179 181 184 185 193 196 200
253 38 45 50 60 62 63 69 70 72 73 77 80 83 88 92 99 101 103 104 106 113 118 121 128 129 135 137 142 144 145 150 152 155 156 163 169 171 173 188 197
292 37 38 44 45 50 51 52 56 60 61 65 66 70 71 77 79 82 85 86 88 94 99 101 105 110 116 119 120 127 131 138 143 144 149 154 155 162 168 171 174 178 180 192 193 194
227 41 42 45 51 53 54 59 62 65 69 72 76 81 82 83 85 87 88 92 97 102 109 110 111 112 115 117 118 123 126 130 131 135 136 142 143 146 148 149 152 156 161 163 169 174 179 182 183 184 186 187 188 197 199
291 42 48 55 57 58 64 66 72 73 74 76 78 81 87 88 93 95 96 97 103 104 112 113 119 121 122 131 133 135 138 139 140 142 144 154 158 161 164 171 174 176 183 189 198
286 40 46 50 52 54 55 58 61 63 68 85 89 90 98 101 108 111 112 114 123 125 129 133 143 144 149 151 155 160 161 162 163 164 165 167 168 169 170 172 174 175 180 184 193 196
224 41 43 51 59 62 64 66 73 75 77 85 87 88 94 96 101 102 103 105 106 110 112 115 118 122 124 125 127 129 133 134 135 137 142 143 145 147 148 151 154 155 156 163 169 172 173 174 180 182 185 186 187 188 189 190 191 193
277 43 45 49 50 51 53 54 58 70 72 73 78 80 81 82 90 93 118 121 124 130 131 133 134 135 137 138 140 143 145 146 148 151 153 155 157 159 164 165 169 174 176 177 178 179 192
202 47 48 50 56 58 59 60 64 65 66 68 76 77 79 85 89 95 97 102 103 104 110 115 116 124 126 128 131 137 142 143 146 149 151 153 154 158 159 164 166 170 171 173 174 175 180 184 186 188 190 192 193 196 199 200
232 47 49 52 53 59 61 68 77 79 86 91 92 94 102 107 108 109 110 123 124 127 130 135 138 139 144 145 146 147 157 160 161 163 164 169 172 173 179 184 185 187 188 193 195 197 198
205 48 49 51 55 57 58 59 61 66 68 71 72 74 80 83 87 92 96 97 99 102 104 108 111 112 113 115 121 125 126 132 135 136 144 151 153 154 155 157 158 164 167 168 172 174 179 182 185 194 195 197
226 46 50 51 56 59 60 61 62 63 67 76 77 78 85 86 90 92 97 100 105 110 111 113 121 128 131 132 138 139 141 146 147 149 150 153 156 159 162 166 168 172 179 180 181 183 189 190 191 193 194 199
217 46 50 55 58 69 74 76 80 81 91 92 99 104 107 111 113 116 117 118 125 126 127 128 133 138 141 142 146 147 148 150 153 164 165 167 172 173 174 188
243 54 57 66 73 78 80 83 88 92 93 95 97 100 106 107 111 113 120 126 127 128 134 135 136 140 144 149 153 156 169 179 180 182 183 189 190 191 193 196 197
234 52 54 60 62 67 69 70 71 75 76 83 84 85 87 88 89 90 97 99 101 106 107 110 112 113 117 118 119 121 128 131 132 135 143 146 151 152 154 155 157 158 160 161 165 167 168 173 175 184 192
238 53 55 62 66 71 73 74 75 78 85 87 90 95 96 99 102 109 110 112 114 120 121 125 133 138 140 141 147 148 151 153 156 161 166 170 171 175 180 188 197 198
212 51 54 55 56 59 62 63 73 78 81 82 83 84 88 93 97 100 107 109 112 117 118 120 127 135 144 148 149 150 151 152 161 165 167 169 170 173 175 177 178 179 182 183 184 188 195 196 200
238 54 55 56 57 76 77 85 86 87 88 91 93 98 100 103 105 107 108 119 121 123 127 133 139 140 141 142 146 148 153 155 156 161 162 165 166 167 168 169 172 174 179 181 182 184 187 190 191 194 199 200
264 53 55 58 61 62 63 65 69 70 73 74 77 81 85 86 88 91 94 101 109 110 115 129 134 138 142 146 150 152 153 154 165 169 170 173 179 182 187 193 196 199 200
236 53 55 58 63 69 70 73 74 78 79 80 81 89 91 92 93 94 95 103 104 105 106 108 109 110 114 115 116 117 122 126 131 140 145 146 150 151 154 160 165 173 175 179 184 186 189 191 192 194 195 196 198 199 200
296 62 63 69 71 83 84 86 88 92 93 95 97 100 101 102 104 110 114 120 121 125 132 137 141 142 146 149 152 157 160 161 169 176 177 181 183 189 191 198 199
270 62 65 66 70 71 77 78 83 85 88 91 102 106 107 115 116 117 118 121 122 123 128 132 135 136 138 139 141 151 153 154 155 160 165 167 168 172 176 178 183 185 192 198
293 58 59 61 66 68 74 75 85 93 97 98 100 105 106 109 111 113 114 119 127 128 139 143 144 149 150 165 171 178 180 188 194 197 198 200
218 60 61 62 65 72 80 87 92 99 107 112 113 114 117 119 125 126 130 132 138 141 142 143 145 147 149 150 154 155 159 165 168 169 171 172 175 178 182 188 189
277 59 61 62 65 68 69 70 73 78 82 84 90 93 94 98 101 105 106 107 109 116 119 120 126 127 139 146 156 163 164 165 175 183 184 186 188 192 193 197 198
223 60 69 74 76 77 78 85 89 91 101 102 103 115 117 119 122 127 129 130 133 136 138 139 141 142 158 161 165 168 169 172 173 176 177 180 181 184 188 191 193 196
219 62 66 69 78 82 85 95 96 97 98 101 102 107 112 113 114 118 125 126 128 129 131 149 152 155 156 158 162 167 171 178 182 184 185 187 189 190 194 196 199
286 64 68 69 70 73 77 78 80 82 85 87 90 92 94 96 106 111 116 121 123 125 128 130 132 133 137 138 149 152 153 157 164 165 166 169 174 177 178 179 183 189 190 191 192 198 199
202 65 68 80 87 90 92 93 95 96 102 107 110 112 116 122 123 125 126 130 131 155 158 162 169 174 178 186 191
247 64 65 72 73 75 76 79 81 83 88 90 93 95 96 97 99 104 109 110 121 123 126 127 129 133 137 138 142 144 147 152 153 154 157 158 166 168 170 173 175 176 177 181 186 193 195 199
242 65 67 68 71 75 77 80 83 87 90 91 93 96 100 103 107 110 113 115 118 121 122 123 127 131 142 144 149 150 154 155 165 167 168 173 174 179 183 185 189 190 194 195
289 66 68 69 74 78 80 81 82 85 94 99 100 101 103 105 106 107 114 118 120 137 140 147 150 151 152 153 159 162 163 169 182 183 184 187 194 196 200
205 68 75 78 81 84 90 94 98 102 105 107 110 117 121 122 123 126 132 135 136 143 144 147 148 149 150 155 157 162 163 167 170 173 175 177 186 190 192 195 197
277 67 69 71 72 75 77 88 90 92 93 95 97 99 105 106 107 110 118 122 137 141 143 147 148 153 154 155 160 161 163 166 170 171 174 175 178 180 182 186 193 195 196 200
291 72 74 76 77 80 81 82 83 84 87 89 90 93 95 96 103 104 105 106 107 110 113 114 116 121 122 128 134 136 141 143 144 148 160 161 162 166 169 172 174 180 181 186 190 191 193 194 197 198
293 69 70 76 79 80 83 84 86 91 92 96 99 102 105 106 109 123 127 132 135 140 145 148 149 151 155 158 161 162 166 170 173 174 175 176 179 182 184 191 192 199
289 72 82 92 100 101 103 107 108 112 126 127 129 132 143 148 150 153 155 158 159 162 172 174 181 183 184 186 191 194 195 196 197 199 200
298 72 74 76 81 84 88 92 93 99 100 102 107 108 110 116 117 118 127 132 133 136 137 141 146 149 150 152 155 156 160 162 163 171 181 183 184 186 188 191 197 198 200
220 72 73 85 86 92 94 97 98 103 105 114 115 116 118 120 121 134 137 138 140 147 148 149 155 156 157 158 159 162 163 166 167 169 178 179 194 196 200
201 74 75 76 77 78 82 84 86 92 96 99 100 101 107 108 109 110 115 118 119 122 126 127 131 132 138 143 144 149 150 152 159 160 162 164 165 167 170 171 174 176 184 187 188 189 190 191 196 199
297 75 82 83 88 89 91 96 98 99 103 104 105 108 109 117 119 121 128 130 131 132 134 135 136 139 145 146 150 156 169 171 173 176 180 181 185 186 189 191 192 193 195 196 198 200
228 80 82 83 88 92 94 97 98 101 109 111 114 117 123 133 134 137 140 143 153 160 169 173 175 180 187 188 189 191 192 198 199
257 88 93 94 101 102 104 106 108 109 110 114 116 127 130 135 137 141 142 145 148 150 151 152 155 156 160 166 167 168 169 177 181 190 193 197 200
270 77 84 87 88 91 93 94 96 98 101 103 106 109 110 114 116 119 125 127 129 131 138 139 147 152 154 156 158 159 165 168 171 172 178 179 181 182 183 184 185 186 197
201 79 80 84 97 102 103 107 109 113 116 126 128 132 133 139 142 152 153 156 165 166 170 171 177 178 179 180 184 185 189 195 198 199 200
238 82 83 87 93 96 100 101 104 107 113 118 121 125 126 143 144 146 150 152 154 156 158 161 162 166 168 169 173 175 177 182 183 185 188 193 196 197 200
212 81 93 94 98 99 105 108 110 113 115 123 126 128 134 135 148 149 151 152 153 155 158 160 169 170 171 172 173 176 180 181 183 184 185 186 187 191 196 197
283 84 93 94 100 103 106 108 111 116 119 124 132 134 135 137 139 141 145 147 149 150 153 154 159 161 163 164 166 168 169 170 175 176 178 181 182 184 186 188 189 192 195 196 197 199
235 82 86 90 96 98 99 100 102 104 106 107 110 120 121 123 126 127 129 133 143 145 146 147 154 159 161 169 173 174 175 177 187 188 192 196 199 200
248 83 84 85 93 99 101 105 112 115 120 121 126 127 131 134 137 140 144 151 152 153 159 163 169 173 174 188 190 192 193 196 197 199 200
234 85 88 89 94 97 100 104 105 106 110 111 114 120 121 133 144 146 151 155 158 164 168 170 171 172 174 177 179 188 191 195 199
219 91 93 95 97 98 99 101 104 117 118 122 123 124 126 128 130 132 134 135 138 140 151 155 161 163 164 169 173 177 178 185 187 190 193 199
206 86 90 91 92 96 98 100 101 106 118 122 125 126 127 132 142 144 147 149 158 168 174 176 178 181 184 185 197
261 87 88 90 92 95 103 105 107 108 112 113 114 120 122 125 127 128 130 131 135 138 140 144 151 152 153 156 157 162 163 166 175 177 181 182 184 190 195 196 199
274 88 89 97 98 105 113 116 128 131 133 134 136 143 146 152 153 154 156 158 159 162 164 165 167 173 174 176 179 180 181 184 188 190 193 195 197 199
268 89 92 100 101 113 114 118 120 121 135 136 140 141 146 148 154 156 167 172 175 177 178 184 185 191 192 196
212 91 97 98 99 103 104 109 111 118 119 123 131 133 140 141 142 144 145 151 156 162 165 166 167 173 176 177 179 181 188 191 198 200
260 92 93 102 103 104 109 110 111 112 113 117 119 121 123 125 128 131 132 134 141 147 149 150 153 156 161 163 167 173 174 175 178 179 186 187 189 191 192 193 195 199 200
255 95 98 103 105 108 110 114 120 124 125 127 130 131 137 150 151 152 153 156 162 163 164 165 171 175 187 189 195 197 198 199
278 94 96 108 115 116 123 125 126 128 129 132 134 135 136 141 144 145 148 149 150 151 152 153 156 157 161 162 171 172 174 175 180 183 187 190 191 193 194 195 196 199
290 95 104 107 113 115 116 120 122 123 125 132 139 140 141 143 147 153 161 169 170 171 178 179 183 187 188 193 194
265 102 112 113 114 124 125 132 134 135 137 140 141 144 145 156 157 163 168 171 174 178 179 182 184 189 190 191 198
270 99 100 110 111 115 118 120 121 122 125 128 130 133 134 137 140 143 147 149 150 154 161 162 165 167 170 171 173 179 182 184 185 186 188 189 190 191 193 195 198 200
290 99 100 101 105 106 108 114 115 116 121 122 137 143 145 148 163 164 168 169 173 177 178 182 184 187 188 190 195 198 199 200
269 101 104 106 108 109 110 111 112 116 119 121 128 132 136 138 139 143 144 147 150 152 161 162 164 165 177 178 183 186 193 195 196 199
256 105 116 117 119 123 129 130 142 143 149 150 153 157 160 161 166 168 174 177 178 184 189 190 197 200
223 101 103 105 106 107 111 115 116 121 122 125 128 133 138 142 146 150 154 157 162 167 172 174 178 181 182 184 186 189 190 193 198 199
260 108 110 112 114 121 122 125 129 130 133 137 140 141 153 155 158 161 164 171 172 176 183 185 187 188 191 192 193 198 200
210 102 110 113 114 117 119 126 127 130 131 136 141 142 150 154 159 165 166 167 168 177 181 183 189 198 200
278 107 110 113 116 121 125 126 131 136 138 140 143 150 151 152 153 154 155 156 160 162 164 167 170 171 173 180 181 182 185 187 188 190 192 194
224 105 106 107 108 109 121 126 127 129 130 134 137 139 144 150 152 155 160 162 163 166 168 171 173 176 180 182 187 189 194 196 199
214 107 108 111 115 120 122 123 126 131 139 141 142 149 151 178 183 185 186 192 193 196 198
214 109 119 122 123 129 130 133 139 140 145 148 153 158 167 169 184 190 192 196 198
244 107 114 126 130 132 133 135 147 150 151 154 155 164 166 169 171 174 176 177 181 182 183 189 190 191 193 198
245 111 113 114 115 117 123 125 127 128 129 133 137 144 150 157 158 159 161 164 165 168 171 175 186 189 193
267 110 114 118 121 124 125 127 128 135 136 140 142 149 153 156 159 163 164 175 179 181 183 185 191 194
215 113 114 117 120 121 122 123 124 125 127 134 135 136 138 139 140 141 143 144 153 155 156 158 159 161 162 163 164 165 170 172 175 176 179 181 184 185 188 191 195 196 200
249 114 116 118 120 122 125 126 130 131 132 134 139 143 145 146 149 151 154 155 157 161 162 166 174 175 176 195 198
219 112 116 133 135 136 137 140 141 142 147 149 151 152 153 154 155 158 159 160 162 164 170 181 182 184 187 188 193 198 199 200
217 122 127 129 130 132 134 136 138 141 143 144 149 155 157 158 160 162 165 166 169 171 177 178 180 182 183 186 189 193 195 197 199 200
275 115 118 119 125 127 137 139 141 142 145 148 151 153 159 171 175 176 178 179 180 187 197 199
249 115 121 125 127 129 130 136 137 141 143 145 147 154 156 157 158 159 161 165 168 169 173 175 178 181 190 194 198
220 117 124 125 126 128 130 135 142 143 145 147 148 162 163 174 176 178 179 180 185 186 187 194 197
289 121 122 123 126 128 131 134 137 143 146 147 151 152 153 157 159 165 168 178 179 180 183 186 187 190 194 196 197 198
259 121 122 123 126 134 135 136 144 145 146 148 162 165 167 169 177 178 181 186 187 188 190 191 192 196 197 198
288 121 122 126 127 128 131 138 147 155 157 159 160 164 165 166 172 173 176 177 180 183 189 199 200
257 132 133 137 149 152 155 160 163 174 180 185 191 194 196 197 199
214 122 126 127 130 131 138 140 148 152 156 159 161 170 175 178 179 180 189 190 193 195 199
271 122 125 136 140 141 142 144 145 148 152 154 158 159 164 165 172 173 174 175 176 181 183 185 188 192 196 198
246 123 125 126 134 138 142 147 150 157 159 161 169 172 176 179 183 184 192 196 197 199
243 128 131 134 136 139 142 152 155 159 163 165 167 173 174 180 182 183 188 192 194 197 199
291 127 130 132 133 136 141 142 143 144 152 153 158 163 165 166 168 170 172 174 177 178 181 183 185 186 191 194 197 198 199 200
250 126 129 131 138 139 141 144 150 154 161 163 165 169 173 174 180 181 182 190 192 193 195 197 200
214 127 129 130 134 142 145 148 151 153 162 163 168 178 183 184 192 193 196
222 128 129 132 133 137 138 142 144 146 151 157 161 169 176 184 186 187 191 194 198 199
253 129 130 135 139 141 143 148 156 157 159 164 166 172 178 181 186 187 190 195 200
215 130 135 138 139 140 143 144 150 151 154 158 161 163 164 171 172 179 181 184 185 190 200
251 131 132 133 139 141 142 145 152 154 155 156 158 160 161 163 170 177 179 180 181 199
256 136 137 140 146 148 151 152 154 160 162 164 168 169 172 176 180 182 183 187 189 190 191 194 199
290 138 140 141 143 148 149 151 156 158 167 175 178 179 183 187 190 192 195 196 198
242 136 142 145 146 151 156 160 161 162 166 173 175 176 177 181 184 188 189 191 192 194 196 197 200
213 137 139 140 146 152 156 157 162 163 164 167 171 172 173 174 182 185 190 191 195 198
240 136 138 139 147 149 150 151 153 157 158 161 164 165 167 173 178 180 183 185 195 197 198 199
290 139 140 144 150 154 156 157 158 159 161 165 168 171 172 181 183 186 187 188 189 190 191 194 196 197
263 142 145 149 150 155 158 172 174 182 183 184 187 195 196 200
207 139 144 145 146 152 158 161 163 164 165 169 171 173 174 176 182 183 187 189 196 197 198
211 144 150 151 153 159 161 163 167 174 176 183 188 189 191 198
279 141 143 144 148 149 153 159 162 167 168 173 176 177 179 186 190 195 196
223 151 152 163 168 171 183 184 188 190 193 195 200
205 145 150 153 156 158 161 165 167 168 170 182 189 192 199 200
225 144 148 149 155 157 159 172 173 175 176 179 180 183 192 197 200
272 149 157 161 165 166 169 174 179 180 185 187 192 193 194 195
287 147 148 153 154 156 158 159 160 162 163 165 167 172 174 175 179 190 191 193
272 157 160 165 168 170 171 172 177 178 180 181 183 184 189 190 192 199
245 148 152 153 155 161 165 166 172 174 179 180 182 183 186 192 195 199 200
283 152 156 160 161 162 172 173 174 178 183 187 193 199
248 151 154 155 156 159 166 170 177 181 182 187 189 197 199 200
208 156 157 158 160 164 165 168 169 170 171 175 180 181 187 191 199
241 153 155 157 159 160 163 166 170 171 175 179 181 183 185 186 189 193 198 199
286 158 166 170 172 182 184 185 190 195 199
240 155 156 158 160 161 162 164 167 169 173 175 177 180 181 183 185 187 188 189 192
250 158 163 164 165 173 176 182 191 195 198
291 160 165 171 172 175 177 179 183 187 188 189 196 198
281 157 158 160 161 162 163 165 167 169 177 178 181 185 186 187 194 196 198 199
247 159 162 163 165 167 169 173 174 178 179 182 184 191 194 196
293 160 165 169 177 180 186 190 192 195 197
242 161 164 170 173 177 178 179 184 186 191 193 194
243 161 163 164 181 184 185 186 188 189 191 195 200
214 164 168 170 171 172 176 178 181 185 189 194 197 198 199 200
254 172 174 176 177 180 183 188 191 195 200
218 164 167 168 169 175 176 177 181 185 188 191 195 196 198
212 166 169 170 171 172 173 178 180 185 188 190 193 194 197
233 166 167 180 181 182 184 185 186 192
228 167 170 171 177 186 195 199 200
257 168 169 176 188 191 192 193 194 200
275 184 189 193 195 198
230 170 171 179 182 184 186 187 188 189 191 192 198 200
287 172 174 181 182 187 190 191 194 198 200
235 175 177 181 186 190 195 200
230 173 174 175 181 184 186 188 189 196 197
253 174 178 179 181 182 185 194 196 197 199
235 177 186 193 200
280 178 180 189 194 196 197 199
281 178 179 183 189 193 195 197
277 178 185 188 192 194 195 196
215 182 183 184 190 192 194 195 198 199
212 180 185 190 191 193 195 200
256 181 182 187 188 192 193 194
239 190 192 198
288 183 187 190 192 193 198 200
236 186 187 194 195 198
216 189 192 195 200
224 190 192 193 199
253 191 197 200
253 189 190 194 195 196 198
262 190
277 194 196 197
278 191 194 195 198 199
283 193 196 199 200
205 194 195 197
283 199
222 199
237 197
204
237
216
293
261
