100	10	1000	10
-3	107	8
-2	194	6
-4	138	6
-5	116	11
-3	127	9
-2	106	12
-1	139	13
-5	109	12
-1	109	14
-5	139	9
157 4 5 10 18 26 34 41 43 47 51 53 56 57 58 69 70 77 78 80 81 89
300 4 5 6 10 12 18 20 22 27 31 41 43 46 53 58 59 62 65 72 73 76 94 99
275 7 10 13 23 27 28 32 35 37 48 49 61 64 66 68 69 73 75 78 84 88 92 98 99
270 5 6 7 9 10 13 21 32 33 36 37 40 45 48 50 57 63 68 70 72 75 76 82 84 87 92
215 6 7 8 13 15 16 24 27 33 38 41 45 46 49 56 63 69 74 80 87 91
260 7 8 12 14 16 28 30 36 42 45 47 49 50 59 60 61 66 73 75 76 79 81 86 88 90 92 93 95 97
207 11 15 20 22 30 31 39 51 58 61 68 73 75 76 85 86 87 90 91 93 99
284 14 15 16 17 22 25 32 33 35 39 41 43 44 45 50 51 55 58 61 68 71 72 73 76 82 85 86 89 90 92 97
292 15 16 20 24 27 39 40 42 46 51 54 63 64 66 70 75 77 78 82 83 87 88 89 91 94
280 14 15 16 17 18 21 33 39 44 48 60 64 68 69 70 71 79 81 82 87 88 91 93 94 99
168 12 15 17 30 50 51 58 61 67 69 70 73 74 75 76 78 82 84 85 88 90 91 92 93
224 13 20 21 23 25 28 29 34 42 44 48 50 53 63 68 69 71 72 73 75 77 78 81 83 87 98
271 14 17 24 26 29 35 38 40 47 49 55 62 66 69 74 82 83 93 95 98
216 19 20 23 26 28 29 30 41 47 49 56 58 61 65 66 67 68 73 74 85 87 90 94
193 16 21 23 24 25 27 36 43 44 45 52 53 61 63 64 65 66 67 69 71 74 75 77 93 95 97
281 20 23 34 35 36 39 40 44 46 58 60 61 62 69 70 77 80 84 86 89 96 98
299 25 34 36 39 40 49 54 56 59 61 62 63 66 67 68 69 73 83 84 88 90 98
192 20 22 24 32 33 34 41 43 47 49 51 57 59 64 69 70 74 75 76 77 78 79 86 88 98
251 21 34 35 37 38 39 40 41 50 53 54 55 58 59 63 68 69 73 78 81 83 84 87 88 89 93 97 98
159 22 28 29 31 34 35 39 41 45 46 53 54 60 63 65 68 74 76 77 78 89 94 96 97
247 22 26 27 28 29 30 31 39 40 43 44 50 52 53 54 55 57 58 60 62 63 66 67 68 73 77 78 79 83 85 86 90 100
218 23 27 29 34 39 40 42 44 45 47 52 53 56 58 67 76 82 91 94 100
209 24 26 28 30 32 33 34 35 36 37 40 42 46 49 51 56 63 77 81 94 95 100
279 27 28 32 43 46 53 54 55 56 58 60 61 62 64 73 77 79 80 82 83 85 86 88 94 95 96 98 99
272 26 27 29 31 37 38 41 43 45 47 49 53 59 60 62 66 69 70 75 76 82 83 87 88 99
278 30 36 45 51 52 54 56 59 60 65 66 73 81 85 88 92 94 95 96
153 31 33 34 38 46 56 59 60 61 62 65 70 71 72 74 77 78 80 86 88 90 91 97
291 31 33 36 43 44 45 48 52 54 57 63 65 66 68 71 74 79 82 83 91 94 95 97 98 99
157 30 32 34 41 43 46 48 52 56 57 61 65 74 75 86 87 94 95 97 99
257 32 37 38 40 47 51 54 58 60 65 70 71 76 82 84 85 88 92 95 96 97
265 43 45 47 49 50 51 54 57 62 68 70 71 72 74 83 88 92 93 95 99 100
166 34 51 53 57 63 67 71 72 75 76 84 86 87 93 95 97 99 100
267 42 43 44 50 55 60 68 73 76 79 82 84 88 89 91 95 98
197 35 38 41 42 44 49 50 51 52 53 57 60 61 64 70 75 77 79 80 81 82 83 84 86 92 94 96 97 98
227 36 37 38 41 44 48 50 52 53 58 59 60 62 65 70 72 74 75 79 83 88 89 91
267 44 45 46 47 50 51 59 61 64 66 68 72 73 77 78 80 81 82 91
153 39 41 42 43 46 52 54 57 59 62 63 67 70 73 74 85 89 93 99 100
213 49 50 52 53 55 57 65 67 70 75 83 91 93 94 97 99 100
193 44 46 50 51 54 55 58 59 62 64 69 73 74 80 87 89 90 92 93 94 96 97 100
156 41 42 48 51 53 59 65 68 71 74 75 79 82 83 84 88 89 91 95 99
176 52 55 59 60 64 66 72 73 81 83 89
209 47 51 59 65 66 70 72 75 80 81 85 86 95
180 52 54 55 61 62 65 70 71 73 76 79 81 82 83 85 89 92 93 98
194 47 49 50 55 57 63 64 67 72 76 78 81 83 85 88 89 91 94 97
290 46 49 52 57 61 62 64 65 67 70 71 72 74 78 84 85 87 89 97 98
250 48 49 51 54 59 63 64 71 72 78 84 85 89 90 96 98 100
281 51 53 55 59 60 69 70 75 79 97 99 100
297 49 52 58 68 69 70 71 73 78 81 84 89 93 94 95 97 99
274 51 52 53 57 62 65 71 82 90 91
256 51 54 55 59 60 61 63 69 73 75 91 92 94 95 97
197 62 68 73 91 92 93 95 96 98 99
248 58 67 83 84 95 96 97 99
157 62 63 65 67 72 75 76 79 82 83 84 86 89 93 96 97 100
152 57 59 62 63 66 67 68 75 76 79 88 92 93 97 100
205 56 57 60 61 62 68 77 78 79 84 89 98 99
155 59 63 66 69 71 77 78 81 83 86 87 90 91 93 95 98 100
278 60 64 65 70 83 85 89 90 91 93 96 97 100
279 59 67 70 73 78 83 84 85 88 90 93 94 97 99 100
253 65 66 68 76 77 87 90 95 96 97
298 61 67 68 72 75 78 79 80 83 85 90 93 96 97 99
209 63 66 70 71 73 74 77 78 84 85 94 95 96
151 65 66 68 70 72 73 76 85 90 93 96 100
202 67 68 72 74 76 77 78 82 85 87 88 90 91 93 94 97 100
279 70 72 73 76 77 84 86 89 93 96 97 100
232 69 71 75 84 85 97 99 100
180 68 71 72 74 75 81 82 86 92 98
265 70 79 80 83 85 93 94 99
174 73 77 78 79 80 89 90 91 93 95
150 73 74 79 86 88 95 99
206 75 78 81 83 87 89 90 94
300 73 77 82 86 89 94 98 99
172 73 74 76 82 83 85 88
164 75 77 79 80 83 93
234 76 79 80 81 82 88 90 91 92 94 95 98
154 78 79 83 84 86 88 89 90 92 93 98
225 79 80 81 83 89 93 100
232 80 85 90 91 94 95 99 100
156 83 84 85 87 88 89 93 95 97 98 99
157 84 87 90
276 81 83 89 92 93 94 95 96 99
191 82 96
288 83 90 91 92 96 99
282 93 96
150 85 86 91 94
195 86 89 90 96 100
173 95 96
215 91 94 95 96 97 99
214 92 96
264 91 92 93 95 96 98 100
259 93 100
206 99
184 94 97
260 96 97
228 98
290 97 100
243 99
288 98 99 100
178
203
251
