75	10	200	1
0	13	4
0	5	11
0	3	4
0	2	9
0	8	7
0	7	5
0	5	7
0	17	8
0	8	7
0	3	13
18 9 11 13 14 16 19 28 34 35 37 39 44 47 51 53 56 57 61 67 69 72 74
27 5 8 12 13 14 21 25 26 29 31 33 45 46 52 55 56 59 60 63 66 69 71 72
12 6 8 11 16 17 18 19 20 25 27 31 38 41 45 47 54 57 59 64 67 71
29 11 13 17 20 28 33 36 38 40 41 44 47 48 51 54 57 62 65 69
29 6 13 20 22 23 32 36 37 38 40 41 45 46 49 58 65 66 67 70 75
20 7 8 12 13 17 20 22 25 26 31 37 39 41 48 49 50 52 53 61 62 67 69
21 8 13 18 20 32 35 39 40 41 42 43 44 47 49 53 61 63
16 13 23 28 30 32 43 44 47 50 51 54 63 66 68
12 11 13 17 19 27 29 30 31 39 40 41 42 43 45 50 56 58 59 63 66 68 70 71 72
14 18 19 31 33 34 35 41 42 62 70 74 75
27 14 16 32 35 37 38 45 46 48 59 64 71 72
25 13 15 17 20 21 24 26 27 31 35 36 39 41 44 45 51 57 59 60 63 68 70 71 72
14 14 17 18 22 23 24 25 29 30 33 34 40 42 45 46 51 56 61 62 63 64 66 67 73 74 75
10 17 18 19 33 36 39 40 42 45 49 52 53 55 56 63 66 70 71 73 74 75
30 17 20 21 24 29 32 35 37 38 41 45 49 51 54 56 62 63 65 69
16 19 26 30 31 35 40 50 55 56 61 64 65 71
11 18 22 25 27 28 31 34 43 44 46 53 54 68 73
11 19 22 27 29 31 33 34 36 37 38 39 41 45 48 50 54 57 58 60 70 73
20 22 23 24 27 34 37 41 44 49 54 56 59 62 63 66 68 69 71 72 75
27 27 28 29 33 34 35 37 38 39 43 44 45 46 47 50 53 58 60 61 65 68 71 72 73 74
20 24 27 28 30 32 38 41 43 47 52 54 58 59 60 63 65 66 69
14 23 24 25 26 29 30 33 44 49 50 57 70 72 73 75
19 24 25 27 31 38 39 44 47 50 51 52 54 56 62 66 69 71 72
16 27 30 34 35 36 39 40 41 45 49 51 55 59 60 63 64 66 67 69 70 71 73
10 26 27 35 49 50 53 58 59 60 61 64 67 68 70 72 73 75
21 27 30 32 37 38 44 47 49 53 56 59 62 63 64 65 72 73 75
11 33 37 39 40 44 49 53 59 64 69 73 74 75
29 30 31 32 33 37 38 39 40 45 49 51 52 53 62 65 66 67 69 73
14 31 33 36 41 45 46 50 53 55 56 59 63 66 73
27 32 33 51 56 59 66 70 72 73 75
13 33 37 39 42 48 49 50 52 53 60 64 67 70 75
27 34 36 38 41 42 45 49 68 69
13 40 41 42 43 44 61 63 68 71 75
26 40 41 42 43 45 48 56 59 62 64 69 75
13 37 39 40 43 48 50 51 57 61 62 63 65 70 71 73
26 37 38 39 41 44 46 56 59 60 61 63 65 67 69 73
28 39 45 46 53 54 58 63 66 68 69 70 71 72
12 39 40 44 52 54 57 58 71 72 74 75
29 41 42 45 48 50 52 54 58 59 62 63
16 41 46 51 56 59 60 62 63 74 75
23 45 46 50 56 61 63 65 68 72 75
19 43 45 48 49 50 53 61 62 66 67 68 69 71 72
20 45 46 51 52 55 57 60 62 69 70 72 73 75
30 46 48 50 56 57 63 64
26 49 51 53 55 58 59 62 64 66
11 56 62 63 68 70 71 74
12 48 50 55 56 59 62 65 69 70 74 75
21 50 52 53 55 57 61 62 63 64 72
27 54 55 57 58 62 64 68 73 74 75
24 54 57 61 62 72
20 53 54 55 59 61 66 67 68 74 75
13 54 56 57 60 62 65 66 67 69 74
12 57 70 74
12 61 63 65 66
25 57 60 62 67 68 70 73 74 75
25 59 66 69 70 72 75
14 63 64 65 67 71
18 65 66 70
24 64 67 71
20 62 68 69 70 71 72 73 75
16 65 70 72 74
29 66 72 74
16 64 66 67 70 72 75
14 67 68 69 74
30 68 70 73
17 67 74
27 70 74 75
19 71 73 74
22 70 71 73 75
18
23 72 74 75
18
30
30
13
