75	5	1000	1
0	68	14
0	86	13
0	13	10
0	39	18
0	91	20
82 2 3 7 9 11 13 14 15 24 26 27 32 33 36 39 48 51 52 54 56 57 61 63 66 71
113 5 9 11 12 20 23 26 28 32 35 36 37 41 51 53 61 66 72 74 75
139 9 12 18 20 23 31 36 37 44 45 47 48 53 59 64 65 73 75
90 10 16 18 19 22 26 27 31 38 40 41 44 45 46 47 48 49 52 57 58 59 66 69 74
52 6 7 14 16 20 22 25 27 28 36 39 40 42 43 44 51 53 55 57 63 70 75
133 7 10 12 15 16 19 26 28 29 30 33 35 37 39 45 47 51 63 68
117 8 10 12 15 16 17 20 24 30 32 33 35 37 38 40 42 44 45 49 53 55 56 57 58 62 68 69 73 74
103 10 20 30 31 42 43 46 48 49 50 51 54 55 60 61 65 67 70 73
73 12 13 14 18 22 24 28 32 34 38 40 50 56 59 61 65 67 68 75
111 11 12 16 19 21 26 29 30 33 34 40 42 43 44 45 49 52 54 59 61 72 74
110 13 15 21 24 28 34 37 41 42 43 45 46 47 48 49 57 63 68 69
89 14 17 20 21 24 25 29 34 35 36 38 40 46 48 50 54 58 59 64 69 72 73
148 15 27 30 36 43 45 47 48 51 55 56 57 59 63 64 67 70 71 72 74
99 16 18 20 22 24 29 32 33 35 36 38 42 44 50 51 54 63 66 67 70 72 73 74
122 16 21 33 34 35 37 39 40 44 53 54 55 59 62 63
62 17 20 21 25 27 32 36 38 53 55 56 59 63 67 75
125 20 25 27 29 31 32 35 38 42 43 57 65 69 72
104 20 21 22 24 26 31 42 46 47 48 49 53 56 57 58 59 60 62 63 64 69
147 24 27 31 36 37 39 40 42 43 47 49 51 52 53 55 63 64 68 72 74
147 21 25 31 37 39 40 42 43 44 45 50 56 57 58 65 66 67 68 75
88 22 24 28 30 31 32 34 36 38 39 45 46 51 52 54 56 57 58 61 64 66 70 72 74
145 25 27 28 30 31 34 36 37 41 43 47 48 51 54 58 64 67 68 69 71 75
96 26 28 31 32 42 44 45 48 50 55 58 59 61 65 72
116 28 29 38 39 44 47 48 53 58 59 62 63 65 70 71 73
71 31 45 51 59 63 65 66
119 28 29 30 31 37 40 41 43 44 45 49 50 57 66 67 68 69 72
114 28 32 33 35 36 42 45 46 52 54 59 61 62 63 67 71 73 75
79 31 34 40 41 45 48 57 58 68 70 71 75
65 30 34 36 38 42 43 46 48 50 52 54 57 58 59 66 72 73 74
142 32 36 41 45 46 54 60 62 63 72
125 39 42 45 47 49 50 56 58 66 69 73 75
61 35 36 44 45 46 47 51 55 57 66 67 68 70 71 72 75
123 43 45 49 51 54 57 62 65 68 71 73
108 40 46 47 50 53 57 67 68 72
134 36 37 40 44 45 51 54 62 63 64 65 66 68 69 70 73 75
103 37 42 47 48 59 60 68 72 73 74 75
50 38 41 50 52 56 61 68 73
110 39 40 41 43 48 49 50 51 52 61 65 69 71 73 74 75
150 42 46 52 54 59 65 72
53 42 43 44 50 51 54 55 56 58 59 61 62 67 73 75
105 47 49 55 57 59 65 67 68 75
84 46 48 52 56 62 70
137 44 46 53 56 60 61 66 68 69 70 71
113 46 55 57 60 61 62 64 65 66 67 74
87 47 53 59 61 62 64 70 71 75
114 51 52 53 55 57
125 52 53 58 60 61 62 65 70 74
103 49 50 53 55 57 59 63 66 71
134 55 57 62 68 69
97 56 61 64 65 72
143 53 56 62 63 64
115 53 56 57 61 64 74
57 54 55 58 63 66 69 73 74 75
96 57 62 65
112 57 63 64 67 70
147 57 59 60 61 67 69 75
51 64 70 71 74
79 60 61 62 72 75
132 67 69 71 73
104 62 65 68 73
135 63 64 65 69 70 72
139 63 64 69 72 74
63 65 66
125 68 71 72 74
100 70
79 67 72 73 74
79 68 69 70
127 72 73
66 73 74
149 73 75
76 73 75
120 74 75
119 74 75
150
92
