100	10	10000	1
0	1406	18
0	1149	6
0	1036	7
0	1736	11
0	1982	11
0	1164	4
0	1456	10
0	1721	11
0	1518	15
0	1694	7
2499 3 5 6 7 9 13 20 27 31 33 34 36 40 41 42 44 50 52 53 56 59 60 63 66 67 79 82 86 93 94 95 96 97 98
2744 8 9 12 19 23 26 32 35 37 43 47 48 59 62 76 79 80 81 86 90 91 95 98
2150 5 6 17 28 29 31 32 34 36 43 45 47 50 53 54 55 60 66 77 84 89 91
1545 9 10 12 15 17 20 21 23 25 28 32 35 38 39 42 45 52 54 65 68 73 74 76 77 80 84 90 99
2364 6 10 13 21 22 23 24 25 30 35 37 45 46 48 49 51 55 60 62 70 76 80 82 86 87 95 96 99 100
2706 27 30 35 36 41 47 50 60 64 65 67 70 71 80 82 86 87 88 90 92 93
3000 8 9 11 13 20 23 24 29 30 31 32 42 43 45 47 50 51 54 60 68 69 83 88 90 93 96 99
2461 17 22 25 33 34 35 42 44 45 52 53 56 66 68 70 71 73 74 76 77 78 82 84 86 87 97 98 100
1964 12 18 19 20 22 32 36 42 45 47 50 51 54 58 66 68 70 73 75 76 80 89 90 92 96 98
2747 19 21 24 29 33 34 35 41 42 52 54 55 63 66 74 81 86 88 99
2372 15 17 25 27 30 34 39 43 47 48 53 56 57 60 64 65 69 73 74 75 83 95 96 99
2208 13 16 23 24 27 40 41 42 44 48 53 68 73 75 78 80 88 89 92 95 96 99
2728 15 19 24 25 29 34 41 49 51 57 58 62 63 66 68 73 81 82 92 93 96
1670 15 17 18 27 28 30 31 33 40 41 44 45 46 47 54 56 58 62 63 66 68 72 78 80 83 90 94 99
2427 17 22 25 28 30 33 36 41 43 46 47 51 56 57 59 61 75 79 82 83 84 87 93 94 97 98 100
1733 17 18 29 35 37 38 39 42 43 45 53 55 61 70 72 76 78 82 85 87 92
2384 19 22 24 26 31 33 36 40 45 54 61 62 66 71 72 76 77 81 92 95 100
1961 19 21 30 35 40 42 48 54 57 58 59 62 68 70 71 73 76 80 81 85 93 95 97 98
1929 20 22 25 29 35 36 37 38 39 40 46 48 51 52 69 72 73 75 76 77 82 84 93 94 95 96
2710 22 24 30 33 38 39 44 45 47 48 55 65 66 67 70 72 79 81 95 96 100
2639 24 25 26 32 34 40 46 48 59 61 66 69 70 73 81 88 94 97 98 100
1870 26 30 39 42 46 51 54 56 57 60 65 69 70 75 80 86 88 91 92 95 97 99 100
1566 25 28 39 40 42 49 51 55 56 58 60 62 67 71 73 75 78 79 80 82 83 87 88 89 90 100
2050 25 27 29 30 31 34 35 37 40 47 53 61 62 64 68 73 75 76 85 92 95 98
2861 33 34 36 37 39 40 42 48 50 54 60 67 68 79 82 84 86 87 88 89 90 94 95
1721 31 36 38 39 41 47 49 53 60 63 68 74 81 84 86 93 99 100
2306 33 34 35 36 39 40 43 44 45 57 58 64 65 71 75 79 82 83 84 85 88 94 95
1970 29 31 33 34 36 39 51 52 62 66 75 80 82 83 89 97 98
2779 35 36 48 53 54 57 58 65 66 71 75 76 84 93 94
1642 31 32 36 38 39 40 43 44 45 46 49 51 52 53 58 67 69 71 73 76 80 82 88 89 90 92 93 95 98 99
2580 32 37 42 49 50 54 58 59 61 74 75 76 86 88 92 93 94 96
2045 39 41 44 46 48 49 51 59 66 72 79 92 97
2905 36 38 40 44 48 52 54 55 60 63 67 68 69 70 72 75 79 80 88 90 91 93 95 97 98
2580 37 38 40 42 52 54 58 63 68 69 71 76 78 79 85 88 92 96 100
2632 37 46 50 54 56 63 64 72 73 79 82 84 87 92 94 95
2207 38 40 44 46 51 55 56 62 74 82 91 94 97
2886 49 51 56 60 63 71 72 74 76 77 80 81 85 89 93 99
2872 40 42 43 44 50 53 54 55 57 60 66 70 73 74 77 78 82 90 91 94 97 99
2483 40 44 46 48 53 57 59 66 67 69 72 76 77 81 91 98
2622 41 46 47 50 56 58 60 64 65 67 69 80 82 88 89
2649 44 48 58 59 60 61 69 74 77 79 80 81 85 86 92 96 99 100
2075 43 44 45 50 51 53 56 57 58 60 61 62 66 67 70 81 82 84 85 88 93 97 98
1629 46 48 50 52 55 58 65 66 67 68 72 75 77 79 87 88 91 94 95 97 99 100
2441 45 47 48 51 52 54 56 61 62 68 71 76 77 80 81 82 83 84 85 87 88 89 97
1880 51 53 57 58 60 61 63 65 71 73 79 83 88 91 92 93 96 99 100
2121 47 49 50 51 58 59 62 66 71 73 77 78 81 82 84 87 89 92 96 99
2628 48 50 55 57 60 62 65 67 68 72 74 76 77 79 81 83 91
2205 50 52 54 55 58 60 64 70 71 82 84 87
1826 50 59 62 65 71 74 75 79 82 83 87 88 96 99
2844 51 52 66 77 83 85 86 87 92 96 99 100
2827 56 58 59 62 69 71 73 84 93 94 95 96 98 100
1885 55 59 61 62 65 69 72 74 75 80 82 85 86 90 93
1722 56 62 63 64 65 66 69 79 80 81 83 85 90 94 96
1747 60 67 69 72 74 82 83 84 85 86 87 88 92 94 95
2939 58 60 61 69 73 75 77 83 84 99
2485 58 69 70 72 74 78 81 82 88 89 90 93 94 99
2431 59 61 62 68 69 76 77 78 80 86 91 92 93 96 100
2834 67 69 72 75 78 79 89 90 91 97 100
2298 63 71 72 74 75 77 78 86 90 92
1518 64 65 71 73 78 85 87 88 89 90 92 95 100
1544 62 63 64 65 68 72 73 76 79 80 85 86 92 94 96 100
2534 63 67 76 81 83 86 89 90 98 99
2327 64 65 67 69 71 75 78 85 86 90 93 96 98
2566 68 72 74 75 77 79 81 89 90 95 98
2230 67 69 80 82 87 91 94 95 96 98
2138 68 72 74 76 80 83 86 88 89 95 98
2203 68 71 83 84 88 91 93 94 100
1741 69 77 79 82 84 88 90 95
2420 72 73 76 77 79 87 89 93 98
2925 75 80 84 86 92 99 100
2396 79 81 89 95 96 100
2703 73 78 80 82 84 85 97 98 100
1677 74 82 83 85 90 91
2258 87 89 90 92 93 95 97
2223 78 82 83 84 85 87 89 91 92 94 98
2346 77 82 83 85 91 95
2178 82 85 89 95 100
2516 85 91 92 98 100
2830 82 97
2977 85 86 87 90 94 95 100
2364 84 89 95 96 97 100
2251 89 92 96 97 98
2859 84 86 88 89 90 95 99
1845 89 93 100
1908 86 87 89 92 94 96 99
2328 89 90 91 94 95 96 99
2051 89 94 95
2285 93 95 96 97 98
1764 90 95 97 98
2667 91 92
1909 92 98 99
2602 96 97
2995 95
1775 98
2131 97 98
2714 99
2204 98 99
2776
2627 100
1928
