100	10	1000	1
0	52	6
0	15	15
0	79	11
0	45	13
0	27	10
0	40	8
0	71	8
0	55	11
0	88	6
0	46	12
252 2 4 14 20 24 27 30 32 33 34 35 36 37 41 43 45 48 52 54 55 56 58 61 62 65 69 74 75 82 84 85 87 90 96
168 6 8 9 12 13 14 18 19 23 24 35 37 40 42 51 54 56 65 71 76 77 78 81 90 98
165 7 10 12 18 22 24 26 32 35 36 37 40 43 48 50 52 59 60 62 64 71 76 86 89 92
196 6 7 8 12 14 17 19 21 22 24 25 27 29 34 38 39 43 62 63 66 67 70 71 77 83 93 94 95 100
202 7 9 12 17 18 25 26 29 31 32 35 37 39 43 44 45 46 47 49 51 59 62 63 65 66 68 71 83
293 12 16 23 29 30 46 47 49 57 62 67 72 73 75 78 79 81 86 87 92 95 96
175 8 9 16 21 31 36 41 45 48 50 51 52 54 56 66 67 69 70 71 76 82 89 90 93 96 97
293 13 14 15 23 25 30 41 47 49 52 56 61 63 68 74 76 79 81 83 86 88 94 98
153 12 15 16 18 21 32 34 40 41 44 46 54 60 65 66 68 73 74 82 88 93 98
173 14 17 21 26 29 30 34 35 38 39 40 44 45 46 51 55 58 59 64 68 72 74 79 80 82 84 87 88 93 95 97 100
275 14 17 18 21 23 26 30 35 36 45 47 49 51 52 55 58 59 60 61 64 67 77 78 80 85 94 97 99
224 18 22 23 25 34 38 42 45 48 55 60 62 64 65 68 74 75 87 88 96 97
167 15 23 30 39 40 43 47 55 58 59 60 62 64 66 67 70 71 73 74 75 77 78 82 95 98
159 16 17 19 20 25 32 33 34 41 42 56 57 65 66 67 68 69 73 74 77 78 80 82 89 91 93 95 97 98
165 16 18 24 26 34 36 37 38 42 49 58 63 65 66 68 70 73 80 82 83 85 86 89 92 93 94 97 98 100
297 23 24 25 28 29 34 39 40 41 44 45 50 51 52 54 60 64 65 68 82 84 88 91 92 93 96
250 20 21 22 24 25 28 32 33 34 35 39 41 43 47 50 54 55 56 58 61 63 66 71 76 77 78 81 82 84 87 94 98
244 22 24 32 36 37 38 42 43 50 51 55 57 60 62 64 73 74 75 78 82
197 20 23 24 27 31 32 34 36 39 41 43 44 48 55 56 59 66 67 71 72 76 77 81 87 88 90 92 93 99 100
214 25 32 35 43 44 47 49 50 56 64 66 67 71 72 73 74 75 77 81 86 93 94
267 22 26 28 38 40 41 45 46 49 52 53 55 58 59 60 61 65 66 68 72 73 74 75 82 83 99
279 23 31 32 33 35 36 37 38 40 44 50 51 56 58 59 63 64 65 66 68 77 79 81 89 90 93
222 31 32 34 35 52 54 63 69 71 74 75 77 78 79 81 82 86 92 99 100
211 25 26 29 38 40 44 45 48 49 50 56 57 66 68 72 73 74 76 80 86 87 92 94
224 27 29 31 42 44 45 46 55 56 58 59 60 65 67 68 71 79 83 84 86 90 96 98
198 29 34 38 42 45 46 49 50 52 57 59 61 67 69 71 72 75 78 79 80 87 94 95 96
183 29 30 37 39 40 42 43 49 61 63 66 67 68 71 72 77 79 86 87 89 99
245 30 32 33 36 40 41 43 44 52 56 57 58 60 62 63 65 76 77 85 87 92
295 32 33 34 38 44 45 46 50 56 64 67 73 74 75 77 83 84 91 94
190 34 39 46 54 55 59 60 63 66 69 71 72 73 76 82 83 93 97 98 99
263 34 35 37 43 46 47 50 51 54 55 57 60 62 65 72 76 77 86 87 88 94 95 97 99
214 33 36 44 46 54 55 56 58 61 62 63 67 68 69 72 74 76 81 84 86 91 92 96 97 100
299 38 39 42 43 61 72 77 80 82 83 86 87 88 94 95 96 97 98
166 43 45 47 48 51 53 62 63 67 75 76 79 80 81 84 90 91 93 94 99 100
295 36 41 47 51 52 54 61 67 68 72 73 88 89 90 91 93 94 98 99
288 39 40 41 45 52 53 56 63 66 67 68 69 75 78 87 99
297 38 40 43 44 58 61 63 64 68 70 71 73 77 80 81 86 87 90 92 94 99 100
283 39 43 44 52 54 64 66 68 82 83 84 89 90 95 96 97 98 99
198 41 46 50 53 56 61 78 80 89 91 94
179 46 49 51 54 57 58 65 66 67 68 69 72 74 76 79 83 91 93 99
187 44 53 54 55 56 57 59 60 64 67 73 75 76 78 79 80 81 83 85 89 91 93 97 99
181 47 48 51 52 57 60 61 62 64 65 66 85 88 92 93 94 95 100
155 44 48 51 53 57 59 61 71 74 75 77 82 85 89 90 92 98
272 51 56 63 68 73 75 76 77 86 87 88 91
167 47 50 51 54 55 57 58 60 64 77 83 87 89 90 97
160 47 48 54 56 58 60 62 65 66 67 69 75 81 89 96 98 99
253 49 51 52 53 58 62 63 74 82 83 84 85 89 90 93 95
187 49 52 54 55 64 72 74 75 77 78 85 89 94 97 98
283 51 55 56 58 61 62 63 67 69 71 76 77 79 85 86 87 88 89 98 100
284 52 53 54 57 58 59 61 63 68 69 75 81 84 94 95 96
154 57 58 59 62 71 73 74 77 79 84 94 95 97
175 55 61 62 63 68 72 73 74 79 83 84 88 90 94 96
168 54 57 65 66 68 71 73 77 78 81 86 87 89 98
201 55 59 61 65 73 78 79 80 82 84 85 90 94 95 97
280 56 58 61 63 66 67 68 74 76 78 88
272 61 62 66 72 73 76 79 80 83 86 89 91 92 98
276 64 70 71 72 76 77 78 84 86 87 88 91 92 96 97
212 59 60 61 67 68 72 75 77 79 80 82 86 87 92 94 97 98 100
290 61 64 75 82 86 91 98
248 61 64 66 67 72 75 76 77 78 79 82 86 91 93 96
276 64 65 66 67 71 73 76 77 87 89 94
171 69 71 73 77 78 79 80 82 84 88 89 92 98
300 66 73 74 77 91 93 94 95
248 67 72 75 77 79 80 86 90 95 97 98 99
240 68 69 70 71 72 75 80 85 86 88 90 91 95 99
288 67 73 75 76 77 85 86 87 89 95 100
235 71 77 79 82 83 86 90 92 96 97 99
289 69 71 72 81 83 95 96 99
239 71 74 80 84 85 86 94 95 97
175 71 72 74 76 78 82 83 84 90 91 93 94 95 97 99 100
241 72 75 76 79 81 86 90 97
280 74 81 87 89 90 91 93 94 95
234 78 86 92 96
272 77 79 82 83 84 86 88 89 93 94
289 79 81 83 87 88 90 93 99
223 77 82 83 86 88 92 93 94 97 98 100
216 79 80 89 90 95 98 99
220 80 83 84 89 93 96 97 98
179 81 84 89 91 94 97 100
278 83 84 93 94 98
241 83 85 87 92 95 97 99
153 84 85 86 88 89 93 96
214 90 99
202 87 88 92 94 96 98 99
165 99
231 90 93 96 97
227 88 89 91 92 93 94 96 100
237 91 93 94 95 98 99
174 93 96 100
230 91 93 95 100
290 95 96 99
173 93 98
158 95 96 99 100
205 95 98
257 97
161
286 98
159
160 100
254
