50	5	1000	10
-4	150	12
-4	190	9
-1	167	15
-3	135	6
-5	166	8
279 5 9 13 14 15 23 25 28 33 34 43 46 50
287 4 8 9 12 13 15 18 21 22 24 25 29 32 34 35 38 50
270 6 12 13 15 16 18 26 32 34 35 38 41 46
211 7 8 11 14 15 17 20 22 27 29 35 37 39 40 42 45 46 48
278 8 15 16 21 23 25 30 35 40 41 48 50
224 8 9 12 16 18 20 23 25 26 27 29 31 36 37 44 47 48
210 10 11 12 15 16 18 23 29 30 37 44 47 49 50
270 13 23 24 26 31 32 43 44 45 50
276 10 12 18 20 21 27 30 33 34 36 37 39 40 41 44 46 49 50
278 13 20 23 24 26 27 31 35 36 38 41 43
211 14 15 22 27 31 32 36 37 40 42 45 47 48 50
210 21 23 25 26 27 29 34 35 36 37 38 40 41 42 43 44 45 48 49 50
264 14 17 18 20 29 30 37 38 48 49 50
236 16 29 36 37 38 41 44 45 46 47 50
296 17 21 26 27 28 30 34 38 42 44 45 46 47
270 22 36 39 42 44 48 50
293 18 20 23 26 29 30 33 36 42 44 46 50
218 20 23 24 36 39 45 46 47
277 20 21 23 38 39 40 44 45 46 48
223 23 26 29 33 36 43
219 22 23 25 26 28 29 32 38 44 45 46 48 50
261 25 32 37 44 47 48
274 27 32 33 40 42 49 50
268 26 32 35 37 40 42 45 46 50
212 30 33 34 36 42 43 46 47
260 34 35 36 38 42 43 48
255 28 29 30 35 37 38 42 49
278 29 30 35 36 37 38 39 43 44
290 30 31 34 36 39 46 47
265 32 33 34 35 38 40 50
270 32 38 43 44 45 47 50
290 33 37 38 40
269 34 38 40 44 47 50
256 35
223 37 39 41 44 45
260 39 40 43 45
251 38 40 46 47 50
256 40 48 49 50
290 41 43
242
213 43
240 45
218 47 49
212 45 46 49
233 50
228
257
275 50
230
287
