100	5	200	10
-5	5	18
-4	17	21
-5	8	20
-1	3	15
-3	2	26
54 4 5 10 13 14 19 21 22 24 26 27 29 32 37 42 45 47 48 53 54 67 70 72 73 79 86 87 88 89 90 91 93 97
39 3 7 11 12 28 30 34 39 40 43 48 50 54 58 61 66 71 73 76 77 79 80 81 84 85 90 91 92 97 99
53 6 8 9 11 17 19 20 23 24 33 37 39 41 44 45 46 49 51 56 57 59 61 68 69 71 73 75 76 84 85 86 90 93
38 5 9 10 13 14 16 22 24 25 30 31 33 35 36 49 51 53 55 57 63 70 72 75 79 80 82 84 88 89 91 93 95 97
59 6 7 9 10 18 19 22 26 31 33 34 35 36 41 42 47 49 54 56 57 60 63 66 70 78 82 86 100
52 7 16 17 21 26 29 32 35 36 39 40 42 51 57 59 64 68 75 77 83 86 92 93 95 96 97 100
52 8 14 18 22 24 27 40 43 46 48 49 50 51 53 55 56 61 66 67 68 69 78 79 83 84 91 93 95 99
44 9 12 14 16 19 20 24 28 29 34 35 36 37 39 41 42 43 44 45 49 55 57 62 66 70 73 76 86 87 88 93 95 97 100
52 11 23 25 26 32 34 35 36 39 42 43 45 52 53 55 57 58 59 61 67 68 70 72 73 77 87 96 99
45 15 17 19 24 32 33 34 35 36 42 43 45 47 48 49 50 51 53 54 55 68 69 70 71 75 76 81 84 88 89 90 93 96 97 98 99
59 12 13 15 19 23 28 31 33 42 44 46 50 51 53 54 55 60 69 70 85 95 98
56 16 17 20 21 25 29 33 34 36 39 41 44 45 46 50 51 53 61 64 65 66 67 70 77 84 89 93 100
49 14 18 24 27 29 32 34 35 38 46 47 52 55 56 60 61 65 68 71 73 77 79 83 85 95
37 15 21 25 26 29 37 39 40 42 44 50 51 52 56 60 61 69 70 75 77 78 81 83 84 87 89 93 100
56 16 17 18 21 23 25 26 31 35 37 46 51 52 54 62 65 69 70 71 72 75 78 86 89 91 94 95 96 97
49 18 19 24 25 27 34 35 38 40 41 45 48 50 51 54 62 65 72 75 86 87 89 90 96 97 98
30 21 22 23 26 28 34 37 38 40 44 46 49 51 53 57 61 66 68 69 70 76 81 82 86 97
56 22 23 24 25 27 36 38 49 50 59 61 64 65 68 70 71 72 75 77 78 81 96 97 99
58 20 25 28 30 36 38 42 44 45 50 54 62 64 67 71 73 74 78 80 82 87 94 96 98 100
46 25 26 32 33 36 40 41 47 51 57 58 67 75 77 78 82 84 86 90 92 97 99
39 25 28 32 34 39 45 46 48 50 54 57 58 72 73 74 75 77 86 92
58 26 27 31 32 33 34 41 42 45 48 55 60 65 75 76 81 87 88 91 95 100
49 25 29 36 39 44 46 54 61 63 64 78 79 87 90 95 98 99
37 30 31 39 40 42 49 52 55 58 59 61 63 64 76 78 79 82 83 85 90 92 94 95 96 97 98
55 26 27 28 37 43 46 47 49 52 57 58 63 69 71 72 73 75 85 86 89 91 94 96 97 99
35 31 32 35 36 39 43 44 46 48 50 53 66 68 69 70 72 77 82 90 93
56 35 36 39 44 48 49 51 53 55 60 61 62 67 69 70 71 72 77 80 81 92 95 97
32 30 31 32 35 42 44 48 50 52 53 57 62 63 67 69 73 76 81 84 91 93 96 99
58 35 38 40 41 44 50 56 60 62 67 78 80 81 82 84 91 93 94 95 98
55 31 36 39 46 49 63 64 66 71 81 85 88 89 97 99
57 32 34 35 43 44 45 48 49 51 58 61 64 68 71 74 78 80 81 82 83 84 85 93 95 96
57 38 43 44 47 56 57 61 66 74 75 86 89 96
33 34 35 38 39 53 56 60 62 66 67 76 82 83 84 85 88 89 90 93 94 99
41 35 41 42 51 53 55 58 64 65 67 70 73 76 78 88 92 93 94 97 98
33 36 37 42 46 50 54 57 63 70 73 76 84 87 88 96 99
57 38 40 49 52 54 56 58 62 63 65 66 71 74 76 78 80 85 86 91 94 98
50 38 42 44 45 51 56 57 58 61 64 65 70 72 77 78 80 85 87 91 97
30 40 41 45 49 50 51 55 56 57 58 59 61 65 66 67 74 75 76 77 84 89 95 98 99
60 41 46 47 49 51 64 71 75 77 78 80 82 87 96 97 100
31 53 63 64 67 70 79 86 88 90 96 97 99 100
59 43 47 54 59 60 70 75 76 77 80 87 95 97
49 52 57 59 63 64 69 71 72 74 75 81 85 88 90 91 93 94 96
58 50 51 54 55 69 70 84 87 89 90 92
33 46 47 48 51 55 57 58 59 60 61 62 70 71 72 73 75 79 87 89 90 93 94 98
43 47 49 50 54 56 66 72 76 77 78 81 86 87
56 52 59 67 72 74 77 79 82 84 86 87 88 89 91 95 97 98
37 54 60 61 62 63 65 72 74 77 80 88 95 97 98 99 100
32 49 66 68 75 79 80 82 83 85 86 95 99 100
33 51 58 61 63 64 66 68 69 70 72 76 77 81 83 86 92 96
47 55 62 68 72 74 80 83 90 93 94 95 100
47 52 56 62 66 68 85 90 94 99 100
37 57 70 71 72 73 74 76 79 80 86 88 89 98
51 54 55 57 58 66 68 73 74 75 81 84 88 93
48 56 62 63 64 67 71 74 78 80 82 85 86 91 96 97 100
51 60 61 68 72 74 83 84 85 91 94
32 60 63 66 67 68 72 75 77 78 79 83 88 89 92 99
50 58 71 73 74 76 77 94 95 98 100
53 63 65 67 69 70 72 73 82 83 84 85 86 90 93 97 98 100
32 60 61 62 63 64 67 70 74 77 84 90 92 97 99 100
57 61 64 65 67 71 72 74 77 78 79 80 84 86 88 92 93
54 62 64 69 71 77 78 83 85 93 100
45 63 65 71 72 73 75 76 78 92
60 67 70 74 75 77 78 86 87 90 92 93 96 98
45 68 71 83 90 97
32 68 75 80 86 96 100
49 70 71 72 75 77 79 84 85 86 90 91 94 96 98 100
59 69 71 72 75 80 86 90 93 96 100
39 71 73 74 83 84 85 89 91 92 94 95 97 99
55 74 75 79 81 88 90 95 98
51 72 76 77 80 82 83 87 92 93 95 97
56 73 76 78 83 88 89 94 95 99 100
44 73 75 76 77 80 82 86 97
40 78 79 84 86 87 93 94
33 75 76 87 93
60 81 82 87 89 91 92 100
41 79 83 84 86 88 89 91 92 93 95 96 97 98 99 100
59 82 84 85 86 90 93 94 96 97
52 83 84 88 89 90 92 94 98 100
45 91 93 98 100
60 85 86 93 98
57 88 91 94 95 100
55 84 87 97 100
36 90 94 95 97 98 100
55 87 88 91 92 97 100
58 86 87 92 94 100
56 88 93 95 96
36 88 91 92 95 96 98
47 90 91 92 96 97
32 97
40 91 92 95
31 100
58 94 95 97 100
56 95 96 98
38 96 97 100
58 97 100
45 97 98
31 98
50
49
31
