200	5	200	10
-4	20	44
-4	7	35
-1	15	42
-3	8	38
-5	13	41
22 4 5 8 10 11 17 18 24 25 27 28 32 34 35 39 41 42 44 54 56 57 60 64 65 78 83 88 89 92 93 96 97 99 110 111 112 114 115 121 125 127 129 131 132 133 135 140 150 152 157 158 159 161 165 168 171 172 173 174 177 178 179 189 190 192 198
37 7 10 11 12 16 24 27 31 32 34 36 42 43 44 45 47 54 56 60 63 70 72 78 79 83 84 85 90 91 92 96 98 102 108 109 111 113 114 119 121 122 127 129 132 135 157 159 162 167 175 176 183 185 186 191 195 200
22 5 8 11 12 14 18 29 36 38 43 44 45 46 47 48 49 51 60 61 63 66 69 71 78 79 90 93 94 95 99 103 105 113 116 117 118 122 129 133 136 139 140 148 153 154 157 158 164 166 170 172 174 177 179 180 184 185 187 200
39 5 6 9 12 14 18 20 24 32 37 38 40 44 46 48 49 50 54 55 56 59 60 71 74 75 78 80 81 84 85 91 104 105 110 112 114 119 124 129 130 133 134 141 142 145 146 147 148 150 152 153 157 159 160 163 164 170 172 177 180 182 187 193 194 195
26 6 7 8 9 13 19 28 32 34 36 39 42 48 49 56 57 59 60 62 70 75 76 79 81 89 91 99 104 109 116 118 120 121 123 127 132 135 140 141 142 144 148 152 156 157 159 161 162 164 170 172 177 179 181 187 190 191 194 195 196 197 199
22 9 10 14 15 26 29 30 33 34 38 39 41 42 46 47 49 54 55 59 63 64 67 73 74 75 83 85 87 88 89 92 94 95 96 105 107 111 112 114 115 119 121 125 126 128 130 134 135 138 139 143 148 154 161 163 164 170 176 182 187 191 193 195
24 9 11 15 16 19 27 29 31 36 39 40 41 42 46 49 57 62 63 66 71 75 82 87 94 95 97 98 100 102 103 113 122 128 129 134 135 138 141 145 146 149 151 168 169 170 171 172 173 176 181 182 183 189 198 200
37 11 15 19 23 26 28 32 35 36 37 40 42 45 46 47 49 50 54 55 56 62 63 64 66 68 69 70 72 76 77 78 87 90 91 92 93 96 103 109 110 114 119 121 122 132 136 137 138 141 142 147 148 149 150 152 158 161 167 175 177 179 182 183 186 188 189 190 191 192 196 197 198 200
35 10 16 21 23 33 34 36 41 47 50 56 58 60 65 67 69 70 83 84 85 91 93 97 102 109 117 118 119 121 124 126 127 134 136 137 139 140 142 144 147 157 167 168 172 176 177 184 186 188 199 200
24 12 18 19 25 30 31 33 37 41 46 49 50 51 52 53 63 67 68 70 77 78 79 82 85 86 87 94 95 99 102 103 106 110 111 113 124 125 126 130 139 140 141 143 145 147 152 154 157 164 165 166 174 175 183 185 187 188 197 198 199
20 13 16 17 20 21 22 24 29 30 31 36 41 42 43 51 52 57 67 69 70 73 74 77 81 82 84 86 92 93 96 99 101 105 106 107 112 115 128 130 131 134 138 140 141 156 159 162 166 171 172 175 182 187 198 200
40 18 22 31 33 34 37 38 39 41 43 45 50 53 58 65 70 72 75 76 77 78 80 81 84 85 89 93 94 97 98 99 100 108 111 112 113 121 124 125 126 128 132 138 144 147 148 151 153 168 169 171 172 174 176 177 181 186 187 194 195 200
39 14 17 21 32 37 38 39 41 42 43 44 45 47 48 56 57 60 61 62 67 69 73 79 84 93 96 108 117 122 125 127 129 131 135 141 146 147 155 162 165 166 169 172 178 186 188 189 190 192
26 16 17 27 30 31 32 34 38 41 47 49 50 53 59 60 66 69 83 86 88 89 95 101 108 110 119 122 126 132 136 139 140 146 155 160 161 169 170 171 172 173 174 175 180 184 190 193 195 196 198 199
20 16 17 26 28 29 31 46 48 54 60 61 67 68 69 71 73 86 87 91 93 94 103 105 106 109 113 116 123 126 150 153 155 156 158 161 164 166 168 169 174 176 182 184 185 188 189 190 192 197
36 17 21 24 27 31 33 39 41 42 47 50 54 55 57 58 59 64 65 72 74 76 87 89 90 92 94 96 98 100 103 104 106 111 116 119 120 124 126 127 133 139 143 144 145 151 155 162 164 166 172 174 175 178 183 185 186 187 189 197 198 200
25 18 19 20 21 23 24 28 29 30 38 40 41 43 45 46 48 53 54 55 60 62 64 70 71 74 82 91 92 94 98 99 102 103 106 107 109 112 117 120 122 123 125 128 133 135 138 141 145 147 155 158 159 162 171 174 178 179 180 181 185 186 189 193 196 198
39 23 25 28 34 35 37 38 41 43 48 49 50 51 60 69 74 83 84 87 90 93 94 99 103 104 105 107 120 124 125 127 130 131 134 137 141 143 144 151 156 157 163 166 169 172 174 176 178 180 181 183 184 194 195 197 199 200
35 21 22 25 26 30 31 32 35 36 40 42 44 45 47 51 55 58 61 62 65 66 67 70 72 73 75 76 79 85 88 89 91 92 94 97 102 106 107 116 125 126 129 130 135 136 137 143 144 146 149 151 155 161 162 164 165 167 170 171 173 177 178 181 183 188 191 193 194 197
20 21 26 31 33 34 37 39 41 43 44 46 51 53 59 60 61 62 69 71 74 76 77 79 80 82 83 90 91 93 97 99 101 104 111 113 115 116 119 120 123 125 133 138 140 141 144 145 147 149 157 158 159 161 162 164 173 174 192 197
32 22 24 27 34 40 43 47 48 52 57 59 60 62 64 65 68 71 74 77 80 83 84 85 89 93 94 97 107 109 110 112 115 118 126 131 133 134 142 146 149 150 152 153 157 160 161 164 165 168 174 179 185 187 190
25 24 25 27 32 37 38 39 42 50 54 55 57 60 63 68 70 71 73 76 77 79 82 84 86 87 91 93 97 107 108 125 126 130 131 132 133 143 148 151 152 153 161 162 173 174 177 178 179 185 194 197 199
35 24 26 32 38 45 46 47 51 60 63 65 68 70 71 72 78 83 86 94 98 102 110 118 124 126 127 135 136 140 144 145 147 148 150 151 152 155 157 159 161 168 169 173 174 177 179 180 181 182 192
24 26 31 36 50 51 52 53 58 61 62 63 65 74 76 79 82 85 92 97 100 104 110 111 115 117 121 129 130 132 136 138 140 147 149 150 153 156 158 160 161 162 168 174 176 180
32 31 32 35 37 42 44 49 50 51 53 55 60 62 65 66 70 71 79 84 88 93 94 106 107 108 109 117 120 128 133 134 137 139 141 149 154 157 161 173 177 178 186 187 193 196 198
26 30 33 34 37 42 49 52 55 58 59 62 65 66 69 71 76 82 85 87 89 92 93 106 107 110 114 123 127 131 134 135 136 141 149 160 161 164 167 169 174 176 180 184 187 188 194 196 198 199
20 28 31 35 37 44 45 48 53 56 57 58 61 68 69 72 73 75 76 77 78 88 89 90 92 99 104 107 109 112 117 119 123 125 127 132 141 147 149 151 153 154 157 164 165 168 170 172 174 183 184 188 190 199
26 31 34 40 45 46 48 54 61 63 73 79 82 83 84 85 86 89 90 91 94 98 99 100 103 112 115 121 125 127 135 141 143 152 157 159 160 163 168 180 182 183 189
39 31 35 36 37 39 41 47 48 50 55 56 58 61 63 64 68 69 74 75 76 78 87 89 93 95 96 100 102 111 114 122 123 126 132 133 139 140 151 152 153 158 164 167 171 177 178 180 182 184
35 31 38 39 42 43 49 50 51 54 56 59 60 61 63 65 66 70 72 73 75 76 79 80 86 87 90 91 93 101 102 103 109 110 111 113 121 127 133 135 139 140 141 144 150 155 157 160 162 164 166 167 169 172 174 177 178 179 187
20 32 33 35 43 52 54 55 61 68 69 70 71 72 73 76 80 92 93 94 101 103 106 108 112 118 124 131 136 139 146 148 151 154 159 161 165 169 171 174 176 184 190 194 195 197 198
28 38 41 46 49 52 53 54 61 63 69 71 75 76 80 91 93 97 99 104 108 110 122 123 124 128 142 146 152 156 157 164 168 176 177 179 183 190
21 36 38 41 48 49 56 57 58 59 60 61 63 64 71 75 80 85 86 89 90 92 95 102 103 108 109 112 115 117 119 124 125 126 127 129 140 141 142 144 145 146 148 152 154 160 162 171 175 179 180 182 186 187 189 190 191 192 195 199
26 37 40 44 52 53 56 57 58 64 65 75 77 82 83 87 88 89 90 92 100 101 102 111 115 117 122 126 134 138 141 142 144 149 156 157 158 159 160 170 176 179 186 198
24 40 41 43 44 50 54 62 64 65 66 71 73 76 79 86 87 88 90 91 94 98 108 112 117 118 123 126 128 132 133 134 137 141 145 147 148 151 156 157 158 162 163 164 167 170 173 177 178 181 185 186 187 189 196 198 200
21 38 46 52 53 54 58 59 61 62 64 65 71 74 75 77 78 83 87 89 91 95 98 99 102 105 111 115 118 122 123 126 127 140 143 151 155 158 161 165 168 176 181 190 193 196 199
35 54 55 59 65 66 73 74 75 77 82 87 90 91 102 104 107 113 119 120 125 135 136 139 140 142 143 145 147 148 149 152 161 165 167 170 173 174 177 180 186 187 190 194 197
37 39 47 48 50 55 57 63 67 72 73 77 82 85 88 93 94 96 98 100 101 103 105 109 128 130 132 133 138 139 141 142 146 147 148 154 157 161 163 165 166 167 174 178 180 182 183 184 185 188 189 191 192 194 195 196 200
35 42 44 47 51 52 56 61 64 68 69 71 73 74 79 83 84 85 89 90 91 92 96 100 103 105 106 110 112 113 114 116 118 120 125 127 129 130 132 136 138 140 147 156 160 163 165 166 172 177 184 185 186 188 190 191 192 194 196 199 200
35 41 42 43 44 49 51 58 59 60 62 63 67 68 72 75 77 78 79 86 91 93 106 108 113 116 118 119 120 122 126 129 137 139 143 149 152 156 162 164 166 171 173 176 178 183 189 196 197
22 44 52 54 58 59 64 65 67 68 71 72 74 75 76 79 80 83 86 88 90 91 102 106 107 109 110 118 121 123 124 125 127 128 131 133 136 138 139 140 142 144 151 153 154 160 161 162 163 165 166 169 177 181 184 187 190 192 193 197
26 50 53 59 64 70 73 74 76 77 80 85 90 93 98 100 102 103 104 106 109 113 116 120 122 126 129 133 137 139 140 141 142 155 156 157 163 168 169 171 172 180 188 189 198 200
32 47 53 57 63 64 67 73 75 76 77 80 84 88 95 99 102 104 105 113 122 125 127 129 131 132 135 139 141 149 154 160 161 163 164 166 167 169 170 174 178 180 183 186 187 188 190 193 194 200
31 47 49 53 63 67 69 71 74 75 79 87 88 91 92 93 96 102 107 120 122 123 125 126 127 129 130 137 139 145 146 147 148 149 150 152 155 158 159 161 165 166 167 168 172 180 182 183 184 185 189 193 195 200
36 55 63 66 69 71 72 73 77 79 80 84 86 97 99 105 111 117 122 127 128 133 137 142 146 148 154 160 161 164 165 167 171 172 174 178 180 182 184 185 190 192 193 194 195 198
29 49 52 54 56 59 61 63 64 68 69 70 73 77 79 80 81 82 85 89 90 91 92 103 106 115 119 121 127 128 130 133 140 142 154 157 158 162 163 164 171 172 174 176 182 184 186 189 190 191 193 198 200
23 49 54 55 56 59 61 63 65 67 73 75 76 81 82 89 96 100 118 119 123 125 126 128 132 133 135 136 137 140 141 150 153 155 157 161 163 169 170 174 181 182 185 189 193 196 197
29 49 54 55 56 57 60 66 68 69 71 76 77 80 83 85 87 88 96 109 111 114 115 118 123 128 132 133 134 145 147 151 154 155 156 157 159 162 165 167 170 173 174 177 178 179 180 181 182 183 184 185 186 189 193 195 196 199
37 52 53 55 56 59 68 74 75 83 90 93 95 101 104 109 113 114 116 120 121 122 123 126 130 132 135 137 141 143 144 147 152 154 164 166 169 172 174 176 178 180 182 184 185 186 191 195 197
30 55 56 59 61 65 68 70 71 74 76 77 83 86 90 94 96 99 101 103 114 116 118 122 123 124 133 134 140 143 147 148 152 160 164 165 172 175 181 184 185 192 195 200
24 53 54 56 58 63 64 65 66 73 82 88 89 94 98 107 109 113 116 117 118 119 123 127 132 133 136 140 143 146 151 152 153 158 163 168 171 175 176 177 178 180 181 186 190
29 54 58 59 65 68 70 76 79 82 85 86 89 101 105 108 113 115 120 121 128 130 135 138 143 145 147 151 155 156 160 162 167 169 175 182
26 58 61 64 65 67 69 70 72 75 78 80 85 87 88 93 98 100 102 104 106 108 115 116 117 120 122 123 132 133 134 141 143 149 150 151 152 153 154 155 158 160 162 163 170 173 176 179 180 186 187 188 190 192 195 196 197
21 56 60 66 72 73 78 81 88 96 98 100 112 113 119 120 123 126 129 131 133 137 141 145 150 151 154 167 170 171 172 181 184 189 194 199
21 59 62 68 69 71 76 86 89 99 101 104 106 109 110 118 120 122 125 128 129 141 149 154 158 159 161 164 169 170 172 175 182 183 185 188 192 194 199
26 57 61 62 64 67 68 74 76 79 80 81 86 87 88 90 96 97 102 105 113 114 115 121 124 127 132 133 135 137 139 143 150 151 157 161 164 170 173 176 179 186 190
20 66 69 70 72 79 87 90 91 95 97 99 102 104 109 111 112 114 115 120 121 130 131 132 133 135 137 150 152 155 158 159 160 161 164 169 171 173 177 184 185 188
31 64 69 70 74 82 88 89 101 104 105 108 113 117 124 130 132 133 134 135 137 143 144 145 150 151 156 158 165 182 187 188 192 196
30 60 61 65 69 71 74 82 90 92 94 95 96 106 112 117 140 142 145 152 154 156 161 164 170 172 173 174 175 177 180 181 191 192 195 199
21 63 67 68 71 72 73 76 84 87 90 91 93 97 98 99 103 105 106 107 110 111 114 119 121 127 128 131 136 138 144 148 151 153 156 159 161 167 169 173 176 178 186 187 188
39 63 64 65 67 68 70 71 73 80 92 94 101 103 105 110 111 119 121 128 130 138 143 146 152 163 168 172 179 180 184 188 198 200
23 69 70 75 76 83 87 88 89 93 95 100 103 110 112 118 119 120 122 123 132 136 138 142 145 149 153 155 159 160 162 172 177 181 182 184 185 186 187 189 191 195 197
22 64 65 71 77 83 86 94 98 102 103 104 110 122 124 125 127 132 133 139 140 141 145 146 148 154 168 170 171 174 178 184 186 190 194 196 198 199
26 65 68 71 73 74 75 78 81 83 84 94 95 97 102 106 110 116 118 121 122 123 128 129 132 141 143 151 157 158 167 170 173 178 186 190 193 194 198 199
30 66 67 73 74 76 79 82 84 90 92 93 99 100 105 109 119 120 121 124 125 136 154 157 161 167 172 177 179 183 184 196 198 199
27 67 71 72 75 78 79 86 87 91 92 99 105 107 108 113 114 115 119 121 122 123 125 126 128 131 132 143 146 147 148 151 153 158 169 172 173 183 184 185 186 188 189 190 191 194 197
27 73 74 75 77 80 84 85 88 90 94 95 114 116 125 128 133 144 148 150 151 157 160 164 167 182 185 188 189 192 195 198
29 69 73 80 83 87 97 99 104 111 112 121 130 134 137 143 148 158 166 171 172 184 185 187 196 199
40 70 77 78 80 82 85 87 91 94 98 104 107 111 115 117 119 121 126 129 130 131 134 136 137 138 139 147 148 149 150 151 152 160 161 162 174 181 185 189
28 71 75 77 79 81 83 86 87 89 90 93 101 103 105 106 114 115 116 117 125 128 131 133 135 138 141 142 143 147 152 157 161 163 168 174 185 187 189 190 195 196 199
32 73 74 81 82 85 86 87 91 92 93 94 95 97 98 99 106 107 110 112 115 116 117 119 122 123 127 129 131 133 134 142 144 150 154 158 161 163 166 175 177 179 181 183 184 191 194 199
28 86 87 88 90 91 92 94 95 96 105 106 107 109 110 113 119 121 124 125 142 145 153 154 158 162 163 167 174 175 179 180 184 186 188 189 192 195
38 74 80 85 93 95 98 99 103 105 108 113 114 116 118 123 124 131 136 139 144 145 153 155 159 161 162 165 167 170 172 176 180 181 182 184 188 192
29 75 76 79 81 87 92 93 99 101 102 103 106 107 110 111 112 116 120 122 123 124 128 132 134 135 139 141 147 150 162 164 171 176 178 180 184 188 189 197
21 79 81 82 85 87 88 89 103 104 106 108 115 117 124 125 126 127 129 134 138 140 149 151 152 158 160 163 164 173 175 176 178 179 186 189 194 196 198 200
25 83 86 89 90 91 97 103 106 111 112 113 118 120 122 128 135 138 139 140 142 149 150 155 159 160 171 178 179 181 183 186 188 193 194 195 197 199 200
21 81 82 85 90 93 94 95 97 98 99 102 105 108 109 112 119 121 125 126 128 129 132 135 139 141 146 147 148 149 150 155 161 164 177 181 183 187 195 200
33 80 82 83 84 86 93 104 110 113 114 117 120 125 127 128 130 132 134 138 140 141 142 143 148 155 157 159 164 166 167 172 173 174 175 177 179 184 185 191 192 193 194
28 80 85 88 89 93 97 98 102 112 119 120 124 125 127 131 132 134 138 140 142 145 147 149 154 156 160 163 166 183 185 186 189 190 191
35 83 84 85 98 100 103 107 111 112 114 116 117 120 122 123 124 126 140 142 146 150 151 154 155 156 157 158 159 160 163 164 167 168 169 170 175 176 177 178 184 186 191 193
38 85 91 93 97 100 103 104 106 112 118 125 127 130 132 133 136 141 147 149 153 154 157 160 168 170 172 177 182 187 190 192 193 195 200
35 85 90 91 92 99 102 103 105 106 116 120 125 133 137 138 141 142 158 163 165 168 172 173 175 182 188 190 191 199
33 85 90 98 101 110 111 115 117 118 122 123 125 127 135 136 140 142 145 146 150 151 153 154 156 165 166 171 175 176 179 181 183 193 200
39 86 89 91 94 96 99 103 107 108 111 112 121 126 130 131 132 136 143 144 157 159 161 162 163 164 167 171 173 175 177 180 186 191 194 195 196
36 86 87 88 90 94 95 100 103 104 108 111 122 124 125 126 131 136 138 147 148 152 153 154 157 162 163 170 176 188 189 193 197 199 200
37 89 93 94 95 101 103 105 106 109 114 118 126 127 131 132 133 134 140 146 147 148 152 153 154 155 156 162 163 164 165 167 170 172 173 175 177 180 189 193 197
23 92 99 100 103 109 121 126 133 137 139 141 142 146 148 150 152 162 164 166 170 174 181 186 188 190 191 193 197 198
38 91 93 94 95 99 111 117 120 122 125 127 133 137 141 143 147 148 149 150 151 158 159 160 163 164 167 168 174 176 178 181 182 184 189 199
36 91 95 100 104 105 120 124 131 132 134 138 141 143 145 148 149 150 154 158 170 176 177 182 184 185 186 189 192 195 199
22 92 93 96 99 101 105 112 117 120 123 126 127 128 130 131 134 136 140 141 145 148 152 153 154 155 158 168 170 172 175 181 182 183 185 186 188 190 195 199
39 92 102 103 104 110 114 118 125 127 131 134 138 141 143 144 149 150 152 158 162 163 168 169 172 174 177 178 179 184 186 189 190 192 199 200
26 95 99 109 110 116 117 121 122 126 133 138 142 143 147 155 161 163 164 166 168 170 173 181 183 184 187 195 198 200
23 94 99 100 101 104 105 110 112 123 125 126 128 130 131 136 137 141 143 146 147 148 151 153 154 161 163 164 166 175 179 182 187 189 194 199
23 95 99 110 115 118 119 120 121 123 125 126 128 129 134 135 136 145 146 148 150 151 161 163 164 166 170 174 175 176 179 181 182 184 186 188 189 191 192 196 200
22 96 97 98 105 113 116 117 121 122 129 130 132 148 152 159 162 164 166 167 169 177 178 179 182 184 187 196
31 99 100 103 109 112 113 122 123 126 127 136 140 146 151 153 160 164 167 169 172 178 180 185 191
31 102 107 108 110 113 116 119 121 122 123 127 132 133 137 139 141 146 150 151 152 160 165 166 172 175 176 177 180 184 189 190 195 198 199
32 103 106 110 111 117 123 125 130 131 133 134 135 136 137 142 156 159 168 172 183 188 196 198
24 102 103 104 106 107 113 114 116 120 126 132 139 140 141 142 143 146 147 157 159 160 165 166 168 169 171 172 174 175 177 180 188 189 191 195 197
21 103 110 113 116 123 134 140 142 148 156 159 165 167 174 177 178 180 182 186 188 193 194 195
38 106 108 111 112 113 116 120 124 125 128 129 133 135 137 138 140 142 143 144 146 148 157 163 168 171 172 175 177 178 179 185 190 192 195 200
32 103 104 108 110 113 114 116 118 119 120 127 130 133 136 138 139 140 142 144 148 149 161 163 166 167 169 174 175 176 186 187 190 193 195 196 198
25 105 108 117 123 125 137 138 139 145 146 147 156 163 164 168 174 179 183 186 192 193 194 197
25 105 107 114 117 123 126 128 130 134 135 136 141 143 151 154 155 156 157 159 161 162 167 169 177 179 180 184 186 195 196 200
29 111 114 115 117 120 122 126 128 131 132 133 134 135 142 143 145 149 151 156 161 164 168 169 171 172 176 180 187 200
25 108 109 115 116 120 121 128 130 131 135 140 144 145 147 148 153 157 159 162 164 165 167 169 170 177 178 179 181 182 184 185 188 192 193 194 197 200
34 108 109 110 111 115 116 118 120 124 130 134 137 139 140 146 149 150 159 160 166 167 171 178 180 182 183 184 185 187 188 194
23 109 110 118 126 127 134 137 144 147 152 156 160 161 162 163 170 172 173 177 184 187 188 191 192 193 198
37 111 114 117 118 123 125 126 127 130 131 133 137 138 141 149 151 156 159 162 169 170 175 181 184 186 187 189 191 192 195 199
31 115 119 123 128 131 133 139 140 147 152 155 162 164 166 167 169 171 172 173 176 184 193 200
30 118 126 127 128 129 130 141 146 147 153 155 158 162 164 165 167 168 170 171 173 175 179 182 183 185 186 190 191 199
22 124 127 128 132 134 136 148 157 158 163 170 181 182 189 190 191 197
39 120 122 124 126 128 129 130 135 136 140 142 145 148 149 164 173 180 185 186 189 190 192 200
25 117 118 121 124 125 128 132 137 138 144 146 148 151 153 160 163 165 168 170 172 177 185 188 189 190 193
31 117 123 127 128 134 136 139 145 146 148 152 155 156 157 158 159 160 161 168 180 189 193 197
25 117 120 125 131 134 135 136 137 138 144 151 153 154 157 158 160 162 163 164 166 171 174 178 181 183 186 188 189 194
32 125 126 128 129 131 133 136 138 140 142 146 148 154 155 157 167 168 170 178 179 181 182 184 188 189 191 192 193 198 200
29 122 123 131 135 137 139 144 146 149 152 154 157 161 166 167 169 172 173 180 181 182 186 188 189 194
30 120 126 128 129 130 139 143 149 156 157 160 161 162 168 169 171 172 175 177 187 188 192 198 199
30 128 132 135 137 139 140 145 146 153 158 162 163 167 172 173 177 179 180 183 184 187 191 192 193 194 196 200
34 123 128 134 143 148 151 153 154 157 161 164 165 172 180 183 194 195 197
32 123 127 128 129 131 133 136 143 147 149 152 154 158 159 164 182 184 196
34 126 131 132 133 136 137 139 140 145 150 154 155 159 164 176 184 185 191 194
40 129 132 134 135 136 141 144 148 151 152 154 162 167 171 180 183 186 189 190 191 195 196 197 200
30 127 128 140 141 147 149 151 153 155 159 161 162 168 170 171 177 179 185 186 190 195
23 132 133 137 143 144 145 147 151 154 162 164 165 169 173 174 176 178 183 189 194
22 130 131 132 135 139 145 146 148 153 161 166 167 168 169 170 173 174 176 182 183 184 186 187 188 197
22 130 133 138 139 143 148 150 152 157 158 159 160 161 167 169 171 173 174 179 186 188 193 197 198 199
36 138 144 149 152 156 161 164 165 166 169 174 175 179 180 181 182 187 195 197 200
35 131 136 139 144 147 148 151 154 157 158 162 164 165 166 173 176 177 178 180 183 188 194 197 199
21 133 136 138 139 144 145 149 158 161 168 171 174 177 178 191 198 199
22 140 143 145 147 148 152 156 160 167 180 187 191 192 197 198
26 135 136 137 138 139 142 152 158 160 161 163 169 174 180 181 185 186 187 188 189 191 196 197 199
25 137 140 141 143 145 146 149 150 155 157 160 166 172 175 176 183 187 196 199 200
21 140 143 146 149 150 153 154 160 162 163 168 170 173 192 196 198
26 137 138 142 145 146 156 160 161 168 170 171 174 177 178 179 180 181 185 187 188 195 196
38 139 145 147 151 156 161 162 163 167 173 174 177 179 180 187 188 195 196
25 143 144 147 148 149 151 158 159 160 162 169 170 171 172 177 180 182 184 187 188 189 191 192 193 194 200
38 142 146 159 166 170 190 193
22 141 148 150 152 157 159 160 163 170 172 174 176 178 181 187 191 196 200
31 144 151 153 154 155 157 160 161 162 163 167 172 178 179 183 191 194 198
40 143 145 147 148 149 151 154 160 161 165 167 172 173 176 186 191 192 196 198 199 200
32 144 145 148 152 156 165 166 169 174 175 179 182 191 192 199
22 149 150 152 153 154 155 161 162 165 169 170 173 175 180 185 189 190 191 192 194 195 199
36 147 152 155 157 170 181 186 190 191 192 196 197 198 200
37 151 152 156 161 165 176 179 180 185 186 187 190 193 194 195
21 152 155 156 159 169 176 178 180 182 190 191 193 194 195 198
26 158 161 162 168 171 173 175 176 177 178 186 190 192
30 151 153 155 157 160 163 165 166 177 181 182 184 185 189 192 197 198
40 152 153 156 157 162 167 173 177 180 182 192 193 196 197 200
40 163 165 167 170 171 174 175 180 184 187 189 190 194 196 199
40 154 156 159 166 170 178 179 180 182 184 185 187 189 194 197
31 154 156 157 162 168 169 175 186 191 192 195 196 197
37 158 171 173 175 176 178 179 185 189 190 193
23 157 163 167 168 169 172 173 174 180 181 182 184 186 187 189 192 193 196 200
35 157 159 162 163 167 168 172 173 174 176 191 192 194 195 197
21 159 172 174 176 177 184 189 190 192 198
20 159 161 164 169 172 175 176 177 180 184 190 195 198 199
38 163 164 166 170 172 176 179 181 187 191 192 193 194 196 198
28 168 170 171 172 173 175 188 189 190 194 195 196 198
39 162 163 169 172 174 181 183 185 188 190 193 198 200
23 163 165 167 169 173 181 191 194 196
28 167 171 172 176 182 184 185 187 190 191 193
27 166 171 177 180 189 197 198 200
34 167 178 182 186 188 194
30 168 169 171 173 175 177 178 180 183 185 186 187 188 189 190 194 195
26 171 184 185 187 189 190 191 192 193 196 197
37 171 173 180 181 185 188
29 171 181 182 188 190 191 193 198
32 176 177 178 180 181 182 185 186 189 195 200
28 174 175 176 178 184 187 190 196 197
33 174 181 182 184 188 189 190 192 195 197 198
28 175 179 184 185 187 189 192
40 177 181 185 186 187 188 189 196
40 176 178 179 181 182 183 185 199
39 186 187 194 195 196 197
23 180 186 187 188 191 192 194 196 197 200
33 179 180 185 194 200
23 180 185 195 198 200
23 181 187 189 191 192 195 196 197 200
28 185 190 196
29 183 186 187 189 196 198 199
20 189 190 191 199
28 190 195 196 200
29 187 194 195 196 197
24 190 192 197
26 188 189 190 193 196
33 189 196 200
33 191 195 200
20 192 193
40 195 200
39 194 195 197
40 194 195
21 198 200
40
25 200
29 200
22
32
36
