100	5	200	10
-4	18	19
-4	11	21
-1	37	19
-3	2	18
-5	31	23
22 4 9 15 20 25 30 31 33 35 37 41 43 46 52 58 59 73 81 86 87 90 91 95 98 100
37 4 10 11 12 14 18 21 26 42 48 54 64 74 75 82 91 97 98 100
22 6 9 10 11 14 16 18 20 22 23 24 26 27 28 29 31 32 35 37 39 40 43 44 48 51 53 55 63 65 66 72 74 75 77 82 90 96 98
39 10 12 14 17 21 23 24 27 28 30 36 40 41 51 54 55 64 66 67 68 71 74 78 80 82 83 90 92 93 95 97
26 6 9 13 15 17 20 25 30 31 35 40 48 51 53 61 62 67 68 71 77 86 88 89 92 94
22 11 14 17 19 33 35 36 43 45 47 48 49 52 56 57 58 59 61 67 71 74 78 79 80 86 87 96 97 99
24 10 14 18 25 27 30 35 36 41 51 56 57 64 71 73 76 77 82 88 90 92 95 99
37 9 10 14 16 17 19 21 24 27 28 29 30 31 34 35 36 37 39 42 43 45 47 57 60 61 68 76 78 80 82 83 93 94
35 10 12 15 17 28 34 36 39 42 43 48 58 60 69 74 80 84 87 88 94 97 98
24 11 12 13 17 18 19 23 25 26 28 34 35 36 44 45 49 51 56 57 58 59 61 63 64 66 67 74 78 81 82 83 86 90 93 99 100
20 17 21 22 24 29 32 34 35 38 42 46 47 60 61 62 76 78 86 87 90 92 95 100
40 17 18 20 22 23 29 33 38 40 41 42 47 49 50 52 54 57 58 65 66 69 71 84 87 99 100
39 19 24 27 36 38 39 40 42 43 47 50 51 58 61 62 66 67 71 75 76 79 82 84 88 89 90 91 93 95 96 97 98 100
26 17 18 30 40 41 42 45 46 47 50 51 58 59 60 76 81 82 88 91 93 95 100
20 18 21 28 32 34 43 45 50 52 53 54 60 62 64 66 68 69 71 78 82 84 86 87 91 92 96 98 100
36 17 22 24 26 29 30 34 42 46 48 52 54 58 59 61 63 75 78 82 85 87 88 89 93 97 99 100
25 20 24 25 32 35 38 43 45 47 48 50 51 54 55 56 57 59 61 66 67 68 70 73 74 83 89 90 91 94
39 22 23 27 31 32 41 42 44 46 49 51 53 54 55 57 64 65 66 67 69 70 73 74 82 83 84 93 95
35 30 32 41 48 53 55 56 73 81 84 87 89 93 94 97 98 99
36 32 33 40 42 45 49 50 54 55 58 61 63 65 70 73 75 76 79 84 85 88 89 94 99
29 22 23 24 25 31 35 36 38 39 42 47 49 51 54 55 68 70 73 74 79 90 92 97 100
23 23 30 33 34 35 36 40 41 46 52 55 56 58 63 65 67 69 75 80 85 89 90 91 97 100
29 24 28 29 32 33 34 37 38 39 40 46 47 51 52 53 64 71 75 76 77 79 81 84 87 88 89 93 94 100
37 26 27 28 31 45 52 54 57 60 61 62 66 67 68 70 78 80 82 83 84 97
30 35 37 39 40 53 54 58 62 63 65 67 69 75 77 85 89 96 97
24 28 36 38 47 50 52 55 56 60 63 66 70 72 75 81 85 86 87 91 95 96 99 100
29 28 33 36 41 46 48 49 52 59 63 65 70 71 76 81 86 87 90 91 95 97
26 29 30 36 37 38 39 42 45 49 50 52 53 56 58 59 60 70 75 76 88 90 91 92 96 97
21 30 41 43 49 50 54 56 60 61 69 71 81 82 88 89 94 95 100
21 31 32 34 39 41 42 46 51 54 55 60 67 68 72 74 79 80 84 88 89 92 93
26 37 42 47 49 52 57 59 63 68 71 73 77 79 83 90 96 100
20 36 38 49 50 53 63 64 65 71 73 74 76 80 82 87 96 100
31 34 42 47 56 57 59 60 69 72 73 76 78 81 82 88 89 91 92 93 94 95
30 35 38 39 43 44 46 48 59 60 63 66 67 68 74 76 77 81 82 84 87 89 94 96
21 43 54 55 57 59 62 64 68 71 78 81 85 86 88 91 92 94 95 98
39 40 48 49 50 54 56 64 65 75 78 80 86 87 88 91 93 94 97 98 100
23 38 43 45 48 51 55 66 67 69 70 74 75 78 80 81 82 87 88 89 93 99 100
22 43 47 49 52 61 67 68 74 75 81 84 86 88 91 93 95 98 100
26 46 49 52 53 54 66 68 81 94 96 99
30 42 43 46 47 48 49 59 61 63 64 66 68 74 75 81 89 100
35 43 46 52 54 55 56 57 58 59 60 67 68 75 78 79 82 84 86 87 98 100
38 47 55 71 89 94 99
35 46 47 49 52 54 56 59 61 63 68 69 70 76 80 81 82 86 95 97 98 100
33 47 49 51 54 57 58 62 65 67 68 72 80 84 88 96 97 98 99 100
39 47 50 56 58 66 67 69 72 73 74 77 78 82 92 95 97
36 51 52 57 66 69 72 76 78 85 88 91 98
37 50 58 59 60 62 63 65 66 73 75 76 82 85 93 94 96
23 52 54 60 62 63 67 74 81 82 83 86 88 94
38 51 60 67 71 74 75 78 82 89 93 96 98
36 53 55 56 59 60 61 62 74 81 82 87 90 92 96
22 53 55 56 57 64 68 76 77 80 81 82 83 86 87 90 91 96 97 98
39 60 61 63 64 66 69 72 83 84 85 90 92 95 98
26 54 59 71 77 79 80 88 90 100
23 56 62 67 69 70 71 72 79 80 82 84 91 94 95 97
23 59 61 62 65 67 69 72 73 77 83 85 89 93 98
22 60 62 65 66 67 68 69 79 80 84 90 93 94 98
31 58 61 66 73 74 78 79 80 81 87 90 95
31 59 61 66 68 70 72 74 78 80 81 90 91 94 97 99
32 60 69 72 74 76 83 86 88 95
32 61 63 65 67 71 72 75 78 83 84 90 92 97 99
34 62 64 65 66 67 70 79 81 85 93
40 64 67 68 72 73 77 78 79 81 86 93 95 100
30 66 72 83 87 92 93 94 96 97 98 100
23 65 70 71 73 79 80 83 85 89 91 95 98
22 66 72 77 80 82 88 90 94 100
22 87 88 91 92 93 95 97 99 100
36 68 71 72 80 81 88 91 94 95 96 97
35 80 83 89 91 96 97
21 72 76 82 86 92 97
22 78 79 82 84 87 90 93 97
26 73 78 79 84 89 90 91 92 93 95 98
25 76 83 89 91 96
21 76 82 84 91 93 94 95 99
26 79 83 87 91 94
38 76 78 80 90 91 97 98 99 100
25 77 83 86 88 91 99
38 78 79 82 83 84 88 90 92 94 96 97
28 80 81 85 89 90 91 94
39 83 84 87 95 97 98
23 83 87 92 93 95
28 85 86 89 94 95 99
27 83 85 86 93 98 100
34 84 85 86 90 92 98
30 85 99
26 89 93 97 99
37 88 89 91 92 96 98 99
29 98
32 91 92 94 95
28 90 96
33 93 97
28 93 96 97
40 94 95 99
40 96 98
39 95
23 96 97 98
33 98 99 100
23 99
23
28 100
29
