100	5	10000	1
0	1126	18
0	1490	21
0	1215	20
0	1744	15
0	1819	26
2633 11 16 18 20 21 24 25 27 36 40 43 46 48 50 52 53 56 59 66 74 76 79 83 87 97 99
2747 3 11 12 13 15 20 24 26 28 30 32 37 39 43 45 48 50 54 64 66 68 70 71 73 77 78 82 84 87 98
2920 4 8 9 12 18 19 21 25 28 33 34 41 42 46 49 51 57 59 60 61 64 68 71 73 77 79 83 85 88 96 99
2824 6 15 21 24 30 35 37 39 41 42 44 46 48 49 56 58 59 61 63 67 68 69 77 80 85 86 98 99
2095 10 14 17 21 22 23 24 27 28 34 35 37 39 40 43 44 48 55 57 58 65 67 70 73 74 78 79 82 85 86 87 90 92 95 98 99
2626 8 13 14 16 25 26 31 32 35 39 45 50 52 53 55 58 59 60 62 74 75 77 80 82 85 90 93 95 99
2195 8 9 12 13 16 17 21 22 26 30 34 36 39 45 50 53 54 55 61 62 64 65 68 71 85 88 90 91 97
2082 12 14 19 20 21 23 30 35 49 51 54 55 59 62 63 65 68 72 78 79 81 82 90
2560 17 19 20 22 23 31 32 33 34 37 43 44 46 47 57 65 67 68 75 76 86 91 99
2091 11 19 25 26 29 30 33 34 35 36 37 39 45 49 50 52 61 63 64 68 71 72 75 82 83 85 87 89 90 91 96 97 98
2862 18 20 35 44 47 52 53 57 59 61 64 70 74 88 91 93 96 98 99 100
2919 17 28 32 35 36 37 38 46 49 50 66 67 71 74 77 83 84 87 90 93 95 96 98
2498 14 18 22 23 25 28 30 33 36 38 39 41 43 45 47 49 51 60 61 63 64 66 82 83 86 87 92 93 99
2749 19 21 24 25 29 30 36 43 57 61 64 66 71 73 81 84 86 88
2103 18 23 25 29 34 35 43 44 48 53 60 66 68 76 78 79 85 86 89 90 92 95 97 99
2027 21 24 28 32 36 38 42 43 50 52 56 57 58 59 60 61 64 65 68 70 72 74 76 77 78 82 86 87 89 96 98
2650 18 19 23 25 26 30 33 34 36 49 52 55 56 57 58 59 65 66 69 75 76 81 85 86 92 94 97
2037 19 24 25 27 31 35 41 45 48 52 53 55 56 58 59 66 68 69 74 80 82 83 88 91 100
2516 20 22 26 35 39 40 42 44 45 49 51 54 55 58 63 65 67 74 82 86 89 90
2288 21 27 28 29 32 38 40 41 45 49 52 53 54 60 70 72 77 78 80 81 84 87 88 93 94
2773 24 28 29 30 34 37 45 49 52 54 58 60 62 63 74 80 81 84 85 91 94 95
2317 23 30 36 41 44 52 53 55 56 59 62 68 72 74 75 79 87 89 92 99 100
2989 24 25 26 32 33 35 40 42 43 45 50 56 59 61 75 81 82 89 92
2822 37 47 51 52 57 58 60 65 66 72 74 75 83 85 88 92 100
2822 31 33 38 39 44 45 49 50 54 56 60 63 70 78 79 83 84 86 93 94 97 98
2841 28 31 32 41 49 50 53 54 55 63 65 68 71 75 79 80 86 92
2033 31 38 41 42 52 63 67 73 85 87 89 90 91 95 99
2897 32 33 36 37 42 46 48 49 55 57 58 59 60 65 68 69 70 75 76 79 81 87 88 89 91 100
2945 30 34 38 39 40 41 45 49 50 51 54 57 60 65 67 75 77 81 82 86 88 91 95 98 99
2869 33 38 39 43 46 49 56 61 63 68 69 75 77 78 79 80 91 99 100
2916 39 40 45 48 49 51 56 59 63 65 66 69 71 80 81 82 83 85 88 90 92 94 96 100
2248 39 40 41 42 43 46 54 59 61 67 70 75 76 81 85 87 88 90 94 97 98
2380 41 43 45 58 66 67 69 72 75 78 84 85 86 94 96 97
2340 44 46 47 50 53 54 55 61 62 63 64 67 68 75 79 80 83 91 92 99
2875 36 38 39 43 44 49 56 59 60 62 63 67 69 70 72 75 76 81 83 89 93
2046 38 39 50 51 52 53 55 57 60 68 70 76 77 79 90 94 97 99 100
2620 42 48 50 51 52 53 54 55 56 58 68 71 72 77 78 82 83 85 88 90 94 97 98
2984 40 46 49 51 58 59 67 73 83 84 85 86 88 94 97
2735 42 43 45 47 49 52 55 56 58 63 64 70 72 83 84 85 86 89 90 97 99
2988 45 47 48 52 54 55 56 62 74 83 87 91 93 94
2991 44 47 48 49 53 55 57 62 63 68 73 74 75 76 79 82 83 86 88 95 100
2931 45 49 55 62 63 64 65 67 80 86 90 93 95 96 97 99
2483 44 47 49 52 53 56 57 62 67 68 74 83 84 89 93 95 97 100
2444 45 48 50 53 74 77 78 81 83 84 86 91 95 96 99
2625 54 55 56 57 58 62 63 65 66 69 74 88 94 95 100
2249 50 53 58 61 65 68 69 72 73 75 76 78 85 87 88 93 98
2720 50 51 52 57 64 66 69 70 71 72 76 77 84 92 93 98 99
2896 53 54 68 71 76 79 80 81 83 87 93 96 100
2564 54 57 58 61 62 65 71 72 75 86 89 92 93 94 95 99
2723 54 61 62 63 65 70 71 72 75 76 79 85 87 89 90 92 93 94 98 100
2834 64 65 66 72 73 74 77 80 83 84 91 93 96 97
2188 54 59 61 64 69 72 80 83 85 86 87 95 99 100
2487 56 58 61 64 66 70 72 73 78 87 96
2461 60 64 68 79 82 84 87 89 96 100
2084 60 61 63 65 69 70 72 74 77 78 83 87 89 92
2627 57 58 62 64 70 71 72 73 76 78 79 80 81 82 84 85 89 95
2865 58 60 63 64 65 67 68 71 83 92 94 99
2119 62 64 66 68 75 77 81 84 88 89 92 93 95 98
2853 63 64 65 69 70 71 76 79 86 90 92 95 97
2776 62 63 79 83 92 94 96 99 100
2041 66 69 72 76 82 83 86 94 96 97
2940 63 64 71 73 77 85 90 92 94 99
2366 64 74 77 78 85 92 93 97 100
2886 65 67 68 70 74 82 88 93 94 96 98 100
2727 75 76 78 86 87 89 90 94 95 100
2847 67 70 71 73 75 77 80 82 84 87 88 93 95 97 98
2111 68 73 75 79 82 83 84 85 89 91 94
2093 69 72 73 74 83 90 93 94 96 98 99
2324 70 74 75 76 86 89 91 92 98 99
2857 71 77 78 79 80 82 83 86 87 88 89 91 94 96 98
2593 78 82 88 89 90 92 97
2676 73 75 81 88 90 93 97 98
2835 74 75 76 77 79 83 85 88 89 93 95 96 98
2093 75 76 80 82 84 89 90 92 93 96 98 99 100
2497 77 78 80 83 86 87 88 91 94 95 96 99 100
2913 77 78 81 85 88 89 92
2722 78 83 87 88 90 92 95 96 99
2923 79 87 88 89 90 92 93 95
2103 80 81 90 94 95 96
2488 83 84 87 88 89 96
2266 84 98
2937 83 85 86 91 95 97 99 100
2227 89 95 96 98
2458 90 91 95 98
2955 87 89
2208 89 97 100
2560 89 91 93 94 96 98
2294 91 97 99
2817 91 97 98
2247 92
2672 92 94 97 99
2699 94 97 100
2282 95 97 98
2831 95 96 98
2845 96
2645 97 100
2649 99
2616
2122 100
2022
