100	5	200	10
-4	27	22
-4	35	24
-1	31	18
-3	39	18
-5	29	18
12 3 4 7 9 12 28 30 35 36 37 40 42 45 46 51 56 58 59 63 64 70 71 75 79 80 81 83 85 89 90 93 94 95 96 97 98
13 5 11 12 16 19 20 23 25 28 40 41 44 47 51 52 53 57 67 68 69 71 76 77 78 79 80 83 89 91 93 94 97 99 100
14 5 8 9 13 19 28 29 31 33 38 47 51 53 54 56 57 58 60 65 70 73 76 78 81 88 90 94 97 99
17 5 7 9 10 13 18 20 24 25 28 37 38 42 44 45 46 47 55 59 60 62 64 66 69 70 71 73 78 81 83 86 91 93 97 99
12 6 16 24 27 36 38 40 42 43 45 47 48 49 50 51 54 56 57 60 68 71 74 75 78 79 80 81 86 91 92 94 97 98
11 8 9 10 12 13 14 16 19 20 23 25 30 31 34 40 41 43 47 48 53 57 59 66 67 68 71 72 73 78 81 82 84 87 92 95 97
19 8 11 12 13 16 28 29 31 37 48 49 52 55 57 60 64 72 73 76 77 78 84 88 89 91 92 95 100
6 15 18 21 26 28 35 39 40 42 43 47 52 55 64 65 66 69 72 74 79 80 85 89 94 96 99
19 13 15 18 22 23 24 33 34 35 36 39 40 44 47 50 58 68 70 74 76 78 79 82 87 92 93 94 96 99 100
6 11 12 14 17 21 22 28 29 32 41 56 57 61 65 66 67 70 71 73 74 75 76 78 79 83 85 90 100
5 14 17 21 26 27 29 35 36 38 40 42 46 48 49 50 52 53 62 63 65 66 69 70 74 77 79 82 85 86 89 93 95 97
14 14 15 18 22 26 30 43 45 48 49 53 56 58 60 61 62 63 70 73 77 78 82 87 88 91 92 97 98 100
13 17 22 25 37 38 39 41 44 49 50 52 55 60 62 64 67 68 72 73 74 83 84 85 87 88 95 96 98
3 17 18 20 21 24 25 26 34 42 47 52 62 64 65 69 74 77 78 84 87 88 91 92 94 95
17 19 20 25 30 32 33 38 39 42 44 49 55 57 58 60 61 63 69 71 79 88 90 98 99
19 22 23 25 27 34 40 45 47 48 53 56 57 69 73 74 77 82 89 95 98 99
18 18 20 22 28 29 30 33 34 38 40 43 44 51 52 54 56 58 59 63 66 68 70 72 75 78 79 80 82 85 92 96
7 24 36 43 46 48 50 52 56 60 62 65 66 67 68 71 75 76 82 86 87 88 89 95 97 99 100
16 21 26 28 29 30 33 35 37 38 45 47 50 51 55 56 60 66 70 71 83 86 87 95 97
16 21 22 23 24 31 33 36 40 42 67 69 74 77 78 82 84 85 86 96 97 99 100
12 22 25 40 41 42 43 46 50 52 57 58 59 60 65 72 77 78 81 89 91 92 94 95
19 27 33 36 37 40 41 44 46 50 51 53 56 58 69 70 75 76 80 82 85 88 89 90 96 97 98 99 100
18 25 26 27 29 34 36 46 48 49 53 56 57 58 65 66 68 69 70 79 83 91 100
11 25 30 32 40 45 47 49 52 55 64 66 67 72 75 90 91 95 97
5 28 29 31 32 34 40 45 46 50 54 57 58 60 63 65 70 72 76 83 85 88 92 94 95 96 100
20 27 29 33 34 36 37 40 42 47 55 61 68 70 74 76 82 87 88 89 90 92 93 94 95 97 99
9 33 37 42 48 57 62 63 65 71 80 83 84 89 91 93 94
19 30 31 32 34 35 40 42 44 45 48 52 56 65 66 75 78 81 87 90 92 94 98 99
19 33 38 39 42 50 51 55 57 58 63 68 69 75 80 88 89 90 93 94 98 99 100
11 33 35 36 39 41 42 44 45 52 53 54 55 61 70 73 74 77 83 85 86 88 92 93 94 95 98
8 32 36 38 43 47 50 53 55 63 65 67 71 72 73 76 81 83 85 87 88 89 93 96
3 33 36 42 53 54 58 62 63 65 66 67 70 71 72 73 78 82 87 93 96 98
3 34 36 37 38 44 45 50 53 56 57 61 63 64 65 67 69 70 73 75 77 78 79 90 93 97 99 100
8 35 36 39 40 44 46 51 54 58 60 62 70 71 75 76 78 79 81 84 94 95 98 99
2 39 47 50 51 52 55 59 61 70 73 75 76 78 80 85 86 88 89 90 93 94 95 96 98 99
13 40 48 49 53 54 58 59 63 64 66 68 69 70 72 75 80 82 83 84 85 90 94 96
12 41 43 44 45 46 50 54 61 63 68 70 79 83 84 88 93 97 98 100
3 43 45 46 47 52 61 63 66 78 79 84 85 90 93 96
20 40 44 46 51 59 67 70 71 73 74 77 81 84 89 91 98
7 46 47 51 53 55 62 67 68 69 74 78 83 85 87 88 89 90 92 97
3 42 44 45 50 56 58 60 65 70 74 79 86 89 94 95 96
4 43 48 49 51 57 60 61 62 65 76 77 81 82 84 86 90 98
8 46 48 52 66 67 71 79 82 83 89 90 91
12 49 51 52 57 61 64 66 72 73 75 76 83 88 89 90 91 98 99
2 50 51 55 56 59 68 71 72 75 78 81 84 92 95 97
19 47 52 53 61 63 64 67 76 77 87 89 93 94 96
17 48 52 55 56 61 62 65 70 74 77 81 89 90 92 94 95 99
20 50 56 59 62 68 69 70 71 73 76 85 86 88 89 95 97
5 52 55 56 59 60 62 67 68 70 72 74 75 78 79 81 86 89 92 94 97
3 55 63 64 68 72 73 76 77 79 80 81 82 86 88 93 98 99
9 53 56 61 69 72 73 77 78 88 93 95 96 100
4 54 60 73 75 80 87
19 56 57 67 71 75 77 79 80 85 88 89 92
20 58 64 65 77 84 91 92 97 98 99
18 57 59 60 62 64 71 72 74 75 77 80 89 94 97 99
4 57 64 67 69 74 79 81 84 85 92 93
5 59 61 71 74 76 77 79 84 87 89 92
8 63 65 69 70 72 75 79 80 81 84 91 95 96 98 100
5 60 63 65 67 75 76 85 86 87 91 92 94 98 100
4 68 71 72 76 77 78 80 82 83 90 95 96 97 98 99
13 63 64 65 66 77 78 79 80 82 85 89 94 96 98
13 69 73 79 82 83 84 88 89 92 93
13 73 77 87 88 90 94 96 98 100
6 71 77 79 80 84 88 92 94 95 98
14 66 70 77 79 83 85 86 91 96 97 98 99
19 68 69 74 75 76 78 80 81 85 95
12 71 74 75 76 79 81 82 84 90 100
18 70 74 77 78 79 95 96 97 98 100
4 70 73 74 75 78 81 82 87 95 97 99
4 73 75 76 79 82 85 86 87 89 90 91 97 98
4 75 77 80 84 90 92 93 94 96 100
18 79 82 88 90 95 96 98 99
17 74 75 81 85 88 89 93 94 96 98 100
20 77 83 84 85 88 92 93 94 96
3 80 85 87 88 90 91 93 94 98
5 78 81 84 89 90 96 99
7 81 85 88 92 93 96 97 99
3 79 81 82 87 95 96 98 99
8 82 89 91 92 93 96 99
20 82 88 92 98
15 83 84 88 89 95 99 100
10 83 84 94 97 98 99
10 88 96 98
6 98 99
8 87 94 97 99
17 90 92 93 100
2 88 89 91 94 96 100
17 91 95 100
11 91 92 94 95 96 97 99 100
11 92 95
14 94 95 96 100
10
15 96 97
10
19 97 99
4 98 99 100
2 98 100
5
10 100
18
