200	5	200	10
-4	34	44
-4	32	42
-1	31	41
-3	37	40
-5	24	33
12 2 6 7 10 12 13 21 24 25 26 29 33 36 42 43 44 50 53 55 58 59 60 65 67 68 69 77 79 83 85 87 93 97 101 103 107 115 117 120 126 130 133 138 146 148 149 150 153 162 163 170 174 175 179 184 189 196 197 198
13 4 6 7 12 15 16 20 26 28 33 34 40 43 44 45 46 49 51 55 57 58 59 63 65 66 70 73 75 78 86 89 97 100 101 102 103 106 107 110 117 121 128 132 134 137 142 143 150 153 159 161 162 163 168 171 174 176 179 183 184 185 188 191 193
14 4 9 13 14 16 19 20 25 27 34 35 36 40 47 50 52 59 60 61 62 65 66 67 69 75 76 93 94 99 102 104 118 128 136 144 145 147 153 154 155 156 162 164 167 169 172 176 177 183 193 194 197 199 200
17 8 13 14 18 19 20 21 22 23 27 28 30 31 40 47 48 49 50 51 52 53 55 56 58 62 64 68 71 72 73 76 77 78 80 84 87 92 99 101 102 108 109 110 115 116 120 130 139 142 149 151 155 164 166 168 170 173 174 182 183 189 190 192 193 196 198
12 6 8 9 13 16 21 22 23 31 35 39 40 43 46 47 49 54 55 59 61 62 72 73 76 79 80 82 83 95 97 101 116 119 121 122 123 127 135 137 138 143 145 148 155 159 168 170 176 178 187 188 197 199
11 10 14 16 19 20 24 27 30 32 33 36 38 46 47 49 52 58 62 66 68 71 78 80 81 82 87 88 103 104 110 114 117 118 119 128 134 137 139 141 146 148 150 151 157 159 166 170 175 178 179 186 189 192 198
19 11 13 14 16 26 27 31 36 37 38 42 46 50 52 53 55 56 57 59 60 63 69 70 73 80 86 87 97 98 110 117 126 129 135 137 138 141 149 154 155 156 158 161 164 166 170 171 174 175 181 186 198 199
6 11 12 13 22 23 24 25 26 27 28 31 32 35 36 37 42 44 45 46 54 63 66 67 69 74 78 79 81 82 85 95 99 107 108 110 112 115 118 126 128 130 135 138 140 144 145 146 147 152 154 155 156 158 172 179 180 182 183 186 190 193 197
19 10 13 17 23 26 27 28 34 35 40 44 46 51 58 63 65 66 68 69 72 77 83 88 89 92 93 94 95 96 99 111 113 116 117 121 122 124 126 128 130 131 132 136 137 139 142 147 148 152 155 158 165 172 177 180 183 189 192 194 196 198
6 12 18 19 20 22 24 28 30 33 35 37 38 39 41 43 44 55 63 66 70 73 77 80 86 88 90 97 100 101 107 109 110 113 125 127 138 141 144 146 151 152 154 156 160 161 162 165 168 170 172 182 185 189 196
5 14 20 21 23 27 29 32 37 41 43 47 54 55 59 64 70 76 78 82 83 89 100 107 111 112 113 118 119 120 121 123 127 130 145 146 147 148 151 156 157 158 159 167 170 172 173 178 182 198
14 16 18 20 23 26 30 34 38 42 48 52 53 58 61 64 66 68 69 70 72 83 84 89 99 104 110 112 119 121 125 126 129 130 133 134 136 138 139 140 143 148 149 156 159 162 168 169 170 172 173 174 178 179 180 185 186 189 191 194 197 198 199
13 14 17 26 32 39 40 44 47 48 50 55 56 59 60 62 66 68 69 78 85 87 89 90 92 93 96 100 110 111 117 119 120 122 123 124 125 128 133 141 149 151 159 162 171 172 179 186 191 193 194 195 197
3 17 18 21 22 26 28 30 34 39 43 47 48 51 54 55 60 69 73 80 85 104 105 107 111 113 123 128 134 137 139 146 147 148 151 152 153 154 157 158 159 162 164 171 174 176 177 180 181 182 192 194 200
17 25 30 34 36 38 43 44 55 56 57 58 66 68 71 72 75 76 79 80 81 82 83 87 91 93 95 96 103 104 106 107 109 110 111 131 133 139 144 147 151 154 156 157 158 161 164 169 171 175 176 178 187 191 192 195 197 198 200
19 17 19 21 24 31 34 39 40 49 50 51 54 57 62 63 67 69 72 73 74 82 83 86 87 91 99 104 105 110 117 120 121 125 126 133 135 137 149 152 154 163 164 166 168 169 170 173 174 175 177 178 179 180 181 183 184 185 191
18 21 31 37 45 46 50 52 53 56 57 60 73 77 81 84 85 90 95 99 102 104 110 112 116 117 122 124 125 127 130 134 141 142 143 144 151 159 160 166 174 175 185 186 188 191 192 194 196
7 19 20 26 30 33 40 43 54 57 60 61 62 66 68 80 82 83 96 100 105 109 114 116 118 119 122 123 129 134 136 138 145 147 148 149 153 158 160 161 166 169 179 184 189 190 191 192 196
16 25 29 30 32 35 40 46 54 56 57 60 64 70 79 81 85 94 98 99 102 110 111 117 119 120 121 129 133 134 142 143 144 153 155 156 157 159 165 166 168 171 178 180 183 187 188 189
16 24 25 28 30 39 41 47 49 51 54 55 56 57 58 66 67 69 72 85 97 99 104 106 107 109 112 114 117 118 124 125 128 129 140 147 148 153 156 163 165 168 170 171 173 178 184 188 191 193 199
12 22 32 34 36 39 43 44 46 49 52 55 56 57 62 67 70 71 73 75 79 81 83 85 86 89 91 93 96 98 102 104 110 111 113 114 118 119 121 123 127 128 132 133 136 139 142 143 144 148 149 155 159 162 169 171 173 174 179 180 183 190 193 196 197 198
19 24 25 26 28 35 42 43 46 47 49 50 54 55 62 65 71 75 78 81 82 83 85 86 87 89 90 99 103 107 108 112 114 115 119 123 128 130 133 135 139 140 142 144 148 150 152 155 156 159 161 163 167 168 169 172 174 185 191 192
8 25 26 28 32 36 40 50 58 64 71 75 78 80 88 91 93 94 95 96 100 105 108 121 125 127 128 129 130 132 133 135 142 157 160 168 169 173 176 181 186 193 194 196 197 198 200
14 32 34 36 42 43 44 45 56 58 60 61 66 69 71 72 74 79 86 88 89 93 99 100 102 105 107 109 114 119 120 133 134 135 136 138 141 142 143 144 146 150 151 157 158 159 160 162 164 168 172 177 178 187 188 191 192 194 195 196 197
7 27 30 35 38 45 50 53 55 57 59 73 78 84 86 87 89 90 93 97 101 109 110 113 115 117 118 119 120 125 126 128 134 145 158 161 163 168 171 179 185 188 190 194
17 33 41 46 50 51 53 58 64 69 70 71 80 83 84 86 87 89 93 99 105 110 118 120 125 133 134 136 138 145 147 149 153 154 155 157 158 159 160 162 163 165 168 170 179 182 183 187 192 195 197 198 200
18 29 34 37 38 44 48 52 54 60 61 62 63 66 67 77 80 85 86 87 88 92 93 97 101 103 104 106 107 109 111 117 123 124 125 130 131 133 137 141 146 150 155 160 162 169 172 173 174 175 176 178 179 181 183 186 187 191 192 194 195 199
2 32 34 39 43 47 54 62 65 69 70 72 80 83 84 88 90 98 100 105 109 111 113 114 125 126 132 138 142 143 145 160 163 165 168 174 180 181 186 190 191 195 198
10 32 33 37 40 43 44 45 46 49 50 51 52 54 58 64 67 75 79 80 88 89 90 100 101 102 107 108 109 111 113 114 121 125 126 127 129 130 134 137 140 145 148 149 151 156 158 163 164 168 171 174 176 179 184 186 187 194 196
3 32 35 36 37 39 40 41 42 43 44 46 48 50 51 57 62 65 67 71 72 75 76 81 82 83 90 91 93 96 100 102 103 105 108 109 111 115 116 128 129 130 132 134 138 139 150 156 157 164 169 171 172 179 180 185 186 188 193 198 199
8 33 34 36 41 44 46 49 51 61 63 64 65 68 73 76 85 86 88 91 94 96 97 101 105 109 111 114 119 122 132 134 149 156 157 158 162 164 166 167 170 176 186 188 190 198
12 53 59 61 63 66 72 75 76 81 82 84 88 91 93 95 105 106 110 112 114 117 118 119 122 123 129 131 133 135 137 138 139 144 150 162 163 168 169 170 172 177 178 181 182 183 187 190 193 195 197 200
10 39 40 41 42 45 46 47 49 55 57 64 66 67 70 71 73 75 78 81 84 85 87 90 91 92 94 96 97 104 105 106 109 110 113 114 115 117 118 120 124 125 130 134 136 137 138 146 151 154 158 160 161 167 168 170 171 174 175 178 179 180 184 186 190 192 193 194 196 197 198
11 38 42 43 44 45 46 50 51 53 55 60 61 71 81 85 89 97 99 103 106 108 113 114 117 118 130 133 135 141 144 145 154 155 159 165 169 172 173 174 175 177 181 184 186 191 192 193 198 199 200
11 38 40 49 53 54 55 57 58 61 64 68 70 72 74 78 80 82 83 85 87 89 97 99 100 103 105 109 112 114 126 133 135 137 138 143 147 150 151 154 155 165 169 172 178 180 181 183 185 187 190 198
5 37 41 44 45 47 49 52 53 56 62 64 69 70 71 74 75 76 78 79 80 81 86 89 90 91 92 93 95 96 97 98 100 101 102 103 105 109 111 114 119 120 125 126 127 128 131 132 134 137 139 140 147 149 152 161 162 167 168 170 171 174 178 180 182 185 189 191 195 196 197
11 39 40 45 46 50 51 52 53 54 55 57 58 62 63 64 68 73 79 81 85 86 89 93 107 108 110 112 113 114 115 118 123 124 125 126 133 138 145 147 148 153 156 159 160 163 164 168 178 179 180 182 183 189 191
4 39 40 41 45 46 49 54 58 60 61 65 70 71 79 87 88 89 90 91 100 102 104 106 115 122 124 130 134 139 143 144 147 151 155 160 163 164 167 168 173 176 178 179 185 187 193 199 200
14 43 47 52 56 57 64 65 74 76 77 78 82 86 89 91 92 93 97 102 105 111 112 113 114 115 125 127 130 139 143 145 146 149 152 156 157 159 160 163 164 169 170 173 176 181 182 183 187 188 191 196 198 199 200
5 41 43 47 58 59 65 68 70 71 78 80 84 86 100 106 107 112 113 120 121 123 128 131 132 133 134 135 143 147 151 152 154 155 163 166 168 172 173 180 184 187 189 192 199
4 43 48 49 52 53 55 56 58 62 63 65 66 67 75 80 81 82 83 84 86 87 90 91 92 95 96 101 103 104 107 111 114 122 130 132 134 138 141 142 146 147 155 156 161 163 165 174 176 178 182 186 195 196 197 200
18 43 47 48 49 50 51 52 53 56 57 58 60 62 63 66 67 69 70 73 82 83 85 88 90 91 92 94 96 101 104 112 113 114 118 119 124 125 137 143 150 151 158 169 171 172 173 180 184 185 186 189 193 197
17 44 48 49 50 52 57 60 61 62 71 72 74 75 76 87 89 93 96 97 106 115 119 120 124 126 127 128 132 138 143 144 146 147 151 154 160 161 162 163 164 165 166 171 175 176 177 178 181 182 184 189 197 198
8 47 48 54 56 57 60 67 69 70 73 76 79 83 85 87 91 104 106 112 122 123 127 140 142 143 149 151 152 161 162 167 172 174 176 180 181 193 198
18 46 50 52 58 60 61 69 81 82 84 88 89 92 96 97 101 107 109 112 117 119 126 128 130 131 132 144 146 156 159 162 165 169 170 178 179 180 182 191 193
11 47 50 55 57 58 61 62 63 64 70 71 77 78 80 83 85 86 89 90 98 99 101 102 104 111 114 115 120 121 122 123 124 125 129 134 136 137 139 144 146 157 167 173 176 177 180 181 191 197
5 55 58 59 61 62 63 64 66 70 75 80 85 87 93 98 102 111 117 121 122 132 135 136 138 143 145 146 147 156 160 163 165 170 175 178 184 185 188 190 192 194 195 196
20 56 59 60 61 64 70 72 78 82 83 85 88 89 90 91 93 94 96 98 101 104 118 125 129 133 134 136 137 141 151 153 155 158 160 166 171 174 177 179 184 187 190 192 195 196 197
9 52 55 58 59 61 63 80 84 86 89 91 92 94 95 98 99 102 107 119 120 121 127 128 131 132 135 139 140 145 146 147 148 150 152 163 165 167 169 172 175 181 183 188 190 193
19 53 54 56 59 64 67 69 70 71 77 78 79 88 89 91 93 95 98 104 110 112 119 124 125 126 130 139 144 147 154 156 169 174 175 179 182 189
19 61 62 64 69 71 72 75 76 78 82 83 90 91 92 97 100 102 111 125 127 128 135 138 141 142 143 144 145 153 154 155 162 165 168 170 173 180 185 186 194
11 53 55 59 62 66 67 68 72 83 87 88 89 90 92 97 98 100 102 103 104 109 115 116 117 118 125 127 134 136 137 141 148 153 154 158 162 167 168 169 173 174 176 181 188 193 195 197 199 200
8 55 56 68 72 73 74 79 80 83 84 85 90 92 94 97 101 103 122 125 126 128 136 137 138 140 147 155 161 168 169 170 174 176 178 180 190 192 198
3 55 59 60 62 71 77 80 82 83 86 94 95 97 99 104 105 109 110 113 118 125 127 134 138 139 146 149 151 153 160 164 166 167 171 175 176 181 185 186 189 195 196 198 200
3 56 60 63 64 65 66 67 68 72 73 75 76 78 81 83 84 85 86 88 89 90 96 100 101 103 105 110 116 118 122 126 134 136 138 144 145 148 153 155 156 163 168 169 170 174 176 181 191 196
8 62 65 66 68 74 78 86 88 89 92 93 97 98 105 107 110 113 117 124 130 131 134 139 142 146 147 148 150 152 154 157 159 163 166 167 171 175 176 182 183 188 190 198
2 62 66 69 71 72 74 77 80 84 85 88 89 90 93 95 96 97 103 108 113 117 118 125 126 128 130 131 137 138 141 143 145 148 150 152 153 164 168 172 178 179 186 187 193 199
13 60 61 62 65 69 75 78 80 81 82 83 84 90 92 94 98 102 113 117 121 126 131 138 143 146 147 155 156 157 161 163 165 167 171 173 174 178 181 182 188 189 191
12 62 67 73 79 80 83 89 94 97 100 102 107 108 111 124 125 127 128 130 132 138 142 148 149 154 155 159 164 169 173 177 179 191 194 195 196
3 62 63 65 66 71 73 76 80 82 83 84 91 99 101 105 112 114 116 117 118 121 129 133 139 140 151 154 155 158 160 163 177 181 185 190 194 199
20 67 71 75 77 88 89 94 95 96 97 98 110 111 113 114 117 119 127 128 131 132 135 140 142 144 146 150 151 166 168 177 182 187 188 191 192 195 197
7 63 65 67 69 76 77 80 82 84 92 106 114 115 117 118 126 134 138 140 142 146 149 151 154 157 158 162 164 167 168 172 173 176 178 183 185 187 189 191 195 196 197
3 65 66 70 71 75 76 77 81 82 83 84 88 91 94 101 102 105 106 107 111 114 116 117 120 123 126 128 129 134 135 136 137 138 139 145 148 156 157 160 162 163 172 174 178 187 188 192 198 199 200
4 76 78 81 83 92 96 102 103 112 116 117 120 121 123 126 129 132 134 136 138 141 144 146 147 148 151 153 156 160 162 169 171 173 175 176 179 183 199 200
8 71 81 84 85 86 90 94 95 96 97 98 100 103 104 117 118 120 121 122 128 133 134 139 140 143 144 151 154 161 164 168 171 173 174 176 177 188 190 193 194
12 70 73 78 79 85 91 92 94 96 97 98 101 103 104 105 109 116 131 135 136 138 139 146 150 151 155 158 159 161 164 165 168 171 172 173 177 180 182 184 185 186 190 193 194
2 72 73 74 77 78 84 86 89 90 94 97 99 101 107 108 110 112 121 122 124 125 126 137 139 140 143 144 145 146 150 151 160 162 163 164 165 166 172 173 176 177 178 180 185 186 189 192 194 199 200
19 70 71 72 80 85 87 96 100 106 107 109 111 113 115 119 133 134 135 140 143 145 146 149 150 154 156 158 160 161 170 174 175 184 185 193 197 199 200
17 71 73 76 78 82 92 94 95 96 103 106 107 108 110 111 118 119 120 121 125 127 135 137 140 145 151 156 158 159 161 164 169 171 173 175 180 183 185 189 196 197
9 73 74 79 87 94 99 112 124 129 133 135 137 140 147 152 153 154 158 159 160 165 166 168 169 172 176 179 183 190 194 196 200
2 75 81 84 86 90 99 102 103 104 107 109 112 114 120 122 124 126 128 129 131 134 136 141 143 144 147 149 150 157 162 165 166 169 172 173 174 175 176 179 183 187 192 195 197
2 75 80 82 83 84 86 87 95 96 97 107 110 113 114 120 133 134 135 136 138 140 143 145 151 157 164 167 169 170 176 182 184 189 192 194 196 200
5 76 80 86 90 95 99 101 108 110 113 117 119 134 135 136 139 142 143 147 153 155 157 160 161 163 166 167 168 175 185 197 199
5 82 83 95 97 102 104 110 115 130 131 134 135 139 141 143 147 149 151 153 156 158 159 161 164 167 169 170 172 174 175 178 181 192 194 196 200
18 79 83 84 86 89 91 111 113 115 118 119 125 136 138 140 144 148 155 156 169 173 175 190 191 194 195 197
10 83 85 87 88 89 91 94 96 97 104 105 107 112 118 123 125 126 135 140 142 151 154 155 156 158 161 162 166 167 169 170 173 175 178 186 188 192 193 198
8 78 79 84 89 93 94 96 97 99 102 106 108 111 112 115 116 117 119 130 131 133 136 139 141 149 151 153 154 155 159 163 165 169 170 173 178 182 183 186 189 191 192 194 195
6 80 82 83 84 87 88 89 90 95 97 98 100 106 107 109 110 112 113 121 124 125 126 128 131 134 135 138 139 140 144 150 151 153 155 156 159 162 165 169 170 171 175 176 179 183 185 186 188 189 194 196 197
6 81 87 90 91 92 97 100 103 105 108 113 118 119 125 128 133 134 138 142 145 151 152 154 162 168 175 178 180 182 184 189 191 192 194 196
18 96 98 100 102 103 105 106 109 113 114 116 120 122 124 125 130 133 135 136 139 142 143 144 146 155 156 159 161 162 166 170 174 176 179 182 184 185 187 191 199
20 84 85 86 89 97 101 102 105 107 109 110 117 125 126 127 134 135 142 143 144 147 148 151 152 159 160 164 169 171 180 182 183 186 195
9 85 86 90 100 102 117 120 127 129 130 136 137 138 157 158 165 168 172 177 182 185 186 187 190 197 199
15 85 93 96 97 98 105 106 107 109 110 111 116 117 118 124 136 137 140 141 142 143 146 152 154 157 162 164 169 174 175 176 177 179 180 184 185 186 188 189 198 199
13 86 87 90 96 104 105 118 123 136 138 141 142 147 149 150 153 157 160 173 177 179 183 184 191 192 195 197 198 199
3 92 95 98 101 106 108 109 131 132 136 137 141 147 152 154 159 160 168 170 176 179 186 187 193 194 195 196 198 200
6 93 96 99 101 103 113 114 118 119 121 125 126 131 132 138 144 145 148 151 154 158 165 166 168 170 181 186 192 193
17 94 95 98 99 100 102 104 105 108 115 128 130 131 135 140 142 143 146 151 152 155 158 161 162 164 170 171 172 175 181 182 185 186 189 190 192 193
20 90 95 99 102 105 107 112 121 125 133 141 144 147 148 151 152 157 160 164 167 170 171 173 174 175 176 181 183 187 188 189 190 191 192 195
5 92 95 98 99 100 107 112 114 122 128 143 150 152 153 159 160 161 166 167 169 174 179 188 192 195 199 200
3 92 100 105 107 109 111 112 126 132 134 135 136 137 148 150 152 153 155 159 160 169 175 176 183 188 190 194 199
9 95 97 101 103 104 105 107 112 113 115 119 127 130 135 143 144 146 149 165 166 168 172 175 180 181 185 187 195 196 197 198
4 99 103 104 105 111 113 114 120 127 128 129 134 138 141 142 147 149 150 155 156 160 161 162 164 169 170 172 174 175 176 185 186 187 191 195 197 198 200
19 97 99 101 105 109 110 111 115 117 125 128 130 133 134 135 140 142 144 151 152 156 159 160 162 163 167 177 179 184 185 188 189 195 196
20 96 98 103 104 106 111 117 119 123 129 134 136 138 140 144 146 147 148 149 151 152 153 157 158 164 174 178 179 180 183 184 187 193 195 197 198
18 97 98 104 112 115 117 118 124 127 129 132 134 135 136 139 143 149 150 155 158 161 173 174 181 182 184 185 187 188 190 196 199
4 97 99 102 110 120 123 124 125 126 132 137 149 152 153 159 161 162 163 167 169 172 174 184 192 195 200
5 99 100 102 112 120 121 123 125 127 129 130 133 134 135 142 143 144 149 155 156 160 161 164 172 173 175 189 193 197 198 200
8 100 109 113 114 115 116 117 118 132 133 134 144 146 149 150 153 157 160 163 164 166 168 169 172 175 176 179 185 190 191 197
5 105 130 134 135 154 155 156 157 158 161 162 166 171 173 181 186 189 191 193 195 196
4 101 105 113 117 120 121 123 125 126 128 130 132 133 137 141 142 144 146 147 148 151 153 157 158 161 163 166 170 171 174 182 185 189 190 192 193 194 196 199
13 102 105 107 113 115 116 117 122 124 134 135 137 141 143 147 151 166 174 176 178 182 184 187 191 194 196 198
13 103 109 112 115 120 121 122 130 133 138 145 146 150 151 155 159 160 162 163 168 169 171 172 179 183 186 193 196 197 198
13 107 110 112 114 116 118 122 131 134 135 141 143 146 155 156 158 164 165 174 175 180 181 183 185 189 190 195 197
6 105 106 113 114 115 118 122 124 126 130 133 144 150 154 157 162 165 171 174 183 184 186 188 190 191 195 198 199
11 106 116 117 118 120 125 128 131 135 139 141 144 150 158 163 165 168 169 170 172 173 175 176 181 184 185 191 196
20 108 111 114 115 118 120 122 123 128 129 132 133 138 140 142 143 145 147 149 155 156 159 162 167 175 176 177 183 184 188 198
14 112 115 116 118 123 125 128 129 131 132 133 144 146 148 155 161 163 166 167 170 171 173 175 177 178 182 184 185 186 187 188 193 195 200
7 109 111 119 123 129 133 134 137 142 149 150 155 157 158 161 167 171 173 178 180 181 183 185 187 190 192 199
7 110 112 118 123 129 130 131 133 135 137 140 141 142 143 145 146 148 151 164 168 169 175 177 179 188 189 198
11 112 114 118 119 121 125 126 132 143 145 146 147 150 152 154 155 156 157 158 161 163 170 171 173 175 177 178 186 195 197 198
2 112 115 116 119 123 124 126 130 136 137 138 139 140 143 148 149 150 164 167 168 171 177 181 187 189 195 198 200
10 115 116 121 125 129 135 136 143 146 156 157 158 159 169 170 172 174 178 185 187 188 190 192 196
16 119 122 123 124 128 132 134 138 140 141 143 145 146 147 151 154 155 156 157 161 168 170 177 179 180 181 187 189 194 195 198 199
5 118 122 123 129 130 138 139 141 144 145 155 159 166 169 170 179 180 181 182 183 186 192 197 200
19 118 120 124 125 126 132 134 138 146 148 149 150 156 160 168 173 175 177 179 185 186 189
13 119 126 129 131 134 135 143 148 149 152 154 158 160 162 164 165 173 180 181 186 195 197 198 199
19 118 125 129 130 131 132 141 142 148 153 155 158 159 160 161 163 165 190 192 194 195 197 198 199
2 122 124 125 131 141 147 150 155 159 161 163 165 166 170 175 181 182 183 186 194 198 200
12 120 126 128 131 135 137 140 142 149 150 151 154 163 166 168 169 171 179 181 196
13 123 131 132 134 142 149 151 152 153 154 155 158 162 164 168 170 172 175 181 182 183 188 190 195 198 200
14 123 127 129 130 132 133 135 136 141 145 148 150 153 154 161 166 167 172 180 182 186 188 189 194 199
5 126 127 135 136 138 141 145 146 147 149 153 155 158 160 168 176 179 181 184 185 190 191 194 195
15 127 128 131 138 139 143 146 150 153 156 157 158 160 161 162 163 164 165 166 176 183 188 193 194 195 197 199
5 126 127 131 135 137 140 142 143 146 153 154 159 162 163 164 165 167 170 171 175 176 178 181 187
6 129 130 135 140 142 144 148 149 150 153 157 160 162 168 172 178 183 188 190 195 198
9 128 131 135 137 139 142 147 150 152 158 161 165 173 177 185 186 187 189 192 194 199 200
20 129 132 133 139 140 143 144 148 151 157 158 162 163 170 171 175 183 190 191 193
14 129 130 132 134 136 145 147 152 155 157 159 162 163 164 165 174 176 177 193 194 195 199 200
19 132 138 144 147 148 150 159 166 167 173 175 178 181 191 194 198 199
12 131 133 140 141 148 149 160 165 171 174 182 184 187 192 195 197 200
18 133 135 142 145 147 152 161 162 163 164 170 171 178 182 186 194 195 196 199
4 133 145 147 153 160 162 163 166 169 170 175 176 179 181 182 186 188 189 199
4 134 135 141 143 148 152 153 155 159 164 172 176 177 179 180 181 182 184 187 189 191 194 195 196
4 138 144 149 151 152 155 156 162 168 171 178 182 184 187 189 190 193 196 197 198
18 137 142 143 144 146 152 156 161 162 164 167 169 171 172 174 177 189 190 192 197 200
17 142 144 145 148 149 150 152 155 157 163 164 165 173 177 180 183 184 192 196
20 139 142 143 144 145 148 158 171 175 178 189 190 191 195 197 198
3 139 142 144 145 147 158 159 164 165 166 168 170 171 175 176 178 179 181 182 184 185 190 192 193 196 198
5 146 147 153 155 159 160 167 168 170 173 181 186 187 190 192
7 142 147 151 152 154 156 158 166 170 171 175 180 181 187 190 192 193 196 199
3 142 144 146 148 150 151 158 164 167 170 174 177 178 179 180 183 185 186 187 190 191 194 195 200
8 144 146 150 155 174 175 176 177 179 182 184 186 189 198
20 145 146 148 153 155 160 162 164 175 176 183 188 195 198 199 200
15 147 148 152 155 156 159 165 167 168 170 174 175 177 180 183 184 189 200
10 148 149 151 152 154 155 166 167 168 169 174 175 184 196 198
4 147 148 152 160 161 164 168 169 171 179 184 186 188 194 195 197
14 148 149 151 154 165 167 173 176 181 184 189 190 191 193 198
4 151 156 157 159 163 165 166 169 176 183 188 189 190 192 197 198 199
18 151 156 158 161 164 165 166 167 168 169 171 173 189 191 193 196 198 199 200
19 154 161 164 170 171 177 179 183 189 190 195 198 200
3 157 164 172 180 184 186 189 190 196 197 200
8 159 160 165 166 168 177 178 179 180 185 188 191 197
15 156 161 171 173 180 185 189 192 198
14 157 160 164 167 168 170 174 180 185 189 190 191 200
15 158 160 165 170 171 176 186 190 192 194 200
20 160 162 164 168 169 171 173 176 182 190 192 194 195 196 197 199
9 158 160 162 171 172 174 177 179 185 188 193 194 197 199 200
12 160 183 186 188 191 192 193 194 196 197 199
12 161 168 170 173 186 188 195 197 198 200
5 162 163 165 172 178 179 183 187 189 193 195 197 199
15 164 166 172 177 179 180 191 193
4 165 166 167 169 171 173 174 179 194 195 196 200
19 164 171 174 176 181 186 188 194 195 198 199
17 166 168 171 174 175 177 178 181 183 184 185 194 195 196 200
4 169 174 175 178 179 180 184 188 190 191 193 194
8 175 177 180 181 184 189 191 193 200
10 171 172 173 174 175 180 182 183 192 194 195 197
10 170 179 189 190 193 197 198 199
6 173 178 179 190 195
8 172 175 178 179 180 185 186 193 196 197
17 174 177 179 181 186 188 194
2 174 181 182 183 186 191 194 195
17 174 177 179 181 183 185 186 189 192 195
11 179 181 183 184 193 197 199
11 179 180 182 185 189 194 200
14 177 178 185 186 188 189 194 200
10 180 183 184 188 189 190
15 180 185 187 189 192 195 197
10 180 182 183 192 194 195
19 187 200
4 182 183 184 186 200
2 183 197 199
5 188 189 191 192 193 194 196 198 200
10 185 197 200
18 189 193 197 199
6 188 193 196 197 198 199 200
15 188 190 198 200
15 193 196 199
2 193 197
4 191 193 196 197 198
5 192 195 196 197 199 200
8 193 196
3 200
17 195 197 199
3 199
11 198 200
6 200
17 199 200
11 200
8
