25	10	10000	1
0	1540	2
0	1155	3
0	1817	2
0	1060	2
0	1311	4
0	1751	2
0	1030	3
0	1443	3
0	1956	2
0	1381	2
1234 5 6 10 11 12 13 15 18 20 21 23 24
837 6 8 9 12 22 24
1188 8 14 16 25
1145 12 14 19
1343 6 9 11 13 15 17 20 21 23 25
955 10 12 13 15 17 19 22
614 9 12 16 17 18 19 22 23 24 25
1186 9 10 11 14 15 21 22 23 25
1367 14 15 16 17 18 21 22 23
1272 13 16 19 23
707 13 14 15 19 24
1415 21 23 25
1104 14 16 25
615 15 16 19 20 21 23
908 17 18 19 21 24
1324 21 22 24
725 18 19 25
913 19 20 25
852 20 22 24 25
518 25
1400
837 23 25
1097
917 25
1010
