50	10	10000	1
0	555	3
0	193	6
0	710	4
0	917	3
0	494	5
0	424	7
0	689	4
0	347	4
0	397	9
0	288	5
1824 4 6 10 14 16 18 19 22 26 29 36 43 44 49 50
1095 5 14 16 23 24 26 30 42 43 44 47
1626 4 7 8 10 17 18 25 28 35 47 49 50
1633 6 7 10 16 17 22 27 33 38 42 44 46
1747 7 12 15 17 25 29 36 40 42 48 50
1920 8 9 10 26 34 37 38 40 41 48 50
1195 9 13 16 18 22 30 31 38 45 46
1082 18 19 20 32 33 35 36 41 43 44 45 48 49
1560 13 14 18 19 20 28 30 31 32 35 38 39 41 42 46 50
1288 12 15 16 17 18 23 27 29 30 33 35 40 42 43 44 48 49
1773 12 15 17 20 24 29 30 33 37 39 42 47 48 50
1317 15 19 20 22 28 29 30 32 37 39 42 44 49 50
1822 14 20 25 30 32 35 37 40 43 44 47
1516 15 18 21 22 25 26 30 32 33 34 36 39 41 44 45 49 50
1989 19 22 23 25 26 28 34 43 47
1822 22 24 27 35 39 40 42 44 46 50
1988 19 20 21 23 29 31 33 37 39 41 46 47
1991 20 21 24 26 30 32 33 41 45
1931 23 24 25 31 34 35 44 46 47 48 49
1564 28 29 30 32 34 35 40 43 48 49
1723 26 27 28 30 33 39 43 45
1483 24 33 35 36 37 39 41 43 46 48
1444 24 25 27 35 38
1625 29 30 32 33 35 36 39 43 44 47 48
1249 27 32 33 38 41 47 48
1720 27 28 29 30 31 33 34 37 39 40 44 45 46 50
1896 35 39 43 46 50
1834 30 36 38 47
1776 33 37 39 41 46 47
1041 31 39 43 48 49
1940 34 38 46 48
1727 33 39 40 41 42 45 48
1366 34 36 41 43 45
1886 36 39 40 47
1847 36 41 47 50
1111 38 43
1497
1722 46
1103 41 45 46 48
1488 43 47 49
1266 46 47
1937 43 44 48 50
1458 48
1955
1208 47 49
1913 50
1923
1227
1560
1294
