50	5	1000	1
0	96	11
0	26	8
0	29	16
0	14	8
0	20	7
179 9 11 14 23 25 26 29 36 37 38 39 45
187 11 12 14 16 18 19 20 25 28 29 30 40 41 42 43 44 45 48
170 4 6 10 13 15 20 26 27 37 44 47
111 5 10 11 14 16 18 27 30 35 38 41 49 50
178 6 10 12 15 16 18 20 29 32 35 36 38 48
124 12 14 19 22 26 27 31 32 34 35 43 44
110 11 16 18 21 29 37 39 44 46 50
170 16 20 22 25 31 48 49 50
176 11 12 13 16 17 20 26 30 31 34 43 48 49 50
178 13 14 15 19 20 22 23 26 31 32 33 42 45
111 13 18 20 21 26 27 31 36 40 41 42 48
164 15 17 18 19 21 24 28 31 43 47 48
136 15 17 22 36 37 38 40 48 49
196 16 21 24 25 27 30 32 35 38 39 42 43 44 49
170 17 20 21 22 30 31 40 41 44 48 49 50
193 22 25 29 30 31 43 44 45
118 20 21 23 27 33 39 45 48
177 20 21 24 28 32 34 39 45
123 22 23 26 29 30 32 36 42 43 49
165 24 25 28 31 40 42 45
161 24 26 27 28 30 43 47
174 23 26 30 32 33 35 36 37 38 39 43 48 50
168 24 27 34 35 45 48 49 50
112 25 28 30 31 32 33 36 42 43 47
160 28 32 36 39 43 44 50
155 32 34 39 41 47 48
178 41 45 46 48
190 29 33 38 40 43 46 49 50
165 31 33 35 38 47
170 31 32 37 39 40 41 42 43 46
190 32 33 35 37 40 41 45 47 49
169 33 35
156 35 45 46
123 35 36 40
160 40 45 49
197 46 47 48
105 38 41 42 43 49
151 39 42 44 45 46
156 40 42 43 45 49
190 42 46
142 44 46 47 49 50
113 45 47
140 49
118 48 50
112 47
133 50
128
157
175
130
