200	10	1000	10
-4	163	25
-4	181	19
-1	185	17
-3	125	17
-5	169	20
-4	178	28
-4	128	17
-3	101	24
-4	143	12
-3	190	21
262 6 8 9 15 17 25 26 28 33 34 38 39 41 42 46 48 50 52 54 57 61 64 67 68 69 72 74 76 83 84 87 88 91 95 98 99 100 105 108 109 112 113 115 119 122 130 131 132 134 136 148 150 151 152 153 157 160 171 178 179 186 190 195 196 197 200
143 4 6 11 13 31 34 37 39 43 44 45 46 47 54 56 58 60 64 65 66 72 73 74 75 78 79 80 81 85 86 88 91 92 93 98 106 121 126 134 135 138 139 143 145 146 148 152 153 156 158 159 164 174 182 183 188 190
148 4 5 11 15 16 19 28 29 31 32 37 39 40 42 43 45 48 51 63 73 77 79 85 89 91 95 96 98 99 107 109 119 125 135 136 139 141 142 147 153 156 157 158 166 170 171 172 177 181 183 184 188 190 198 200
61 5 9 12 13 18 20 21 25 28 33 38 39 41 42 49 51 54 56 64 71 73 78 79 80 82 83 84 87 89 90 96 97 98 101 103 105 106 114 115 121 123 125 126 127 128 137 139 140 142 143 151 152 156 161 163 165 166 172 174 176 179 184 187 188 189 190 191 193
283 9 18 20 25 26 30 31 32 33 42 47 51 52 53 54 57 60 68 72 75 76 77 78 84 85 87 92 96 103 105 107 109 114 118 120 124 132 135 146 148 155 156 162 167 169 176 177 181 182 193 199 200
73 7 8 13 14 15 16 19 20 29 33 41 45 47 54 61 62 63 84 85 97 98 100 112 113 114 116 117 122 130 134 135 137 140 141 143 152 155 168 170 177 179 182 185 195 196 199 200
21 9 13 16 17 19 20 21 26 29 31 32 38 42 44 46 49 52 56 57 65 67 68 69 73 81 83 89 90 93 95 98 99 102 106 109 112 115 116 118 130 131 137 138 140 142 147 154 158 159 161 163 164 165 176 179 182 183 186 187 191 193 194 198
288 11 13 14 16 21 27 28 34 35 37 40 45 47 48 49 50 56 57 58 64 66 70 71 73 76 77 78 86 88 90 91 92 95 99 102 107 109 111 113 114 117 118 122 124 126 130 135 137 138 140 143 144 147 149 154 155 156 162 168 172 175 178 179 181 184 191 193 196
267 11 13 14 15 19 20 22 23 27 30 35 37 52 54 56 57 60 61 63 64 68 72 73 77 81 82 84 85 86 89 90 93 94 95 96 98 101 106 110 114 117 118 119 120 122 124 125 127 128 133 140 145 148 157 161 162 165 167 168 178 181 182 183 188 192 195 196 197 198
244 19 21 22 23 31 41 42 45 52 54 57 59 71 72 76 81 88 89 90 92 94 96 98 99 100 104 105 107 108 111 112 115 119 122 123 126 127 130 135 140 141 153 158 172 174 182 186 194
288 15 17 18 19 20 24 27 28 30 31 36 38 39 44 48 52 54 61 63 67 72 75 76 80 81 83 87 91 92 93 95 100 103 104 106 107 108 109 116 122 124 127 130 134 135 139 141 142 143 154 158 159 160 161 163 165 166 168 172 173 175 178 182 185 186 187 188 190 192
108 13 14 19 23 26 33 37 39 41 42 43 45 51 58 60 63 65 66 70 71 73 82 83 85 86 87 93 95 100 107 108 109 110 116 121 125 129 133 135 136 140 142 149 150 152 155 157 158 160 162 163 167 169 172 174 175 183 188 190 192 193 195 198 199
215 16 18 26 28 37 42 44 49 51 60 63 66 67 69 70 77 79 82 85 86 90 98 101 102 104 107 117 118 123 127 131 133 134 136 139 145 147 148 153 154 159 161 162 164 172 174 175 176 177 186 187 188 193 195 196
94 16 23 33 35 36 37 38 41 42 43 44 46 57 58 59 62 64 65 72 83 89 90 91 93 94 95 96 97 98 99 101 109 110 112 114 116 121 123 128 130 133 134 135 136 139 144 149 152 159 162 167 169 170 172 178 179 180 185 188 190 192 194
263 16 17 25 33 38 39 42 43 46 53 56 58 62 63 71 74 78 79 80 84 87 88 89 92 93 99 102 105 107 108 110 114 115 119 122 124 128 129 132 135 136 137 139 144 145 154 155 159 162 164 166 174 175 178 182 185 186 194 196 199 200
280 25 27 30 39 41 55 56 57 59 60 65 66 67 68 69 72 77 79 81 85 86 89 93 94 95 98 100 109 116 117 119 121 125 130 132 133 139 143 144 155 157 162 165 167 172 174 175 177 178 181 185 188 192 194 196 199 200
31 20 21 22 28 31 33 35 36 40 41 42 44 47 49 51 53 54 55 56 58 62 63 64 68 75 76 79 81 82 87 88 91 92 96 98 99 101 102 108 113 116 118 119 123 125 127 131 132 134 150 151 173 175 177 178 179 180 181 183 185 186 187 192 195 200
115 19 24 27 29 31 33 34 35 36 37 38 39 40 42 44 47 48 53 54 59 62 63 75 78 80 81 82 85 89 96 108 109 110 111 112 122 123 125 127 133 136 138 144 151 156 159 165 167 169 172 178 182 185 188 191 193 194 196
80 24 27 30 31 33 36 37 39 43 45 48 49 51 54 55 57 59 61 66 67 71 76 84 90 95 97 100 102 105 108 111 115 118 119 121 122 130 131 134 136 143 145 151 153 156 157 158 159 162 175 177 181 183 186 192 193 194 198 200
148 22 27 35 36 46 50 51 52 56 57 58 62 63 65 73 75 78 81 87 90 92 94 95 100 102 105 108 110 115 118 119 128 129 130 142 145 153 154 156 159 168 169 170 178 179 183 184 185 187 191 196 200
167 35 43 44 47 50 63 71 73 74 78 80 84 87 89 90 91 92 97 100 107 111 113 119 122 125 126 127 128 130 133 134 135 137 143 148 150 153 154 155 158 165 168 171 177 181 184 189 191 195 196 198
164 35 36 41 42 44 45 52 56 59 65 67 69 73 77 80 83 84 85 92 93 94 105 106 107 108 109 110 112 114 120 134 136 137 138 141 145 154 156 162 166 171 173 180 182 183 185 189 190 191 193 195 200
207 24 26 34 37 39 41 42 43 46 52 55 57 58 64 71 77 83 85 94 97 98 99 102 108 113 118 119 122 138 139 141 149 152 153 156 157 158 160 164 165 168 170 171 173 177 183 189 199 200
60 27 31 36 41 44 46 48 51 53 56 65 68 70 78 80 81 82 84 88 89 94 97 100 102 107 112 114 117 119 121 129 133 136 145 147 148 149 155 157 160 161 162 163 165 166 179 180 187 188 189 191 193 194 200
120 26 32 33 44 46 48 51 52 53 58 59 72 74 75 76 81 87 95 98 100 102 103 109 111 113 114 116 117 118 122 124 126 130 131 134 135 141 142 143 145 146 149 154 157 167 174 178 179 181 183 186 188 189 199
138 28 34 37 38 47 51 52 53 54 55 57 59 71 73 81 82 84 85 87 89 90 93 94 96 113 118 119 122 126 127 129 130 133 137 139 145 146 148 155 158 160 161 163 164 167 168 169 173 174 177 179 186 189 191 192 194 198
179 28 31 32 43 45 48 57 71 77 78 79 80 84 85 86 90 91 94 96 98 102 103 104 105 106 108 125 137 138 143 146 147 154 155 158 159 162 166 167 177 178 182 187 189 191 195 200
191 31 38 41 43 45 49 50 68 71 75 79 80 84 89 91 98 100 102 108 109 114 116 120 124 125 127 128 132 134 136 142 146 149 152 153 162 169 173 174 178 181 195 200
214 33 34 37 39 40 42 44 53 54 60 63 64 67 71 72 76 82 87 89 94 99 100 102 104 105 106 109 120 124 129 130 134 135 140 145 154 157 160 164 165 171 173 174 177 178 185 186 187 188 195 198
173 32 33 42 43 49 56 59 63 65 67 76 77 82 84 85 86 96 100 102 106 107 108 111 113 115 118 119 120 131 135 136 148 154 158 161 162 163 164 173 176 178 180 181 182 184 185 189 190 191 195 196 198 199
164 32 33 34 42 43 46 47 49 56 58 62 65 81 83 90 94 96 102 104 107 110 119 120 123 127 131 134 138 142 144 145 147 150 163 166 172 175 178 186 188 189 196 197 199
290 33 34 35 36 37 38 39 44 47 52 61 62 70 85 100 101 103 108 109 112 113 117 121 123 137 141 148 159 160 161 162 164 173 175 178 180 183 192
76 34 36 37 41 50 51 54 56 65 75 80 81 82 89 91 93 97 99 100 101 104 106 117 118 119 121 126 130 132 136 138 139 142 148 151 155 181 185 193 199
286 35 36 40 53 55 56 57 58 59 60 63 71 72 74 75 76 80 82 83 84 88 90 97 99 101 103 104 114 116 119 122 124 126 127 130 131 132 133 142 148 150 151 158 163 164 167 170 172 174 176 177 182 183 184 185 191 197 200
122 37 39 40 41 42 48 56 59 67 72 76 81 82 83 84 87 88 93 95 96 100 101 103 105 108 111 113 116 121 122 127 129 130 131 136 147 148 149 150 151 152 153 155 161 164 166 168 169 172 175 176 179 182 184 187 189 195 199
255 37 41 48 49 52 55 59 60 62 65 67 69 70 73 74 76 79 81 82 85 86 90 91 92 94 96 97 106 109 115 118 119 126 132 134 137 138 141 143 144 148 153 156 159 160 161 162 165 166 167 174 176 181 182 183 187 191 192 194
181 48 49 60 64 74 75 77 82 85 86 91 92 94 97 99 101 103 104 105 109 111 126 137 139 148 149 152 153 154 162 165 167 178 180 182 184 186 187 193 194 195 196 200
21 41 44 48 49 52 53 55 61 67 70 78 84 86 94 98 105 108 109 110 116 117 119 121 124 128 130 131 140 142 143 149 150 151 153 154 159 160 168 175 176 177 183 187 192 193 196
141 46 48 51 56 65 70 72 75 76 80 82 83 86 90 99 104 107 109 111 112 114 120 121 123 128 130 132 139 144 149 152 153 159 162 167 169 171 173 176 183 187 192 194 197
164 44 46 50 53 57 59 60 61 62 65 66 70 72 77 78 81 87 88 92 96 98 99 100 102 111 116 120 123 125 131 133 135 137 138 139 141 142 143 146 148 150 152 155 156 157 159 162 170 173 175 178 185 187 191 195 196 199 200
60 44 45 49 50 53 58 60 61 66 72 73 78 79 81 83 88 90 102 105 107 108 109 112 115 117 120 121 127 131 133 135 136 137 138 141 143 147 150 151 153 154 155 156 159 163 166 168 174 177 178 187 190 192 193
53 52 53 65 69 70 71 78 81 82 83 85 86 87 92 93 94 97 106 110 116 119 120 123 124 125 126 129 130 131 134 136 137 138 139 143 149 151 152 157 162 163 169 170 175 176 177 178 181 182 183 185 186 188 189 190 195 197
24 45 47 51 52 62 67 74 78 80 81 85 90 92 93 101 106 109 112 115 119 121 125 128 129 130 131 133 134 137 138 143 144 158 159 164 166 170 171 175 179 182 183 186 187 188 191 194 196 197 199 200
111 46 56 61 62 67 76 79 84 85 86 87 88 93 96 101 104 106 109 112 115 116 120 122 124 128 136 141 145 146 147 152 153 154 158 159 160 161 169 170 172 176 179 180 186 189 191 193 200
288 47 53 54 62 67 72 75 83 84 88 91 93 97 102 103 104 109 110 111 113 117 124 125 130 133 136 137 140 141 143 147 150 154 158 162 166 172 173 174 179 180 184 185 189 190 193 199
29 47 56 57 58 69 70 72 75 76 78 90 93 99 100 104 107 111 113 114 115 118 119 123 124 125 131 133 136 137 138 140 141 144 147 149 154 165 167 168 170 175 188 189 190 196 197
122 51 53 54 56 60 64 73 75 76 79 82 84 85 86 94 95 96 98 99 100 103 104 109 110 111 112 115 117 121 133 135 136 137 138 141 142 145 146 149 152 153 159 163 169 175 177 179 181 184 186 189 193
92 51 54 56 60 62 63 66 71 72 75 77 79 82 84 87 88 98 101 102 110 111 112 114 122 123 128 138 140 145 147 148 149 159 160 161 166 167 170 171 172 175 177 182 187 188 195 196 199
16 50 63 65 68 85 90 92 95 97 98 101 106 113 114 115 116 121 125 126 129 130 134 136 139 143 145 146 151 156 158 159 164 167 173 180 187 190 191 198 199 200
297 57 58 63 64 68 69 76 79 86 88 90 93 95 96 99 100 102 107 113 116 120 133 138 139 144 145 148 150 153 158 165 172 174 175 178 179 187 188 190 199 200
17 56 66 67 69 70 78 80 81 82 84 90 91 92 94 95 101 104 106 109 111 112 116 120 121 123 129 131 132 133 135 136 145 146 149 153 156 160 161 162 164 170 171 177 178 180 182 186 187 191 193 195 197
61 55 59 61 62 63 71 72 75 79 82 90 92 96 97 100 110 118 119 126 131 132 134 135 137 140 144 146 148 151 152 154 156 159 167 168 170 173 174 178 179 185 191 193 197 200
276 56 57 59 63 64 65 81 87 88 90 91 94 97 99 100 113 118 120 124 126 127 129 130 135 139 143 145 150 154 171 176 179 180 184 186 188 190
152 55 58 59 61 67 68 72 73 75 76 78 86 90 91 93 94 95 96 99 109 110 113 118 128 130 131 132 133 136 143 145 151 153 157 160 163 168 170 171 178 182 184 185 192 193 200
116 56 60 63 73 78 80 82 85 93 94 96 98 100 101 106 107 114 121 123 128 129 132 134 138 141 146 147 150 154 158 159 165 169 172 174 176 181 182 183 186 187 188 194 196
148 57 60 71 72 74 77 80 82 86 88 90 95 98 99 118 119 121 125 132 138 141 143 144 146 153 160 161 163 170 171 174 175 178 180 184 185 186 187 191 192 195 200
86 60 62 64 68 72 73 80 84 100 101 104 105 110 112 113 115 117 124 128 131 133 135 139 142 145 146 151 154 156 157 159 164 168 174 176 177 181 182 183 184 186 188 191 192 193 199
277 61 74 80 89 91 92 94 95 96 97 100 104 107 108 109 121 122 123 125 133 135 141 142 143 144 145 152 155 163 166 173 178 181 185 186 188 189 191 194 195 196
299 61 62 63 67 71 79 85 87 88 89 91 92 104 112 117 120 121 122 127 128 135 138 139 141 142 148 150 153 157 160 161 162 172 178 185 191 192 193 197 199 200
63 66 69 75 78 79 85 91 93 94 100 103 104 110 111 115 116 119 121 125 130 131 132 137 141 159 160 162 164 166 168 173 174 177 182 185 187 188 190 195 196 200
298 71 72 73 75 77 79 80 81 84 86 88 89 91 92 93 94 95 97 98 104 106 110 111 121 124 126 128 129 132 162 164 167 168 169 170 172 176 177 178 180 181 182 187 193 195 199 200
300 63 65 69 73 77 84 85 93 96 102 103 106 110 117 120 121 123 130 133 136 142 144 145 146 148 151 157 159 162 163 170 171 172 175 179 187 190 199 200
132 71 74 80 81 90 91 96 101 105 111 114 115 117 119 124 128 132 145 146 164 171 179 180 183 184 185 188 198 199
290 68 69 72 74 76 87 90 91 92 98 99 102 108 112 113 116 120 125 127 128 130 136 143 146 150 155 162 165 169 172 175 176 178 180 190 191 194 195 198 199 200
105 71 79 85 89 99 102 104 108 110 112 126 128 129 135 136 140 141 144 150 152 163 164 175 180 183 186 188 189 190 192 198
120 69 74 77 82 83 86 90 91 94 96 98 109 111 115 128 129 131 132 136 137 140 144 145 146 148 151 152 154 161 164 165 167 168 169 171 174 176 177 183 186 191 192 198 199
134 71 77 79 82 83 93 94 95 96 97 100 101 109 111 114 122 126 132 134 135 139 141 146 151 155 165 166 167 171 178 187 194 198 200
71 73 77 81 84 86 90 91 93 96 99 109 110 111 116 119 120 127 128 130 135 139 140 142 154 161 163 164 166 167 168 172 176 183 185 187 188 190 197 200
104 71 74 75 77 79 85 87 90 103 109 110 112 123 124 125 126 133 134 137 140 146 152 153 156 157 162 170 171 172 178 179 180 186 190 192 196 198
41 73 74 75 76 80 83 87 88 91 92 96 107 110 114 115 120 126 127 130 133 136 139 144 145 146 151 154 161 162 163 166 168 178 181 184 186 188 190 192 193 198 199
46 72 73 79 80 85 91 95 101 102 106 110 111 112 113 116 117 123 124 127 128 133 134 136 138 139 142 143 145 146 150 152 155 156 157 160 165 173 174 175 181 184 190 192 194 195 197 199
39 75 77 78 79 81 85 95 96 97 104 105 106 108 112 113 118 121 122 124 125 126 132 133 137 140 142 146 148 149 150 156 162 167 171 174 175 179 180 186 187 188 192 195 198 199
256 75 77 78 81 83 104 106 116 121 127 129 130 141 144 148 152 155 158 162 163 169 172 175 176 178 180 181 188 191 197
124 81 83 86 87 92 96 98 100 101 102 103 107 110 111 113 114 117 118 119 121 123 131 133 134 139 142 143 146 157 158 162 163 166 167 169 174 177 183 184 187 190 191 192 193 198 199
17 76 87 89 93 94 95 104 105 110 115 116 117 125 127 128 131 138 140 141 145 146 150 152 155 158 160 167 174 176 178 183 187 188 189 190 191 192 196 197 200
70 77 80 82 84 89 90 93 96 97 99 100 102 103 105 106 109 110 113 114 118 119 121 133 134 135 140 144 146 147 148 149 151 152 153 160 162 163 165 167 174 175 176 178 185 186 189 192
123 84 93 96 97 100 103 104 106 108 112 118 120 121 122 126 129 131 135 137 150 154 158 159 163 171 173 174 175 176 179 181 185 186 188 190 191 192 193 198
70 83 92 93 95 97 99 101 104 106 110 113 114 116 117 128 131 135 137 138 139 141 145 152 153 156 161 166 168 169 170 173 181 182 190 192 193 194 197 198
81 80 89 95 99 109 111 118 127 133 137 141 143 146 148 156 157 160 165 168 169 171 174 179 183 185 197 198
60 81 86 88 90 97 101 103 110 112 123 124 125 129 136 139 141 151 152 154 157 158 165 166 167 169 170 172 174 175 181 184 187 189 192 195 197 198
41 82 91 96 97 101 104 118 121 124 129 130 133 134 142 143 149 150 151 156 158 160 164 166 168 169 175 178 179 184 185 187 188 196 200
104 87 90 94 97 98 101 102 103 105 107 110 111 112 119 120 121 124 125 134 137 145 147 148 150 153 154 155 157 158 159 161 163 164 169 171 173 182 186 190 192 196 197
277 93 94 98 101 102 104 107 110 111 112 113 121 122 123 124 128 133 138 140 145 150 152 154 160 163 166 170 172 175 180 181 186 187 188 189 190 192
45 89 90 94 100 107 108 109 111 115 121 128 133 135 138 143 144 149 150 152 155 156 157 158 164 171 173 175 176 177 182 190 194 195 197
189 90 91 96 97 106 110 112 120 121 123 125 130 133 139 143 145 151 157 159 160 168 169 171 174 175 180 182 183 195 197 198 200
193 87 108 111 112 114 115 116 117 118 119 123 124 132 133 135 138 144 152 153 155 156 163 164 173 175 184 186 190 192 196 200
70 89 92 98 101 106 112 120 121 122 124 127 133 134 135 136 149 150 151 156 161 162 163 166 169 173 179 181 184 185 188 200
192 89 91 92 97 100 101 102 108 111 114 121 122 130 131 135 138 139 140 141 142 157 160 164 168 171 182 184 186 194
79 91 92 95 100 108 113 120 124 129 141 143 147 151 156 160 164 165 166 167 171 172 175 176 178 179 181 183 185 193 197
208 93 97 98 101 108 121 123 125 128 140 141 143 148 149 150 151 156 164 167 169 172 173 175 176 182 190 191 192 197
90 95 101 103 123 124 126 131 134 135 136 145 146 149 153 159 161 166 168 172 175 176 177 179 183 186 188 195 197
153 93 94 96 98 99 100 102 103 106 110 112 113 114 115 122 126 127 130 131 138 139 141 147 152 157 163 169 171 181 183 190 192 195 198
241 94 96 103 104 106 107 118 119 121 125 126 127 138 142 147 148 150 152 157 160 162 167 168 169 172 176 179 186 191 194 195 197
295 100 101 108 109 110 112 114 115 119 120 122 123 125 130 133 134 137 139 142 146 149 159 160 161 163 173 174 178 181 184 187 190 191 192 197 198 199 200
68 109 111 113 115 117 118 119 120 121 128 133 136 137 140 146 149 155 156 158 159 163 167 168 171 176 182 183 187 192 193 198
222 97 101 102 105 108 112 113 114 119 122 124 132 134 135 140 145 146 152 155 156 157 161 162 172 175 178 179 180 182 187 188 189 191 194 196
95 100 101 103 109 114 118 124 125 134 136 140 144 148 154 155 161 165 167 171 174 177 179 180 183 189 192 198 200
116 99 102 113 115 117 122 123 124 134 141 143 144 145 150 151 152 154 156 159 162 167 171 175 177 178 184 189 192 195 199
134 101 103 105 108 110 112 115 122 123 128 129 137 139 140 143 144 145 149 155 161 162 163 167 170 172 177 178 179 180 181 183 184 186 187 188 189 197 200
42 101 105 106 109 113 115 121 127 130 146 152 153 156 162 164 165 167 169 170 172 173 174 176 178 187 189 191 192 193 199 200
286 105 109 118 119 120 121 124 125 130 136 137 138 146 147 148 149 150 152 155 157 158 159 161 166 167 172 179 182 184 187 188 189 190 196
133 104 105 110 112 119 120 121 125 127 128 129 131 132 137 139 140 142 146 147 148 151 154 155 156 159 160 161 168 177 184 185 189 194 196
52 115 125 126 127 130 139 141 144 148 150 153 159 167 169 170 174 177 180 183 184 191 192 194 195
69 105 112 113 114 117 119 120 126 128 129 133 135 136 137 139 142 144 146 147 149 150 151 152 157 162 163 169 171 173 174 178 187 188 192 193 195
97 109 110 119 122 124 126 128 129 132 134 135 136 141 143 150 159 164 165 171 173 180 186 188 190 192 196 197 199 200
228 108 120 125 129 134 140 150 151 153 154 155 156 159 161 164 168 169 174 175 178 180 186 190 195 196 198
69 109 117 122 123 125 127 137 144 147 148 154 161 163 166 170 172 174 175 176 178 179 184 189 198
281 109 116 117 122 129 136 139 141 143 148 150 151 163 164 165 170 171 172 175 181 183 189 190 192 195 197 200
157 111 112 115 122 126 127 131 136 142 151 157 158 159 161 163 167 169 171 178 181 191 196
77 121 127 129 139 144 147 152 154 156 162 163 167 169 172 173 174 175 177 184 185 187 193 194 199 200
91 115 117 119 121 125 126 132 135 136 145 151 152 158 159 161 167 172 175 177 180 183 184 185 192
169 119 121 126 132 134 137 142 144 146 150 155 156 159 162 163 166 168 172 173 174 178 184 191
11 114 116 117 119 121 123 124 126 129 134 137 157 161 162 163 167 174 177 184 192
68 118 119 123 125 133 135 136 143 144 147 148 149 153 156 157 160 165 167 170 174 175 176 178 184 187 193 197
197 122 123 124 125 128 134 135 139 140 145 151 163 167 172 181 183 186 196 197
285 117 118 119 120 127 129 132 135 138 142 144 147 151 157 159 164 165 168 170 175 176 183 185 186 194 197
182 118 124 127 128 132 133 137 138 139 141 146 147 148 150 151 158 160 162 163 164 166 167 176 178 181 189 191 196 197
57 119 121 123 128 131 135 137 143 144 147 149 162 168 169 174 177 178 181 184 185 191 196 198
28 129 133 135 141 147 148 153 154 155 156 157 160 161 162 165 168 171 178 184 187 189 190 193 194 196 199
212 123 124 134 136 138 144 145 148 151 154 156 157 159 161 163 164 166 170 171 177 182 188 189 194 195
73 124 125 127 129 130 134 138 142 143 146 150 152 157 158 161 162 163 164 165 167 168 169 173 174 175 176 186 187 189 193 197
89 124 126 134 139 142 146 147 148 150 151 153 154 159 160 161 163 164 166 168 169 170 174 184 189 196
122 125 135 136 139 140 146 147 151 152 155 161 163 164 167 172 175 180 193 195
68 126 133 135 137 141 145 148 149 150 153 155 156 159 161 162 168 173 174 177 178 179 181 184 197
289 127 128 129 130 135 140 143 146 150 152 155 156 161 170 171 174 178 181 184 187 191 193 194 195
265 127 138 142 150 152 154 156 157 158 159 164 165 167 168 173 174 177 178 181 182 183 193 196 197 199 200
171 131 133 141 142 144 145 148 151 156 157 159 168 170 176 177 180 182 184 189 197 199
278 136 142 145 147 148 149 152 154 156 159 163 172 177 180 181 182 185 187 191 198 200
56 134 140 146 147 148 149 151 153 154 160 162 164 165 167 169 174 175 179 181 185 190 194
61 135 138 141 143 144 145 150 151 158 170 176 183 187 188 192 193 196 197 200
102 134 136 138 142 143 161 162 170 175 180 186 187 193 196
112 141 142 146 149 154 155 156 161 162 165 166 170 171 172 180 181 186 188 193 194 198 200
138 137 140 144 146 149 160 163 166 167 168 180 184 191 195 196 199
51 135 139 145 149 150 156 159 164 165 166 167 171 179 181 182 196 198 200
106 136 137 139 141 143 144 148 151 155 162 164 165 166 167 171 173 178 179 180 184 187 190 192 194 196 197 199
223 139 140 141 142 146 149 154 158 161 162 167 169 172 177 186 191 200
159 139 143 146 153 154 158 161 163 164 171 173 176 181 182 188 190 195 197 199
178 145 147 152 154 156 157 158 161 163 166 167 174 177 181 182 187 189 190 191 193 196 197 200
54 140 144 156 157 158 160 165 168 174 192 199 200
294 145 149 158 159 162 168 171 175 176 178 181 182 186 191 193 199
52 142 143 145 146 149 153 154 157 158 161 165 170 175 177 179 180 182 183 192
108 143 148 149 160 172 182 184 187 188 189 190 193 196 197 200
226 148 149 150 153 162 163 165 169 170 173 174 176 184 187 192 194 196
296 149 151 152 153 158 160 161 168 170 171 172 175 176 178 183 187 188 189 195 196 197 200
276 148 149 152 160 162 172 173 174 177 183 185 186 195
56 159 162 172 176 177 181 200
56 151 158 159 167 168 176 177 180 183 188 190 194 195 196 200
45 154 157 162 164 169 170 171 173 174 187 188 191 196 197 199
262 153 156 162 167 169 171 175 179 181 191 195 196 197 198
181 157 160 164 165 170 174 176 183 190 192 197 198 200
30 156 159 162 163 165 167 168 171 172 175 177 178 183 185 187 188 190 192 193 196 198 200
96 154 155 156 158 174 175 177 178 181 184 187 191 192 194 196 200
219 154 156 157 171 172 179 182 186 188 190 195 197 198
203 155 158 163 166 173 174 183 190 193
42 156 160 164 166 167 170 171 172 176 189 191 196
280 161 166 169 173 174 178 180 181 182 200
297 166 170 173 174 176 182 187 188 189 195 196 199 200
35 163 167 168 170 171 172 178 179 180 181 182 183 189 192 194 195 199 200
213 162 174 175 176 182 190 192 194 197 199
232 167 170 172 176 181 182 185 193 195
132 166 168 169 172 174 178 184 186 187 193 197 198 199
182 165 169 170 181 182 187 191 194 195
69 164 169 173 174 176 179 181 187 188 193 195
228 167 172 174 186 193 197 198 200
260 166 170 173 180 184 186 190 191 193 195 198 199
213 167 169 172 174 179 180 183 186 187 188 192 198 199
203 173 175 180 184 190 192 199
81 169 170 171 172 177 180 181 185 189 190 192 194 197 199
85 173 177 179 184 185 193 198
254 180 189 190 195 198 199 200
17 173 174 177 180 186 187 188 193 194 198
260 174 178 185 188
159 175 177 179 186 187 190 191 196 197
52 182 183 184 188 190 192 193
76 178 179 180 186 188 189 190 191 194 197 200
256 177 179 183 188 189 193 196 199
158 180 184 185 187 193 199
241 191 200
263 181 182 183 187 188 190 193 194 197
121 181 183 184 186 188 192 194 197 198
114 182 183 187 188 192 197 198 199 200
157 186 191 196 199 200
207 185 186 191 192
224 188 189 193 194 196 197 198
150 190 191 194 195 196 200
47 193 196 197 198 199 200
61 188 189 191 198
236 189 193 196
270 190 195 200
222 191 193 196 199
224 199
10 194 196
60 198
111 195 198
31 196
263 200
158
121
84
259
