200	5	1000	1
0	161	49
0	114	35
0	189	45
0	163	33
0	154	38
279 5 6 7 9 12 16 20 23 28 32 36 44 47 52 64 67 69 71 73 74 75 76 78 85 92 96 97 100 102 103 105 106 108 118 127 136 138 150 154 158 160 163 166 168 171 175 176 182 184 192 195 198 199
287 3 7 8 10 14 22 23 32 34 36 37 41 42 46 49 59 63 64 65 67 71 72 75 76 78 80 82 92 94 95 99 102 103 106 110 112 115 119 124 128 129 130 138 142 151 158 160 163 166 169 170 174 176 178 182 185 189 190 191 196 197
270 8 10 12 15 27 30 36 47 48 52 58 71 80 87 89 92 96 99 100 102 104 108 110 115 120 122 126 127 129 131 132 133 134 141 142 143 146 147 151 153 157 160 161 164 165 168 171 177 179 184 187 190 191 193 198 200
211 8 9 16 18 19 21 25 29 33 34 38 40 44 47 50 51 57 59 64 67 73 84 87 89 90 92 93 96 104 107 112 114 115 124 127 131 132 143 144 145 147 149 150 152 154 155 159 160 165 166 169 173 176 179 180 181 188 189 190 193 194 196 198 200
278 9 14 16 18 21 23 28 29 30 34 35 36 41 45 46 48 49 50 51 54 58 60 61 63 67 68 74 77 90 95 97 107 113 118 121 125 130 134 135 138 144 149 150 154 158 162 168 170 172 173 175 176 188 190 197 198
224 15 16 21 25 27 30 32 34 39 42 44 45 46 48 50 53 54 55 56 58 60 61 68 75 78 79 83 86 92 101 115 125 127 128 131 134 137 138 139 142 148 149 151 155 156 157 163 166 168 169 170 176 177 179 185 189 190 191 194
210 9 14 16 19 23 31 36 37 38 39 40 41 42 43 44 47 50 54 60 66 68 75 77 83 92 94 97 104 110 111 114 118 127 129 133 136 142 146 147 148 151 152 156 158 165 167 174 175 181 190 193 194 197
270 12 14 19 23 27 30 31 32 33 36 39 40 43 45 48 56 60 61 64 65 66 71 73 81 86 88 89 90 91 95 99 100 103 105 106 108 110 119 120 125 127 135 138 143 145 147 148 153 158 159 161 164 170 171 177 179 182 183
276 14 15 16 20 27 30 35 40 45 46 56 58 59 60 63 64 65 70 71 75 76 85 86 89 92 94 104 105 106 116 120 121 125 127 132 136 137 140 142 145 150 153 154 155 156 159 164 168 177 184 191 192 197 198 199 200
278 15 18 20 22 23 28 30 33 41 48 50 51 53 55 59 61 63 67 75 78 84 87 93 101 114 123 124 136 139 141 144 148 153 158 159 162 163 164 166 169 170 171 176 179 182 186
211 12 15 20 21 22 24 26 32 35 36 43 53 54 62 63 66 68 72 74 75 76 79 80 81 83 85 86 89 94 96 99 100 105 108 115 116 118 119 121 122 123 126 130 131 134 135 144 146 147 149 154 157 162 169 171 173 174 175 176 178 180 187 192 193
210 14 16 20 28 29 36 37 38 40 43 44 45 46 47 48 49 53 54 56 58 64 67 68 74 79 81 82 87 88 93 94 96 102 105 108 110 111 115 116 122 124 125 127 128 130 131 133 134 137 138 143 163 164 165 166 168 176 178 182 183 184 191 192 193 195 198
262 18 19 21 22 23 25 26 31 33 35 36 39 40 43 49 54 58 67 69 76 77 78 79 83 87 88 93 94 95 96 97 99 100 102 103 107 111 121 122 125 126 129 131 133 134 137 140 142 146 153 161 162 164 166 167 169 173 178 182 184 186 187 190 191 193 194 199 200
300 16 17 26 28 29 32 35 37 39 44 46 47 50 55 61 63 68 70 73 88 91 93 94 101 110 116 121 128 132 134 136 137 140 141 143 148 150 151 156 161 164 165 170 171 173 176 177 178 182 186 190 191 193 200
203 16 17 19 20 24 28 29 30 31 33 36 41 43 47 49 52 54 57 59 60 64 65 66 70 71 72 74 75 76 88 92 96 102 104 112 114 115 118 119 121 124 126 127 129 130 133 144 146 148 150 151 152 155 159 160 169 170 173 181 194 195 197
281 18 20 21 22 23 30 34 38 40 45 46 50 51 52 59 60 62 64 68 70 74 79 80 83 84 85 87 88 90 93 97 101 103 106 108 109 113 114 116 118 119 124 128 131 132 139 140 144 146 147 151 153 155 159 164 165 166 168 169 172 177 183 186 200
277 20 24 28 29 33 40 42 43 44 46 50 56 60 62 68 69 70 72 75 76 79 80 82 85 86 91 93 98 100 108 111 112 115 116 120 125 128 130 132 134 137 139 150 151 157 161 162 165 167 168 169 171 173 175 178 181 184 186 192 197
224 19 22 23 27 34 35 36 37 38 41 42 44 45 51 52 56 59 61 63 66 73 74 76 78 79 82 84 85 87 88 91 93 106 108 109 111 114 115 116 118 120 122 124 125 128 133 141 145 146 152 153 154 156 165 172 174 175 179 181 182 185 190 191 200
261 23 24 26 28 29 36 38 41 43 48 49 52 54 56 59 60 61 64 66 69 70 73 76 78 81 83 86 87 88 89 91 93 95 97 99 101 104 106 107 109 111 113 115 120 121 122 124 127 128 132 133 140 141 142 143 151 156 157 159 160 169 171 172 174 176 180 182 183 186 187
286 21 24 26 28 30 36 38 40 41 45 46 58 65 68 77 78 89 90 92 95 98 104 111 118 127 130 132 142 146 149 150 153 160 161 168 176 179 180 181 182 184 186 190 191 192 196 198 200
269 29 37 38 46 49 58 61 62 64 65 67 70 81 82 85 92 95 98 99 101 103 104 109 114 121 123 139 140 143 144 157 158 161 163 175 176 181 183 185 193 194 199 200
233 23 27 29 31 34 35 40 41 42 46 50 56 62 68 72 75 77 79 89 91 94 95 103 107 108 109 110 111 117 119 125 126 127 131 133 134 135 137 143 144 145 147 148 150 152 158 162 163 164 169 175 176 181 188 190 191 193 194 195 197 198 200
228 25 28 40 43 48 55 61 64 68 70 72 73 75 77 78 80 86 91 95 97 99 103 108 109 112 113 116 117 120 121 122 126 127 134 137 141 142 146 147 150 157 159 160 163 170 171 175 178 180 182 187 190 191 192 194 196 198
282 30 32 33 36 40 43 47 48 51 52 53 58 60 61 64 65 68 78 81 83 94 96 97 99 100 103 107 110 112 114 116 119 123 129 132 136 137 142 143 146 154 160 163 166 167 169 172 173 176 178 182 184 189 191 192 197
264 26 33 34 41 55 56 59 64 69 70 72 74 78 80 81 83 85 90 92 94 95 99 107 109 112 122 126 132 137 141 144 153 158 159 174 179 181 183 193 194 196 198
300 27 33 36 37 38 39 44 50 58 59 60 64 69 72 75 81 84 86 90 92 93 95 100 102 107 111 114 127 129 134 139 140 142 144 146 149 150 152 153 154 155 158 161 162 163 164 167 171 172 174 176 177 178 184 197 198
258 30 34 36 38 40 43 53 63 77 81 82 85 89 90 92 93 96 105 109 113 117 118 120 126 132 135 136 138 139 140 142 146 147 152 153 159 160 161 163 164 171 173 176 184 185 187 188 193 195 199
242 29 38 42 43 49 51 54 55 56 57 58 60 61 64 70 71 73 86 88 89 93 97 98 102 106 108 110 118 121 122 123 124 126 129 138 142 145 147 149 154 156 162 168 169 171 172 173 176 179 181 185 186 187 190 197 198 200
269 39 47 57 64 68 71 75 77 82 84 85 89 90 94 96 98 102 108 113 114 118 125 128 129 138 141 142 144 149 158 160 164 165 166 168 171 173 175 183 185 192 194 198
200 32 33 35 38 39 41 42 45 49 50 51 54 56 58 61 62 64 65 68 69 77 79 83 85 86 88 89 94 95 98 99 101 104 105 106 107 108 114 119 120 123 129 132 135 136 140 151 152 156 165 166 169 171 172 173 178 183 192 195 197 199
251 33 35 39 40 41 44 45 49 51 57 61 68 71 75 79 81 87 91 92 95 98 100 106 108 110 111 117 119 120 121 122 125 128 129 134 135 136 145 146 160 162 164 166 172 174 175 178 182 183 184 188 189 199
221 38 40 41 45 48 52 58 59 60 61 63 64 65 69 70 74 78 84 88 91 97 99 106 107 109 111 117 124 126 137 141 142 149 153 154 156 159 160 161 164 165 173 174 175 181 182 187 190 191 195 196
204 35 44 46 47 52 55 61 63 73 74 78 85 87 91 95 97 98 104 106 109 110 115 117 119 121 128 132 134 138 139 142 143 145 147 153 156 160 164 166 167 168 174 175 183 186 187 188 190 192 193 194 197 199
253 40 43 46 48 52 55 59 60 64 67 79 82 84 86 88 90 93 95 96 108 110 111 112 114 119 120 121 122 124 127 128 133 135 137 144 147 154 163 166 173 174 176 182 187 189 190 192 194 195 199
292 36 39 43 46 49 50 54 56 57 58 59 61 71 76 78 82 88 96 97 100 102 103 109 112 117 120 122 123 128 131 132 135 136 137 139 142 144 146 149 150 154 156 157 159 160 161 163 171 178 179 186 191 193 197 198
227 40 43 45 46 49 52 54 57 66 69 76 79 83 84 85 92 96 100 103 104 109 113 114 122 132 137 146 152 154 159 162 165 170 174 176 184 186 196 197 199
291 38 41 44 46 50 51 53 58 62 63 82 83 84 87 91 94 95 98 102 103 106 112 113 126 134 135 138 140 142 146 148 149 153 156 157 158 159 169 172 174 175 178 179 190 194 196
286 41 42 46 52 60 64 71 72 76 81 84 86 88 91 94 95 96 97 98 102 104 105 109 110 116 118 124 128 137 139 143 148 153 155 159 168 169 170 171 173 174 178 185 189 191 192 197 200
224 41 44 46 48 49 50 54 55 60 64 67 69 75 83 84 85 89 93 94 97 98 100 105 106 108 112 113 115 116 119 126 134 137 140 141 143 144 151 162 165 169 170 173 176 177 180 182 187 190 194
277 41 42 43 44 47 52 53 54 57 65 66 71 79 81 82 87 88 91 93 94 99 101 105 110 111 114 117 123 126 131 142 145 149 150 151 153 154 158 164 165 167 173 175 176 177 181 182 183 186 187 200
202 44 49 51 56 58 60 66 69 72 75 78 80 88 89 91 92 99 105 110 112 113 115 117 122 123 124 125 126 127 129 130 133 135 138 144 145 151 153 154 158 159 162 165 167 170 174 183 185 186 195 197 200
232 52 58 61 65 66 72 75 88 89 95 100 102 109 111 114 115 120 123 124 128 129 135 137 138 140 142 145 153 154 157 159 163 164 170 175 176 188 194 196 199
205 44 46 50 51 53 54 57 59 60 61 63 64 69 73 75 79 82 84 86 87 97 100 102 106 107 108 110 115 119 120 127 135 136 139 144 146 147 149 151 152 153 156 158 160 161 164 166 167 168 170 173 175 176 179 180 187 188 190 194 195 197
226 47 50 51 57 58 60 62 64 71 73 79 81 85 88 91 94 97 98 100 103 110 111 113 114 115 124 130 135 142 143 144 145 153 167 169 170 171 172 185 186 187 188 190 191 194
217 46 47 49 53 55 57 63 70 74 75 84 87 88 95 98 99 100 102 104 107 108 109 115 118 119 128 133 134 140 141 142 143 153 159 160 161 163 164 165 168 169 171 173 175 181 184 187 188 191 193 196
243 47 52 53 58 62 63 65 68 76 79 82 86 88 95 100 101 109 114 115 119 123 128 129 130 131 133 143 145 146 148 149 151 158 167 173 177 179 184 192
234 58 60 68 73 74 77 78 83 88 92 94 98 99 104 109 114 115 119 127 132 136 137 140 142 145 146 151 152 153 156 157 158 160 163 174 179 181 182 184 188 191 196 197 198
238 56 61 64 71 74 78 79 85 86 92 95 96 98 100 101 102 107 108 110 113 117 119 121 124 126 135 138 139 141 142 143 148 157 168 174 176 178 182 184 190 200
212 51 52 53 54 59 64 67 68 69 71 72 79 80 87 88 90 92 94 105 107 110 113 114 115 118 121 122 123 126 127 129 134 137 141 142 150 151 152 153 158 159 163 165 166 172 173 174 179 181 184 194 195 196
264 53 54 55 56 57 59 60 68 69 72 75 76 79 80 81 83 84 94 100 101 106 107 108 110 120 121 122 123 125 129 131 132 134 137 141 146 147 152 156 158 171 179 180 181 182 186 189 195 198 199 200
236 65 77 78 82 88 90 93 94 98 103 104 112 115 120 125 127 131 133 135 136 137 139 144 145 146 155 160 163 165 166 182 185 189
296 54 55 58 59 66 67 68 73 77 79 83 87 90 96 98 117 118 121 123 125 133 136 140 142 148 150 152 157 159 162 165 168 172 173 174 176 179 182 184 186 187 188 190 193 194 197
270 54 60 62 67 70 73 75 76 87 92 93 101 102 103 105 108 112 116 119 140 141 148 152 153 158 161 163 165 166 170 171 172 177 178 181 185 189 196
293 63 72 78 79 80 81 82 83 85 88 92 107 108 110 111 113 121 123 124 132 133 134 137 140 141 145 147 149 152 158 159 162 166 171 174 177 181 185 186 189 191 193 197 199 200
218 60 61 63 68 69 72 74 85 86 91 93 94 97 104 106 108 110 111 113 115 116 121 126 127 128 134 141 144 145 151 159 166 167 168 171 172 174 181 182 186 189 190 192 194 196 197
277 76 82 87 90 100 107 108 112 113 115 117 119 120 127 128 129 134 139 141 142 149 160 161 165 168 169 171 175 181 186 189 190 191 192 193 194 197 199
223 58 59 61 67 74 80 85 90 93 94 96 97 99 100 101 106 116 122 125 126 128 132 139 142 143 145 147 149 151 156 157 158 161 163 164 169 172 173 178 181 182 185 189 190 191 192 193 195
219 61 65 71 78 79 81 83 85 86 90 95 102 103 111 115 116 119 121 124 125 128 140 141 143 147 150 153 161 164 168 169 170 171 172 174 177 187 191 193 198
286 60 65 67 71 73 75 76 80 83 85 86 96 97 98 102 106 107 113 121 124 128 133 136 137 143 155 159 160 162 173 176 177 185 191 192 196 197 200
202 62 66 75 78 80 85 90 96 97 99 102 103 104 105 112 122 127 130 131 133 137 138 141 143 151 153 161 165 169 173 176 178 179 180 182 195 197
247 63 70 73 76 78 82 84 90 93 95 96 103 104 106 110 112 114 115 116 120 122 125 127 128 129 130 132 141 143 147 149 151 153 154 155 161 169 176 180 183 185 186 187 189 192 194 199
242 67 71 77 78 79 82 83 88 89 90 95 98 107 109 120 122 123 124 126 129 130 133 137 142 151 155 161 162 163 166 167 169 175 176 178 180 181 183 187 189 190 198 199 200
289 66 71 73 76 80 82 84 85 88 93 108 110 117 122 128 130 131 133 135 147 149 156 157 159 160 177 185 189 195 200
205 66 70 77 78 81 82 91 92 95 96 97 105 107 114 117 120 123 127 133 134 138 147 149 152 153 156 157 162 165 176 181 184 188 190 191 192 193 194 198 200
277 67 70 74 87 91 92 95 97 102 106 113 114 115 117 121 122 124 125 128 129 130 138 142 145 153 156 160 164 166 169 174 175 181 185 186 190 191 195 196 198 199
291 67 73 80 81 86 91 96 106 108 113 115 116 128 131 134 136 139 143 145 147 150 151 152 155 159 161 163 169 170 172 181 186 187 192 195 196 198 199
293 68 71 72 73 77 78 79 84 86 87 88 89 90 93 101 102 103 104 105 109 112 117 123 126 139 140 146 147 152 154 164 167 174 175 180 185 187 188 190 191 196 198
289 74 76 85 93 94 101 102 106 111 116 117 119 120 122 128 130 133 136 139 143 152 154 156 157 160 165 166 169 175 181 183 184 185 187 195 196
298 70 77 78 84 88 92 93 97 99 107 113 114 117 122 126 129 131 140 142 143 146 147 149 151 156 161 164 170 172 175 179 180 181 184 188 189 193 197 199
220 72 73 79 80 82 84 85 87 89 99 101 102 107 108 110 111 114 121 122 123 131 133 143 148 150 160 162 164 166 169 174 176 179 180 181 184 189 192 193 196 200
201 73 75 86 88 93 102 104 106 114 118 120 121 126 130 132 133 145 146 152 153 155 157 159 170 171 172 174 178 185 188 189 196
297 74 83 85 88 89 101 102 103 112 114 115 121 122 131 132 134 139 143 144 148 153 154 155 160 164 168 173 177 185 189 198
228 74 76 77 83 85 87 88 89 90 91 95 96 97 98 99 100 102 104 110 111 113 114 115 116 117 121 124 129 135 138 141 144 148 150 151 161 162 163 169 170 172 176 180 186 191 192 195 197 198 199
257 75 78 82 84 85 86 88 90 97 99 101 105 110 112 117 119 121 124 125 127 135 138 141 146 147 149 150 159 170 173 183 184
270 77 87 88 101 104 106 110 114 116 117 118 119 129 145 147 148 156 160 164 173 174 175 176 179 180 189 191 196 199 200
201 77 79 83 84 88 92 93 96 97 98 106 111 112 116 119 120 131 133 134 138 146 152 161 162 164 166 168 171 172 176 179 180 181 188 192 197
238 79 82 86 94 99 102 104 107 108 109 112 114 115 117 118 120 123 124 127 134 136 139 142 144 148 149 153 156 158 159 167 174 176 177 178 182 183 184 189 191 194 200
212 82 88 93 97 105 106 108 109 110 121 124 130 132 133 139 150 151 155 158 161 162 165 167 168 173 175 176 184 185 186 187 191 194 200
283 80 82 83 87 91 94 97 99 100 103 108 110 113 118 123 125 126 127 128 135 137 140 143 145 146 147 148 155 161 177 178 179 180 181 183 187 189 190 191 193 195
235 83 87 93 95 101 103 107 115 116 125 127 131 132 141 152 156 160 163 168 170 171 175 181 185 190 197
248 83 89 94 95 104 105 108 114 124 131 132 137 143 153 157 160 166 174 177 180 182 188 189 192 193 194 195 199
234 84 87 94 97 100 104 106 108 112 113 124 126 127 131 136 139 142 146 160 167 168 169 170 175 176 177 181 184 187 200
219 84 86 88 89 92 94 95 98 101 102 103 105 106 107 108 109 111 113 117 121 124 127 129 131 137 138 140 144 153 155 157 158 162 164 166 167 169 170 172 178 185 188 192 193 195 197
206 85 86 89 90 91 93 97 98 100 105 108 109 111 113 115 124 131 137 140 145 147 153 159 162 164 166 168 171 172 173 180 184 185 188 190 194 195 196
265 89 91 94 98 101 109 110 111 125 130 132 133 134 138 139 140 142 144 151 155 157 165 168 170 173 182 186 187 194
261 90 91 98 107 108 117 134 139 143 149 152 153 155 163 174 175 177 178 184
274 89 90 92 102 103 107 109 110 111 114 117 120 121 127 128 130 133 138 141 142 144 147 148 156 158 168 171 172 174 178 179 184 188 191
268 91 93 96 100 101 115 118 120 121 125 127 129 132 133 135 143 145 146 150 151 168 169 170 172 174 175 176 178 183 188 190 193 199
212 91 93 95 96 98 102 103 105 107 110 111 113 119 120 123 126 130 131 133 136 137 140 143 148 152 164 165 166 167 168 173 178 179 182 187 191 194 195 196
260 91 92 96 99 100 101 102 103 107 110 111 112 116 123 124 128 129 132 146 150 153 154 156 163 166 168 170 173 180 181 182 185 190 191 193 194 196 197 199 200
255 94 100 101 102 106 109 111 117 120 121 123 125 128 130 148 152 155 156 158 161 164 169 173 174 176 177 179 183 186 190 191 192 196
278 95 96 100 101 102 106 107 111 114 122 124 128 142 147 157 159 163 167 171 174 177 178 179 181 182 185 191 195 200
290 95 96 97 102 107 108 116 118 120 122 131 134 135 142 143 148 157 160 164 169 171 173 175 177 179 191 194 195 197
265 95 103 105 113 114 117 118 121 124 129 133 134 136 137 139 140 142 144 145 149 150 154 155 159 161 163 165 170 173 178 182 190
270 96 98 101 103 112 118 120 125 140 146 147 153 155 158 165 167 168 169 173 177 182 183 185 190 191 194
290 99 106 107 113 116 119 125 130 135 137 142 143 146 148 149 152 155 159 162 169 173 174 180 184 185 187 196 199 200
269 98 103 106 107 111 115 118 120 121 124 128 135 136 139 141 142 143 146 150 155 160 161 162 163 165 166 172 175 176 191 193 194
256 105 108 120 121 123 124 131 137 144 149 153 156 157 164 165 166 171 177 178 179 181 186 187 188 189
223 104 106 107 111 114 117 130 132 136 139 140 146 147 151 152 159 160 161 163 167 172 175 180 182 183 189 190 192 193 197 200
260 104 109 115 117 126 128 129 137 138 141 142 154 157 158 160 169 174 175 176 178 179 180 183 185 186 191 192 196 199 200
210 102 105 113 114 117 119 126 127 129 131 134 135 137 140 142 144 152 153 154 158 162 165 170 174 177 179 188 190 192 195 197
278 105 109 112 114 119 127 129 132 139 140 142 145 149 150 154 156 160 163 171 173 178 181 184 189 192
224 104 107 108 110 119 120 122 124 128 131 133 134 135 137 138 140 143 150 151 165 171 173 176 182 183 184 190 193
214 108 117 118 121 126 131 134 140 141 151 155 157 171 172 175 178 180 181 184 186 190 192 193 194 195 196 199
214 107 109 110 113 127 128 129 132 133 143 153 154 157 160 162 166 176 178 179 181 182 183 186 190 192
244 108 110 115 116 127 128 132 133 138 140 144 146 147 148 149 158 162 174 175 182 191 199
245 108 110 112 114 119 120 124 127 128 131 132 137 141 143 145 148 150 151 158 162 164 165 167 168 171 172 179 182 185 191 192 198
267 110 112 114 117 118 119 121 125 126 127 130 131 132 136 139 141 143 144 147 148 149 150 151 153 154 159 164 165 166 167 169 171 172 176 182 184 186 190 193 197 200
215 111 113 116 117 123 125 126 135 139 142 144 145 146 150 159 163 167 168 177 181 184 186 196 197
249 114 117 126 129 139 142 143 146 148 151 154 155 156 157 161 164 173 179 181 185 186 190 193 196
219 118 119 121 123 131 134 136 139 142 146 149 153 154 155 156 159 160 166 168 170 173 190 191 193 195 196
217 114 116 118 124 126 128 131 138 139 140 141 145 147 150 151 154 163 165 168 176 177 178 180 185 188 192 195
275 114 117 119 131 136 137 140 144 152 153 160 163 164 165 168 169 177 181 185 188 189 193 194 196 200
249 116 129 136 137 139 140 144 145 154 156 158 166 168 169 173 176 179 181 183 184 185 188 190 191 195 198
220 120 121 126 132 136 137 138 139 140 141 143 148 149 151 155 156 160 163 165 168 170 171 174 177 179 184 195
289 119 120 127 129 131 142 145 155 156 158 159 160 161 169 170 184 187 189 190
259 118 119 120 123 126 127 130 132 151 156 157 158 162 164 167 169 176 177 184 185 191 200
288 129 130 131 140 148 151 153 155 156 166 167 178 181 182 184 185 186 187 188 191 193 194 195 197
257 120 122 130 132 135 136 137 141 145 146 148 158 162 165 170 176 177 179 194 195 198
214 121 124 127 128 129 134 136 138 141 143 148 167 171 174 176 179 182 184 188 189 191 196
271 122 126 129 130 134 136 137 138 142 146 147 154 159 162 165 166 168 171 180 181 185 188 195 197 198
246 125 127 128 140 142 144 147 148 151 158 160 163 164 166 167 170 173 181 184 185
243 125 133 135 140 141 142 145 147 148 155 158 159 160 163 178 180 181 183 185 186 188 190 195 200
291 127 128 131 133 134 141 144 148 149 150 152 154 157 159 161 164 166 170 172 173 176 181 184 195 197 199
250 126 128 142 144 149 153 155 156 163 164 170 174 176 177 180 187 188 189 190 191 192 195 197
214 131 134 138 140 148 150 152 156 157 159 161 165 168 173 176 181 182 184
222 128 129 134 137 144 146 147 149 150 151 152 157 162 163 165 166 167 170 173 180 183 188 195 196 197 198
253 130 131 135 138 143 146 148 154 159 160 166 176 183 188 191 194
215 130 131 132 134 137 138 140 143 145 148 154 161 163 164 169 170 182 183 198
297 131 135 140 141 142 149 152 156 157 161 166 167 168 169 172 174 175 179 190 191 195 199 200
205 133 135 142 146 150 152 161 165 171 175 176 177 178 179 182 189 190 193
251 133 137 139 141 143 144 146 148 157 158 159 160 161 164 165 166 173 177 179 181 182 184 187 189 190 191 193 194 198
256 134 135 139 141 142 151 152 158 159 164 170 171 172 173 174 175 176 183 191 193 194 199
290 135 136 137 138 139 140 142 143 149 150 155 160 165 167 170 176 177 179 180 196 199
242 137 139 145 148 151 152 154 157 161 164 166 167 178 182 183 186 197
213 139 142 147 151 154 158 159 170 174 175 181 187 188 190 193 194 196 197 200
240 145 148 152 153 156 162 172 173 175 184 198 200
290 139 140 141 145 153 154 156 158 160 162 167 170 173 174 176 178 186 190 191 192 195 196 200
263 143 144 147 149 161 165 167 168 170 171 182 186 188 192 193 195 196 200
207 142 150 151 154 158 159 160 164 174 179 181 185 186 189 191 197 198 200
211 146 149 154 157 160 163 165 166 177 184 185 198 200
279 145 152 155 157 159 163 165 167 172 174 177 184 191 193 196
223 144 145 146 151 154 155 160 163 164 168 170 172 183 184 185 191 192 194 195 197
205 148 150 151 152 157 158 163 164 171 174 179 180 181 184 187 189 190 196
225 148 153 159 161 162 166 173 176 185 192 193 194 196 197 200
272 147 148 149 150 153 157 158 160 168 176 178 181 183 186 190 191 193 196 197 199
287 151 154 158 159 161 166 167 170 171 178 179 181 184 186 187 188 190 199
272 150 158 159 164 170 177 179 184 186 187 192 196 197 198 199
245 150 153 154 155 158 161 163 165 167 175 181 191 192 194
283 151 154 157 163 165 166 168 174 177 180 181 182 191 193 199
248 165 166 167 169 171 172 187 190 195 196 200
208 153 159 162 163 164 169 172 175 178 182 184 188 192 194 198
241 159 162 163 164 173 175 178 180 187 188 192 193 196 200
286 156 161 162 165 175 178 179 184 186 189 197
240 156 159 160 163 164 165 168 169 172 176 179 180 184 198 200
250 159 161 162 166 168 175 178 179 180 185 188 192 193 194 196 200
291 164 168 169 171 172 175 177 181 184 189 190 192 197 200
281 159 160 161 162 163 171 173 174 175 177 185 190 191 196
247 172 173 177 179 180 186 190 191 193 194 196 199
293 162 163 164 165 174 184 192 193 195 199 200
242 172 174 177 179 180 182 188 190 192 200
243 164 165 167 170 171 176 177 183 184 190 194 198 199
218 164 166 170 177 179 181 186 190 191 198 200
212 165 167 173 180 181 188 190 191 194 196 198 199 200
233 166 167 168 175 180 182 183 186 188 196 199 200
228 173 174 181 182 183 188 191 192 193 194
257 171 172 173 174 175 177 178 181 183 184 185 190 195
275 170 171 174 178 179 181 188 192
230 171 175 177 179 180 181 184 195
287 172 174 176 180 184 187 189 193 194
235 172 179 180 183 199
230 175 177 180 185 187 190 191 193 197 198
253 174 176 181 189 190 191 195 199
235 175 179 181 184 185 186 189 196 200
280 176 179 183 185 187 189 192 194 199 200
281 177 179 181 186 192 193 194 198
277 179 185 187 189 194 197 198
215 182 184 186 192 193 197 200
212 182 183 184 190 195 197 200
256 183 185 187 188 189 193 200
239 187 189 191 192 194 200
288 186 189 192 195 198 200
236 184 185 186 190 195 199
216 187 188 191 192 196 197 198 199
224 187 188 193 200
253 187 194 195 198 199 200
253 192 199
262 190 192 197
277 190 193
278 192 198
283 192 193 198 199
205 194 198
283 194 195 198
222 200
237
204 198
237 199 200
216 199
293
261
