50	5	1000	1
0	158	12
0	80	7
0	125	9
0	136	10
0	179	12
142 2 3 4 5 9 10 14 18 21 22 23 26 28 40 47 49 50
138 3 6 7 12 13 15 18 19 21 23 27 34 36 38 39 42 43 47 48
179 8 12 13 15 16 21 23 24 27 32 34 48
191 13 22 24 28 29 35 36 38 47 48 50
214 6 11 13 18 19 22 25 32 37 38 40 41 45 50
262 10 11 12 13 17 18 20 21 28 30 31 33 36 37 42 44 48 50
173 8 10 11 13 20 23 32 33 35 45 47 49
164 9 11 13 21 27 32 34 35 37 38 40 44 46 49 50
290 16 17 24 25 29 31 32 33 35 39 41 44
143 13 27 28 32 33 34 35 37 39 40 41 42 45 48
76 13 20 22 25 26 38 39 43 48 49
286 14 24 26 29 37 46 50
300 14 16 19 22 24 27 29 31 34 35 36 37 42 44
132 18 21 23 29 33 34 42
288 21 24 28 29 30 32 33 40
290 17 26 27 28 31 43 45 46 50
105 18 19 28 29 32 33 38 39 40 41 43
29 21 22 24 26 30 31 34 36 39 49
120 21 24 27 31 39 43 44 47 49 50
81 25 30 34 36 37 40 42 43 46 48
60 22 26 27 37 40 41 42 47 48
41 24 34 37 41 42 44 45 46 47 49
134 25 26 27 35 44 46 48 49
42 28 35 40 41 42 44 48
286 27 30 38 43 45 47 48
133 28 31 34 35 48
104 29 30 34 46 50
277 30 31 36 38 41 42 47
225 31 39 47 48
165 34 40 43 46
193 34 37 39 41 44 48
296 33 34 35 36 37 38 39 43 48 50
171 35 36 38 41 42 43 45 49
276 38 40 49
56 36 44 45 46
56 41 42 44 46 49
45 45 46 48 50
278 41 45 46 49 50
258 40 46 50
121 42 43 48
81 42 45 50
85 46
114 45 46 47 48
254 47 48 49 50
17 47 50
260
159 49
157 49
207
224
