200	10	10000	1
0	1561	20
0	1132	24
0	1300	17
0	1117	18
0	1489	20
0	1748	20
0	1245	20
0	1956	17
0	1049	20
0	1315	24
924 3 7 9 17 19 20 26 29 30 32 33 39 40 45 46 50 55 56 57 59 65 73 80 81 84 86 88 90 94 98 107 110 111 112 114 116 118 121 122 127 141 142 144 148 161 163 169 171 175 179 188 195 196
726 4 6 8 11 13 15 16 26 27 28 29 30 38 42 43 52 58 61 65 73 79 84 85 86 90 92 93 97 98 99 101 105 107 110 111 112 116 120 122 123 124 126 129 130 135 143 145 150 154 156 157 161 162 167 168 170 176 178 185 187 188 191 196 197 199 200
849 6 9 10 11 14 15 18 19 21 22 24 28 29 30 31 39 44 50 51 57 59 67 68 69 74 77 79 84 90 94 100 105 109 110 113 115 121 122 123 124 125 135 137 138 141 147 148 152 154 159 168 172 173 176 189 190 191 195
203 8 9 11 13 14 16 18 22 27 29 31 34 37 49 50 53 55 57 58 60 63 70 74 75 82 84 86 92 96 97 100 106 110 111 117 120 137 143 146 154 155 158 160 162 170 172 174 177 179 182 183 189 192 195 197 198
795 7 13 14 16 17 22 24 27 29 32 33 34 35 39 41 43 50 53 56 57 66 69 70 71 72 74 75 77 78 79 83 89 91 101 104 105 107 111 114 120 123 130 132 133 143 146 148 149 161 165 167 168 170 172 176 178 180 186 190 192 194 195
657 8 10 11 13 19 21 23 28 29 32 34 35 36 38 45 46 49 50 53 55 57 59 61 64 65 66 68 69 71 75 76 77 80 81 85 91 97 99 100 101 106 115 116 118 123 124 127 128 129 130 131 135 145 153 154 155 156 158 167 168 169 173 184 186 195 198
615 9 12 13 15 17 18 19 22 24 28 31 37 40 42 43 46 48 50 53 59 60 61 62 64 68 70 74 79 81 84 94 96 99 102 105 107 111 123 131 132 136 138 140 143 146 147 148 156 157 158 160 161 169 170 172 173 183 184 186 188 192 193 197 200
907 10 12 13 15 18 19 20 27 30 37 38 40 47 48 54 58 60 63 65 73 76 80 83 85 97 109 111 120 122 124 127 133 134 136 144 147 149 152 158 159 160 167 169 174 175 178 179 187 189 192 195
568 10 11 15 18 23 25 29 33 36 38 40 50 59 61 63 64 69 76 83 84 85 91 98 100 101 104 106 110 111 116 118 131 135 138 140 141 144 147 150 156 157 158 162 165 170 174 181 182 186 188 192 194 195 198
657 13 15 19 20 22 24 27 33 36 37 39 40 42 45 51 56 59 60 61 65 69 70 72 75 76 77 78 80 84 86 89 91 92 93 94 98 102 103 104 119 120 127 129 131 135 140 143 144 146 147 153 158 161 163 165 166 171 175 178 181 183 188 193 200
269 14 15 16 17 18 22 24 34 39 41 42 43 46 47 52 54 55 56 58 59 60 68 71 74 83 84 85 88 91 92 94 97 99 101 102 105 108 112 119 121 131 133 134 135 136 142 143 144 145 147 148 153 154 155 156 157 166 168 170 177 178 179 187 193
139 13 18 20 22 26 27 28 32 39 42 45 46 50 51 52 53 54 55 57 59 62 63 73 76 78 79 80 83 85 86 89 91 95 96 97 98 102 105 107 110 113 115 116 117 119 130 137 140 145 157 163 164 165 166 177 178 180 182 183 185 196 197
318 17 21 27 29 39 41 42 44 45 56 58 59 61 63 64 65 66 70 71 74 86 88 91 93 102 105 106 109 113 114 117 119 122 126 133 135 138 143 147 149 150 151 154 157 158 161 163 164 171 173 176 177 179 182 184 187 191 197 200
834 15 19 20 22 24 26 28 30 32 39 42 44 46 50 52 53 56 59 61 62 64 65 70 71 73 74 76 77 81 83 95 96 97 98 101 105 108 112 113 116 117 119 120 121 124 126 129 132 135 136 143 144 151 152 157 158 161 166 170 177 184 185 187 189 190 192 193 198 200
942 18 20 25 30 31 34 37 45 52 53 56 59 60 62 64 66 67 68 71 75 81 82 84 92 93 102 103 107 115 117 118 128 132 133 134 143 144 151 152 156 157 158 161 164 166 168 187 188 192
143 19 20 21 23 24 25 30 31 32 38 40 46 47 49 59 60 68 71 73 76 77 79 80 85 88 89 95 100 102 105 106 108 109 111 116 122 124 126 134 137 145 149 150 151 154 157 158 159 173 177 178 183 184 189 196
310 19 24 25 29 32 35 40 41 42 51 70 77 78 79 86 88 93 96 99 100 101 104 109 114 115 118 121 122 128 129 134 136 139 143 149 153 154 155 161 163 165 168 172 179 186 187 190 197 199
966 21 24 29 32 38 41 44 46 47 50 51 52 59 60 61 66 67 69 71 73 76 85 87 91 92 98 100 107 109 114 117 119 130 138 139 141 151 153 156 158 159 162 163 165 166 170 171 172 176 178 183 189 190 192 194 195 196
241 23 25 26 27 30 32 34 35 39 41 42 43 45 48 49 50 51 56 59 61 62 67 70 71 74 77 80 82 83 85 87 88 89 91 92 95 99 101 103 104 105 112 113 119 124 130 131 133 137 143 145 148 149 150 157 159 162 173 174 175 177 180 181 183 186 188 192 193 194 195
376 22 29 31 32 35 37 38 46 52 54 55 60 61 62 63 64 66 68 70 76 78 84 91 92 93 94 96 98 101 102 111 112 120 122 129 133 138 145 146 151 158 159 167 169 170 175 179 180 185 186 187 190 192 194 199
733 23 24 26 31 33 35 44 46 47 50 51 57 60 62 63 64 80 83 84 85 87 91 96 97 103 105 106 107 110 116 119 120 121 125 126 128 129 130 133 135 141 149 154 156 157 159 163 167 168 171 176 177 184 189 192 197 198
970 23 24 28 29 36 42 44 49 54 55 59 63 69 74 80 86 88 91 98 112 114 116 118 123 127 134 135 136 140 141 142 154 162 167 168 172 174 178 180 182 185 193 195
836 24 26 27 28 30 34 35 46 47 54 56 58 64 79 80 82 86 88 95 96 101 103 107 126 129 130 143 145 147 148 150 151 154 156 162 163 172 176 177 180 183 192 193 197
295 28 29 31 35 37 40 43 45 47 48 53 56 59 61 66 70 77 80 81 83 86 87 90 91 92 94 97 99 101 102 111 112 113 114 119 122 123 127 130 131 134 138 142 146 147 149 153 159 160 162 163 164 165 166 169 171 177 178 180 181 186 188 191 192 194 195 196 200
182 32 34 38 42 50 51 53 61 63 67 68 72 73 74 84 88 90 92 93 96 97 99 104 108 109 110 114 116 120 123 129 130 133 138 139 142 143 144 146 149 157 158 165 169 173 179 181 183 188 189 193 194 199 200
408 29 31 33 34 41 43 45 48 50 53 55 57 62 63 67 75 77 82 92 93 97 98 100 112 115 120 125 134 140 145 147 148 151 157 160 164 166 169 171 172 173 174 175 177 178 179 180 184 186 192
660 28 36 44 45 46 50 51 56 59 61 71 73 74 75 79 80 82 85 86 89 90 97 99 100 105 106 108 110 111 112 116 121 123 126 131 132 136 138 139 140 143 145 146 151 152 160 161 168 172 177 179 181 187 190 195 200
191 33 37 38 43 45 47 49 51 52 54 57 61 65 73 78 79 82 93 95 96 97 100 110 111 115 119 120 123 128 131 132 139 144 149 151 153 157 158 159 162 164 168 171 175 176 181 184 189 195
816 35 40 42 46 51 57 58 60 65 66 69 74 76 77 78 79 82 85 87 93 94 98 99 101 105 108 118 121 124 127 131 132 140 143 146 148 151 154 162 166 168 172 174 176 177 178 179 182 184 194 200
598 31 33 36 37 38 39 40 50 52 53 63 66 67 68 69 78 81 83 85 87 88 92 101 102 103 104 105 106 109 113 116 122 126 128 130 132 133 134 135 139 145 147 149 155 157 161 162 170 176 179 180 190 193 200
127 32 33 34 39 40 42 45 46 51 53 59 60 62 63 66 83 85 88 89 101 110 111 113 114 115 119 120 122 123 124 132 136 145 146 148 149 150 158 161 162 163 174 177 188 189 192 198 200
750 34 37 39 42 45 46 49 50 59 63 65 67 69 70 76 77 79 82 84 86 89 92 96 100 104 106 108 115 116 119 122 124 129 131 132 138 142 147 153 156 163 171 176 177 184 185 189 190 195 196
137 34 36 44 47 48 49 55 57 58 59 68 73 77 80 88 91 92 94 101 103 105 110 111 116 117 121 123 125 127 128 135 137 142 145 146 148 152 154 160 163 164 168 170 176 177 182 188 190 192 193 194 195 199
590 42 43 46 47 49 51 52 53 54 60 61 63 65 68 69 70 73 74 78 81 85 86 91 94 97 101 103 108 110 111 113 118 121 125 130 134 135 145 148 151 154 158 159 161 171 173 174 181 182 188 189 190 192 194 195 196 197
955 40 42 45 48 52 56 57 61 63 64 66 67 68 69 79 85 88 91 92 94 96 98 101 105 110 117 119 120 122 124 125 138 143 144 148 152 153 161 164 165 169 172 175 183 184 186 187 190 192 196
711 39 40 42 47 48 50 51 54 56 57 58 59 61 64 65 69 74 75 79 80 82 83 88 94 102 106 108 110 117 120 121 126 128 131 133 137 143 145 147 155 157 165 168 178 179 183 186 189 190 197 198
443 39 41 42 49 50 51 52 61 62 63 65 71 72 74 75 77 80 82 85 90 94 96 99 109 110 111 114 116 118 122 123 130 132 135 136 140 142 146 151 152 153 155 158 159 162 167 179 185 188 195 197
101 39 40 41 43 45 46 49 50 55 56 58 59 62 64 70 78 80 81 86 88 90 102 103 108 112 115 122 127 129 136 139 141 150 152 154 164 165 166 176 178 181 183 184 188 191 193 195 196 199 200
957 40 42 48 51 52 56 57 60 61 62 66 70 71 72 78 79 81 83 88 94 96 106 112 119 121 126 131 140 148 151 155 160 166 170 173 174 175 182 184 190 191 194 195 197
295 41 43 49 50 51 56 58 59 64 65 70 75 82 101 103 105 113 114 124 126 127 130 131 134 135 138 139 147 158 159 170 172 176 180 182 185 190 195 196 199
722 44 49 50 51 53 59 61 66 71 74 76 81 83 87 88 90 92 95 96 100 103 105 106 107 109 111 115 126 134 137 144 145 150 152 154 159 160 181 182 183 185 186 187 188 191 193 195 196
122 43 45 46 49 52 54 60 62 66 69 70 71 72 73 78 79 82 84 88 89 92 95 102 105 107 115 134 138 139 141 143 145 150 156 157 160 165 167 172 187 194 197
982 44 51 52 78 81 83 90 91 93 94 96 104 113 119 126 128 131 133 148 151 153 156 158 159 163 167 172 174 176 186 187 190 193 194
446 49 56 57 62 68 70 75 76 79 80 81 84 88 89 97 98 101 103 106 108 109 111 114 118 121 123 124 128 130 131 132 138 140 141 145 146 148 150 151 153 157 158 159 162 167 170 171 172 174 175 177 180 181 183 189 192 194 195 196 198 199
388 48 54 55 58 62 66 68 75 76 77 84 86 89 95 96 97 98 102 104 106 111 112 113 125 127 134 138 139 140 141 143 153 155 157 165 174 175 185 186 189 191 194 195 199
873 50 51 55 61 62 63 66 70 72 75 76 78 80 81 82 84 88 90 91 94 97 99 100 101 103 104 105 106 112 113 125 127 132 139 143 150 153 155 156 162 163 170 174 176 182 188 190 195 197 198
922 53 56 62 67 68 76 78 81 90 91 92 93 94 100 103 111 120 121 125 128 134 140 147 149 150 151 155 162 164 165 168 170 174 176 178 180 184 191 192 193 194 198 199
133 50 54 56 57 60 66 69 73 75 83 86 87 91 93 95 96 107 108 110 111 113 114 115 119 121 126 127 129 130 139 142 145 147 148 149 150 151 152 155 169 170 171 177 180 183 184 188 191 197
997 50 55 56 63 64 68 69 72 73 80 81 85 88 99 102 113 116 117 120 122 124 133 143 145 147 152 156 160 167 170 172 173 181 183 187 189 195 196 198 199
139 59 63 64 67 69 70 72 75 87 88 89 90 91 101 103 104 106 109 112 114 115 124 128 129 130 138 139 141 145 146 158 163 180 185 186 187 189 190 199
440 53 58 61 67 73 83 85 86 87 88 90 91 99 120 121 126 134 135 136 138 143 150 151 152 157 161 164 170 173 177 180 182 183 190 191
975 53 55 60 62 63 64 66 73 74 75 81 91 93 94 103 105 106 114 115 119 120 123 125 126 131 132 134 140 144 147 161 162 163 166 167 169 173 184 190 194 195 198
965 66 69 70 73 85 87 93 101 102 104 106 109 110 111 112 117 121 126 133 139 144 145 146 147 151 157 162 163 164 165 173 176 178 179 185 188 189
450 55 56 57 63 70 71 75 79 83 87 88 89 90 98 99 107 113 114 121 125 128 129 131 134 139 148 151 152 153 161 163 168 171 173 174 179 182 183 188 194 195
113 57 58 61 62 65 72 75 76 84 86 88 91 92 99 102 105 114 120 121 123 124 126 132 137 138 140 146 148 152 157 158 162 163 167 175 182 184 185 190 194 200
557 61 63 66 69 72 76 83 88 96 98 100 102 113 116 118 122 125 126 128 137 138 140 142 145 149 150 151 154 155 157 159 160 166 168 169 170 172 175 177 179 181 183 184 185 186 188 190 193 195
115 58 59 62 65 66 72 77 86 88 90 91 94 99 100 103 112 115 119 121 122 123 124 143 149 151 152 153 160 163 166 167 168 169 172 174 175 178 189 190 191 194 195 199
202 59 60 64 67 73 75 77 92 100 104 110 116 119 121 124 129 132 136 137 145 146 149 153 161 162 164 166 167 170 171 172 178 179 180 181 182 189 192 195 197
385 60 61 68 70 73 75 79 80 85 88 95 96 97 98 101 105 110 116 117 120 121 122 125 131 132 144 146 149 157 164 167 168 171 175 177 178 182 188 191 193 194 196 200
377 62 63 67 68 71 73 77 81 83 84 85 86 87 88 90 91 92 95 96 97 98 99 101 102 104 105 111 112 113 120 122 125 129 133 135 137 141 152 157 163 164 165 167 177 178 179 183 185 186 187 188 189 192 196
253 64 69 72 76 77 85 86 93 96 97 98 99 105 114 121 123 128 132 137 139 143 144 147 148 155 161 164 165 167 170 173 179 180 185 189 193 194 198
616 64 68 72 76 85 87 89 97 101 102 106 117 119 122 124 129 132 133 136 138 139 140 142 147 153 155 156 157 160 162 167 168 169 172 173 175 178 179 194 195 197
665 68 69 74 77 82 83 84 89 93 97 100 104 106 111 112 114 121 122 127 133 136 139 140 142 144 147 152 159 161 162 165 166 169 172 173 176 182 184 187 190 191 192 194 198
922 71 78 79 80 81 93 95 101 102 103 107 116 121 123 131 132 147 148 158 160 162 163 165 169 174 175 182 186 193 200
941 67 68 74 94 96 102 105 106 111 113 114 116 117 119 120 122 123 124 126 129 136 146 150 155 156 158 160 164 167 168 169 171 172 177 180 183 184 191 198 200
969 67 68 71 73 74 77 78 79 84 87 95 116 119 123 124 125 126 132 133 138 140 152 155 156 163 164 165 166 168 172 173 178 184 189 191 192 194 197 199
795 69 70 77 82 89 93 99 101 102 104 105 106 108 112 113 115 116 124 126 127 132 135 139 141 147 150 157 158 165 167 168 170 180 184 189 197
348 69 72 73 74 79 81 88 89 90 95 101 103 107 109 120 123 137 139 140 142 146 148 152 154 158 161 167 168 174 176 177 179 183 185 187 189 190 195 196 198
480 75 76 77 79 81 83 99 101 104 109 118 126 129 133 143 152 156 166 169 172 179 181 187 189 190 195 199
146 71 72 74 75 77 87 88 101 103 104 109 112 122 128 131 135 137 141 143 146 147 153 155 156 157 159 163 170 171 185 187 188 193 195 199 200
720 75 83 86 88 98 100 107 113 128 129 130 131 135 136 138 140 143 145 146 148 149 155 158 163 165 166 173 177 180 184 185 186 187 195 196 199
289 73 74 76 79 80 89 94 95 98 99 103 104 105 107 113 114 116 117 120 123 129 131 134 136 137 138 141 142 144 149 153 167 172 175 180 184 185 186 192
844 77 78 82 83 84 85 87 88 90 93 98 101 103 104 108 109 110 111 119 124 125 126 127 130 131 133 134 142 147 150 152 154 159 162 167 172 176 179 183 184 186 189 190 191 197
173 81 83 90 94 98 99 100 105 107 111 122 125 131 135 136 143 144 150 157 159 161 164 166 174 176 178 181 183 186 187 188 191 193 195
885 78 81 87 92 93 96 98 100 101 110 112 113 114 116 118 124 126 129 134 137 139 158 164 165 170 173 174 179 182 184 186 188 189 191 194 195 200
880 78 80 90 91 96 98 100 103 106 112 120 123 124 125 130 133 134 142 147 156 158 159 160 166 169 170 172 173 175 176 177 189 190 192 197 198
328 80 81 84 85 86 87 88 91 94 95 96 101 102 106 107 108 117 119 120 122 123 124 128 136 139 143 149 151 155 157 164 165 168 171 176 177 179 180 181 184 186 188 191
994 79 80 83 86 87 90 94 99 100 105 113 118 121 128 130 131 139 140 142 144 145 148 150 152 156 160 161 167 168 174 175 177 183 185 186 189 199 200
484 80 91 94 96 97 101 104 105 110 113 114 119 120 122 123 127 130 132 135 137 142 149 154 156 157 158 168 169 173 174 184 186 187 191 195 196 198 200
623 82 87 89 90 92 95 96 97 100 109 111 116 121 124 130 134 135 136 138 140 160 165 170 175 176 178 181 182 183 186 188 194 195 197 198 199
588 83 86 87 91 92 93 94 95 100 104 105 106 109 120 123 125 129 130 131 141 143 144 147 148 150 159 173 179 183 186 187 190 193 194 196 199
645 89 93 95 99 101 105 106 109 112 114 116 119 123 125 127 131 132 133 139 141 145 148 157 158 159 160 167 168 171 178 180 185 187 191 193 195 199 200
201 85 91 93 94 97 99 104 105 107 114 116 120 125 128 138 139 140 141 142 144 149 151 155 157 159 164 171 172 174 179 180 182 185 186 187 189 190 195 196 197 198 200
288 88 91 92 93 94 95 98 99 100 106 109 111 114 116 120 124 125 126 129 130 132 139 140 142 145 150 154 166 167 171 175 179 185 188 200
587 88 89 91 92 93 98 99 103 115 118 119 130 133 135 148 153 161 164 165 173 174 179 183 184 185 186 190 192 193 196 198
561 93 95 97 98 99 101 103 104 105 108 113 114 116 120 135 136 140 147 149 156 160 161 162 165 166 171 173 174 176 178 181 182 184 185 190 199
219 88 90 91 92 94 95 96 99 108 111 113 114 116 123 127 130 136 143 146 150 152 161 166 169 174 190 191 194 198
171 89 90 98 99 107 109 111 117 118 121 122 124 131 146 148 149 154 155 160 163 164 168 173 174 175 179 180 184 186 193 196 200
458 94 95 97 98 101 102 106 112 115 117 118 119 120 121 122 129 132 135 138 139 140 143 145 146 151 152 153 162 167 168 175 178 185 190 191
467 93 95 98 101 110 111 115 126 128 129 130 131 133 134 135 151 153 156 157 165 169 170 171 172 176 185 187 196
257 92 93 94 96 104 106 108 112 113 117 118 121 122 123 125 130 135 136 139 143 147 149 152 154 169 170 171 177 181 185 188 190 194 198
238 95 100 101 102 104 110 111 116 118 121 128 129 131 132 135 139 141 142 147 148 152 153 158 164 165 167 171 177 184 186 189 199 200
497 94 95 112 127 128 132 134 138 139 142 143 144 146 149 150 153 155 159 165 169 170 171 173 175 178 180 185 189 190 191 195 196
818 95 96 99 102 105 106 108 111 112 114 116 118 119 122 125 127 131 132 133 138 143 145 148 151 155 158 162 170 173 176 179 193 196 200
957 98 100 103 106 108 109 121 126 132 139 147 149 151 153 155 157 159 161 165 167 168 170 173 178 180 181 185 186 191 196 199
386 99 100 107 109 113 116 118 120 121 133 135 137 138 158 161 166 167 169 170 172 174 175 176 179 187 189 200
563 102 105 109 111 113 115 116 118 119 120 121 129 135 137 138 142 143 148 151 152 153 154 158 159 166 172 178 180 183 184 187 189 192 194 197 200
236 103 110 111 115 117 119 120 124 128 131 137 139 141 144 147 150 151 153 154 164 170 173 180 185 187 190 192 195 200
671 107 111 117 120 123 129 130 132 140 141 142 143 144 145 148 150 151 152 167 170 176 177 187 193 195 197 198
697 102 105 108 112 123 124 125 128 129 135 136 140 142 152 157 160 161 164 167 168 169 171 179 180 183 186 191 192 196 200
583 111 115 116 118 120 125 126 129 130 133 134 135 137 148 150 154 157 159 169 173 174 175 176 181 185 188 189 190 192 193 194 198 199
544 104 106 115 117 126 131 132 133 139 140 141 145 147 148 152 153 155 157 163 165 167 175 176 186 187 189 190 194 197 200
725 107 108 117 123 126 128 137 139 140 142 145 147 148 149 150 152 154 155 159 160 161 162 164 166 173 179 180 182 183 184 185 187 190 195 197 200
349 105 110 112 116 117 118 123 128 129 130 131 132 135 137 141 152 154 158 159 168 170 173 174 186 187 191 192 196 197
820 106 111 113 121 130 132 136 141 146 147 150 152 154 156 159 162 164 166 167 168 176 177 186 192 193 194
996 107 114 115 125 131 132 133 134 135 138 144 147 148 149 158 160 161 165 166 172 174 175 179 181 191 193
934 113 114 120 122 123 125 126 127 128 130 131 134 142 146 149 156 159 160 161 162 166 172 173 175 176 177 178 179 180 181 185 186 190 196
184 110 111 116 119 121 122 128 129 131 134 135 136 137 140 142 143 144 148 153 155 160 163 164 166 168 173 175 180 181 190 193 194 196
727 112 115 119 120 122 123 127 128 131 132 133 136 138 140 142 146 159 161 165 166 173 176 177 179 180 183 184 187 189 191 198 199
965 115 118 119 120 121 130 133 135 136 137 142 144 145 150 154 155 164 165 168 170 172 173 177 178 181 184 186 188 189 191 193 200
953 116 134 136 137 138 140 142 143 145 146 157 160 165 167 175 180 182 184 185 188 189 190 191 192 196 198
497 113 117 121 128 130 131 135 137 139 145 146 148 151 156 159 168 177 180 184 186 187 191 195 197 198
704 117 120 122 123 129 130 138 141 143 147 148 151 153 154 162 177 178 180 186 194 196 197 198 200
263 116 121 126 128 136 138 142 147 148 160 169 171 174 175 178 181 182 187 190 191 192
217 123 124 129 130 132 133 135 138 143 153 156 160 165 166 171 172 174 178 183 184 187 200
475 121 123 129 135 138 141 145 147 159 165 170 174 175 178 185 190 192 200
445 118 119 123 124 130 133 134 135 142 151 161 162 165 167 169 172 174 190 191 194 198
835 122 124 126 129 133 136 137 139 140 145 146 148 154 159 165 170 176 177 179 183 188 191 192 199 200
504 121 124 126 131 132 134 135 136 139 140 146 148 150 152 153 156 158 159 160 163 165 167 168 172 175 177 180 187 189 194 198
876 121 127 130 134 142 143 145 146 150 159 162 166 168 169 171 174 177 187 194 195 198
141 124 127 130 132 133 136 137 138 140 141 152 153 156 157 158 160 167 170 174 179 180 183 184 186 188 190 194 195
827 124 128 133 135 140 144 145 147 154 157 158 162 163 168 169 177 182 183 184 187 189 191 193 198
424 127 132 134 136 138 146 147 148 150 151 156 158 167 168 169 173 174 176 177 190 191 196
957 126 127 128 132 136 137 138 142 147 148 150 156 157 159 164 168 170 180 187 189
693 126 130 132 135 136 137 140 143 151 154 158 160 162 163 165 169 170 171 174 178 184 188 189 191 199
935 130 131 133 144 146 153 156 159 165 168 170 180 182 191 198
193 129 130 133 134 137 138 141 143 144 146 147 152 155 164 168 170 171 176 182 195
735 129 131 132 133 147 154 155 158 163 164 168 169 170 171 172 173 177 178 181 183 185 192 193 194 200
284 132 135 136 137 138 143 146 148 150 153 155 162 164 169 170 172 174 175 176 178 180 191 194 198
304 135 144 146 152 153 163 164 166 169 173 176 178 180 181 183 184 188 190 193 197
682 132 136 140 153 162 171 172 175 181 189 191 194 195 197 198 199
948 146 147 149 150 151 154 159 160 161 162 164 167 168 174 182 186 189 190 195 198 199
132 135 139 141 142 146 147 148 151 158 161 164 166 167 170 179 181 186 190 193 194
992 139 146 151 153 155 162 165 169 171 174 182 184 185 186 196 197
292 137 145 146 147 148 149 152 154 155 160 161 162 166 176 177 179 181 182 185 186 188 196 197
794 139 142 143 146 147 152 154 156 157 160 161 162 163 168 179 183 184 189 193 199 200
423 139 148 149 150 163 165 168 169 172 173 175 177 179 182 184 185 186 187 194 198 200
742 141 144 148 151 152 157 159 163 168 169 170 172 173 175 179 181 185 188 190 191 197 198 200
481 142 143 145 146 151 153 155 156 158 164 166 170 174 177 181 184 189 191 193 196 197 200
514 141 143 149 150 154 156 160 162 167 169 174 176 184 187 189 191 192 197
553 156 160 162 165 176 181
947 145 146 147 149 154 157 158 160 161 168 169 170 172 175 176 179 183 187 194 197 199
193 149 152 157 158 165 173 179 185 193 194 198 199
776 145 150 159 164 165 168 169 171 175 178 184 185 186 187 190 191 199
140 161 164 165 166 169 170 172 175 181 182 184 187 191 192 193 198
958 154 155 156 158 159 162 169 170 172 173 174 178 181 182 188 189 191 192 193 194 195 197
781 151 157 158 160 163 165 173 174 175 179 180 182 186 188 191
797 149 153 154 155 158 166 170 174 179 180 182 191 194 198 199
460 151 158 160 166 173 175 179 184 185 188 190 196
487 153 160 162 165 173 174 175 178 180 187 190 192 193 196 198
165 155 156 157 162 164 166 183 184 187 188 200
433 153 154 158 161 163 165 167 172 173 181 183 189 190 191 193 198
151 155 156 157 160 161 163 164 170 172 174 177 178 179 185 191 194 195 197 198 200
974 155 156 162 163 166 167 168 171 174 178 180 181 185 186 190 194
829 156 159 161 163 167 168 169 174 181 186 191 192 195 196 198
755 158 166 167 172 178 182 183 189 194 199
203 158 159 164 168 169 182 185 186 187 188 192 194 198 200
366 159 161 162 166 169 172 179 181 184 188 189 191 198
114 161 163 168 176 180 182 187 189 192 193 196 197 198 200
558 162 163 164 166 167 169 170 171 172 173 178 181 182 184 185 190 194 195 196 197
601 164 168 171 183 185 187 192 193 195 196
398 166 169 170 181 185 186 187 189 194 196 198 200
308 164 167 171 172 173 175 176 182 183 186 187 196 197
799 165 172 175 176 177 178 180 182 185 187 194 196 198
382 167 168 169 172 175 177 185 186 194
931 170 171 172 176 178 185 190 191 192
716 170 178 180 182 183 185 190 192 194 200
356 171 172 174 178 181 187 192 197 198 199
418 170 176 177 178 179 185 188 196 198 199
807 171 174 177 179 181 183 186 189 191 194 196 199 200
598 172 175 176 177 178 183 187 189 192 193 198 200
718 177 179 180 183 194 196 199
748 175 178 179 183 193 195 197 198 200
726 176 178 181 190 191 192 193 196
936 177 180 181 185 189 192 194 196 199
282 181 182 183 189 191
250 179 185 187 194 196
327 180 181 183 188 190 197
660 182 184 185 186 189 191 196 198
394 187 191 192 194
917 186 188 190 192
347 185 188 189 190 191 192 194 197 198
772 184 186 187 188 200
945 190 193 195 200
745 188 194
749 187 188 189 190 191 193 194 196 200
222 188 192 193 194 195 199 200
122 194
203 193 194 195 196 198 199
273 200
394 200
235 193 198 199
296 194 196
995
528 198 200
969 197 198 199 200
771 198
398
136 200
396
