50	5	1000	1
0	183	11
0	43	8
0	48	16
0	19	8
0	30	7
279 2 3 7 8 24 26 29 31 32 33 36 37 41 46 47
287 3 5 7 9 15 16 21 23 27 33 34 36 38 42 43 48
270 5 6 7 8 11 13 14 16 20 29 32 33 39 42 43 44
211 11 12 14 15 16 19 28 31 34 35 36 39 45
278 9 11 17 25 26 27 30 33 34 35 38 41
224 11 15 16 17 18 30 34 37 39 43
210 10 15 20 22 23 24 29 30 31 33 35 42
270 9 11 15 16 19 22 23 25 31 36 40 48
276 14 15 19 20 21 25 27 30 32 36 37 41 42 44 45
278 13 16 25 33 36 37 41 49 50
211 12 14 15 19 20 24 25 26 28 32 35 37 42 44 48
264 18 20 21 23 24 26 27 38 39 43 44 46 49
236 14 15 20 24 33 35 36 37 40 43 45 47 50
296 19 21 23 25 27 35 42 43 46 49
270 21 24 26 31 34 37 46
293 18 19 26 27 31 32 33 36 38 40
218 20 23 25 38 42 44 47 48
277 19 21 22 25 27 28 29 30 31 33 34 37 44
223 23 28 29 45 48
265 22 25 27 29 31 35 43 44 47
261 30 34 38 41 42 43 44 45 46
274 23 25 27 28 30 31 32
268 29 31 32 38 41 44 48
212 26 27 33 42 44 46 47 50
260 26 28 30 33 36 44 46 49 50
255 29 31 32 38 39 40 42 46 47 50
278 28 29 37 44 45
290 31 35 39 41 42 43 45 46 50
265 37 41 43 49
270 37 42 43 47 48
290 33 40 41 44
269 37 38 40 42 43 46 49
256 34 36 40 41 44 46 47 48 50
223 35 38 47 50
260 36 44 50
297 38 44 47 49
205 38 41 44 46 47 48 49
251 47
256 41 43 47
290 43 44 46
242 42 43 47 48 49 50
213 46 48 50
240 46 48 49
218 46 49
212
233 48 49
228 50
257
275
230
