100	5	1000	1
0	132	25
0	115	16
0	176	21
0	156	18
0	185	20
43 2 5 6 13 14 17 23 25 26 28 31 42 43 45 52 54 55 59 68 71 75 77 78 82 87 88 89 90 93 95
89 3 7 14 17 19 24 28 31 35 37 38 41 42 51 52 54 55 56 59 68 70 71 76 81 82 84 93 96 97
97 4 7 12 17 21 24 25 30 31 36 45 51 53 62 64 66 70 72 73 79 80 85 89 90 92 93 95 97
80 7 10 12 16 17 18 23 28 29 30 35 38 41 44 51 53 54 62 65 70 78 79 85 87 88 89 91 93 98 99 100
21 6 7 8 10 11 12 18 20 22 24 25 34 40 44 46 47 54 57 64 67 69 75 77 78 80 87 93 94 95 99
88 8 10 11 14 15 18 23 30 31 38 40 42 45 47 53 54 62 65 66 70 73 77 78 80 81 83 86 87 88 92 94 96 100
34 8 12 18 19 22 27 31 34 35 36 42 46 52 53 55 57 60 63 65 69 71 85 89 90 93 95
20 10 12 16 17 21 23 24 27 32 43 44 47 50 54 57 63 64 66 67 75 77 79 81 83 84 92 95 96 99
80 10 11 15 20 22 26 33 34 38 39 49 50 52 56 57 62 64 66 78 82 89 90 91 92 95 99 100
86 21 30 31 34 39 40 41 43 44 47 51 52 55 56 60 61 62 63 71 72 74 76 77 83 84 89 90 91 94
88 12 14 17 18 19 22 23 29 31 32 33 36 37 40 44 46 53 55 56 63 67 70 78 79 81 85 89 94 95 96 98 99 100
21 13 15 19 20 21 22 24 26 29 34 35 38 39 42 44 45 50 52 56 59 60 61 62 65 66 67 71 73 74 77 82 87 89 99
20 21 28 31 33 39 41 42 43 44 45 51 54 56 58 63 67 69 74 75 80 81 85 89 94
72 17 19 25 31 32 33 36 40 41 42 48 55 59 60 61 63 68 69 78 79 85 92 95 96 99
28 16 20 26 28 29 33 36 38 39 41 44 48 50 51 59 60 61 62 63 69 71 73 77 82 84 86 87 88 93 96
13 19 21 23 31 35 38 43 45 53 54 56 57 72 88 89 94 98
91 19 23 25 27 30 39 43 45 48 50 53 56 60 61 66 70 72 74 82 83 85 87 90 94 100
87 29 31 32 34 36 39 44 45 52 56 61 68 72 73 75 76 77 79 83 86 91 92 94 99
34 20 23 25 28 37 45 46 47 48 54 57 60 64 67 69 75 77 80 81 82 88 89 90 94 96 97 98
96 23 24 26 32 33 34 38 47 48 49 51 54 62 65 69 80 81 96 99
79 22 24 29 31 32 37 40 41 46 47 49 55 60 63 69 70 72 73 80 81 82 83 90 93 99 100
43 24 25 26 33 35 36 38 43 44 51 53 56 63 66 68 72 75 76 80 85 87 88 92 96 98
38 25 27 29 32 33 37 42 44 46 48 52 53 55 64 65 67 68 69 70 71 73 75 76 78 82 87 90 92 96 98 99
92 25 29 31 33 35 38 40 43 44 55 57 59 60 66 68 76 78 79 80 81 82 87 89 94
74 28 30 34 36 39 44 46 47 54 55 57 62 66 68 71 76 84 86 89 95 98
80 31 35 37 38 39 40 51 52 55 57 59 61 62 68 69 70 71 75 77 78 81 86 89 91 97
51 28 29 30 36 37 43 48 55 63 64 65 71 72 73 74 76 84 90 91 95
28 40 41 48 53 54 59 60 63 69 71 73 76 78 83 87 89 92 94 96 98
87 37 38 43 46 52 53 56 61 65 67 68 69 71 75 78 80 82 84 87 93 97 98
33 32 37 38 41 43 45 49 52 60 61 62 64 67 70 77 81 83 85 86 91 92 93 94 95 98
29 36 41 44 45 46 47 50 55 57 58 59 62 68 69 70 75 80 81 84 85 88 93 96 99
96 33 38 42 43 44 46 48 55 56 59 67 69 72 73 75 77 81 83 85 89 92 96
12 39 41 44 47 51 58 59 61 64 65 70 77 78 85 88 92 95 98 99 100
57 35 39 40 43 47 50 55 57 59 63 71 85 88 89 93 97 98
52 37 40 41 46 47 49 52 54 56 57 63 69 71 72 76 81 83 89 91 92 94 100
15 41 43 49 51 53 58 59 62 66 74 80 84 87 88 90
87 40 44 52 63 64 67 73 76 77 78 80 85 86 90 92 93
25 42 45 49 51 52 54 55 61 63 64 65 66 71 74 89 95 96 98
99 40 41 43 44 45 50 51 53 57 60 73 80 81 82 83 84 87 89 91 94 98
17 43 44 48 51 53 57 62 63 64 67 68 70 71 73 77 79 82 83 85 88 89 91 96 97 99 100
30 50 53 58 68 75 76 77 80 84 86 93 96 97 98
27 43 44 45 48 52 55 56 58 62 63 64 65 66 67 71 73 76 84 89 95 96 97 99 100
78 48 52 55 57 60 63 66 67 72 74 77 81 83 91 92 93
22 45 47 52 55 56 59 62 66 67 72 73 75 77 88 90 91 92 97
70 46 48 53 54 55 58 59 64 65 66 67 74 79 82 84 91 97
65 47 60 66 68 72 76 77 94 96 99 100
88 48 49 50 52 54 60 63 64 67 68 70 77 80 85 86 87 88 89 90 93 94
75 53 54 57 60 63 74 82 90 92 94 95 97
80 51 53 54 58 71 72 73 75 78 80 93
100 52 62 63 65 66 67 70 73 74 85 86 91 98
79 52 55 56 57 58 59 62 65 68 71 76 81 86 87 92 96 97
66 58 59 60 61 64 69 72 74 76 77 78 79 81 84 85 86 88 91 93 94
33 56 63 64 73 75 78 79 80 84 87 90 93 96 97 100
70 60 62 64 65 66 71 73 83 88 97 99
20 58 61 68 75 77 81 86 87 88 89 97 99
88 58 62 67 70 78 83 85 86 91 92 100
34 64 66 73 76 77 84 85 89 96 100
24 59 68 73 74 78 85 87 91 92 93 95 98 99
24 61 63 64 66 69 70 76 82 83 84 89 93 98
54 65 70 75 77 79 82 83 85 89
55 66 67 68 72 76 82 86 94
77 66 69 70 71 74 77 80 85 87 89 90 93 97
63 66 70 78 83 88 93 97 99
48 72 75 79 80 81 84 86 92 100
55 67 70 72 79 80 88 89 93 94 98
66 74 76 80 81 85 87 88 92 97 99
100 68 69 74 76 77 79 83 88 89 90 92 94 95 96 98 100
52 72 74 75 76 77 85 91 94 99
23 72 75 77 79 85 87 89 92 96 100
50 72 73 74 77 78 84 86 88 91 92 96
100 76 77 80 83 87 96 97
73 73 77 90 91 92 94 95 96 97 99
17 75 77 82 91 92 95 100
21 76 85 86 92 96 98
36 78 82 83 92 94 95 96 98 100
89 80 83 84 90 91
33 80 85 87 98
15 80 81 83 86 91 96 100
35 81 84 87 90 91 95 98 99 100
82 84 85 87 94 96 97 99
72 82 84 85 91 93 95 99
37 93 94 97 100
27 89 92 95 98 100
28 86 89 99
22 86 88 91 94 96
43 87 89 90 92 94 95 97
38 88
67 90 94 95
85 97 100
40 93 99
97 94 95
45 97 99
40 94 95 99 100
63 95 97
45 96 99
90 99
91 98 100
87 99
25
22
