100	5	1000	10
-2	189	25
-2	186	19
-3	126	23
-5	198	16
-3	107	17
146 5 8 14 16 18 20 24 30 31 32 36 39 43 44 45 49 54 58 59 61 69 70 73 82 87 91 95 97 99
62 6 11 17 29 33 37 38 42 51 53 59 64 65 69 72 75 77 79 82 83 90 92 95 98
83 4 11 12 13 19 21 26 29 31 33 37 40 42 45 51 54 56 57 63 65 66 68 69 71 74 75 76 87 89 91 92 94 98
120 11 16 18 20 21 23 28 36 40 41 45 46 48 49 50 66 67 68 81 85 88 89 100
140 6 8 12 14 18 19 24 25 27 29 31 35 38 39 40 44 46 47 48 49 50 51 52 57 61 62 67 68 70 80 81 85 95 98 100
140 14 17 22 26 32 34 36 38 41 42 43 55 56 57 58 60 65 75 77 80 81 86 92 93 96 98 99
107 9 13 23 28 42 43 46 52 54 55 63 65 66 68 71 75 77 78 83 87 88 92 98 99 100
140 9 10 19 22 26 29 30 31 36 44 57 58 63 65 66 68 69 70 72 77 81 82 84 85 89 92
106 10 14 15 16 20 24 25 27 28 37 39 43 51 56 57 58 59 60 62 64 66 67 71 76 77 80 86 87 91 94 100
73 13 17 19 21 29 36 37 38 39 41 42 44 45 46 47 52 66 72 73 74 81 82 89 93 99
110 12 13 18 19 24 28 33 38 42 44 50 55 58 59 62 65 71 77 79 80 81 83 87 89 93 96 98 99
69 16 17 19 20 21 31 33 34 36 39 40 41 42 45 47 51 52 53 55 60 62 66 68 70 72 73 75 78 90 93 94 95 96 98
128 14 17 26 28 34 35 37 47 50 51 53 57 60 64 65 66 68 71 72 73 76 77 82 83 84 91 92 94 96 97 99
57 15 16 21 22 23 24 26 27 28 33 34 35 42 49 53 54 55 56 58 60 62 66 69 73 84 91 93 95 96 98
127 16 19 21 22 23 26 28 30 33 44 47 48 50 52 54 55 57 65 69 70 71 73 76 81 83 89 94 99
53 18 32 36 39 40 49 50 55 56 58 68 69 76 81 85 89 90 95 98
64 19 23 29 32 34 35 36 37 38 39 42 52 54 60 69 76 77 80 81 85 89 90 99
127 19 20 24 25 29 31 35 38 39 40 43 46 53 54 56 57 58 62 71 72 73 74 77 79 98 99
141 26 33 39 41 57 61 62 66 69 71 72 73 74 79 81 82 85 86 94
143 24 33 37 39 40 42 43 44 48 51 52 55 56 57 63 64 65 67 68 73 74 75 79 83 87 88 93 94 96 97 98
136 22 23 25 29 31 37 42 43 44 57 61 62 65 71 76 79 80 87
129 26 27 31 45 50 51 60 63 68 74 75 76 79 82 83 85 86 88 89 94 95 98 99
83 34 37 40 41 42 56 60 63 65 66 68 69 72 75 78 79 82 83 85 93 98
78 28 32 36 51 54 57 58 64 74 76 77 78 79 80 81 84 89 93 94 96 98 99 100
73 26 27 32 33 37 41 44 45 46 48 50 53 55 60 64 65 67 68 69 71 76 77 79 85 86 91 92 100
124 35 38 40 43 44 49 51 52 54 56 60 63 66 73 76 77 89 90 100
114 37 41 42 44 55 58 62 63 65 66 67 73 81 88 90 91 95 96 99
86 29 39 40 42 48 49 52 59 66 69 73 75 80 83 84 85 86 91 95 96 97
128 30 34 48 52 54 55 58 59 63 66 67 69 78 80 81 82 85 89 91 96
92 39 41 42 43 44 46 49 55 56 58 60 66 68 69 73 79 83 88 90 96 98
78 33 34 35 36 37 48 51 52 53 57 58 60 62 66 67 84 85 87 88 99
119 33 39 42 44 49 56 57 58 62 63 64 65 67 71 74 79 81 87 88 95 97 98
73 34 37 38 43 46 50 53 54 55 57 58 59 60 65 67 78 80 82 83 84 87 88 92 96
61 36 38 39 41 46 48 59 60 64 69 71 74 76 80 81 83 84 95 97 98
80 38 41 42 44 45 46 48 57 60 62 63 69 75 79 87 99 100
74 40 41 43 52 53 63 64 65 72 74 77 80 81 82 83 88 94 95 98 99
64 41 42 44 46 47 48 58 61 63 67 70 71 75 76 77 90 92 93 94 98 100
97 45 48 49 50 51 57 58 59 60 65 66 69 78 79 81 86 91 93 94 95 97
150 43 46 49 52 54 55 56 59 67 68 71 75 79 80 82 85 87 90 92
139 44 46 57 58 59 60 61 62 63 66 69 72 73 75 78 83 85 86 89 92
131 44 47 53 56 60 67 71 75 78 81 88 96
74 52 56 62 63 64 65 69 72 74 77 82 86 89 92 96 97 98
111 49 51 52 53 60 64 67 77 78 80 84 86 88 89 90 94 96 97 99 100
122 46 50 52 57 58 59 60 63 70 74 78 80 82 86 91 97
55 50 53 54 55 57 59 64 65 66 67 70 75 84 90 92 93 95 96 99
101 47 52 53 54 55 56 58 59 61 63 65 70 71 74 78 81 85 86 88 89 94 96
111 48 56 67 70 72 74 83 85 87 89 90 92 95 96 100
129 49 50 54 56 59 60 61 62 64 68 72 75 77 85 90 93 94
68 52 54 55 56 63 66 67 68 69 71 75 78 79 80 83 95
137 53 55 57 63 66 73 74 78 79 89 91 97 98
62 53 57 58 60 66 67 72 73 77 84 85 87 89 90 92 93 94 97 98
105 54 64 66 68 70 73 74 76 80 81 83 91 95 96 97
143 57 61 65 66 69 70 82 83 87 89 98 99 100
60 55 58 59 62 70 72 73 79 81 88 90 91 95 97 98 99
63 62 67 70 79 87 91 92 93 94 95 97
120 58 61 63 64 65 67 73 74 79 80 82 85 90 92 93 96 98
120 60 61 62 74 75 81 85 91 95 98 99
125 62 67 69 70 71 74 76 80 81 84 85 86 88 92 100
80 68 69 73 75 76 78 79 80 83 85 88 89 91 96 97 98 99
128 61 63 65 68 78 79 82 84 90 92 97 99
113 62 68 71 72 73 74 77 80 84 85 88 89 91 100
60 65 67 69 70 77 81 82 85 89 90 92 93 96
130 65 70 71 72 74 80 82 83 84 86 93
52 66 69 70 76 84 85 87 88 90 95 96 97 98
61 66 68 70 72 75 86 89 90 94 100
132 68 69 72 73 74 75 81 82 83 85 86 93 94 96
75 68 70 71 72 74 75 78 80 83 85 86 87 90 96 98 99 100
99 70 73 75 77 79 83 87 89 90 98
115 78 82 83 88 90 91 97 100
120 71 73 81 84 89 93 94 99
61 74 75 81 83 84 90 94 96 99
128 77 81 85 87 89 90 96 97
115 81 84 87 88 90 91 92 93 94 95 96
126 81 86 93 95 97 100
137 82 83 87 92 98
85 80 86 91 92 100
92 82 83 88 93 94
65 79 80 82 85 86 96 97 99
119 80 82 84 85 95 97 99 100
94 89 95 96
114 85 89 90 94 95 98
62
95 92 94 98 99 100
118 87 89 90 95 98 99
110 91 92 93 97 98
106 89 96 100
74 91 96 97 99
68 89 93 99 100
127 93
90 91 92 93 97 98
60 94
140 97 98 99 100
85 95 97 98 99
136
103 96
112 100
55 98
131
127 100
55
