50	5	200	1
0	14	11
0	18	7
0	10	7
0	18	11
0	9	14
28 5 8 12 13 19 20 22 31 32 34 42 50
39 4 6 7 8 9 12 20 22 23 27 28 29 34 38 42 43 44 45
30 11 13 27 28 30 31 37 39 50
31 6 7 8 9 10 18 19 23 24 27 29 30 33 39 41 42 43 44 46 47 48
37 8 9 13 18 20 25 27 28 31 38 48
22 7 9 10 12 16 28 29 37 42 46
39 10 11 13 14 16 17 18 20 21 22 24 26 27 28 32 33 42 43 50
26 9 10 12 18 20 21 23 27 39 42 44 49
22 12 14 20 21 30 36 37 43 44 45 47
24 11 12 13 19 20 21 26 34 35 42 43 44 45
37 13 24 25 26 30 32 38 42 49
37 14 19 20 27 28 29 33 34 38 43
30 18 19 25 29 31 36 38 44 45 46 47 48
24 20 25 27 29 31 34 35 36 39 40 42 46 47 48 50
29 16 18 19 31 38 43 44 48 50
26 18 20 21 22 28 30 32 41 44 47 50
21 22 25 26 29 32 33 37 43 46 47 50
21 19 20 22 26 29 30 32 33 35 38 40 41 43 48 50
24 20 23 24 26 27 40 41 43 46 48
37 27 30 32 39 43 44 45 46
23 22 31 32 35 37 38 40 43 44 49
36 27 29 31 38 42 48
37 24 26 31 38 39 43
23 28 31 32 33 35 37 44 45
38 31 34 35 37 40 41 43 44 47 50
33 34 35 36 37 38 46 49
29 31 32 33 34 36 37 42 45 48 49 50
31 29 31 32 37 38 39 42 44 46
37 30 33 34 37 38 40 42 45 47 49
30 35 36 37 38 39 43 47
34 33 35 40 45 46 47 48 50
40 33 35 37 42 43 48
30 35 36 39 41 44 50
23 36 40 48 49 50
22 37
22 37 42 43 48 50
35 39 41 43 45 50
26 41 42 46 49
24 41 45 46 49
24 41 44 46 47 49 50
40 42 47
28 46
27 48
34 47 49
30 46 49 50
26
37 48 50
29
32
28
