75	10	1000	10
-4	14	5
-4	87	11
-1	12	3
-3	34	10
-5	33	9
-4	25	10
-4	71	5
-3	36	4
-4	17	9
-3	96	9
120 4 10 11 18 19 20 25 29 31 34 43 52 53 55 59 61 62 63 64 70 75
61 4 6 7 13 17 18 19 22 27 28 29 32 37 39 41 51 54 62 67 68 75
128 6 9 11 21 23 25 29 30 34 35 38 39 43 52 54 62 66 69
128 5 9 10 14 16 33 37 42 43 44 45 46 49 50 51 53 63 64 68 70 73 75
60 9 15 16 31 33 35 36 38 41 42 45 50 52 60 61 69 70
129 7 13 22 29 37 41 42 47 49 54 59 63 73 74
137 13 16 20 29 31 33 34 43 45 46 52 54 56 58 60 62 65 66 73 74 75
74 9 10 13 14 15 28 29 30 32 34 35 36 42 43 44 53 59 60 61 62 64 69 70 71 72 74 75
60 13 14 15 16 17 19 21 28 30 32 36 37 38 44 45 48 50 55 56 57 59 67 73
120 12 14 16 18 19 26 27 31 34 35 36 39 48 51 53 62 63 65 68 71 72
126 14 16 19 22 25 26 34 39 41 48 49 51 54 55 71 72 73 74
61 13 18 24 28 30 31 34 35 45 55 59 65 66 68 69 71
112 16 18 19 20 24 27 29 37 38 40 45 49 52 53 58 61 68 72 75
150 22 29 32 38 39 41 44 45 46 54 58 59 62 64 70 72 73 74 75
53 16 20 22 27 30 35 46 47 50 53 64 67 69 75
131 20 22 28 33 34 36 37 47 48 53 54 55 58 59 60 66 67 70 74
69 19 21 22 26 27 28 31 36 38 44 46 54 58 59 70 74
92 19 20 22 23 24 28 30 38 41 42 43 44 46 51 55 59 60 65 66 69 70 73 74
139 23 27 28 30 31 35 45 53 54 55 59 62 65 66 75
120 25 26 27 28 30 34 40 42 44 51 55 59 62 63 69 74
143 22 29 30 31 36 37 41 43 51 56 59 61 62 65 68
68 27 28 36 38 39 44 45 52 53 57 58 61 66 73 75
127 24 27 30 33 34 36 40 41 43 45 50 62 63 69 74 75
73 28 29 34 36 38 44 47 48 50 53 54 55 57 58 63 64 65 66 67 75
136 26 45 47 49 53 58 59 62 66
52 27 29 30 31 32 34 36 42 43 45 48 49 50 53 57 58 59 60 64 67 68 69 70 75
97 28 31 33 34 36 38 42 44 53 55 59 60 61 64 68 74
55 36 40 45 59 62 64 69 75
127 37 40 41 42 45 46 49 55 60 61 64 68 73 74 75
67 32 33 35 37 45 49 55 57 60 61 64 66 67 73
118 32 35 37 38 40 41 43 44 57 58 67 69 71 72
62 33 38 46 59 67 68 69 72 74
120 36 38 40 45 49 50 52 60 61 63 64 67 69
140 37 38 40 43 44 45 46 48 49 51 52 53 56 59 62 63 66 71 74
106 36 38 41 44 45 47 48 49 50 54 57 64 65 66 69 71 74
73 37 38 41 42 43 44 46 48 49 51 53 54 61 62 64 66 69 70 73 74
110 49 50 53 59 67 68 71 74
64 39 42 53 55 57 62 63 68 69 70
110 42 43 44 49 52 58 59 64 65 66 68 69
105 42 46 50 51 53 58 59 60 61 63 64 74
128 42 44 46 55 57 65
140 43 53 55 56 62
115 44 45 48 51 69
119 45 52 58 59 61 63 66 68 69 71 73
60 56 57 58 59
128 47 48 49 52 58 61 62 63
74 48 53 59 61 62 65 67 70
64 51 53 55 57 62 65 66 72
140 51 55 57 69 70 71 72 73
90 61 62 65 67 69 71 72 73
140 59 61 69 71
57 54 56 61 69 71 74
61 58 61 63 69
106 56 57 59 65 66 67 68 70 71 73 75
92 59 60 61 64 65 69
63 61 64 65 66 67 68 70 71 74
113 59 61 62 69
67 59 60 62 65
62 60 61 62 65 67 68 70 71
83 62 64 65 66 73 75
107 63 64 75
125 64 69 75
137 65 67 73
85 65 72 74
80 66 67 70 73 74
127 67 69 71 72 74
77 73 75
68 69 70 73 74
78
80 73 74 75
103
85 74
130 74
131
65
