100	5	1000	10
-4	186	26
-4	120	20
-1	120	22
-3	143	15
-5	167	17
179 2 10 11 12 13 16 17 19 21 23 34 39 43 48 51 53 57 58 61 66 69 74 81 83 85 86 89 97 98 99 100
187 9 13 20 22 25 26 37 39 40 43 47 50 57 58 68 71 77 80 82 83 87 88 89 93 98
170 7 16 20 30 32 39 41 43 47 52 56 57 62 63 71 73 77 78 81 83 85 99 100
111 8 10 13 14 17 26 28 36 39 41 43 47 48 51 52 56 58 61 67 68 71 72 76 77 79 80 84 88 89 91 92 96
178 8 20 22 30 34 41 43 44 49 63 67 68 69 73 79 82 90 95 96 98 100
124 8 13 16 18 19 23 24 28 34 35 47 53 54 56 60 65 72 76 82 89 94 97 99 100
110 9 12 26 28 36 38 39 43 47 48 51 52 53 54 64 76 86 88 91 92 95 99
170 15 17 18 19 20 22 23 24 27 35 36 37 38 39 43 45 51 57 58 60 64 66 70 71 77 78 81 82 84 87 91 92 93 94 96 99
176 11 14 17 19 26 27 28 34 35 38 40 41 43 46 63 64 66 68 71 72 73 78 81 83 88 89 90 91
178 15 19 27 30 37 40 46 50 51 57 60 62 67 69 74 77 78 80 84 86 87 91 98 100
111 12 13 15 21 24 26 29 33 39 40 41 46 52 58 62 71 79 82 87 97 98
110 13 16 18 24 26 27 28 31 33 36 37 38 40 41 43 48 54 59 62 65 72 74 83 84 92 99
162 20 25 34 36 37 38 39 40 42 44 47 49 51 52 56 57 60 61 62 63 64 66 69 70 73 74 76 80 81 82 84 86 93 94 100
200 18 19 20 21 22 23 25 27 28 34 35 36 37 39 47 51 52 55 61 65 66 67 68 70 71 76 81 91 93 97
103 19 21 22 23 26 27 35 37 38 41 43 47 49 53 54 63 69 70 73 74 79 80 84 85 86 90 91 94 96 97 99
181 19 24 29 32 33 34 35 37 38 40 45 52 55 59 66 68 72 73 75 76 87 88
177 20 21 25 39 41 42 44 58 66 69 71 73 76 80 86 89 91 92
124 21 23 24 30 34 36 42 48 51 52 53 54 55 56 57 62 70 72 79 80 82 89 93 95 97 98
161 20 21 22 23 25 28 32 33 37 38 40 43 45 51 53 57 59 61 62 65 68 79 80 81 84 88 90 92 96 97
186 27 31 45 50 60 67 71 73 77 78 79 80 82 84 93 94
169 24 26 29 33 38 42 45 48 51 53 57 61 64 76 84 91 94 96 98 100
133 24 26 27 29 30 31 32 33 38 40 41 44 47 49 50 51 59 60 66 69 74 76 77 84 85 92 93
128 29 36 38 41 42 44 45 47 48 52 54 55 56 59 63 69 71 75 84 85 89 92 94
182 28 31 32 33 38 43 54 55 56 57 61 63 65 70 72 75 77 80 82 84 92 93 97 98 99
164 27 29 31 32 34 38 39 44 45 49 51 61 62 63 71 73 76 77 81 83 84 86
200 30 31 35 36 38 39 42 45 46 48 50 58 60 62 63 65 66 68 70 73 75 78 81 84 85 89 94
164 28 35 36 37 39 42 43 45 49 52 53 59 62 64 65 68 80 83 91 94 96 98
136 34 35 37 39 42 43 46 49 56 60 65 66 72 73 77 80 86 92 93 97 99
196 30 34 35 37 44 50 54 56 61 64 65 68 73 75 78 79 84 85 87 93 98 100
170 32 34 36 40 47 51 55 58 64 67 72 74 81 83 84 87 88 89 90 91 92 98 99
193 32 37 38 39 40 47 49 54 56 60 64 65 67 76 77 78 80 84 87 88 90 100
118 33 34 35 36 37 38 43 44 54 57 58 69 73 75 77 78 81 84 86 87 91
177 36 41 45 46 51 55 58 60 63 66 70 76 78 79 81 85 87 89 91 92 94 95
123 44 49 52 53 55 57 59 60 62 63 69 83 89 91 96 97 99
119 37 38 39 40 43 44 45 50 52 53 59 61 62 69 82 85 86 88 90 94 97 99
186 38 42 50 67 68 71 72 74 80 81 82 83 88 95 100
102 38 39 41 49 54 56 58 59 62 64 65 68 69 71 73 74 78 88 91 92 95 98 99 100
147 39 40 46 54 55 56 59 62 65 73 74 75 82 84 90 91 92 95 97
142 40 41 42 50 54 55 68 69 77 87 89 95 100
189 45 47 52 53 54 59 66 68 72 73 74 76 77 81 83 84 92 97 98 99
105 49 52 58 60 62 72 81 83 85 87 91 92 98 100
177 44 49 50 53 54 56 58 60 63 67 69 71 79 82 85 87 90 91
191 45 50 51 54 64 67 71 72 77 81 84 91 95 97 98 99 100
193 45 51 53 57 58 62 64 76 78 81 90 92 96 97
189 46 49 50 62 68 69 73 75 80 85 88 90 91 92 93 97
198 47 48 49 54 61 64 67 68 71 72 75 77 80 81 88 91 92 93 100
161 48 51 53 66 68 69 71 72 74 75 79 80 81 83 87 91 92 97 100
174 51 60 63 64 67 68 71 75 80 84 85 86 91 97 98
168 51 52 53 54 55 57 64 68 73 77 80 89
112 59 63 64 67 73 74 86 87 90 93 96 99
160 52 59 61 62 68 72 73 74 77 80 81 86 87 92 95 97 99
155 61 62 64 68 70 72 78 79 81 88 89 92 97 99 100
178 55 56 63 65 70 72 74 79 82 86 88 89 94 95 97
190 60 62 64 65 66 70 73 85 86 90 91 96 97
165 56 59 64 65 68 69 76 77 80 83 85 89 98 99 100
170 59 68 72 81 93 95 97 98 100
190 58 63 64 65 68 69 75 76 83 84 86 92 93 96
169 63 72 73 74 85 87 89 93 100
156 61 69 71 75 80 87 91 97
123 62 63 64 65 67 68 70 71 72 73 74 77 81 82 83 85 86 87 91 94 98 99
160 62 67 70 79 86 87 89 90 94
110 72 79 83 85 88 93 98 99
178 68 74 75 76 78 79 86 89 93 97 98 100
124 65 68 69 79 82 89 91 96 100
114 70 71 72 75 76 86 89 91 95
114 68 69 70 72 76 78 80 94 95
144 69 70 73 80 82 99
145 71 73 83 86 87 95 96 99
151 81 82 88 90 99
156 85 86 87 89 91 92 93 95 98
190 73 98 99
142 73 74 91 93 96 97 98 99
113 77 80 83 92 94 98 99
140 80 87 88 94 96 98
190 77 87 88 89 99
163 78 82 83 86 88 90 97 98 99 100
107 78 84 87 92 96 97
111 83 89 90 92 94 97 99 100
179 84 87 88 89 90 96
123 81 90 91 96 99
105 93 95
125 85 86 92 94 96 97 99
172 84 91 95 96
118 85 87 90 91 95 96
112 87 88 89 92 98
133 87 88 93 94 99
128 90 91 95
157 90 93 96 97 98
175 91 94 96 97 100
130 96 97 99 100
187 92 96 98 99
135 93 95
130
153 97
135 99
180 100
181 98 100
177 99 100
115
112
