100	5	200	1
0	36	21
0	40	15
0	20	19
0	32	24
0	38	21
16 8 13 19 20 23 27 30 32 33 34 35 39 40 44 52 53 58 65 68 69 72 73 77 80 86 97 100
25 13 16 17 18 19 20 28 29 35 37 39 41 44 45 47 50 51 52 53 61 62 69 73 76 77 83 84 85 87 89 92 93
29 4 10 17 26 33 34 37 40 44 47 49 52 54 58 60 61 63 64 65 67 71 72 73 76 77 78 80 88 90 96 99
10 5 7 16 17 19 20 25 27 29 31 32 33 36 38 53 66 67 68 72 75 76 81 82 83 85 88 100
27 10 11 13 16 21 23 26 29 34 36 48 49 50 51 55 58 60 64 71 74 75 83 89 91 98
28 8 11 15 17 19 20 28 42 43 44 46 48 49 51 56 60 61 62 63 64 65 70 73 78 83 85 87 95
26 8 13 15 16 19 24 34 38 39 41 43 46 53 58 62 63 65 67 68 77 82 84 92 96
25 10 16 18 19 24 26 31 34 36 42 43 46 50 52 61 63 64 75 80 82 84 93 95 97 98 99 100
25 12 17 22 23 30 34 36 39 40 42 45 51 56 61 63 65 67 71 76 79 83 86 89 90 96
17 12 15 20 24 25 27 31 32 39 42 51 53 63 75 78 81 84 90 91 99
29 12 19 22 23 28 32 34 44 46 47 48 49 54 61 65 67 70 77 78 80 81 82 83 84 87 89 90 92 94 95 99
23 17 18 20 21 24 28 32 35 36 39 43 51 54 59 61 64 70 74 78 82 83 86 90 92 97 100
21 15 16 17 18 23 24 25 27 28 30 33 36 40 44 45 47 51 58 63 65 67 68 71 72 77 78 81 84 89 91 96
29 16 18 19 25 26 39 42 43 44 45 46 52 62 63 66 68 69 76 77 91 92
15 17 21 26 28 34 35 36 37 50 54 61 65 66 69 70 73 74 79 84 86 87 90 92 93 94 96 97
11 17 20 23 25 28 33 46 47 49 50 53 56 62 66 67 68 69 70 72 74 82 84 86 88 100
12 18 20 23 24 28 30 31 35 42 43 47 48 49 55 57 62 63 65 69 76 79 82 87 93 97
24 22 23 26 27 33 35 36 41 42 47 49 52 61 64 66 68 69 77 78 80 82 83 84 85 86 89 90 92 94 96
18 20 21 22 23 27 31 32 36 39 40 42 45 49 51 53 54 63 66 70 72 73 77 82 85
13 31 32 35 37 43 47 49 56 57 59 61 66 70 75 77 78 80 87 89 92 93 99 100
14 22 33 35 41 42 45 48 51 52 56 67 73 76 77 78 81 83 85 90 91 95 98 99
17 24 27 28 30 33 37 40 41 47 50 57 59 60 62 63 64 75 78 81 89 94 99
26 31 32 34 36 37 39 40 44 49 50 55 58 59 60 62 64 66 67 68 71 72 76 80 81 82 83 87 89 94 100
25 25 28 32 34 36 39 43 45 47 49 50 52 56 59 60 66 70 75 76 77 79 89 99
22 26 29 32 38 40 44 49 58 61 65 70 74 76 80 87 88 89 92 95 99 100
27 28 33 36 39 40 44 46 48 52 54 55 56 62 67 69 70 75 81 82 83 88 93 96
27 28 37 40 42 50 57 64 69 71 79 82 84 86 88 91 92 100
17 29 41 43 47 59 62 65 69 71 75 78 80 85 88 89 92 93 94 96 100
18 30 34 35 37 40 48 51 54 55 58 61 65 67 69 71 73 78 81 83
29 34 36 37 43 47 48 52 53 62 64 65 72 75 76 79 83 87 90 100
12 41 44 50 51 53 54 66 69 76 78 85 94 96
26 38 39 45 51 53 54 59 66 70 91 92 93 94 98
26 37 41 48 55 56 57 58 60 65 68 69 71 73 77 80 83 84 87 90 92 93 94 95 96
10 37 45 52 56 68 71 76 77 78 86 88 89 90 97 98
27 37 39 43 51 53 54 56 57 61 64 68 69 71 75 78 83 84 87 89 93 97 98 100
24 38 41 46 48 53 57 67 70 74 75 76 83 86 88 92 93 96 97
12 44 52 57 58 60 67 75 76 78 81 96 97 99
24 39 40 41 42 43 51 54 62 72 78 80 82 89 95 98
13 47 48 57 60 62 63 69 78 79 85 87 91 94 95 100
17 41 44 46 47 52 54 55 57 63 66 67 71 78 80 94
24 44 45 51 52 53 62 63 65 69 70 73 74 79 84 87 93 95 96
15 43 50 57 58 59 62 66 67 70 81 82 85 86 87 89 90 94 95 98 99
13 44 46 48 51 54 56 59 62 64 66 67 69 72 75 76 86 89 90 91 92 97
19 48 49 51 57 58 60 63 70 71 80 84 90 91 92 93 94 95 98
15 47 49 50 52 56 58 61 69 70 72 74 82 85 89 90 91 95 96 98
27 48 50 53 56 58 59 65 72 73 77 78 79 87 88 96 100
22 49 50 55 56 57 60 63 70 71 77 79 85 87 88 92 93 96 98
25 50 52 54 57 58 59 64 70 75 83 87 90 92 93 98 100
27 51 52 53 57 60 64 65 66 67 71 73 81 89 91 100
21 51 53 55 61 66 71 73 75 80 81 84 85 86 90 97 99
15 55 56 61 64 66 71 78 83 85 86 93 94 95 97 100
18 60 62 64 67 70 71 74 80 86 87 90 96
24 59 66 70 72 79 82 83 85 87 90 91 92 97 100
16 57 63 64 66 72 73 75 76 78 81 87 89 95
13 57 67 68 72 74 76 79 84 87 89 90 96 99 100
13 59 61 63 66 67 68 74 79 80 86 88 93 94 95 99
24 63 69 72 77 78 80 83 87 89 93
30 63 64 73 78 80 83 88 90 96 97 99
22 60 61 62 63 70 78 80 83 85 88 90 92 95 99
10 63 65 70 72 73 79 82 84 85 88 94 97 100
16 65 66 67 68 70 71 75 82 84 87 92 93 96 97
17 71 73 75 76 79 80 87 89 91 93 96 97 98 99
10 65 72 73 77 79 80 86 87 89 90 95 96
26 68 70 71 74 77 81 88
28 67 68 73 75 84 88 94 96
26 75 77 79 81 84 86 87 88 90 91 92 97
22 69 72 76 79 80 84 86 87 88 90 96
12 73 75 76 79 84 87 88 91 93 99
21 73 76 83 85 89 90 96 97 98 99
23 72 73 74 75 76 77 78 82 87 89 90 92 99
21 72 82 83 84 86 87 91 92 97 98
20 77 79 82 90 93
25 74 81 82 84 86
19 75 79 81 82 84 89 90 91 92 94 96 99 100
20 85 97
29 79 84 85 87 95
10 78 81 82 83 84 89 90 92 93 94 95
15 82 83 84 85 87 91 94 98 99
26 81 88 89 91 93 95
14 81 85 88 90 92 93 96 99
17 85 86 90 91 95
10 97
10 87 89 98 99
25 86 90 91 95 96
15 88 89 91 92 95 98
19 89 90 91 96 98
28 98 99
15 93 100
16 90 94 95 98
22 91 97 98
21 93 94 95 97
18 93 94 95 96 100
22 94 97 98 99
14 95 96 97 100
28 98 99
16
27
29
27
30
