100	5	10000	10
-2	1989	24
-2	1785	19
-3	1059	22
-5	1807	16
-3	1692	19
1702 3 7 11 14 15 20 22 25 26 29 30 31 40 44 46 48 51 52 54 55 61 69 70 73 74 77 79 81 84 87 88 94 95
2033 8 11 13 15 17 26 34 37 38 40 50 51 53 56 60 62 65 67 78 79 81 86 90 97
2623 5 8 11 15 19 26 27 30 32 33 36 39 40 52 54 59 61 63 66 67 69 70 75 77 82 86 94 95
2954 13 19 25 27 32 33 36 38 40 42 43 44 47 48 51 52 66 67 68 70 71 75 82 85 91 94 95 98
2941 9 18 21 24 25 26 27 34 35 47 49 50 59 62 63 69 70 71 72 76 80 84 85 86 88 96
2417 11 13 14 21 22 24 26 33 39 53 56 58 59 64 67 71 77 83 88 92 98
2947 9 10 12 15 17 19 27 34 43 44 47 48 52 53 54 56 66 80 82 86 87 89 92 93 96 99
2411 10 14 23 25 35 37 38 43 45 47 52 55 60 62 66 70 71 74 75 78 80 82 84 85 95 100
1882 14 17 21 23 28 29 30 33 34 41 43 44 49 52 53 60 61 62 64 68 70 72 74 75 76 78 80 82 89 91 92 95 97 98 99
2475 13 24 25 31 32 35 36 37 47 51 59 61 64 76 77 79 82 89 90 93
1806 13 16 26 31 33 47 49 53 58 59 62 64 67 68 75 76 79 87 88 89 90 96 97 98 100
2754 16 19 25 28 30 36 38 44 50 55 57 58 59 60 62 63 67 70 75 81 84 86 89 90 92 93 94 95 96 98 100
1627 16 17 18 28 29 30 33 35 36 40 43 44 46 48 51 53 57 58 67 69 70 72 73 75 79 89 98
2733 20 22 25 28 32 36 37 48 49 50 51 52 54 55 59 60 63 70 76 80 81 87 88 91 92 95 97 99
1554 19 20 21 25 29 34 35 36 43 45 46 48 50 53 57 60 69 71 87 90 92 97 99
1737 21 32 37 38 44 48 51 55 60 62 64 66 69 82 85 89 90 94
2740 19 28 29 32 39 40 41 42 43 44 46 49 53 58 70 71 74 76 78 80 81 84 94 99
2970 21 27 30 32 34 37 41 42 46 47 49 60 64 67 72 73 74 82 84 90 100
2989 23 30 34 37 40 43 44 50 59 60 63 64 67 68 69 73 77 78 80 82 86 89 97 99
2891 22 23 24 27 28 29 30 33 34 42 45 48 50 51 57 58 59 65 67 74 77 81 86 88 94 97
2770 24 28 31 32 33 43 44 45 48 50 51 53 60 62 66 70 71 73 74 75 82 90 91 92 95 96 99 100
2032 24 27 29 31 32 33 36 41 50 52 53 54 56 57 58 59 60 62 64 65 66 69 75 79 80 81 87 91 92 93 97
1952 25 31 36 39 42 46 48 53 57 59 60 62 64 65 80 91 92 95 97 98 100
1869 26 29 30 32 33 35 38 40 42 45 46 49 51 52 62 63 67 68 69 70 71 72 73 76 80 81 84 90 93 97 98
2694 26 29 30 31 32 33 34 35 50 52 53 59 61 67 72 76 79 82 84 87 91 92 97
2533 27 31 33 36 37 39 40 46 47 48 52 61 64 70 72 73 74 78 81 85 86 88 89 95 96 99
2077 32 35 37 38 41 44 45 49 50 51 53 56 59 60 61 68 71 74 80 81 84 85 86 88 89 90 96 98 100
2751 30 31 34 35 36 37 38 40 41 44 47 49 52 57 63 65 70 71 90 92 94 98
2182 30 31 33 34 48 49 53 60 63 65 67 68 71 75 78 85 87 93 94 97 98 100
1954 37 42 52 59 61 65 68 70 71 76 78 79 81 87 91 100
2606 33 34 35 39 44 47 49 56 61 65 67 68 73 76 77 87 97
1876 33 37 38 40 42 43 45 50 59 64 68 71 73 75 76 79 80 85 92 99
1683 35 38 39 43 44 45 48 49 55 57 58 62 65 68 73 76 77 78 80 85 89 94 96 97 99
1982 35 36 40 42 44 45 47 50 54 64 67 78 79 81 82 89 93 95 97
1889 37 39 41 44 47 48 49 50 51 55 60 63 67 70 72 73 75 76 89 91
1739 38 43 44 47 48 54 57 63 67 69 71 75 81 84 85 90 92 94 98
2261 43 44 46 48 49 52 56 57 60 61 63 67 69 73 74 75 84 86 87 92 93 95 97 98
1799 39 52 53 56 57 59 78 79 80 84 85 92
2800 47 52 53 60 61 62 63 66 69 72 74 80 81 82 85 89 90 92 93 97 98
1898 42 46 47 49 55 60 61 62 64 72 76 78 79 80 81 83 84 87 89 98
2481 45 47 52 62 64 67 69 70 71 73 74 86 93 94 95 97 98
2666 43 47 48 52 54 57 68 70 72 73 77 80 89
2928 44 48 55 57 61 63 68 70 72 75 80 94 96 97 99
1582 47 49 51 54 55 63 65 66 69 72 77 78 83 85 93 98 99
2329 55 56 58 60 61 62 67 73 74 76 81 84 89 97 99
2476 49 50 54 55 56 59 62 65 70 71 72 75 84 91 93 95 97
1800 48 49 50 54 55 57 58 62 63 65 68 69 76 80 82 95 96 99 100
2900 54 58 59 60 65 67 68 73 77 80 81 83 88 95 98 100
1706 50 63 67 70 71 72 73 77 80 83 92 97 100
2389 58 60 66 67 72 80 85 87 88 89 92 95 96
2995 56 58 62 73 82 84 85 95 100
1664 53 56 60 61 68 75 78 80 81 83 84 86 87 88 94 96 99
1723 55 65 69 76 79 85 86 95 96 100
2628 61 69 70 77 78 79 80 81 84 85 88 91 92 100
2621 64 65 82 83 86 90 92 98 100
2703 57 65 67 68 75 76 77 83 84 86 92 93 97 98
1995 63 65 74 81 87 88 90 92 93 96 98
2754 59 61 64 65 67 71 74 75 76 77 85 91 92 94
2508 61 63 64 72 73 76 78 79 81 86 95 100
1668 65 69 72 74 76 77 80 88 94 96 97 98
2790 65 70 72 73 75 77 82 88 90 92 94 99
1533 66 68 71 73 74 78 79 82 86 89 93 97
1687 65 71 77 84 91 97 98 99
2824 71 72 75 76 78 81 89 90 92 93 94 98 100
1908 67 69 70 76 85 86 90 91 93 94 100
2288 67 73 79 80 83 88 90 91 96 100
2547 70 71 72 73 78 81 87 89 90 95 96 97 100
2631 74 75 76 77 79 80 83 86 89 91 97 98 100
1691 75 76 86 91 92 94 96 97 98
2753 74 77 79 83 88 89 96
2540 72 73 76 79 81 82 85 87 89 91 93
2721 73 74 75 80 82 85 89 93 94 98 99
2899 76 77 79 83 85 86 95
2063 76 78 82 83 87 89 91 92 94 95 98 99 100
2181 77 79 87 89 93 99 100
1745 78 80 82 83 84 85 87 91 96 97 98 99
2614 82 89 90 92 93 94 95 97
2217 80 83 89 91 98 99
2531 80 87 88 90 95 99
1706 86 87 89 97
2234 82 85 88 89 90 97
1694 87 100
2013 88 100
2944 95 98 99 100
2466 86 90 98
2406 87 88 89 95 100
1891 88 92 94 96
1791 89 92 94 99 100
2735 90 92 96 99 100
2149
1664 92 96
2944 94 97 99 100
2064
2891 95 96 97 98
2358 97 98
2496 97 98 100
1592
2798 99
2741
1580
