75	10	1000	1
0	186	3
0	102	14
0	169	5
0	154	11
0	179	5
0	112	7
0	133	5
0	108	8
0	128	7
0	109	10
216 5 7 8 11 15 20 23 24 27 28 31 32 34 44 47 49 56 63 64 67 75
276 5 7 12 15 18 20 23 27 33 35 37 39 40 42 46 48 54 58 63 65 66 67 69 73 75
181 4 6 8 13 15 16 17 22 23 25 27 37 39 48 49 55 70 74
214 13 14 16 18 20 22 23 24 26 29 30 31 33 47 50 55 73 74
234 8 9 11 16 23 31 33 34 35 36 37 41 42 48 56 60 62 64 69 70 73
240 8 15 18 24 38 43 49 50 52 53 55 58 59 60 64 67 68 70
252 16 21 27 31 35 37 43 44 49 50 54 56 57 60 63 72 75
231 10 11 14 16 20 21 26 28 31 37 40 41 47 48 50 54 55 57 58 63 65 66 73
227 12 19 23 26 29 36 39 49 51 57 62 63 67 69 72 75
290 16 20 21 22 28 36 43 45 48 53 55 56 62 64 65 72 74 75
183 14 17 20 23 26 27 31 32 41 44 47 51 52 56 63 68 74
288 17 21 22 23 24 25 27 31 35 38 39 42 43 44 45 47 50 51 52 57 58 61 62 63 66 71 72 73
187 19 20 22 26 27 28 30 32 37 39 40 41 42 43 44 48 51 53 54 55 57 58 63 64 65 66 67 72 74
250 18 19 25 27 28 31 34 38 42 44 46 47 50 51 55 56 60 62 63 64 65 67 70 71 74
244 16 20 27 28 32 33 38 41 47 48 50 53 57 58 62 65 71 75
159 17 23 26 27 28 31 33 38 52 53 59 72 74 75
272 18 22 28 29 33 42 43 47 50 51 59 64 65 67 69 72 75
289 23 27 31 34 36 38 46 51 53 56 60 64 70 72 74 75
198 20 22 24 25 31 43 44 45 46 50 54 57 61 63 67 68 73
158 23 24 30 34 35 36 40 41 45 47 52 59 62 69 73
159 26 29 32 35 36 37 39 40 41 42 46 54 65 70 72
235 26 30 31 37 40 44 49 53 54 59 60 65 66 68 69 72 74
295 25 26 28 32 35 39 40 43 45 50 52 54 55 63 64 65 68 73 74
211 25 28 36 37 39 40 49 53 54 55 58 59 60 63 64 68 69 72 73 74 75
290 26 28 32 37 40 42 45 47 49 51 58 60 61 64 72 75
224 33 34 35 37 40 43 55 59 60 63 65 67 68 69 72 75
205 31 32 34 43 48 49 56 57 61 64 70
154 34 36 37 38 40 43 51 55 56 57 59 62 64
245 33 37 39 41 45 46 47 50 57 63 68 70
161 35 43 44 49 54 56 58 60 61 73
297 33 34 36 37 40 41 43 46 49 51 61 63 66 68 69 70 73
197 33 34 40 41 44 46 54 61 62 64 70 72 73
165 34 35 41 43 45 51 58 59 61 62 65 70 71
185 37 38 39 42 43 44 51 54 58 60 67 72 73 75
175 38 43 45 49 51 52 56 58 61 64 65 69 70
165 37 42 43 44 45 46 48 49 51 56 58 68 69 75
283 38 39 40 45 46 47 50 57 59 60 64 65 66 67 68 72
179 39 44 50 51 55 58 61 64 70 74
212 41 49 51 55 59 61 64 66 67 71 73 75
166 41 47 50 53 61 62 64 65 68 72 74
288 43 50 51 52 60 63 66 67 74
297 43 44 45 46 48 50 53 56 59 60 65 66 68 69 70 71
171 47 51 54 58 62 64 66 70 71
179 47 50 53 56 57 59 63 66 67 69 70
198 46 54 55 59 67 69 72
257 49 52 54 55 56 65 70 75
227 48 52 60
230 53 54 55 56 58 63 64 65 69 70 72
284 50 55 58 61 66 67 68 75
165 56 59 63 71 75
241 52 58 61 65 67 70
293 57 60 61 63 64 65
283 57 62 68 69 70 73 74 75
173 56 57 60 65 73
173 57 61 70 74 75
167 58 60 62 64 74
276 59 65
300 59 62 66 68 69 70
274 62 68 69 72
185 61 62 63 65 66 69 74 75
187 62 67 75
272 68 74
153 64 67 74
275 67 68 74 75
224 67 69 71 75
205 67 70
202 70
223 69 72
248 70 71
216 71 73
257 75
220
286 75
168 75
155
