200	10	1000	10
-4	181	25
-4	111	25
-1	108	15
-3	110	18
-5	125	23
-4	195	21
-4	128	14
-3	107	18
-4	149	19
-3	101	22
170 2 5 6 10 11 13 14 26 27 33 38 42 45 46 47 48 50 52 54 56 58 64 67 68 70 71 72 73 75 76 83 90 91 94 97 105 116 125 127 133 136 138 139 142 143 146 148 151 153 154 156 161 169 174 175 176 179 186 190 191 197
111 4 10 11 13 14 15 16 17 24 25 27 28 31 34 36 42 43 45 51 53 54 60 62 64 72 78 86 87 88 89 91 105 108 110 113 119 120 124 125 127 128 130 131 132 135 140 142 143 145 154 158 159 160 162 166 167 169 170 177 186 188 189 193 194 195 198
178 7 8 10 18 22 25 29 31 33 34 36 50 52 53 61 62 69 72 74 81 82 83 87 93 95 97 100 103 107 111 112 114 117 122 126 127 129 132 133 134 146 147 153 155 156 157 159 160 167 171 175 178 180 184 190 193 195 197 200
178 15 17 21 23 24 26 27 31 32 34 39 43 45 49 51 53 54 60 64 70 73 76 77 82 83 85 92 96 98 99 101 104 106 113 117 121 122 131 141 144 148 151 153 154 159 162 167 169 171 174 175 177 179 182 183 184 188 193 195 197 198
110 6 10 12 13 14 21 22 23 24 34 37 40 41 47 49 50 53 64 66 67 74 75 80 83 84 85 86 87 88 90 98 99 100 102 108 114 120 122 123 131 133 134 135 138 139 140 144 149 150 151 157 160 163 167 171 174 175 178 181 183 185 187 191 194 197 199
177 11 13 14 18 19 20 26 29 34 35 37 44 45 52 54 60 63 65 66 72 82 87 90 93 94 100 103 109 113 115 116 117 118 119 121 123 134 135 136 148 153 157 167 176 177 181 188 192 195 196 199
124 10 13 19 20 25 26 29 30 35 42 46 49 51 55 57 59 63 67 70 71 72 75 77 79 85 87 89 92 97 99 104 105 117 122 126 127 129 130 131 134 138 141 143 148 151 152 153 176 179 187 188 191 194 195 197
186 10 12 14 17 33 37 40 43 44 45 46 47 48 51 54 56 61 70 74 75 77 78 82 83 86 89 91 92 96 100 101 103 106 110 114 116 121 123 137 141 142 143 147 149 152 156 157 167 168 170 171 173 178 179 180 190 191 198 200
169 10 16 24 28 29 34 37 38 39 43 45 47 49 51 54 58 59 60 62 63 64 69 71 72 76 77 79 81 85 88 89 96 97 98 101 103 109 112 113 120 128 129 131 132 133 135 136 143 146 147 148 149 152 153 154 158 159 160 166 170 173 175 178 185 188 190 196 199 200
164 11 14 15 16 17 18 24 26 27 28 32 34 35 41 42 46 62 63 67 70 73 77 79 80 88 91 102 108 110 112 119 124 128 132 151 155 156 157 162 165 169 170 176 177 179 184 191 194 198 199
200 14 23 26 35 41 43 50 51 61 70 71 72 82 83 84 85 89 90 92 93 95 103 104 105 108 110 113 117 118 119 120 123 124 129 132 136 141 142 143 144 145 148 151 152 167 168 170 171 182 190 192 194 199
158 22 24 27 32 35 38 41 42 43 44 45 48 52 57 63 67 75 81 84 89 91 92 93 95 97 98 99 102 105 106 109 117 123 125 131 134 137 138 139 144 145 148 154 157 163 164 172 174 177 182 185 187 194
169 18 19 31 32 33 37 41 48 50 51 53 56 61 64 65 72 77 78 80 83 84 85 88 91 93 96 105 111 113 115 116 118 124 126 127 128 129 137 140 141 145 150 156 158 160 163 164 166 167 170 171 175 178 182 183 184 185 186 187 188 191 192 193 197 198 200
151 18 19 27 32 34 36 43 50 52 56 57 59 60 64 65 66 70 71 72 74 75 76 77 81 83 87 96 100 101 102 105 112 113 119 125 126 134 136 142 143 145 151 154 155 156 157 158 163 173 175 176 181 186 190 194 198 199
121 18 21 25 28 29 34 37 44 46 50 51 53 57 58 66 69 71 74 80 92 94 95 98 102 108 111 113 115 116 123 126 127 132 135 136 137 139 144 145 149 151 154 160 165 171 176 185 186 190 200
104 18 21 22 25 26 30 31 32 36 42 46 57 58 63 64 65 66 69 73 75 77 79 80 83 84 86 88 94 99 103 105 107 110 113 114 116 118 120 121 124 128 132 134 135 140 145 149 150 152 153 156 160 161 162 164 180 184 191 194 195 200
153 19 26 28 35 36 39 41 42 47 56 57 71 76 79 83 84 86 87 88 94 96 97 99 100 105 106 110 111 113 115 123 124 126 129 132 137 139 144 145 147 149 150 151 153 155 157 159 161 162 166 167 169 179 180 181 182 186 190 197 200
127 19 22 24 25 31 33 34 39 49 53 61 65 72 76 78 83 85 86 87 90 91 93 96 99 100 104 108 112 116 122 124 128 129 131 136 141 145 146 147 149 150 152 154 155 163 169 172 183 192 200
191 22 23 24 29 31 41 55 58 67 74 78 81 82 88 90 92 94 103 104 107 116 118 119 121 123 125 131 132 133 134 137 139 142 143 146 147 148 149 152 173 175 176 178 183 189 192 194 196 198
186 25 28 34 44 47 48 51 56 59 61 66 71 74 83 87 89 91 97 99 108 119 120 121 124 129 132 139 140 142 149 150 151 152 153 154 155 158 159 160 164 167 171 172 174 175 176 177 181 184 187 192 194
105 22 23 24 26 27 30 31 34 40 51 56 57 58 61 63 66 69 77 78 80 82 85 86 90 98 100 101 104 110 111 117 119 122 125 132 136 145 146 154 155 157 158 170 183 185 191 193 196 197
126 32 33 37 43 44 49 50 51 56 58 60 61 66 69 72 74 75 77 78 83 89 93 94 106 107 110 112 116 119 125 126 128 132 139 140 141 143 146 147 151 155 156 158 159 161 163 164 172 179 183 191 196 199 200
117 24 25 27 28 40 42 45 46 47 53 54 55 57 58 67 77 78 79 85 86 92 93 106 114 115 116 124 125 128 134 140 146 148 151 153 155 165 166 170 177 180 182 190 192 195 197 198
134 25 28 32 36 39 48 52 59 61 65 71 77 82 85 92 93 97 101 105 109 110 116 125 127 130 133 134 136 146 147 152 153 155 159 160 161 165 169 173 175 179 184 186 191
138 34 47 48 49 50 52 59 61 67 73 75 76 79 83 89 92 97 103 110 114 117 118 123 129 132 133 137 138 139 140 144 145 154 157 161 163 164 171 175 179 184 188 189 193 194 197 198
179 30 33 34 35 38 49 50 52 54 55 58 59 64 67 71 72 75 77 81 86 88 90 95 106 111 118 122 123 124 126 133 134 142 143 148 154 155 159 163 164 168 169 171 172 173 174 175 177 178 179 181 182 186 191 192 193 194
187 29 35 45 46 51 58 59 63 64 65 70 72 75 77 80 91 92 100 102 110 111 118 120 121 123 124 127 129 130 134 135 136 138 140 142 145 146 148 154 157 158 165 166 168 170 178 179 181 182 183 185 187 189 193 194 200
124 31 36 37 39 45 50 53 55 57 59 61 63 65 67 68 70 71 75 77 78 84 85 87 89 90 96 99 104 106 110 112 121 122 123 124 126 127 128 129 135 137 138 141 148 149 150 151 155 164 165 174 180 183 184 185 189 193
110 30 32 35 38 41 45 47 52 56 57 70 75 76 84 86 87 99 100 101 102 106 109 114 118 123 129 135 136 137 138 140 144 146 148 150 152 154 155 157 159 167 171 172 174 175 180 185 187 191 196 197 199
170 32 34 36 40 44 45 47 48 50 51 54 55 56 57 60 62 65 77 82 89 90 92 99 100 103 105 107 108 109 112 117 118 120 122 129 130 136 139 140 144 145 155 156 158 163 164 173 174 178 180 184 190 191 198 199
176 32 34 38 39 40 45 52 68 76 79 83 89 90 91 92 94 100 101 104 107 115 116 117 125 127 130 137 147 153 155 156 159 167 168 172 178 181 182 195 196 198
111 41 42 44 49 54 55 59 66 69 72 73 74 80 100 102 104 107 108 114 118 119 124 125 134 145 148 152 156 163 179 186 188 191 196 198 199
162 43 45 46 47 54 61 67 68 69 71 74 76 85 87 89 95 97 98 100 105 108 109 111 112 113 115 117 123 127 130 132 134 158 159 162 175 179 180 182 183 184 185 187 193 197 198 199
200 35 38 39 41 45 46 49 51 52 53 55 59 60 66 67 68 72 75 77 80 82 87 89 92 95 96 100 101 103 106 109 110 112 113 121 122 129 131 132 134 147 150 151 153 155 156 157 158 161 168 172 174 179 180 188 193 195 196
103 37 46 47 48 55 56 57 62 63 66 67 70 71 78 80 81 82 84 85 92 95 104 110 121 124 130 136 137 143 146 148 160 161 167 175 182 184 185 190 191
181 37 39 41 45 51 55 58 60 63 67 68 69 70 71 74 79 81 82 84 87 88 96 97 103 105 109 110 112 117 120 128 129 130 136 137 140 147 150 151 159 160 167 168 175 179 180 183 184 185 186 189 190 194 195 199 200
161 41 49 51 52 55 61 64 65 69 70 77 79 81 82 85 88 89 94 96 102 113 115 116 117 122 131 136 140 146 147 151 156 157 160 161 165 168 170 173 179 181 186 195 198 200
133 42 43 47 48 49 53 56 61 63 69 71 72 73 79 81 85 91 99 103 105 106 110 118 119 126 134 136 139 142 146 150 153 154 155 162 163 165 168 170 173 175 184 186 192 195 197
128 43 48 50 51 52 53 70 73 79 81 82 83 84 85 89 91 92 93 96 100 104 107 112 113 118 120 126 127 129 131 133 134 137 139 140 147 156 168 169 170 171 176 178 185 189 193 195
182 46 49 59 60 63 64 65 66 75 76 78 80 84 88 89 92 95 98 109 111 116 118 119 137 138 144 146 148 150 155 160 161 162 170 174 176 179 182 190 194 195 196 197 199
142 45 47 57 58 60 63 69 77 81 83 85 88 92 98 101 110 113 115 119 122 125 128 139 143 150 151 165 166 171 172 175 177 181 182 187 193 194 195 196 197
100 44 48 50 51 54 56 59 60 62 70 71 76 77 78 82 85 86 87 88 89 91 95 96 99 102 109 112 113 117 118 122 123 128 129 130 132 134 140 142 150 157 160 162 164 168 173 176 181 183 184 185 190 195 196 197 198
192 50 52 53 55 58 59 70 71 73 74 77 82 83 84 85 89 95 97 101 108 109 110 111 113 114 117 118 122 125 131 133 135 140 142 143 144 158 159 162 163 166 168 171 173 183 185 195 196 198 200
124 45 47 48 53 54 57 59 64 66 70 71 73 75 82 84 85 90 100 103 106 109 115 122 125 129 133 137 139 141 143 147 148 155 168 177 179 181 182 185 195 198 200
177 47 51 54 56 57 59 63 69 70 73 75 78 87 96 97 99 100 108 117 120 124 130 131 134 136 138 139 140 145 147 154 160 161 168 169 170 172 175 176 177 179 181 189 191 195 199
102 50 52 56 58 61 63 70 72 73 81 91 94 100 101 102 105 111 118 121 126 127 128 131 133 135 136 144 145 146 147 155 159 162 165 170 172 174 180 182 183 188 195 196
132 52 58 60 64 67 68 76 77 78 79 80 81 85 90 92 95 98 108 110 112 113 114 118 126 130 131 139 142 145 148 149 151 155 157 159 163 164 165 169 174 175 176 177 178 182 185 186 188 196
143 50 52 59 69 70 71 72 75 77 78 79 81 90 91 95 96 99 103 104 106 107 110 113 122 125 129 130 136 137 140 141 142 145 148 149 151 155 156 158 160 173 177 178 179 192 193 196
138 57 62 63 67 68 69 70 71 72 75 78 79 80 92 94 95 99 102 104 111 116 117 123 129 142 144 146 153 157 159 162 165 168 169 170 181 182 183 188 190 191 194 198 199 200
112 55 57 59 67 68 69 72 74 75 76 79 80 82 94 95 100 103 106 109 112 113 116 118 119 124 126 127 135 137 138 139 142 145 152 160 163 168 171 173 176 178 181 184 185 187 192 194 198
119 54 56 62 67 71 73 75 79 90 96 97 100 102 103 111 113 114 117 119 128 129 130 132 134 139 140 145 147 158 162 166 167 172 174 176 180 182 186 187 189 190 192 193 194 198
142 59 64 66 71 72 74 75 76 79 84 86 94 97 101 106 110 115 120 122 126 130 131 134 141 142 148 150 154 156 157 166 168 169 170 177 178 184 186 190 191 192 193 200
189 58 61 63 69 72 76 85 97 98 99 102 106 112 114 116 117 118 122 136 137 138 140 144 145 148 151 152 155 157 158 159 162 163 164 172 177 180 181 185 195 196 197
191 57 58 59 63 64 67 68 75 78 84 86 90 92 93 94 102 107 108 111 113 114 116 117 119 121 123 130 136 139 140 147 148 150 153 154 155 158 161 167 169 175 176 182 189 193 194 197
189 56 58 63 64 67 68 72 76 80 88 96 102 106 109 110 119 122 123 126 130 133 135 136 138 141 142 143 148 149 152 154 157 163 165 167 173 177 180 181 183 184 187 194 196 199 200
120 65 69 72 79 80 93 102 105 106 109 113 114 116 124 127 130 131 133 136 138 139 141 145 147 149 152 153 154 155 159 163 167 169 176 178 184 187 188 190 191 193
101 65 71 73 78 81 84 85 89 90 92 96 98 99 100 104 105 106 108 109 113 114 120 126 127 131 132 133 135 138 141 144 148 149 150 154 155 157 158 159 160 161 164 166 168 170 174 176 177 180 185 198 199
157 61 65 66 70 74 79 81 82 83 84 96 99 100 111 112 119 120 126 128 129 130 131 132 133 134 135 144 151 152 157 161 162 163 170 176 179 181 183 184 185 186 187 189 190 191 192 193 196 197
101 63 64 67 69 70 72 77 78 81 82 83 84 87 89 91 92 95 97 110 112 114 117 121 122 129 131 132 133 138 141 142 147 148 153 157 159 162 166 173 177 188 189 192 193 195
112 65 66 69 74 75 77 83 96 103 105 110 112 114 115 125 130 135 137 138 139 140 142 144 146 151 152 158 161 163 165 171 182 184 191 193 194
183 63 64 65 70 79 89 94 95 101 102 103 106 116 121 123 136 137 138 142 146 149 162 166 170 179 180 187 193 194 195 197 198
135 64 69 70 72 73 74 77 81 86 88 95 96 100 102 103 109 111 112 123 128 129 132 133 135 137 142 145 147 148 152 159 162 164 167 173 174 175 178 186 187 191 194 196 200
134 64 70 76 78 79 81 87 91 95 103 106 108 110 115 116 128 129 131 134 136 142 149 151 154 158 162 165 168 169 171 173 174 176 178 179 180 188 197 199
119 65 68 70 72 74 76 81 84 86 88 91 99 101 102 105 106 109 110 112 113 116 121 126 127 129 139 147 150 156 160 166 174 177 179 184 186 189 191 193 194 195 197 200
121 66 70 72 76 78 87 91 92 93 96 105 108 109 110 111 113 116 117 126 128 134 138 140 143 148 149 153 158 159 169 178 180 183 185 188 189 191 195 197
170 67 72 73 75 76 82 84 86 87 88 96 99 101 111 115 117 120 123 125 127 131 132 134 135 144 145 146 147 148 149 150 154 156 158 162 169 170 171 173 174 176 177 179 181 183 187 193 200
193 71 72 77 78 79 80 81 83 87 88 91 92 94 96 97 98 99 100 102 104 118 122 123 127 137 138 139 141 149 150 152 154 156 164 165 168 172 173 177 179 180 184 185 186 191 195
118 71 75 77 84 89 90 94 100 103 123 125 130 132 133 134 136 137 138 139 141 142 147 148 152 154 155 160 162 164 178 183 187 189 194 195
177 70 72 84 92 97 98 103 104 105 107 109 111 115 117 118 120 125 137 138 145 147 148 149 150 151 158 159 167 169 179 185 187 191 192 196 198 199
123 72 75 77 79 86 88 91 93 97 100 102 103 105 106 110 112 115 116 117 118 120 124 130 135 138 140 147 156 161 163 164 169 176 177 179 183 184 186 189 196 197 200
186 72 74 76 77 81 85 86 87 89 90 91 95 99 101 105 106 129 133 139 141 146 147 148 150 153 154 155 159 162 163 169 170 174 175 179 180 186 191 196 199
102 73 74 76 79 85 87 88 90 91 92 94 97 98 100 101 103 104 113 122 126 128 133 136 137 141 142 143 144 147 151 152 156 163 165 166 169 170 172 175 182 183 188 191 194 195
147 74 75 78 79 86 87 90 91 94 96 101 106 107 113 119 120 122 124 125 128 133 135 145 154 158 159 162 171 177 178 182 184 190 191 193 194
105 79 80 81 82 84 85 86 92 96 97 102 108 110 114 117 118 124 132 136 139 143 145 147 153 156 157 159 160 163 164 165 169 171 176 183 184 190 194 197 200
177 77 78 82 83 85 90 94 105 120 125 126 127 128 132 136 138 140 144 157 158 161 162 165 172 174 181 185 187 192 196 199 200
193 77 81 83 85 95 99 101 103 110 112 116 118 120 123 125 126 128 129 130 132 135 138 139 142 145 146 151 152 153 157 158 159 160 161 162 165 167 178 184 187 199
198 78 82 84 86 88 93 96 99 103 104 107 111 119 121 128 130 131 135 137 143 144 150 151 153 156 159 161 162 165 166 167 168 172 180 182 184 189 190 191 192 194 199
197 79 81 86 89 94 96 99 105 106 108 112 119 123 130 131 138 143 144 146 148 151 157 158 159 163 175 177 179 182 183 195 196
128 81 84 85 88 90 95 98 100 109 110 122 126 128 130 133 144 146 151 154 159 160 162 163 164 165 166 167 174 186 189 191 199
170 81 82 84 85 86 94 97 98 100 102 107 108 115 117 120 126 132 133 135 140 142 154 155 159 161 162 163 169 176 178 179 180 182 191 193 199 200
138 82 84 88 94 95 96 99 101 103 105 106 108 111 113 115 117 118 123 124 125 127 129 133 135 136 137 140 141 145 148 150 151 153 171 173 179 181 186 190 191 194 200
148 83 84 85 88 89 90 94 95 97 98 99 106 107 114 116 124 125 130 133 137 139 147 152 155 158 162 164 169 174 175 177 180 182 185 190 192 197
106 84 86 88 89 90 93 98 102 107 109 113 114 115 118 120 121 123 127 128 130 134 137 138 139 142 144 148 150 152 155 158 161 167 170 173 180 181 190 191 192 197
117 86 92 95 103 104 108 109 110 114 131 132 133 138 141 147 148 149 160 164 165 166 167 170 171 172 173 175 187 190 193 196
168 90 93 94 98 100 102 105 109 112 115 121 122 123 127 131 132 137 138 143 144 150 153 160 163 164 171 173 179 184 186 192 195
112 89 93 96 107 114 118 119 121 123 124 125 127 128 129 131 133 141 146 148 150 156 158 159 160 164 172 179 180 182 188 191 194 195 200
170 88 89 91 92 96 102 112 113 114 117 119 121 128 132 140 141 144 148 151 157 161 162 163 164 165 166 168 173 177 178 186 188 193 194 196 198
190 89 91 94 95 96 97 101 106 107 109 113 116 117 122 129 133 142 154 158 159 164 166 172 180 183 187 188 189 194 198 200
156 99 100 102 103 105 109 113 120 121 122 127 132 134 137 139 141 142 143 145 146 147 152 158 159 170 171 173 174 176 179 184 196 198
123 92 100 105 106 107 108 110 111 112 122 124 130 132 138 139 140 141 142 150 158 161 162 168 169 174 180 184 195 198
160 92 96 99 100 104 105 114 117 118 120 124 126 127 128 135 144 148 154 160 170 171 172 173 180 182 185 190 191 194 198 200
114 96 100 103 104 105 108 109 110 117 120 131 133 135 138 139 140 143 145 147 148 150 151 152 153 154 158 159 160 162 163 167 168 169 171 178 183 192 193 195 200
144 94 95 101 102 103 106 107 110 112 121 122 123 127 128 131 138 139 142 145 146 149 153 156 157 159 161 167 172 175 178 182 188 192 195 196 198
145 95 99 100 101 103 104 106 109 110 112 113 115 117 120 121 126 128 131 132 133 134 138 140 142 148 149 158 170 174 176 177 178 179 184 185 186 188 190 192 193 194
115 98 101 102 103 104 105 107 108 111 112 114 127 128 133 134 135 143 145 151 154 156 157 165 166 168 172 174 177 178 179 182 183 185 186 187 191 194 199 200
119 97 103 131 138 140 145 149 151 153 154 155 157 158 164 165 167 170 171 174 176 182 184 188 193 194 197
117 98 101 109 112 127 129 132 137 138 139 149 151 154 155 156 157 164 165 166 168 169 171 176 177 181 182 183 184 189
149 104 106 107 110 112 119 122 123 125 129 134 136 142 143 144 153 156 160 162 163 168 170 174 175 178 181 182 184 185 186 187 197
189 102 105 109 113 114 116 119 122 127 130 134 135 139 143 144 145 147 148 154 156 159 160 172 173 175 177 179 180 184 188 189 193
159 102 107 108 109 110 112 123 124 128 129 130 133 135 138 139 141 145 147 149 151 155 163 167 169 171 173 174 178 186 187 193 194 196 197 200
188 103 104 108 111 112 113 114 115 118 121 122 124 127 130 137 140 141 143 145 146 147 150 166 167 168 169 173 174 179 183 184 186 187 190 191 193 194 197
157 106 119 122 127 143 145 147 149 150 160 161 163 164 169 174 178 179 182 187 189 195 197 198
171 105 111 114 118 120 121 130 132 136 137 140 143 146 151 152 154 158 167 168 171 173 174 176 179 180 186 187 191
114 108 118 121 125 127 131 132 133 136 137 141 142 145 150 152 159 160 170 174 181 182 192 196 197 198 200
122 106 107 121 123 134 136 142 143 144 148 161 163 165 168 170 171 173 175 177 180 181 185 186 187 191
153 113 125 131 133 142 156 161 165 166 167 168 175 179 180 186 187 190 195 197 199
160 108 115 119 122 129 138 140 145 147 151 152 154 155 157 161 162 163 168 171 173 177 181 184 194 196 198
155 111 117 118 129 134 136 138 142 143 144 147 152 153 154 160 163 165 167 169 170 173 175 184 188 193 195 196 198 199
178 110 112 114 121 124 129 133 137 139 144 150 159 162 165 171 177 179 181 187 188 194 196
190 111 112 113 119 120 121 124 126 129 131 132 135 137 151 156 157 158 160 161 166 170 174 175 176 177 179 180 181 182 185 189 192 196 197 198
165 113 120 123 127 129 139 147 150 152 153 156 163 164 165 167 174 175 179 180 198
169 118 122 127 129 133 136 138 142 144 146 150 153 154 158 177 179 184 185 186 188 192 199
110 114 115 117 121 124 125 128 131 133 134 135 137 139 141 147 148 149 152 156 160 162 163 164 168 177 180 181 184 197
178 116 117 118 121 129 132 134 141 144 146 152 156 165 169 171 172 174 178 179 180 185 191 193 200
124 116 119 120 122 124 125 127 128 132 140 141 142 143 147 154 158 164 166 176 184 189 190 191 192 193 194 197
114 120 123 124 129 132 135 136 137 141 145 147 150 152 158 163 172 173 174 176 182 183 184 188 199 200
167 118 119 126 127 128 129 130 133 138 145 149 156 158 159 165 166 167 170 172 175 176 177 183 186 189 191 194
149 120 121 122 127 132 133 137 139 141 145 149 152 155 157 163 166 172 175 177 178 180 187 190 199
175 121 127 129 136 137 142 144 146 147 149 153 160 168 171 173 177 178 179 185 188 190 197 198 199 200
120 124 128 129 130 131 136 137 139 140 142 149 154 159 160 163 167 170 174 176 186 191 192 196
114 122 124 128 131 135 136 137 151 154 155 156 160 166 167 174 181 186 188 189 190 192 193 194 197 198 199 200
146 123 126 128 129 138 141 144 148 149 150 155 157 166 172 173 177 178 189 191
143 131 132 133 136 137 139 142 143 145 146 149 152 156 157 158 159 161 162 164 166 167 168 170 174 175 176 184 188 190 192 197
191 130 138 143 145 152 154 155 156 160 161 164 171 178 179 180 185
150 133 135 139 141 145 148 152 154 158 159 164 166 168 173 177 178 181 186 187 192 193 194 195 200
115 127 130 135 143 146 148 149 150 153 161 166 171 172 174 179 180 183 191 195 196 198 199
194 128 133 134 136 138 143 147 149 152 153 158 159 163 164 166 172 180 181 182 185 186 189 191 193 196 197 198
190 134 138 142 146 147 151 152 160 166 170 173 184 187 193 194 195 196 199 200
140 132 136 141 142 146 151 153 154 157 169 171 173 175 179 182 185 186 193 194 197
190 133 134 136 141 147 149 150 151 156 165 173 177 180 182 184 190 194 195 196
107 132 134 139 140 142 143 144 149 158 162 167 176 177 178 179 183 184 185 187 190 199
111 135 144 146 147 155 156 158 160 162 166 171 177 178 180 183 189 191 193
179 134 138 141 142 146 148 151 155 156 168 170 172 173 177 178 180 182 187 190 198
123 136 137 140 141 143 146 148 153 154 161 168 169 172 179 180 188 189 192 193 194 195 197
125 136 137 139 140 145 149 151 153 156 160 161 166 167 173 176 179 183 187 189 192 198
172 139 140 143 144 145 146 149 152 155 158 159 160 161 165 172 178 180 186 188 189 196 198 199
183 138 142 144 146 149 150 153 168 171 174 175 177 181 195 198
186 145 148 149 150 151 160 163 166 179 185 186 188 200
140 143 150 156 158 159 160 164 167 171 173 174 182 185 189 190 192 194 195 197 200
147 144 145 146 161 164 167 172 173 176 183 184 188 196 198 199
142 143 148 158 171 173 176 180 181 191 199
156 145 150 155 156 164 165 175 176 177 180 194 196 197 198
142 144 145 146 149 154 169 170 171 174 175 178 180 182 185 187 188 194 199
113 145 147 148 151 152 153 156 157 166 167 170 171 172 174 175 176 177 182 183 185 188 189 191 192 193 196 197 199
163 146 160 161 165 176 178 181 182 184 185 188 189 190 192 196 197
105 147 153 155 161 165 171 172 174 179 186 189 190 192 195
172 149 152 155 159 167 169 174 183 189 192 194 195 196 198
187 151 159 162 166 171 174 181 192 195 197
145 150 151 155 156 172 175 178 180 185 186 188 190 192 193 197 198
148 151 152 160 164 168 169 172 173 174 177 180 182 183 184 188 189 196 197 199 200
108 152 153 154 158 159 162 163 166 173 174 191 200
141 154 158 161 165 175 177 179 185 193 194 196 197 198 199
150 154 155 163 164 165 166 167 168 170 172 174 175 179 183 184 187 197 198
191 162 165 172 175 176 178 182 186 191
181 157 159 160 161 167 180 182 188 194 199
193 157 159 168 173 174 176 177 184 188 189 190 191 192 198
143 158 175 176 177 178 180 182 184 195 196
114 162 163 168 169 170 175 176 177 181 182 191 192 199 200
154 162 163 165 166 171 173 178 179 180 182 184 186 191 193 194 196 200
117 162 163 168 173 180 184 187
112 162 163 168 171 177 182 186 188 189 190 191 193 199 200
133 167 172 184 185 200
157 165 166 169 172 177 179 181 188 190 191 197 198 200
175 165 166 167 168 169 170 172 180 182 191 193 198 200
187 167 168 169 171 179 187 189 190 192 193 197 198
135 175 180 187 189 190 193 199 200
130 170 174 178 179 180 181 191 198 200
177 170 176 177 179 183 185 187 189 190 191 196 199
139 170 171 172 175 177 182 186 194 197
188 174 176 178 179 182 185 187 189 190 197 198
162 175 178 179 186 190 192
177 175 181 187 194 195 197 199
178 175 176 178 182 199
183 183 186 188 189 196 199
122 176 179 184 188 193 194 195 198 199 200
116 179 180 185 188 195 199
193 181 185 186 187 193 195
161 179 190 191 195 196
127 182 185 190 191 192 196 197 198 199
118 184 185 190 192 195 197 198 200
128 184 186 189 192 197
130 184 185 188 190 191 193 195
153 189 192 193 198 200
135 188 192 193 196 197 199 200
180 188 192
181 193 194 197
115 189 190 193 198 199
112 192 195
156 190 191 192 194 199
136 200
116 194 197
124 193 197
153 194
153 200
105 196 197 198
183 197
137
104
137 200
148
