200	5	200	10
-4	39	44
-4	12	35
-1	29	42
-3	14	38
-5	24	41
22 5 8 10 11 13 15 16 19 20 25 29 33 43 46 49 51 52 54 56 60 62 63 67 72 84 86 90 102 104 106 107 108 110 112 115 118 123 126 131 139 145 150 154 156 165 167 169 171 174 176 181 182 185 186 193 195 198 200
37 6 19 20 34 35 37 40 41 45 52 53 54 55 57 63 74 77 79 80 81 82 83 86 88 92 99 100 115 116 117 118 121 124 127 128 130 135 137 140 141 142 155 159 161 167 169 170 171 172 173 181 182 188 191 199
22 7 10 13 20 22 23 25 31 44 47 50 51 53 54 55 58 59 60 68 72 75 78 80 81 82 90 91 93 95 98 102 103 105 106 107 108 112 116 118 121 124 132 137 142 147 154 159 163 171 178 179 181 187 189 190 197 200
39 6 9 10 11 15 16 18 23 28 36 38 42 47 49 53 54 56 57 62 65 67 69 70 71 76 77 82 85 88 92 93 94 97 100 103 104 105 106 107 111 112 114 116 119 121 123 125 126 129 130 133 137 139 148 149 150 152 157 161 167 176 183 184 193
26 6 8 10 11 12 14 16 19 20 22 26 27 29 31 32 33 36 38 41 42 46 48 50 51 56 59 61 65 69 70 72 74 75 79 80 81 82 92 97 98 99 100 103 104 105 107 108 111 117 118 120 121 123 125 136 137 138 140 146 150 151 154 156 157 161 163 164 166 169 170 174 175 181 182 186 187 188 195
22 7 8 9 12 13 16 17 28 30 31 32 33 35 42 43 51 52 56 58 60 63 65 67 75 79 82 86 87 88 89 97 98 99 101 105 112 119 127 129 146 152 153 158 159 160 163 171 174 179 180 182 184 186 187 189 199
24 9 11 13 17 18 19 23 25 27 32 36 39 41 43 46 49 50 53 64 66 69 75 78 79 80 81 93 94 96 108 110 116 119 123 124 131 135 136 137 139 143 144 145 147 149 157 165 166 168 171 175 176 177 180 184 188 189 194 195
37 9 11 12 17 22 28 32 33 34 35 36 38 39 41 48 51 52 54 57 58 60 61 62 65 67 72 74 75 81 82 83 87 95 99 103 108 110 111 114 116 117 120 122 124 125 136 139 140 143 148 150 151 153 155 161 163 164 165 166 168 173 174 178 182 183 184 189 193
35 14 17 20 26 29 33 34 39 40 48 49 53 54 55 57 58 59 60 67 69 72 73 75 76 78 83 90 98 101 104 105 110 111 116 117 118 121 123 125 128 130 140 147 148 153 164 172 173 177 181 186 187 189 191 193 194 195 197
24 11 12 15 16 19 20 23 24 25 26 30 38 40 41 46 47 52 56 57 61 65 73 77 82 86 89 92 96 97 106 109 114 115 124 133 135 146 154 155 158 162 168 169 170 171 173 177 180 181 183 184 187 193 195 197
20 12 15 22 24 26 30 31 33 42 47 49 51 52 55 58 59 64 71 75 76 78 80 81 83 84 94 95 96 97 98 110 115 116 121 127 130 131 132 136 137 139 140 143 146 150 170 171 183 185 186 187 189 190 191 194 197 200
40 17 18 19 26 28 30 31 32 33 34 39 48 49 56 59 60 62 65 67 71 72 78 84 85 86 90 92 100 104 105 106 108 114 120 123 128 131 132 135 138 141 142 148 152 154 165 166 169 174 176 178 179 182 183 188 189 196 199 200
39 14 16 17 19 20 33 35 37 42 44 51 53 54 60 62 66 67 70 71 76 80 82 88 99 104 110 122 128 129 135 136 137 144 147 151 157 158 160 162 163 169 170 171 181 183 186 187 189 190 191 195 196 198
26 15 22 23 24 36 40 41 46 50 52 53 54 55 67 68 71 73 77 82 83 87 88 89 90 92 95 96 102 103 105 106 110 111 112 122 132 135 137 140 142 143 144 148 149 153 158 159 160 161 165 168 170 173 174 176 183 185 189 190 193 194 195 197 199
20 17 32 34 46 51 52 54 57 59 60 64 69 72 84 85 86 90 91 92 93 94 101 111 118 119 121 127 128 130 133 141 142 143 145 149 151 152 155 156 166 168 171 172 176 180 185 186 188 190 195 197
36 18 24 34 35 36 37 38 39 47 50 53 56 67 71 75 78 83 89 92 100 102 109 118 123 132 134 138 141 149 150 151 152 160 165 168 169 173 177 178 183 188 191 192 193 194 198
25 20 22 25 29 30 31 33 47 49 51 53 59 60 66 69 79 83 84 86 87 91 103 105 107 108 112 113 117 122 124 127 132 134 135 141 146 150 160 164 166 168 170 172 178 187 189 192 194 195 196 200
39 20 24 29 30 33 38 40 45 47 50 53 54 57 59 66 75 89 93 95 96 100 105 106 107 109 110 113 114 118 119 122 128 129 130 131 136 142 161 163 166 167 168 170 175 177 183 187 190 191 192 194 197
35 21 22 23 28 30 31 33 35 37 43 46 47 51 56 59 67 69 73 74 76 80 82 84 86 88 91 93 99 102 105 115 118 119 121 123 127 128 129 132 139 140 143 151 159 165 166 167 168 174 180 190 191 193 197
20 21 24 26 30 31 34 38 42 43 48 51 52 55 59 60 69 76 80 81 88 90 92 95 99 101 111 113 114 115 116 117 125 126 129 132 135 141 146 148 149 154 157 160 165 166 167 169 175 178 180 187 190 193 195 196
32 22 25 28 33 34 38 41 42 43 44 45 46 50 54 60 63 64 65 67 69 73 74 78 80 82 86 88 99 102 103 106 110 111 114 118 121 126 128 130 131 137 139 140 144 146 147 153 154 155 159 162 163 166 173 174 175 177 178 179 182 190
25 27 30 33 34 38 40 51 52 65 69 73 74 87 89 90 92 94 105 112 116 119 120 125 129 134 136 146 150 151 152 158 162 167 170 173 174 176 177 178 179 182 183 192 195 196
35 28 29 33 35 42 43 46 47 52 53 61 63 69 72 74 75 81 85 90 91 98 102 103 104 106 109 115 120 122 126 127 128 131 137 138 139 143 144 147 149 152 156 163 168 170 180 181 183 187 191 197 199
24 27 33 34 43 57 58 65 68 70 72 74 78 80 83 86 89 90 92 94 98 99 102 103 106 107 111 113 119 120 131 134 141 142 147 148 149 150 152 155 156 158 160 170 175 179 188 196
32 32 38 41 42 45 57 59 66 67 69 73 74 76 81 82 90 100 101 103 104 107 114 115 122 132 133 137 138 139 141 142 143 144 148 153 155 156 159 160 162 167 169 171 172 178 179 182 189 192 193 196 200
26 32 33 46 47 50 53 54 55 58 60 62 74 78 79 83 86 104 107 108 109 112 114 115 117 118 120 126 129 132 139 140 145 146 148 150 151 153 156 158 159 164 166 168 172 187 190 191 192 193
20 29 30 34 35 43 45 46 47 49 57 62 63 64 69 71 83 84 85 91 92 97 102 104 105 109 112 114 119 120 123 127 134 136 137 139 141 150 154 157 163 170 172 173 180 183 186 187 190 195
26 29 30 31 32 36 37 39 40 41 43 44 51 52 54 56 57 58 59 62 65 68 71 73 82 84 88 89 91 95 96 105 106 111 116 120 124 126 136 144 145 149 150 152 154 155 157 159 163 170 180 185 186 187 188 199
39 30 35 37 41 44 46 51 53 56 60 61 63 64 69 70 72 73 74 75 78 87 89 90 91 94 100 108 110 115 117 118 129 132 135 136 141 142 143 145 147 148 150 151 152 153 160 163 164 166 170 171 172 175 176 177 181 182 185 190 192 196
35 39 40 41 46 47 54 57 61 65 66 68 70 71 73 75 76 81 86 87 89 90 91 94 98 100 101 109 112 116 125 128 129 130 132 135 136 138 142 144 147 149 151 154 156 158 163 170 172 174 180 182 185 189 191 192 197 198 200
20 32 35 36 41 42 48 55 57 58 71 78 81 87 90 93 100 101 102 103 106 111 112 117 121 122 124 126 129 131 136 137 145 147 150 151 154 155 161 162 165 166 169 170 180 184 185 186 187 189 191 192 195
28 33 36 42 45 49 50 55 56 58 60 62 63 65 67 69 72 73 74 77 82 86 87 89 93 95 97 100 108 111 113 115 121 122 123 128 132 134 140 141 152 155 156 159 160 167 168 170 171 176 177 179 181 182 187 190 192 193 196 198
21 35 41 43 57 62 64 65 72 74 76 79 82 84 85 87 88 89 90 91 93 94 107 109 112 123 124 126 127 128 134 137 139 145 162 163 164 169 171 177 178 182 183 185 186 187 189 190 192 198 199
26 37 40 44 47 51 53 55 57 58 60 61 63 66 69 70 73 87 93 97 103 104 107 109 110 111 113 118 130 131 142 143 144 146 149 151 152 153 159 160 162 166 167 175 181 182 187 188 197
24 37 38 40 46 47 53 55 59 66 74 79 80 81 83 96 98 102 104 108 110 111 112 118 119 124 126 130 133 134 142 146 151 152 155 156 158 160 162 164 165 166 168 176 179 183 185 186 189 193 194 195 197 199
21 38 47 50 52 53 54 57 65 66 67 72 76 78 83 88 89 93 94 106 108 110 114 115 119 120 121 122 126 130 131 134 135 137 147 151 152 156 157 159 163 165 167 168 170 171 172 176 179 188 191 193 200
35 42 45 49 52 56 57 60 65 67 68 70 73 74 75 77 81 84 88 90 91 95 98 110 112 114 117 118 127 130 133 134 135 136 137 143 144 148 153 156 161 163 169 171 175 178 180 185 189 194 200
37 43 51 52 53 55 58 60 62 63 64 74 77 79 80 81 83 86 93 98 105 109 110 111 112 115 116 117 118 120 124 125 132 133 135 138 139 143 145 149 150 157 158 161 162 163 165 171 174 176 178 180 183 184 185 188 190 193 197 198 199
35 41 44 45 46 47 54 61 65 73 74 76 80 85 87 89 95 98 100 103 108 109 111 112 113 114 119 121 124 129 133 135 137 148 150 152 161 163 166 168 169 181 184 187 190 197 199
35 53 54 59 62 63 73 74 75 77 78 79 94 95 101 104 110 111 112 114 115 129 138 142 146 147 154 158 161 162 163 166 167 170 171 174 178 181 183 191 195 196 198
22 43 44 47 48 52 65 67 69 71 73 74 77 81 82 83 87 88 92 96 97 98 102 103 105 118 119 122 123 124 129 132 133 134 135 139 144 149 150 151 153 155 156 160 161 163 165 168 172 177 179 183 185 186 189 196 200
26 48 54 55 59 67 70 71 75 85 92 95 99 100 104 110 112 115 118 119 122 125 131 137 141 143 146 148 150 151 154 161 165 167 169 177 179 186 189 191
32 44 46 47 51 52 54 58 67 68 74 80 83 85 89 101 102 103 107 110 112 119 120 122 130 136 139 142 143 156 157 163 167 168 173 179 181 182 183 189 192 194 197
31 46 47 48 49 50 57 58 60 63 69 71 73 76 78 80 83 85 95 101 102 109 111 113 114 116 119 128 132 133 145 148 152 155 157 158 160 162 163 167 172 174 176 179 182 183 186 187 190 192 193 194 195
36 48 52 58 59 60 61 62 64 67 68 85 94 101 102 105 108 109 113 114 119 124 126 129 130 144 146 155 157 160 164 165 173 175 176 179 183 187 190 193 194 196 197
29 50 53 55 61 62 63 67 72 73 75 77 80 84 89 91 93 96 98 101 105 107 108 109 112 114 117 121 123 124 126 127 128 129 130 135 138 143 145 146 148 157 163 165 167 168 169 170 175 177 179 185 186 191 192 193 198 200
23 50 52 53 54 55 59 60 61 65 66 68 69 72 73 76 77 82 84 85 86 89 95 98 101 102 103 105 107 109 112 113 114 115 116 118 128 130 133 134 140 141 146 148 153 154 158 159 160 166 169 174 178 186 187 188 191 192 196 199 200
29 52 55 59 60 61 63 66 70 72 76 84 89 91 93 95 96 103 104 112 113 117 124 125 126 129 134 140 143 144 145 146 155 158 161 162 164 169 170 172 173 175 176 181 184 189 190 194 195
37 53 58 60 61 63 64 65 69 70 74 78 79 81 82 90 92 94 95 104 107 109 116 117 121 123 124 125 127 131 134 135 139 141 147 149 151 153 154 159 163 165 166 167 173 176 185 187 200
30 55 56 57 58 63 69 72 75 84 90 95 101 107 108 110 112 115 119 123 126 127 129 132 133 137 138 141 144 146 150 155 164 167 172 173 174 178 179 182 183 185 190 192 194 195 199 200
24 61 71 72 73 74 75 83 89 96 102 105 111 124 125 130 131 133 142 152 155 157 159 161 164 167 169 176 177 181 182 186 191 192 193 194 195 196 197 199 200
29 56 57 59 61 64 68 69 73 75 76 78 80 86 87 88 92 95 97 99 103 104 112 114 115 123 134 137 139 141 142 144 147 150 151 155 158 159 165 168 171 173 176 177 184 190 195 196 198 199
26 58 64 65 66 68 74 76 80 82 85 86 87 89 91 95 98 100 103 111 114 121 123 125 127 138 142 143 145 148 152 153 158 166 175 179 183 184 189 191 193 199
21 61 62 67 70 73 76 78 79 81 85 86 92 95 103 106 111 112 123 124 125 129 132 139 142 144 146 151 153 158 160 162 164 166 169 171 176 180 184 189 190 191 192 193
21 62 63 65 66 67 74 84 85 94 99 102 104 107 119 121 122 124 125 126 129 133 135 136 137 141 142 147 148 151 155 160 162 165 166 170 177 178 179 181 183 187 189 191 193 196 198
26 57 63 68 74 79 80 84 85 87 90 92 94 97 98 100 104 112 120 121 130 137 138 141 145 148 149 155 157 159 161 162 167 168 169 170 172 174 177 182 183 186 189 194 197 199
20 58 60 66 68 69 73 76 83 85 88 91 94 100 101 103 106 109 112 113 114 127 131 132 133 134 135 137 141 142 148 150 153 158 164 168 170 171 172 177 181 184 185 186 191 192 195 198 200
31 60 73 74 80 85 90 92 94 101 103 114 115 123 125 126 127 129 131 134 137 143 147 154 157 165 169 170 179 180 182 184 185 186 188
30 64 69 71 73 74 81 85 89 93 94 96 98 103 106 110 114 126 137 143 144 147 150 155 160 166 169 176 178 179 186 191 194 197
21 62 69 71 73 74 78 81 87 95 97 101 103 107 108 110 114 117 129 136 139 142 144 147 149 150 153 155 157 160 165 170 171 172 183 187 194 195 197 199
39 70 71 73 74 83 84 85 87 91 93 98 100 102 104 109 110 112 117 120 135 139 140 142 149 154 155 159 164 172 175 179 180 182 185 188 190 192 197 198 199
23 65 68 73 76 78 84 88 89 92 95 102 104 105 106 110 112 120 127 132 133 141 146 149 150 151 153 156 157 159 160 163 164 179 183 184 186 187 197 199 200
22 65 66 76 79 80 89 91 95 99 100 101 103 104 106 109 113 114 122 125 138 139 143 146 147 151 152 153 155 158 162 168 171 174 175 179 180 185 187 190 194 195 196 198
26 65 67 71 72 80 86 90 93 94 98 100 101 113 114 116 120 122 124 127 132 134 136 142 146 151 152 158 160 162 164 166 171 173 174 178 184 185 192 195 196 197
30 67 73 74 78 81 82 86 94 98 100 101 104 106 123 124 127 130 131 133 134 136 137 138 146 148 151 152 153 160 161 163 170 175 179 180 186 188 194
27 67 79 86 88 91 103 105 106 107 113 118 120 133 134 135 137 139 157 158 159 162 163 168 170 171 176 179 183 185 186 187 190 195 197 198 200
27 70 71 74 76 82 86 87 88 89 90 91 93 94 101 103 107 111 137 138 140 142 143 147 150 151 153 154 156 159 162 163 165 171 172 175 178 180 182 189 190 192 193 194 196 199 200
29 70 72 78 81 84 86 87 92 94 95 96 99 106 107 108 111 112 116 117 120 122 126 133 136 139 140 145 146 147 148 150 155 156 158 160 161 164 165 166 167 171 172 178 180 183 185 186 189 193
40 70 80 82 84 86 88 93 94 100 104 107 118 121 130 135 136 143 153 156 158 162 168 170 171 173 174 182 183 184 190 191 194 195 200
28 72 74 75 78 88 91 93 94 95 98 106 110 114 122 127 128 130 136 139 144 147 150 151 152 153 159 161 171 175 176 177 179 180 183 186 187 190 195 196 197
32 73 78 80 87 98 104 106 109 111 116 119 123 124 127 128 130 133 138 144 146 149 153 154 156 161 162 166 181 184 186 188 189 190 197
28 73 77 79 86 87 103 104 107 112 115 116 121 123 124 131 135 138 140 144 145 147 154 164 172 179 186
38 75 76 79 89 91 93 94 99 110 111 114 116 120 127 130 131 132 140 141 145 147 149 150 153 158 159 160 168 169 175 177 179 180 187 189 196 197
29 77 79 82 90 91 96 97 103 110 115 116 121 126 127 129 134 140 145 150 151 152 154 155 157 159 160 173 174 176 178 184 189 192 195 197 200
21 77 78 79 81 82 84 88 89 91 94 98 99 102 104 105 107 117 120 122 123 124 126 131 132 135 138 140 143 145 147 150 153 154 155 160 167 169 171 177 181 183
25 77 80 87 88 91 94 96 98 101 102 103 105 106 110 114 121 124 126 127 135 137 143 144 148 150 152 160 171 172 173 174 176 177 179 180 182 184 187 189 195 199 200
21 87 90 92 93 95 99 104 106 107 116 117 119 121 123 124 129 133 134 136 137 142 147 150 151 153 162 173 182 183 191 194 195 198 199 200
33 79 81 84 85 88 94 100 105 106 111 114 117 120 130 133 134 137 138 145 148 155 159 160 161 162 164 169 172 174 177 178 181 184 185 187 188 191 193 196
28 87 99 102 103 104 106 107 113 117 118 121 124 127 128 131 134 136 137 141 146 147 148 150 154 156 160 162 165 166 168 178 181 184 185 186 187 188 189 190 191 193 198 200
35 82 83 85 87 90 93 94 109 114 117 118 120 122 129 131 133 140 148 152 154 157 158 163 165 166 167 168 172 174 177 178 179 184 186 187 188 190 193
38 83 96 100 102 107 113 119 120 126 131 139 140 141 143 145 146 148 153 155 159 165 166 168 169 170 173 174 181 184 185 186 187 188 191
35 85 87 92 93 95 102 104 107 108 115 116 117 121 126 127 130 135 136 139 141 142 143 144 149 150 153 157 161 163 164 165 172 174 177 180 182 190 194 195 198
33 90 92 95 97 101 102 107 108 111 118 126 129 134 135 136 138 144 150 152 153 154 158 161 163 165 168 174 177 179 189 190 192 197 200
39 85 86 88 89 90 92 108 115 117 126 128 133 138 139 149 154 161 167 168 180 185 191 192 199
36 88 89 93 95 96 102 103 105 106 109 112 114 115 116 119 121 127 129 135 138 147 150 155 156 158 160 163 173 179 180 188 189 191 198 199
37 87 95 96 98 99 100 103 105 106 108 112 122 125 126 127 130 135 136 138 140 143 147 150 151 154 156 159 160 163 164 165 166 170 171 181 184 185 187 188 189 191 193 194 196
23 96 97 98 101 102 103 113 114 115 117 121 123 126 128 129 138 139 141 142 145 149 154 164 173 175 181 183 185 189 197 200
38 89 90 100 103 105 107 109 114 116 122 123 124 125 126 128 129 132 133 135 136 138 139 140 143 145 146 149 152 156 158 159 166 167 169 170 183 184 185 186 191 192 197 200
36 99 109 111 116 123 124 127 128 134 137 141 144 146 148 149 151 155 156 158 160 163 168 169 178 179 182 188 189 193 196 198
22 93 96 98 108 109 114 116 129 132 133 151 155 157 159 164 167 169 170 171 172 175 176 178 180 183 190 191 195 198 199
39 95 96 98 99 103 105 106 107 111 115 122 123 129 130 132 135 138 139 145 149 151 152 156 162 166 167 173 177 179 180 182 188 199
26 95 101 103 106 107 113 118 124 134 135 138 139 140 144 146 149 151 156 165 173 175 178 179 182 183 188 196 198 200
23 101 104 109 111 121 122 124 126 128 130 133 134 136 142 143 145 158 159 162 163 168 176 182 188
23 96 99 100 104 107 114 115 116 117 118 119 127 129 130 132 135 138 142 152 156 158 161 162 165 166 167 168 170 176 177 182 184 186 187 192 195 196 197 198 199
22 97 98 99 100 103 104 106 112 115 119 125 131 133 134 135 137 138 141 144 146 151 152 156 159 160 161 162 163 172 174 176 178 181 183 188 191 194 199 200
31 98 101 103 104 113 117 130 137 143 146 147 149 151 152 153 163 165 166 167 170 174 176 177 178 185 188 192 193 195 196 197 199
31 100 101 104 109 113 114 122 124 125 126 127 128 129 131 132 133 134 136 138 140 142 145 147 152 156 158 160 163 164 165 173 175 177 179 181 191 192 197 199
32 100 103 105 106 108 119 122 129 130 132 133 134 136 138 140 142 145 147 150 156 162 163 173 174 175 176 188 189 190 198 199
24 100 107 108 114 120 122 123 124 125 126 127 128 130 131 136 137 139 142 153 154 156 164 165 166 169 170 172 173 174 176 177 181 184 186 190 192
21 101 113 119 123 130 131 132 134 136 137 139 141 146 148 151 161 163 167 171 177 180 183 185 188 190 194
38 102 110 111 117 123 135 141 147 149 152 157 159 160 163 164 167 169 170 171 172 174 175 176 178 179 184 186 193 194 197 200
32 104 107 109 114 118 120 121 122 123 127 133 134 138 140 143 147 150 151 153 158 163 166 172 182 184 191 193 194 200
25 106 110 115 117 118 119 123 128 141 149 161 167 169 170 171 179 182 187 197
25 105 117 119 125 130 131 141 144 145 149 150 161 170 171 173 176 181 183 188 190 193 196 199 200
29 107 108 110 111 112 113 120 124 126 127 128 131 133 134 139 143 144 151 157 159 162 164 168 170 174 175 176 179 188 191 194
25 107 109 113 116 121 123 124 134 135 140 141 143 146 150 152 156 162 163 165 166 168 169 171 172 176 179 185 189 191 194 199 200
34 120 122 123 124 125 128 129 132 133 137 138 144 146 149 156 159 162 164 174 176 178 185 188 189 192 196 199
23 109 118 123 126 128 132 134 135 137 143 147 150 151 152 154 157 158 160 163 170 176 177 185 190 191 192 194 196
37 116 117 122 124 126 132 133 134 136 139 144 145 147 148 153 166 177 182 184 185 193 195 197 198
31 122 123 127 130 131 145 148 149 153 161 163 169 172 179 180 181 183 187 188 191 192
30 119 125 128 143 144 148 149 151 153 155 161 165 166 168 173 178 182 183 195 198
22 117 124 129 136 139 146 147 148 150 151 159 160 167 172 178 181 184 189 192 196 199
39 121 123 132 133 135 138 145 147 149 152 153 154 159 162 164 166 167 168 170 172 173 174 182 186 192 193
25 116 119 120 122 123 128 131 134 135 141 142 143 145 146 157 165 172 173 183 188 189 192 193 195 199
31 118 125 127 128 138 140 142 149 153 154 160 164 167 168 172 179 180 181 183 185 186 187 195 197 199
25 117 118 125 129 134 136 140 142 144 151 153 161 172 176 183 188 189 192
32 120 123 126 132 134 135 138 145 146 149 150 151 152 154 158 159 165 169 170 175 181 183 185 188 192 193 197
29 119 123 129 131 132 133 146 159 160 162 167 168 173 179 180 182 186 190 194 197 199
30 122 129 131 132 133 137 139 143 144 147 152 156 160 164 167 169 170 174 181 189 191 198 200
30 123 126 133 136 141 142 146 147 150 153 155 159 161 162 164 167 172 175 176 177 180 183 184 185 190 196 199 200
34 124 125 126 139 142 146 147 148 150 155 157 158 163 165 169 172 176 179 183 186 195 196 197
32 123 126 129 133 135 137 139 140 143 144 149 150 151 152 156 161 164 168 169 172 177 178 180 181 182 183 184 187 188 193 197 199 200
34 126 129 134 136 137 142 148 149 150 151 152 155 156 163 165 170 171 174 175 176 184 187 192 194 195 200
40 125 126 131 132 134 135 136 145 147 151 156 163 167 170 176 181 184 185 189 190 191 193
30 131 138 143 144 146 149 151 161 167 171 176 179 184 185 186 191 192 193 198 200
23 128 139 143 144 145 149 150 151 154 155 156 157 162 168 170 171 172 173 182 194 195 196 197
22 132 134 135 136 137 138 140 146 147 151 161 162 167 171 173 180 186 190 191 194 197
22 129 132 137 142 144 147 148 149 150 153 155 157 160 166 167 172 176 177 179 184 189 192 198
36 133 135 139 142 148 149 152 161 165 166 168 172 180 181 182 184 188 191 193 199
35 132 133 140 142 144 145 152 153 154 155 160 162 166 167 173 174 175 177 180 181 187 189 194 198 199
21 133 137 141 148 150 153 154 156 159 160 163 166 169 173 174 178 186 188 194 197 198 199
22 137 139 143 144 147 148 152 158 159 163 166 168 170 172 174 176 177 184 188 190 196 198
26 136 154 155 159 160 166 170 172 174 175 176 177 178 181 185 191 193 194 196 199 200
25 135 138 144 145 149 152 153 159 163 164 165 170 172 175 177 180 181 182 192 195 196 197
21 136 138 142 145 147 149 156 157 158 163 165 172 173 176 177 181 182 183 185 187 196 197
26 138 139 140 141 142 145 148 149 154 161 163 166 168 172 175 176 177 178 184 186 189 190 196 197 200
38 138 139 140 141 142 143 147 152 156 160 164 166 167 168 171 175 179 180 183 184 185 194 197
25 141 142 144 147 148 152 157 158 159 164 166 167 179 182 189 196
38 140 146 148 151 153 157 160 162 169 171 184 185 191 195 197 198 199
22 146 147 150 153 154 160 161 163 166 169 171 172 175 176 177 180 181 186 200
31 146 148 154 156 159 161 165 166 167 172 173 177 180 183 185 187 188 192 198
40 144 147 154 157 166 172 175 177 179 180 181 182 185 187 188 192 193
32 147 149 150 151 155 160 165 182 183 185 187 189 190 192 195
22 145 146 147 148 152 153 154 157 163 168 172 175 178 179 180 185 187 195
36 146 153 157 158 162 163 166 172 175 179 182 184 188 190 194
37 149 156 159 162 167 170 174 177 178 179 195 196
21 148 149 150 158 163 165 167 176 179 184 185 187 190 192 196 198
26 150 151 154 156 162 163 169 172 176 177 178 180 181 188 191 193 194
30 151 156 157 163 167 168 176 179 187 195 196 197
40 151 154 161 163 166 170 175 177 178 179 180 183 186 188 189 195 196
40 153 154 156 157 158 160 167 173 178 179 187 198
40 156 164 167 174 175 177 179 180 183 186 188 189 191 192 194 199 200
31 155 162 164 173 177 178 181 184 186 189 197
37 155 164 165 166 167 171 186 192
23 157 158 163 168 176 182 185 187 193 194 195
35 157 158 160 161 163 165 166 169 177 181 185 186 188 194 196 199
21 160 167 168 183 184 185 188 189 196
20 159 160 161 163 165 167 169 179 184 192 196
38 160 163 164 171 183 186 189 191 192 199 200
28 164 167 169 174 175 178 180 182 184 190 191 199 200
39 162 164 168 169 175 178 179 180 186 189 195
23 163 168 173 174 175 179 185 187 192 196
28 167 171 175 184 192
27 165 170 175 179 180 182 183 184 189 193 200
34 167 168 171 173 174 175 178 179 180 183 187 189 191 192 193 195
30 168 172 174 177 178 183 189 198 200
26 180 182 186 187 191 192 194 196 197 198 199
37 172 173 179 180 181 182 187 189 191 197
29 171 177 178 181 184 192 193 200
32 172 174 175 178 184 187 189 191 193 198 200
28 178 188 194 195 198 200
33 176 178 179 183 184 185 192 196
28 180 182 193 194 195 196 200
40 176 178 180 184 186 188 197 200
40 176 182 183 184 191 192 193 196 197 198 200
39 177 180 182 185 187 190 193 197 200
23 180 181 183 185 193 195 196 198 199 200
33 180 185 191 193 196 197 198 199
23 181 183 185 188 190 199
23 183 189 191 192 193 194 198
28 182 187 189 190 191 192 193 194 200
29 183 189 193 200
20 184 187 188 195 196
28 200
29 186 189 193 194 196 197 200
24 187 190 192 195 198
26 191 199
33 195 197 198 199 200
33 194 199
20 193 197 198 199
40 192 195
39 196 197
40
21 195 196 199
40
25 197
29 198 200
22
32
36
