200	5	1000	1
0	89	43
0	28	42
0	23	42
0	35	41
0	68	32
175 2 4 5 10 11 15 16 28 32 34 36 41 46 51 53 55 57 59 66 68 78 80 81 84 90 93 94 98 99 102 107 108 109 113 115 116 117 121 122 125 132 134 136 138 140 144 150 153 160 166 169 170 171 172 173 175 178 187 191 200
293 3 6 7 9 12 13 15 21 24 29 31 36 38 50 52 55 56 59 68 71 72 79 80 82 83 84 87 89 92 93 99 100 105 108 116 119 120 127 128 136 138 141 143 144 145 146 150 157 165 167 176 178 182 186 188 192 196 198
153 7 10 13 14 15 16 27 35 36 37 39 48 49 51 54 55 57 60 62 64 79 83 85 87 94 97 98 101 102 103 104 107 110 114 115 116 117 119 122 124 127 128 130 135 138 142 145 150 152 159 163 164 173 175 176 177 181 182 184 187 191 192 193 196
252 5 10 11 15 16 18 23 25 29 35 39 42 43 53 56 57 59 61 63 66 70 75 77 79 80 81 82 90 97 103 104 105 109 113 114 115 118 120 121 122 124 132 135 147 149 151 154 157 162 163 164 165 166 171 172 175 176 177 184 186 188 189 191 192 193 196 197
173 8 9 12 13 14 19 21 22 24 27 28 30 34 36 38 40 50 53 56 58 61 62 67 68 70 76 78 79 81 83 84 87 89 92 95 97 100 103 106 109 110 111 112 114 115 119 121 125 127 130 133 137 138 140 146 156 157 161 167 168 176 179 185 193 196
275 8 10 13 24 26 38 41 45 46 47 49 52 56 57 58 61 66 69 83 91 95 98 99 100 102 103 105 106 119 120 121 123 124 126 131 134 135 136 138 144 145 146 148 149 150 160 162 171 173 179 181 182 183 187 188 190 195 198
224 8 12 14 22 23 24 26 33 35 38 41 42 44 54 57 59 60 61 70 73 76 80 83 86 91 92 94 99 103 105 108 109 110 116 117 119 120 125 127 130 132 134 136 137 138 140 143 145 147 149 150 153 155 156 158 163 168 171 176 182 183 184 187 188 191 192 193 195 199 200
167 11 15 16 18 21 30 31 36 38 39 45 56 59 61 62 63 70 80 81 97 109 112 115 117 118 124 131 134 135 141 143 144 145 147 148 153 154 155 161 166 173 175 178 179 180 183 186 195 198 199
159 11 13 14 15 18 20 22 23 29 32 33 39 45 52 54 55 56 59 63 66 71 75 76 78 80 87 96 98 100 107 108 111 112 113 117 120 130 134 136 141 146 157 165 166 168 173 175 180 181 184 187 193 194 196 198 200
165 13 15 17 23 26 31 41 45 46 48 49 55 56 57 62 65 72 76 80 82 84 85 94 101 103 104 108 110 111 113 116 118 123 131 134 137 142 144 152 153 159 161 163 167 169 170 174 179 183 185 186 187 189 191 192
168 13 18 27 36 38 39 40 43 44 46 54 56 62 63 64 72 74 81 93 95 98 99 100 103 104 109 110 119 120 121 122 123 128 134 135 136 137 138 139 140 141 144 151 155 158 164 165 167 168 169 170 177 181 184 185 189 190 195
297 16 19 20 25 31 32 35 37 38 40 41 48 56 57 58 59 61 65 72 74 75 78 80 87 88 91 93 97 104 108 112 114 117 120 126 134 140 142 145 147 149 150 153 154 156 158 159 163 170 172 180 181 185 188 189 191 193
250 17 21 32 34 43 55 56 59 60 64 66 67 71 72 74 89 99 101 102 113 115 118 125 126 131 132 133 136 141 144 146 149 154 155 156 167 168 169 171 172 175 177 182 187 189 191 199 200
244 15 19 22 28 31 32 33 34 35 37 38 45 47 49 51 52 53 56 71 73 75 76 79 80 84 85 86 87 93 94 97 103 113 116 118 119 128 129 134 137 142 145 146 147 150 154 155 160 165 166 171 173 179 181 182 183 185 199
197 17 18 24 27 32 38 40 44 47 49 51 52 56 60 62 67 70 71 75 77 80 83 91 97 103 106 109 115 119 120 124 125 126 135 137 138 141 144 147 148 155 161 162 163 165 171 173 177 179 180 183 193
165 24 27 28 30 32 33 35 39 41 45 46 49 58 59 60 64 65 68 69 71 81 83 86 89 93 95 99 100 105 110 111 112 113 117 122 125 130 131 137 141 149 150 151 154 155 156 161 167 175 184 186 187 188 189 190 194 196
196 18 22 29 30 34 48 51 57 59 62 63 66 67 68 70 74 75 77 78 80 81 90 92 97 98 106 114 119 120 131 134 135 138 144 146 147 149 150 153 155 156 158 167 170 171 172 173 175 177 179 186 189 190 191 194 197
202 19 23 24 33 34 36 38 39 47 50 51 61 62 66 71 72 74 76 77 79 82 84 87 88 95 97 99 100 103 108 116 119 122 123 125 131 136 138 141 145 146 152 153 154 155 157 161 162 164 165 168 169 171 173 176 181 184 186 190 194 199 200
214 21 24 29 30 32 41 45 52 55 66 68 69 78 82 84 87 89 90 92 98 99 100 103 107 109 116 117 123 124 127 128 129 138 142 144 145 151 153 155 156 167 171 173 174 180 181 184 185 195 199
293 23 25 26 29 31 32 34 38 41 46 47 52 66 68 74 76 80 82 90 92 98 99 100 102 104 106 111 113 114 117 118 119 123 124 126 127 130 134 136 138 141 142 143 144 148 149 151 152 159 160 163 166 170 173 176 179 187 192 194 196 197 200
267 22 28 32 34 35 38 40 41 42 45 54 55 57 66 67 68 71 72 73 77 83 87 88 94 95 99 102 104 105 107 110 117 118 119 127 129 135 137 158 159 161 162 171 175 178 180 190 192 194 195 199
235 28 31 37 38 43 44 48 50 53 57 59 60 61 66 67 68 75 76 77 83 87 90 91 92 93 97 100 103 104 108 115 119 121 122 124 125 130 133 140 151 155 156 161 162 165 168 170 178 181 188 193
170 24 33 40 44 46 47 50 52 56 59 61 65 66 70 79 80 90 92 95 101 102 103 105 108 110 113 118 122 126 128 129 132 134 135 137 138 143 144 149 151 152 159 165 171 172 173 175 176 178 179 182 186 187 188 189 191 195 197
256 26 27 29 30 33 36 39 44 45 46 59 60 62 74 75 76 80 84 88 96 97 98 102 103 110 118 119 120 121 124 127 128 129 134 135 138 139 141 142 145 151 153 158 160 161 162 164 166 167 168 171 173 174 177 180 184 185 191 192 197
257 26 27 32 34 35 36 37 39 41 47 50 52 59 62 64 66 70 71 75 83 84 86 91 106 109 111 114 115 122 135 138 141 149 150 153 154 155 161 162 163 165 167 174 175 178 182 186 191 192 194 195 197 200
150 27 28 32 34 37 45 48 49 52 54 56 60 61 67 72 76 80 83 86 93 94 100 101 102 118 119 120 123 124 128 130 131 132 133 137 138 144 145 149 153 156 168 173 175 179 180 183 186 187 189 196 197 199
153 29 33 35 36 37 38 40 47 50 51 65 67 73 74 76 79 81 82 87 92 93 96 101 102 108 110 115 116 120 124 130 132 137 138 141 146 149 150 152 156 157 159 161 163 165 167 175 177 178 179 182 183 197 199
251 30 32 39 43 45 46 49 52 56 57 60 62 64 67 72 75 76 77 78 80 90 95 98 100 102 104 105 110 111 112 113 115 119 123 132 139 141 147 151 153 161 162 165 167 170 175 176 177 185 186 187 188 192 196 197
265 31 34 36 39 50 51 53 55 56 59 60 61 67 68 69 71 75 76 79 80 82 84 89 93 94 95 109 112 113 114 115 121 123 128 132 133 136 140 141 145 150 154 161 162 163 168 170 172 173 181 187 188 197
221 31 32 33 34 48 51 66 69 77 84 88 90 91 93 94 100 103 104 108 114 118 121 124 126 127 130 131 132 135 136 138 139 142 146 148 150 151 152 155 156 157 160 163 167 168 171 172 176 178 179 180 184 190 192 200
160 33 34 35 38 39 43 45 46 52 58 61 63 64 68 69 71 74 80 85 87 89 91 96 97 98 100 107 109 111 112 113 115 117 118 120 121 124 125 126 133 134 139 140 146 150 154 156 158 159 161 163 166 169 172 174 178 181 184 188 189 190 191 192 193
244 33 36 37 40 41 46 48 50 51 52 54 60 64 69 70 74 76 78 89 90 92 96 99 100 103 104 106 108 110 111 113 117 125 127 130 135 136 137 139 142 149 152 153 160 167 173 179 181 188 190
159 35 43 52 56 57 59 62 72 74 75 79 80 82 84 90 95 98 103 106 109 112 117 129 131 135 138 143 152 155 156 165 167 171 175 188 190 192 193 194 195
211 35 39 41 52 58 64 65 71 73 75 79 81 83 85 89 104 116 117 118 119 120 122 126 128 132 133 137 139 140 141 142 143 146 148 151 153 154 155 161 162 164 167 171 172 174 175 176 183 188 189 192 194 196
283 36 41 42 44 45 48 51 58 59 63 67 69 70 77 81 85 90 102 111 115 117 118 119 123 124 132 145 146 148 151 153 154 156 162 164 166 170 172 173 181 182 185 186 188 196 198
256 37 45 46 49 53 56 63 65 68 73 76 82 87 88 93 95 96 98 101 104 108 111 116 117 118 125 130 132 133 134 136 142 157 163 164 167 168 170 179 180 184 185 193 198 199 200
259 39 45 47 50 52 58 61 65 66 68 70 73 74 76 77 83 85 92 95 102 103 106 107 115 119 121 123 126 128 131 136 137 138 140 143 145 146 155 159 160 164 165 166 168 172 174 178 191 192 198 199
172 40 46 48 54 56 66 67 70 71 72 74 83 85 87 90 95 98 101 104 107 110 115 116 118 122 125 127 129 132 136 138 149 151 160 168 169 175 176 177 185 188 194 198
206 41 44 51 56 60 63 64 65 69 71 72 76 77 81 84 85 89 93 95 102 104 105 111 115 116 118 125 129 137 138 139 140 141 143 145 148 149 153 157 158 161 162 166 173 174 179 181 182 190 193
248 42 44 45 46 48 51 57 64 65 69 73 76 77 80 84 85 87 100 103 104 106 107 112 115 116 117 121 122 124 129 133 139 145 148 152 163 164 166 168 170 171 179 182 187 189 195 196
241 44 55 63 72 82 86 88 90 91 97 98 102 103 106 107 109 111 112 115 121 126 133 139 140 143 146 147 148 149 151 152 153 156 157 167 170 171 177 178 179 185 188 190 193 195 198
166 45 46 53 54 56 59 66 70 71 73 75 77 81 82 85 87 88 93 94 96 100 101 102 104 105 106 108 110 115 116 122 124 126 127 132 134 136 138 139 143 146 149 150 154 155 157 159 162 164 166 167 170 172 176 178 180 183 185 186 188 189 190 191 193 194 196
201 45 47 48 50 52 56 62 63 64 67 68 69 73 77 78 81 85 96 97 105 106 108 111 115 117 119 120 121 123 124 127 129 133 139 141 143 145 149 153 154 160 175 176 177 178 179 180 186 190 191 199 200
299 53 57 61 62 67 68 70 73 84 86 94 97 104 105 115 116 117 122 126 127 134 136 142 148 150 152 154 158 169 174 175 176 181 184 185 186 190 193 198
279 46 48 53 61 64 68 75 79 87 88 95 100 106 112 116 117 122 124 125 129 130 133 135 140 148 151 156 158 160 161 164 166 168 169 170 171 174 175 177 181 182 183 184 187 188 189 193 194 200
222 47 54 55 56 62 64 70 77 87 88 94 97 99 102 103 104 108 118 120 121 123 125 134 135 136 137 138 139 145 149 151 154 155 158 162 163 166 167 173 176 177 180 182 190 193
166 58 61 62 63 64 73 79 80 87 92 95 99 100 101 103 104 108 110 118 119 120 123 125 127 129 135 139 140 141 152 158 166 171 181 186 188 191 193 197 200
295 55 57 59 62 67 72 75 78 81 82 83 86 88 95 97 100 106 110 112 121 123 125 126 128 132 133 135 136 143 144 145 147 151 154 158 159 161 163 165 170 180 181 184 185 190 192 196 198
211 50 58 66 68 69 70 74 76 78 81 82 88 89 90 92 95 97 98 102 103 105 106 108 111 116 118 120 123 125 129 130 132 138 143 148 150 153 156 158 159 167 168 173 174 175 179 182 187 188 190 191 192 194 195 197 200
288 53 56 58 60 61 62 64 70 71 73 77 79 81 82 88 96 97 104 111 113 116 117 118 126 128 132 133 135 143 147 148 154 158 160 162 169 180 183 186 193
297 52 56 59 64 65 68 71 72 73 79 81 87 93 95 97 101 105 110 113 115 121 125 126 127 130 131 138 146 148 149 152 157 160 161 163 164 172 173 174 175 177 183 186 192 197 198
224 59 60 64 73 85 86 87 95 97 101 103 107 108 114 115 118 120 121 127 132 136 137 139 141 142 144 145 153 157 163 168 172 175 176 178 180 187 190 193 194 196 200
198 55 61 63 64 71 72 75 77 85 87 90 92 93 95 96 98 99 103 105 107 108 116 117 119 121 124 125 126 129 130 133 136 140 142 145 146 147 151 153 157 158 163 165 166 173 177 183 186 187 195 198 199 200
183 63 72 74 81 83 85 88 89 90 92 97 106 107 109 110 112 114 115 116 119 120 127 128 133 135 136 140 142 145 152 154 155 158 163 166 173 178 181 189 191 192 198
283 61 62 64 65 67 68 69 72 76 83 84 85 89 92 101 103 104 106 110 112 113 114 118 123 125 134 141 143 148 150 151 160 161 162 165 166 173 174 181 183 187 188 191 196 197 200
198 58 59 60 63 68 71 72 76 78 79 80 81 82 86 90 95 98 100 104 107 111 116 117 127 128 129 130 133 137 141 146 156 159 161 173 174 176 179 185 187 189 194 200
179 58 66 68 70 72 75 77 80 81 82 89 90 92 98 100 104 114 115 116 117 118 119 121 122 123 126 127 129 134 139 145 146 148 150 155 156 157 160 168 169 175 176 179 180 186 188 189 190 200
245 59 60 61 62 65 69 70 76 80 87 88 89 91 92 93 94 97 107 113 118 120 125 126 129 130 135 138 139 141 142 144 148 149 159 166 167 169 172 175 176 182 189 190 195 197 199 200
187 60 69 77 82 88 96 97 101 104 105 110 112 113 114 117 118 119 121 122 125 127 128 130 132 134 136 140 141 142 144 150 151 155 159 161 162 164 165 170 171 173 176 179 181 187 188 195 198 200
181 62 65 67 69 70 74 79 80 82 85 87 88 94 97 106 111 114 118 123 124 127 133 134 135 138 143 147 148 150 151 153 156 157 158 159 163 164 166 176 180 182 185 187 189 191 192 194 197 198
155 64 67 68 72 73 78 79 84 85 91 94 95 97 109 114 116 121 126 128 129 130 131 136 137 138 139 140 141 146 148 150 154 156 161 165 167 169 170 179 181 182 185 188 191 192 193 194 195
272 63 66 76 81 84 85 88 91 96 98 103 107 108 109 110 115 117 119 120 127 135 137 138 142 145 147 155 156 159 166 167 172 176 177 181 182 184 185 191 192 194 195 199
167 67 71 74 81 83 84 85 88 95 96 101 111 120 129 131 133 144 150 153 155 159 161 166 172 174 177 179 183 185 186 188 191 194 198 199 200
295 65 68 72 77 80 83 85 86 90 93 95 96 99 105 106 107 112 116 118 122 128 132 133 137 139 140 143 147 148 150 154 155 160 161 163 167 174 179 183 185 198 199
190 68 69 73 75 76 77 86 89 90 91 94 95 98 101 104 110 111 116 119 120 121 124 128 133 139 153 155 158 159 160 161 163 167 168 169 174 192 197
263 71 78 82 89 98 104 107 109 110 118 124 127 138 139 141 143 144 146 149 150 152 158 159 162 166 167 176 178 185 190 191 193 195 196
214 74 79 80 81 85 93 96 98 102 109 110 111 113 114 116 118 120 123 125 126 132 133 135 138 141 142 149 151 153 156 159 161 165 171 172 174 176 183 187 188 189 191 195 196 199
184 69 70 71 74 76 78 79 82 83 84 85 86 88 97 98 104 106 107 110 113 114 115 121 122 126 127 129 131 133 134 135 136 137 139 140 143 145 151 153 157 162 163 165 167 171 173 174 176 178 179 181 182 184 185 189 192 193 197 200
190 73 76 79 81 94 98 114 117 120 121 127 128 129 130 131 133 134 137 143 146 151 154 155 158 159 161 163 164 178 179 183 184 186 189 192 194
171 71 72 76 77 79 82 86 87 89 90 92 93 94 96 97 105 108 112 113 123 125 131 134 139 141 145 146 149 156 162 165 169 170 171 174 177 184 190 191 192 196 198
150 74 75 81 84 85 89 90 95 99 103 104 106 110 111 112 113 116 118 122 127 130 133 134 136 137 142 143 144 145 147 155 157 161 164 167 171 175 186 188 189 194 195 197 198
175 73 77 80 89 93 94 98 99 101 104 108 113 116 126 131 132 134 136 138 139 144 146 151 158 160 161 163 164 170 174 175 180 181 182 184 185 186 187 188 191 192 197
221 81 89 93 98 99 102 109 114 116 117 119 122 125 129 131 134 135 137 139 141 148 153 158 164 166 168 173 176 177 179 180 181 186 192 193
215 75 76 77 79 87 89 94 95 96 103 107 108 110 115 120 126 127 130 134 140 142 153 154 157 158 169 170 171 174 175 176 178 182 183 184 187 194 195 200
179 84 87 92 95 96 103 104 105 108 110 111 112 117 120 121 125 126 129 130 131 133 138 139 142 143 144 147 149 151 153 154 157 161 164 171 176 177 178 185 187 194 198 200
287 84 86 89 95 101 110 123 124 126 127 129 134 136 137 142 150 152 153 155 159 160 161 165 171 173 175 179 186 187 196
152 78 82 85 86 87 89 98 101 102 108 109 110 113 117 120 122 123 124 138 140 144 146 155 156 158 161 163 165 174 176 182 186 188 189 190 191 199
219 81 83 84 85 86 89 96 98 102 105 106 109 111 112 114 121 122 124 126 128 130 131 133 136 137 138 140 141 142 145 146 147 153 155 162 165 176 181 186 187 190 191 199
228 80 81 85 86 87 93 99 101 103 106 107 109 111 116 118 121 122 126 131 137 138 141 142 143 153 154 155 157 159 163 165 166 171 188 192 196 197
189 81 82 86 89 96 97 105 108 116 124 128 129 130 132 135 148 152 155 158 165 166 169 170 171 175 180 181 182 185 186 188 192 196 198
171 84 85 87 88 91 96 99 100 104 106 111 114 115 117 118 120 121 122 124 125 128 129 133 134 136 139 141 142 145 146 148 159 161 162 163 168 174 175 178 183 184 185 186 189 192 193 195 196 200
299 85 98 103 107 110 115 122 124 129 134 136 138 147 151 160 161 162 163 164 166 167 168 175 182 189 193 197 199
260 87 89 90 92 93 95 97 98 104 107 108 113 118 129 136 138 139 142 145 153 157 161 164 166 167 171 175 178 183 190 191 194 195 197 198
215 86 91 95 96 99 101 103 105 106 107 108 111 113 115 120 122 123 128 137 142 143 151 153 155 156 159 162 164 169 175 176 178 180 183 186 187 189 191 192 194 195 200
160 86 95 96 99 102 107 117 122 123 125 126 129 130 132 135 141 143 146 147 150 151 163 164 167 170 174 176 181 184 186 194 196
160 89 90 92 94 95 105 106 108 113 115 121 122 123 124 125 129 130 132 133 134 137 142 144 145 155 157 159 160 161 162 163 166 167 175 176 178 179 183 187 194 199
253 89 92 95 102 103 106 107 112 113 114 116 118 125 132 136 148 151 152 153 158 159 162 166 170 175 176 177 179 180 182 183 184 187 195 198
272 100 109 110 116 124 125 126 131 132 140 141 142 146 147 154 159 161 162 164 165 177 178 182 186 187 192 193 195 198 199 200
187 94 96 99 111 116 119 129 132 134 138 140 143 144 148 155 156 160 162 169 170 171 173 174 175 176 177 178 182 186 190 192 193 194 200
283 92 96 97 102 103 104 106 112 115 117 118 121 126 127 131 138 140 144 148 150 151 155 159 161 162 163 165 167 168 174 177 180 181 182 183 189 191 193 196 197 198 199
276 95 108 115 116 117 118 122 123 125 127 129 130 132 134 135 136 137 141 145 148 150 156 160 161 163 167 168 187 190 193 199
212 94 97 98 99 101 108 111 113 115 123 127 129 132 133 134 136 144 145 148 152 153 155 157 164 165 172 173 174 176 182 185 188 193
290 98 102 105 112 113 118 122 131 132 134 135 137 138 139 143 147 154 156 158 160 161 163 164 169 171 173 182 183 184
248 96 98 102 104 113 114 115 119 125 126 129 131 132 134 142 144 150 158 159 162 164 167 169 171 172 173 175 179 183 185 187 190 193 194
284 96 102 109 110 117 118 120 123 124 125 127 129 132 133 146 156 160 161 162 165 168 169 173 174 180 184 185 187 197 198
276 98 102 103 105 110 114 115 119 122 128 134 136 138 140 143 153 157 162 164 169 170 172 174 176 177 178 179 182 187 188 189 200
171 103 107 109 110 112 113 118 119 121 122 125 129 136 141 143 146 148 150 152 154 155 176 178 183 185 186 189
300 99 120 123 125 126 130 131 132 136 139 146 147 152 155 158 164 173 174 175 177 179 181 191 192 193 195 196 200
154 103 109 115 123 128 131 133 134 136 149 151 156 161 165 171 174 177 178 180 191 199 200
175 106 112 114 117 122 124 127 131 132 136 137 139 142 146 154 157 160 161 163 164 168 171 174 175 181 182 184 185 191 192 193 194 195 197 200
168 104 107 113 117 119 124 129 131 133 134 135 142 143 147 153 155 156 160 161 162 164 165 173 174 178 184 188 189 192 200
201 104 108 115 117 119 122 126 134 141 142 153 155 156 158 161 162 163 164 166 169 172 173 179 182 183 184 186 187 188 189 191 197
280 109 111 113 114 115 117 118 122 124 125 128 131 132 134 137 139 142 145 151 153 156 157 165 166 167 170 172 177 183 185 193 196 197 198
289 105 107 108 117 118 123 126 130 134 136 139 141 142 143 146 147 150 160 163 164 169 171 174 176 179 183 189 193 196
273 112 115 117 118 120 121 123 127 132 138 142 144 146 148 149 151 156 157 158 159 161 165 166 167 168 169 170 171 175 180 181 182 183 189 191 193 194 196 197 199 200
223 110 111 112 120 125 130 132 133 136 137 138 144 148 150 153 158 159 165 167 171 172 176 178 179 186 187 190 191 197 198 200
183 110 112 118 125 126 129 132 134 135 137 140 142 144 148 153 158 162 163 164 168 170 173 175 177 193 194
199 110 112 115 116 118 120 124 130 132 137 138 140 144 148 159 163 170 175 178 180 183 189 192
166 110 115 116 122 130 131 133 139 147 149 152 153 154 155 156 163 167 179 182 185 193 194
276 111 112 115 118 119 121 122 134 137 138 141 142 145 148 152 153 155 161 169 171 172 179 180 185 186 189 190 196 197 198 199
256 113 123 130 133 144 145 148 153 155 163 172 173 175 177 179 182 185 187 189
200 113 118 120 124 125 126 129 133 136 140 141 146 149 157 161 163 165 166 167 169 170 182 187 191 195 197 199
155 115 116 120 123 124 125 128 136 137 138 140 141 143 144 145 146 150 154 156 162 168 169 170 172 174 178 181 185 192 195 196
283 115 117 119 122 124 126 128 132 139 145 153 158 159 160 172 173 178 183 184 186 187 189 190 195
202 124 126 127 131 133 135 137 141 145 146 150 157 160 162 163 175 176 179 180 185 195 199 200
292 120 123 128 129 131 132 138 143 144 145 147 152 154 156 157 158 161 168 170 173 183 184 187 192 197 199 200
261 119 122 127 128 130 131 136 141 144 146 150 151 153 157 158 160 164 165 166 167 168 172 175 176 177 179 180 183 185 186 191 193 196 197 199
300 125 126 127 129 130 131 133 134 135 137 141 144 146 150 155 157 160 162 171 173 174 177 181 182 186 187 192 194 195 200
188 120 121 123 127 132 136 142 143 147 148 151 152 153 154 155 157 160 161 167 168 174 179 181 182 184 187 192
235 131 132 137 144 149 151 156 157 158 161 167 176 179 180 181 182 185 186 187 188 199
224 122 130 132 140 144 145 147 154 155 156 157 169 171 173 175 179 180 181 190 192 193
183 126 129 130 131 134 135 138 148 158 160 162 171 175 180 181 186 192 194 195 197 198
234 127 132 137 141 144 147 149 157 158 169 174 181 183 189 192 193 194 196 197 198 200
236 125 133 134 137 140 143 149 153 155 156 157 159 165 168 172 176 178 179 180 184 186 195 196
227 126 132 137 140 141 144 147 148 151 158 159 161 164 167 170 171 175 177 189 190 198
171 138 140 144 148 149 152 159 161 169 174 177 182 184 192 193 197 199
206 129 131 132 136 141 144 146 147 149 151 152 153 155 166 170 173 174 175 176 177 179 184 185 189 191 197
248 132 133 134 136 137 139 140 141 149 158 162 167 169 172 179 182 186 187 188 195 196 197 198
280 130 131 132 135 136 138 140 148 149 157 158 161 162 164 166 169 178 181 182 184 188 194 197 200
234 133 136 139 141 143 146 149 151 152 153 155 158 159 164 168 171 173 174 176 179 180 183 188 191 192 195 197
240 133 134 135 142 147 152 157 158 162 169 175 176 178 182 184 185 186 188 196 198 199
272 134 135 137 138 139 147 148 150 152 154 157 159 161 163 164 167 168 170 175 177 179 187 189 192 195
289 143 147 154 157 165 171 181 182 185 186 198
223 136 137 140 155 156 161 164 171 173 177 178 180 181 182 184 188 190 194 196 197 199 200
216 136 143 145 149 150 151 152 154 157 158 170 173 183 185 187 188 194 200
288 138 141 147 150 156 157 158 160 161 165 166 169 170 176 178 193
220 145 151 155 156 159 160 161 167 173 177 178 186 189 192 194 199
179 141 143 147 159 163 165 168 170 171 173 176 177 186 190 192 196 197 198
235 141 142 144 147 151 159 174 179 180 183 187 188 193 194 200
289 143 145 147 151 153 155 158 161 163 166 170 172 173 182 186 188 189 193
239 146 148 149 152 156 157 159 160 165 166 167 170 174 176 184 187 189 191 192 194 197 198 200
278 145 146 147 149 150 153 159 160 169 170 171 173 175 182 185 192 193 195 196
175 144 148 149 152 153 155 164 169 173 177 179 180 182 183 189 191 192 193 194 200
241 145 151 152 155 158 160 170 172 173 175 176 178 180 184 188 189 190 191 199
153 149 151 152 157 159 161 164 169 174 177 190 195
241 153 157 161 162 170 173 184 190 195 197 198 199 200
249 148 152 153 155 158 159 165 166 177 179 181 186 188 190 193 194 197 198
207 151 154 156 163 168 170 174 178 181 182 183 187 189 198
192 153 160 163 164 165 170 172 175 176 182 184 185 195 197 199
190 153 155 158 160 161 163 165 167 168 172 173 175 178 192 193 194 199
285 154 162 164 169 170 173 176 180 186 190 191 197 199 200
229 154 155 157 159 161 162 163 167 175 177 186 188 190 192 198 200
162 154 159 162 164 166 168 169 173 174 179 188 189 194 195
153 155 163 164 165 167 168 176 178 183 184 186 193 199
175 156 160 161 168 169 170 173 175 179 182 188 189 191 192 196
276 162 167 170 173 175 176 177 179 185 189 191 195 197
203 158 160 161 162 166 169 177 181 184 185 189 190 194 200
179 159 165 167 169 171 172 174 176 177 179 182 183 186 188 189 192 199
227 161 162 169 171 173 176 178 179 181 190 196 198 199 200
273 161 166 172 173 175 178 183 195 196 200
181 164 169 170 173 175 177 179 185 192 193 194 195
179 166 167 169 172 173 182 189 195 196 198
294 170 174 182 185 192 193 195 197
175 168 169 176 177 179 180 181 183 184 187 199 200
224 166 167 173 180 183 189 191 198
205 169 171 177 178 179 186 188 193 197
284 170 173 175 178 180 181 186 188 190 191 195 199
277 169 175 178 180 181 182 183 185 187 194 195 200
174 171 177 178 180 181 184 186 187 193 199
214 174 175 179 183 187 188 194 198
230 172 175 185 187 198
202 174 177 180 184 185 187 190 192 193 194 197 199
165 174 176 181 182 187 188 191 192 195
231 176 177 187 189 190 191 195 197 199
227 178 180 190 194 198 200
290 177 178 179 181 186 188 194 197
173 185 189 191 194 196
158 183 188 195
205 182 183 185 186 188 190 196 197 200
257 188 191 197 200
161 183 187 190 192 198 200
286 184 187 190
159 185 187 188 189 191 192 196 197 199
160 187 193 194 198 199
237 187 188 191 193 195 200
254 187 190
246 193 198 199
252 189 190 191 193 194 197 198 199
293 191 195 196
198 195 196 197 200
285 195 198
180 193
243 195
160 195 196
236 196 200
188 198
251
175 200
292 200
275
