200	5	1000	10
-1	170	40
-3	109	39
-3	193	44
-4	109	40
-4	102	37
157 5 6 19 21 25 26 33 47 48 49 51 55 65 66 67 68 78 79 80 82 83 88 92 96 98 99 101 104 112 114 115 118 121 124 125 126 129 131 134 135 138 139 140 142 147 149 151 152 153 164 167 169 170 171 176 178 179 181 182 183 184 187 190 194 195 197
292 4 5 6 7 15 17 22 24 26 31 33 34 38 45 46 48 51 55 62 66 67 69 71 81 82 85 89 92 97 106 108 110 115 121 123 131 133 136 143 145 150 153 154 155 160 163 170 174 175 195 198
300 5 7 8 10 11 14 17 19 21 22 25 33 35 37 38 41 42 48 49 51 53 59 67 72 73 77 79 80 81 84 85 87 89 90 92 95 97 98 102 118 120 130 133 134 136 150 160 165 168 169 170 174 178 179 185 198
280 6 10 11 12 13 24 27 28 30 32 36 38 40 41 45 55 61 62 64 66 67 70 71 74 76 82 84 85 87 88 91 94 95 96 106 108 112 115 127 128 131 139 140 141 142 148 150 152 155 159 162 165 167 168 176 179 181 188 195 197 199
275 6 9 10 11 17 19 20 23 24 25 36 44 53 55 56 61 62 64 71 87 91 95 96 101 105 110 112 123 124 129 131 133 135 136 139 143 145 147 148 150 153 159 161 163 165 173 178 181 187 197 199
270 12 13 15 16 19 22 24 25 29 30 31 33 36 37 38 40 42 43 47 48 52 53 58 63 68 69 70 79 84 86 87 92 93 95 96 101 103 104 105 110 112 126 127 128 132 133 136 137 138 145 150 158 161 163 170 173 177 179 180 181 183 184 191 195 197
215 8 12 13 20 21 30 31 32 38 41 42 43 44 46 49 50 55 57 59 61 64 72 74 77 78 81 84 86 90 94 101 105 107 110 111 114 115 116 117 125 126 127 143 146 148 149 152 153 156 157 159 162 168 177 178 187 190 191 197 198
168 13 14 25 26 28 30 36 39 42 50 52 53 54 55 59 64 65 68 69 74 80 81 83 84 86 92 93 94 95 100 101 108 109 112 120 122 124 127 131 133 135 137 139 145 148 150 151 155 162 163 164 165 166 171 172 178 180 185 197 198 199
224 14 17 19 21 24 27 28 37 45 47 49 53 60 72 73 78 80 87 96 102 116 117 119 120 126 128 132 137 141 145 147 148 149 157 159 171 177 192 193 194 195 200
271 15 17 27 28 29 42 44 45 46 52 58 62 63 65 67 68 72 75 77 78 80 81 84 88 89 90 93 99 100 103 105 106 109 110 113 125 129 131 134 139 149 151 152 153 158 161 163 164 175 178 183 184 185 197
216 16 24 31 32 36 42 43 44 48 60 64 68 69 78 85 93 95 105 106 121 123 131 132 133 135 141 145 147 149 161 162 163 164 178 179 180 187 188 191
260 17 18 22 26 31 32 38 42 44 45 47 49 51 52 57 63 68 71 72 76 77 78 83 85 91 98 101 103 112 118 121 126 133 137 140 141 150 157 160 163 164 171 174 176 177 178 179 180 189 194 198
207 21 23 24 27 28 30 34 40 43 44 45 47 50 53 54 58 62 64 67 70 72 75 79 80 82 87 89 90 92 96 100 101 103 104 105 107 109 110 112 116 117 123 126 131 132 135 142 154 155 161 170 179 180 181 182 186 189 197 198
284 18 20 23 28 31 35 36 38 41 42 46 48 56 64 65 66 69 71 72 74 75 79 80 82 83 89 90 91 94 96 98 99 100 101 103 108 109 111 113 114 118 119 123 124 131 136 137 138 145 148 151 154 155 156 162 164 169 170 173 175 176 177 181 182 188 191 198 200
168 20 24 27 28 34 44 54 56 59 60 61 62 63 64 71 74 80 84 90 100 104 106 107 109 113 115 124 135 136 142 145 147 148 152 157 158 164 166 167 169 178 181 185 187 188 189 194 200
183 18 21 22 29 31 33 34 35 38 40 41 48 49 53 70 72 73 75 76 79 80 81 86 92 96 100 102 105 112 117 118 119 123 124 128 129 138 146 149 154 155 162 167 169 170 181 182 186 190 193 196
293 19 20 23 24 27 28 37 40 42 45 55 61 62 64 71 72 78 80 82 89 92 93 99 105 106 110 113 116 118 120 121 122 123 129 130 136 138 140 142 143 146 152 154 166 171 172 174 175 176 177 179 182 183 187 188 191 193 198 200
280 20 21 23 24 32 38 42 45 51 57 58 59 66 67 74 77 78 79 80 83 84 93 96 97 99 100 106 112 115 121 124 127 138 143 144 147 148 154 155 156 161 170 177 181 184 187 188 196 200
238 21 24 27 37 38 47 49 51 53 56 61 63 65 70 79 82 86 90 96 97 101 111 113 123 125 129 132 133 135 136 139 142 144 145 149 150 157 163 171 172 177 178 180 184 185 186 190 191
277 21 23 27 28 32 37 38 40 42 46 48 49 51 52 55 57 62 64 65 73 76 77 81 85 86 88 92 94 96 99 100 101 112 113 116 117 118 123 125 127 130 131 134 137 143 153 155 156 158 159 160 168 169 175 179 180 182 183 184 185 188 189 190 191 194 196
166 25 26 27 32 33 35 38 40 49 50 51 52 53 54 55 60 62 68 73 80 82 83 84 88 89 91 93 96 98 99 107 108 110 121 122 126 128 130 136 138 142 162 164 166 167 168 169 170 171 174 175 179 181 191 193 194 195 199
237 26 30 31 32 36 42 45 47 56 62 69 71 74 76 89 90 96 104 105 109 112 113 115 118 128 129 132 134 138 140 141 144 145 146 147 156 157 161 163 164 172 174 175 177 180 186 187 188 194 196
237 29 33 34 36 38 41 44 45 47 50 52 57 58 61 65 68 70 72 73 81 82 96 97 98 100 105 107 108 109 112 115 120 125 126 127 132 134 135 136 137 138 143 156 162 169 172 173 174 175 183 184 187 188 189 190 193 197
294 25 28 30 31 32 38 41 42 44 46 54 55 57 59 60 63 69 77 79 85 87 90 95 101 102 104 106 114 116 117 121 123 124 126 128 132 133 137 153 154 155 159 165 166 170 171 172 177 181 182 186 187 188 189 192
286 27 31 39 43 47 54 56 59 64 65 66 70 72 73 75 77 78 79 81 82 83 87 93 95 97 98 100 101 103 106 107 112 116 117 118 123 125 129 133 137 139 142 144 146 152 154 159 171 174 176 179 186 187 191 193 195 196 200
177 28 29 33 34 35 40 42 47 49 53 54 55 56 58 60 63 67 68 70 71 73 85 93 96 97 109 111 120 122 131 132 133 134 136 137 138 140 142 145 148 149 161 164 166 168 169 173 174 176 177 179 183 188 189 190
225 30 33 36 42 43 48 49 52 57 62 65 67 69 80 82 83 84 97 100 103 105 106 109 112 115 125 128 138 145 148 159 168 169 171 176 180 183 185 200
153 30 31 34 36 37 38 48 49 54 63 64 65 68 71 73 79 80 84 85 89 91 98 100 102 106 111 112 114 117 123 124 126 129 130 131 135 140 144 150 151 154 156 158 161 165 170 174 175 182 186 187 191 194 197
255 37 39 43 44 48 50 57 58 61 80 83 87 100 108 110 119 121 123 124 129 131 133 134 137 139 145 149 152 160 165 167 169 174 177 178 182 187 188 189 190 193 195 196
190 39 44 58 67 71 73 79 80 84 86 88 91 92 97 103 104 107 111 112 113 123 124 128 130 133 137 140 141 142 143 147 148 157 159 168 169 183 188 193 200
231 36 39 47 53 54 55 57 61 62 64 67 71 78 82 93 94 95 96 97 100 101 103 107 108 109 112 116 117 119 122 123 128 129 133 137 139 141 146 148 149 152 153 163 165 168 170 172 179 180 188 189 190 192 198 199
156 37 41 44 56 72 75 79 84 86 88 91 97 99 100 109 115 116 121 122 127 128 132 135 140 141 146 149 151 157 159 169 171 174 182 189 190 193 196 197
252 36 37 44 46 50 51 52 53 70 71 76 78 82 83 84 85 89 93 95 96 98 108 116 119 121 122 128 133 137 139 147 148 149 153 156 157 159 160 162 164 166 167 168 169 171 172 174 178 180 184 185 189 191 192 196 197 200
266 37 39 44 45 49 50 57 60 74 76 82 90 92 99 102 104 111 112 114 119 127 128 129 133 134 135 137 141 146 147 152 156 157 158 166 169 172 175 176 181 184 186 189 193 195 197
242 38 39 47 48 50 52 54 55 57 58 61 66 70 76 80 84 95 98 107 109 110 115 116 120 126 134 135 138 141 149 151 160 169 170 171 175 183 186 192 195 197
221 37 40 45 47 48 52 55 60 65 66 68 72 76 82 83 84 85 86 87 89 91 96 97 99 100 101 102 105 110 113 126 132 133 137 139 142 145 158 160 166 170 172 173 179 181 191 195 198
264 38 39 40 55 56 57 59 60 70 77 79 87 89 93 96 98 101 104 111 112 122 123 130 132 134 140 141 142 143 144 148 150 151 154 155 156 161 162 164 166 167 176 181 182 184 188 198
228 40 41 47 58 61 64 68 71 72 75 77 79 83 84 85 88 92 93 96 99 101 102 104 105 108 111 116 117 120 124 125 126 135 139 144 145 154 158 160 167 168 170 173 178 179 186 188 189 194
235 41 47 48 53 55 56 61 67 69 70 75 76 78 79 83 85 89 93 95 97 103 109 118 119 121 122 127 135 136 142 147 148 149 155 158 165 166 168 180 182 183 184 187 189 195 196 199 200
206 43 45 48 49 51 57 61 62 63 65 83 88 89 91 94 97 98 100 102 106 107 108 110 115 116 125 127 131 133 135 138 140 142 147 152 153 156 158 169 171 173 174 186 187 188 192 198 200
247 50 51 53 55 57 61 62 63 66 70 73 76 77 78 80 82 88 94 99 104 105 106 109 117 118 120 125 127 135 136 137 139 142 143 147 148 151 153 154 156 162 163 169 180 184 185 186 199
218 46 48 49 51 55 62 63 67 68 78 79 89 90 95 108 110 111 112 113 114 117 118 127 131 132 134 137 140 141 147 148 151 152 158 164 168 169 174 179 181 185 189 194 200
209 44 52 64 66 67 70 71 72 80 84 88 89 90 91 95 99 101 105 107 118 120 127 128 132 135 137 139 141 144 145 155 156 162 166 171 173 174 175 176 177 181 186 189 191 193 195 196 198 200
279 48 51 54 56 58 60 61 62 64 66 75 76 77 82 83 85 90 91 97 99 100 106 112 114 115 129 131 135 137 140 143 145 148 153 155 156 157 158 159 160 161 171 172 178 180 182 196 199
272 47 51 56 57 64 74 76 78 80 82 84 87 88 92 94 101 105 106 108 109 111 118 121 124 126 127 133 137 140 147 151 153 160 163 164 165 167 169 174 176 181 183 189 193 194 199 200
193 48 56 57 61 63 64 66 70 74 76 81 83 101 103 104 107 109 114 124 127 133 137 138 141 142 148 150 154 157 160 169 170 173 174 175 176 181 184 188 189 190
278 52 53 58 63 67 69 70 76 77 83 86 87 89 91 94 96 97 103 104 106 109 110 112 114 115 123 128 136 137 140 144 147 150 158 167 172 182 194 197 198 199 200
153 49 50 51 57 58 61 66 77 78 81 90 94 96 97 101 103 107 111 112 114 119 122 130 131 137 138 141 143 147 157 160 161 168 169 170 173 174 176 180 181 183 184 185 188 196 197 199 200
281 50 51 58 64 65 67 70 71 76 77 79 81 83 86 89 91 99 101 102 104 107 109 116 118 127 132 135 143 144 149 156 162 163 164 165 167 170 173 174 175 176 177 184 187 195 196 197 199
291 54 56 58 65 67 68 71 75 76 80 90 94 95 97 99 100 104 107 110 111 119 121 127 129 131 134 135 136 141 143 144 147 148 151 157 158 159 161 163 167 181 186 187 192 194 198 199
157 57 63 64 65 71 72 79 85 86 89 90 97 98 104 105 106 108 109 110 111 114 121 122 125 126 129 130 134 136 144 148 149 151 159 161 162 169 177 178 185 190 194 195 197 200
299 54 55 56 58 61 62 64 66 70 71 72 76 79 83 84 86 88 92 94 97 104 107 115 119 122 132 138 142 143 145 146 148 152 154 155 160 161 166 167 172 178 180 184 190 197 199 200
192 54 56 58 59 60 62 63 65 66 68 69 70 73 81 93 94 95 97 98 99 106 108 113 115 117 121 122 128 129 134 138 140 141 142 146 149 153 159 168 172 174 185 186 187 188 189 190 194 195 200
257 60 61 63 65 66 67 68 83 86 89 93 95 99 100 102 106 108 110 115 118 120 124 130 137 142 148 149 150 151 156 158 160 162 164 167 175 183 184 188 189 193 194 195 199
251 58 59 61 67 70 72 73 75 80 82 86 87 89 91 93 94 99 100 104 107 109 113 117 118 120 123 125 129 131 133 136 143 144 148 152 153 155 160 164 166 172 178 181 187 193 196 197
159 59 62 72 74 76 78 79 82 85 86 92 102 103 104 105 108 111 116 124 125 129 134 139 142 144 148 149 151 152 158 161 164 166 168 170 172 175 177 178 180 183 184 185 187 189 191 192 193 197
265 58 62 63 65 66 67 68 71 72 73 74 75 79 81 83 93 95 97 102 105 108 109 111 114 120 121 122 123 124 125 128 131 133 134 135 137 148 152 153 155 160 162 167 169 171 172 174 175 181 187 191 193 196 198 200
182 60 61 63 69 70 72 73 77 81 82 85 96 97 101 104 108 109 110 111 115 116 117 118 126 129 132 134 135 136 141 145 147 150 159 160 161 163 164 166 167 168 170 173 181 182 187 193 196 197
267 62 63 66 70 72 75 77 79 82 83 84 87 93 94 100 107 108 109 113 116 122 128 134 141 142 148 151 153 155 158 159 164 166 176 178 182 190
246 61 67 70 71 72 77 78 80 82 83 85 92 93 94 97 98 99 102 107 110 111 115 116 117 118 122 124 127 138 139 141 144 148 149 150 163 168 169 170 180 182 185 190 192 194 195 196 200
154 62 65 66 71 77 80 84 89 96 97 99 102 106 109 110 111 112 118 121 122 128 129 132 138 142 148 151 153 158 172 174 175 179 185 186 188 190 191 194 195 196 198 200
294 63 64 65 67 72 74 81 83 85 87 94 105 108 109 111 113 120 129 131 133 134 137 143 155 156 161 163 165 166 167 171 173 180 182 184 189 196 199
286 65 75 82 83 84 90 91 96 98 105 108 115 121 122 124 127 128 129 130 131 133 136 140 142 145 147 148 149 157 158 160 161 163 164 170 178 179 182 183 185 186 190 191 199 200
171 65 69 70 75 77 78 79 82 84 93 95 102 106 112 114 115 117 118 127 132 133 138 140 146 147 148 149 150 155 158 163 167 169 170 172 173 179 183 184 185 186 189 194 196
193 72 75 77 80 82 83 87 91 93 101 103 105 114 119 120 123 130 131 132 134 136 148 150 157 160 161 166 167 170 171 177 194 196
287 68 75 77 86 88 92 94 95 101 103 107 108 114 116 119 121 122 123 125 130 138 139 144 147 148 153 155 158 161 170 171 182 183 185 189 196 197 198
224 69 73 74 75 78 79 80 81 83 84 85 90 95 96 97 102 105 106 107 108 110 114 115 116 119 120 121 123 125 128 129 130 134 136 141 146 148 153 157 161 167 172 177 183 185 193
275 71 79 83 85 88 89 92 101 103 108 112 116 121 128 135 139 141 143 146 150 155 160 161 169 174 175 176 177 185 193 196 200
187 71 75 78 83 93 95 96 99 101 104 105 107 123 127 128 129 130 132 133 135 136 137 138 139 148 155 156 158 159 161 162 164 167 169 173 174 176 180 182 183 184 186 187 188 192 194 197 198 200
290 72 75 76 78 86 88 93 95 103 104 105 110 112 115 120 122 125 128 129 130 135 145 151 153 156 167 169 171 174 176 179 187 190 193 194 196
160 73 76 78 86 87 92 94 95 99 100 103 106 112 113 117 121 124 132 136 137 141 149 151 155 160 163 169 174 175 177 187 191
257 73 84 89 91 92 96 114 125 128 129 132 135 143 144 146 149 154 158 159 161 168 171 172 176 178 182 193 197 198
192 76 88 92 99 106 112 118 123 125 126 135 137 142 143 145 149 154 155 158 168 173 174 179 185 189 196
175 75 76 83 87 89 91 96 97 103 106 111 115 116 119 123 128 129 130 132 138 145 150 152 157 158 165 167 179 183 186 190 196
214 82 85 94 95 97 98 102 105 110 112 113 114 115 117 121 129 134 136 140 141 143 144 145 151 152 156 157 159 161 165 166 169 172 173 174 175 176 180 181 186 187 198
200 79 83 84 87 88 89 91 92 93 100 112 114 119 126 131 132 134 144 151 152 155 161 165 167 169 171 172 175 179 183 189 193 196 197 200
233 84 85 86 89 90 93 96 103 106 107 109 111 112 115 116 117 118 125 129 130 134 135 143 147 154 162 164 174 175 182 183 185 189 192 194 199
227 79 84 88 89 92 98 108 109 110 111 118 126 129 131 132 138 140 144 146 162 166 173 174 175 176 179 185 186 194 198
173 83 94 95 97 102 104 106 116 119 123 125 127 128 129 142 145 148 150 154 157 158 165 166 168 171 173 176 177 181 183 187 188 193 196
166 82 87 91 92 96 97 103 105 108 111 116 117 118 123 125 127 129 134 135 136 137 138 140 141 147 150 157 163 165 167 178 181 182 190 198
176 94 95 96 97 102 107 108 110 111 112 114 116 118 121 124 128 134 140 148 151 154 159 163 169 170 171 175 178 180 182 184 186 188 190 193 198 200
209 85 86 92 93 95 100 102 104 107 108 112 113 117 122 123 124 131 133 134 135 139 149 154 158 159 171 172 173 174 175 176 184 190 191 194 198
267 87 91 94 97 98 100 102 105 106 109 111 119 128 129 134 135 142 143 144 149 154 157 159 171 179 185 192 195 199
197 86 88 90 92 94 96 99 102 108 111 114 115 116 119 120 125 127 131 132 136 138 140 142 144 146 150 158 164 167 168 169 171 172 176 186 187 191
180 93 94 104 105 111 115 117 119 120 121 122 126 127 130 133 137 150 151 152 153 155 156 164 171 172 173 174 191 192 193 194 195 198 200
227 89 94 98 101 105 114 115 120 121 124 126 127 128 129 137 141 146 147 153 156 157 158 163 172 174 175 178 183 185 188 190 192 196 197 198 200
194 89 91 92 96 98 100 103 108 113 120 121 123 124 136 137 146 147 157 160 163 165 167 173 179 187 194 196
290 90 91 93 95 105 106 117 118 120 121 122 125 126 131 135 137 138 141 147 150 152 153 163 164 173 176 179 183 185 192 193 197 199 200
250 93 94 97 100 102 105 108 112 115 117 121 122 123 127 129 132 137 147 156 159 162 163 166 167 170 171 174 177 179 183 195 196
281 91 93 96 103 104 106 107 108 111 112 115 116 119 124 126 127 140 144 147 149 150 153 157 160 161 162 163 164 174 184 185 186 189 194 198
297 92 95 102 106 109 111 113 117 118 121 126 127 132 136 142 151 153 155 161 170 171 175 179 180 184 185 186 189 192 194 195 196 197 198 200
267 95 100 101 107 110 118 121 122 126 127 128 135 140 143 145 146 160 171 180 184 185 189 191 194 196 198 199
274 102 103 105 113 119 121 123 125 126 130 133 139 142 167 169 170 171 174 176 178 184 186 193 195 198
256 112 115 118 122 125 127 130 131 134 136 140 142 144 151 156 157 158 159 161 162 170 176 178 189 190 198 200
153 96 101 102 105 108 109 110 112 113 115 116 118 119 123 131 137 138 141 144 146 151 152 156 158 161 162 165 167 169 172 176 179 180 183 184 185 192 195 196 199
213 97 102 105 109 112 118 121 122 123 128 129 134 143 144 147 149 155 158 163 164 166 169 174 180 181
197 100 106 107 109 110 112 120 122 124 133 140 142 143 147 149 150 153 157 158 166 169 170 173 179 180 181 185 196
193 113 114 120 121 127 128 131 133 134 135 138 139 144 150 153 155 161 163 164 166 169 174 175 190 193 196 199 200
156 100 101 103 105 107 116 120 121 124 127 131 138 147 153 158 161 167 168 170 172 176 178 179 181 183 186 195 200
248 101 103 105 109 115 118 119 121 123 125 132 138 147 149 151 152 153 156 160 166 169 170 172 174 175 179 181 182 183 185
165 108 109 113 114 120 127 128 131 135 138 146 147 148 151 152 154 158 160 163 164 171 180 183 191 194 197 198 199
162 103 107 115 116 119 121 128 130 132 137 141 147 150 155 162 165 166 170 171 174 176 179 182 186 195 200
229 105 109 113 115 116 120 124 125 132 136 138 142 146 147 155 168 174 175 176 180 193 196 197 198 199 200
294 112 114 118 119 120 121 123 135 137 144 148 155 159 162 172 174 181 185 190 195 197
252 116 117 118 120 123 130 135 148 149 151 164 169 170 174 175 179 182 184 187 188 192 195 198
201 116 118 125 127 134 135 144 147 148 151 152 154 162 163 166 167 169 170 171 174 176 181 190 192 194 196 198
204 111 113 114 116 117 123 126 127 132 134 135 144 148 149 151 161 162 164 167 169 170 172 174 175 179 180 181 188 189 193 197 199
290 111 117 119 122 125 126 127 135 138 142 154 157 158 162 172 173 174 178 180 185 187 189 190 192 196 199
218 110 111 114 116 125 126 131 132 133 136 137 138 141 142 149 152 154 157 166 174 176 183 188 190 191 196 198
279 113 115 120 122 124 131 132 134 135 151 153 161 162 165 167 174 183 184 186 192 195 200
244 118 120 123 126 129 130 134 138 140 147 148 149 152 156 157 159 164 165 178 179 180 184 186 189 190 197
176 114 116 121 122 124 128 129 132 133 134 137 138 143 148 150 151 166 168 172 180 184 186 187 193 196 199
218 115 118 119 120 126 131 140 149 152 154 164 165 166 173 175 176 178 183 186 188 190 193 195
267 115 122 123 124 125 126 127 132 134 136 137 139 144 146 147 156 160 166 168 169 173 177 179 186 190 199
288 116 117 121 123 124 126 133 134 135 137 141 143 144 148 149 153 156 157 162 164 165 170 173 174 175 178 179 184 186 190 192 193
290 121 122 127 130 132 139 143 147 148 155 168 170 172 176 183 184 185 188 189 192 195 198 200
272 119 120 121 133 137 139 144 147 151 153 156 157 158 159 161 166 169 171 172 173 176 178 183 184 187 188 189 195 197
250 124 126 130 133 135 136 140 143 144 145 148 150 152 161 163 165 167 171 174 176 179 180 182 185 193 196 199 200
166 121 123 128 129 132 143 147 149 156 182 184 186 195 197 198 199
241 121 125 135 138 139 141 144 146 147 149 152 153 155 157 160 161 164 165 167 169 173 179 188 190 191 193 199
203 126 127 129 133 136 137 142 144 146 151 154 157 158 168 171 172 174 177 179 181 185 186 188 193 198 199
297 131 132 135 144 149 151 154 157 162 165 172 174 179 180 181 192 194 197 199
168 135 136 137 139 141 149 151 153 157 161 166 167 172 176 179 188 190 196 198
180 126 128 131 136 137 138 139 142 144 145 146 149 151 152 154 156 157 158 166 171 173 174 181 182 185 188 189 190 191 194 195 196 198
265 126 127 132 135 136 144 145 147 148 152 154 155 161 163 165 167 168 175 182 184 186 190 192 199
174 130 131 133 134 136 137 142 144 145 150 151 152 154 157 158 159 160 161 164 175 180 186 197 198 200
157 128 130 133 146 150 155 160 161 162 163 168 171 172 173 174 178 185 186 194 197 199
150 132 137 140 144 147 152 153 161 163 164 169 170 174 178 181 183 191 198 199
152 133 134 139 140 143 145 149 150 153 155 157 159 162 163 164 165 173 181 187 196 197 200
205 132 136 144 145 147 152 153 154 158 167 171 172 178 180 184 188 190
206 133 135 136 145 149 154 155 156 157 163 164 168 169 172 177 181 182 184 187 189 190 191 193 194 195 200
155 133 134 138 140 141 149 150 162 164 165 168 169 170 177 185 193 194
278 136 142 146 148 151 154 156 157 159 160 162 171 172 173 174 177 179 180 182 189 195 200
300 138 140 146 148 149 152 157 164 165 168 169 170 172 173 174 177 183 191 192 193 196 198 199
279 136 138 140 141 142 144 145 146 148 149 152 154 161 163 175 176 179 182 190 191 194 197 198 199
253 142 147 151 169 173 175 176 181 182 183 186 188 190 194 195 197
172 138 140 141 142 147 151 153 155 159 168 174 178 181 184 189 191 194
298 141 142 146 150 162 163 167 168 171 177 178 179 180 185 186 187 192 194 200
209 142 144 147 152 153 161 162 164 165 166 169 172 174 179 180 181 182 183 186 187 195 199
151 147 151 152 154 157 167 175 176 178 180 181 183 186 192 194 199
202 149 152 153 158 164 165 166 168 172 174 175 180 184 185 186 188 189 190 194 195 198 199 200
164 145 147 148 149 150 151 153 154 155 156 159 160 161 168 169 170 181 186 191 193 194 197 198
279 146 153 157 159 160 162 170 176 177 178 179 182 186 187 189 193 195 196 197 199
234 147 149 150 153 154 159 166 167 168 170 175 176 177 179 181 182 183 184 188 191 197 198
154 147 148 153 159 162 166 168 169 172 174 175 185 190
225 149 154 155 159 160 161 162 164 166 168 170 176 178 179 181 185 187 188 192 197 199
232 152 153 154 156 157 159 160 161 163 167 169 170 172 181 185 186 187 188 189 194 195 196 199
232 154 157 158 159 162 172 173 174 175 178 183 184 185 190 195 196 197 198
190 152 153 155 161 164 165 167 175 176 178 179 180 183 195 199
199 160 163 178 182 184 186 193 195 196 200
176 154 155 156 162 175 180 188 189 190 192 196 197 199
236 160 166 169 175 176 181 182 183 187 189 191 192 195 200
174 163 171 176 186 187 189 198 199
286 160 170 173 174 176 180 187 190 192 196 198 199
160 161 166 174 189 192 194 195 200
168 158 159 160 162 168 171 172 176 182 183 186 190 192 194 195 197 198 199 200
300 158 165 169 171 173 181 184 188 192 194 198 200
179 167 170 176 189 195
261 160 164 167 168 171 172 176 178 180 181 185 187 188 194 195 198
231 163 168 171 183 188 193 194 195 196 199
288 171 172 180 181 185 195 197 198
208 167 176 177 179 189 190 192 194 198
212 166 167 172 175 179 180 181 182 183 187 192 193
184 165 168 175 178 185 186 188 190 196 200
260 169 180 182 186 193 195 200
156 167 172 177 181 184 186 191
157 168 169 179 180 181 188 197 198 200
276 172 176 177 178 180 181 185 193 197 199
191 173 174 186 187 189 195 199
228 178 180 184 185 186 190 195
288 175 177 187 188 189 190
290 173 176 183 184 188 190 196 199 200
282 177 180 190 192 199 200
243 176 180 181 182 183 185 187 190 196 197 199 200
150 177 182 184 188 190 197 198 199
288 178 179 188 189 192 197
195 183 184 186 192 194
173 181 184 186 189 190 193 194 196 197 198
178 184 186 188 191 192 194
215 183 185 186 190 192 194 198 199
214 182 185 186 192 193 194 196 199
203 185 192 194 197
264 185 195 196 199
259 187 188 189 190 191 192 194 198 200
206 194 197 199
251 188 189 191 193 194 197 198
205 192 194 195 197 198 200
202 190 191 192 196 198 199
260 192 194
225 195 196
233 193 199
298 199
169 194 200
225 196 197
211 197 200
225
196 199
231 199
289
298
