100	10	200	1
0	18	7
0	6	15
0	16	9
0	6	12
0	21	7
0	24	12
0	29	9
0	13	5
0	5	12
0	34	12
53 6 7 11 13 17 29 30 31 36 40 44 50 57 59 62 63 67 69 70 71 72 73 81 82 87 92 94 97 99
7 3 4 9 12 21 22 28 31 33 35 36 39 43 44 47 48 49 61 62 63 80 82 87 88 97 100
41 8 9 23 25 26 33 35 40 41 44 47 53 54 57 58 66 68 69 71 72 76 81 86 90 91 94 96
48 8 9 12 13 14 20 22 26 28 33 36 38 43 44 46 49 54 56 57 59 66 71 72 73 79 81 84 89 95
8 12 15 19 23 26 27 32 33 44 51 52 64 68 73 74 77 80 82 96 97 100
45 7 8 17 28 29 31 33 35 36 44 45 51 55 56 57 58 61 64 67 69 70 72 73 75 76 85 86 87 90 91 93 94 97 98
36 22 25 35 41 43 46 51 52 53 54 62 64 66 67 70 71 72 77 79 81 84 89 91 96 100
41 12 13 16 18 19 25 31 33 37 38 47 48 54 55 60 64 69 73 77 89 90 92 93 95 97 99
48 13 15 17 18 32 35 39 43 44 46 54 55 58 59 61 65 66 71 72 78 81 83 87 88 95
59 13 14 16 21 25 28 29 33 37 40 44 48 54 57 59 64 70 71 74 75 76 77 78 80 81 84 86
14 12 14 15 17 21 34 45 48 57 64 65 67 71 72 76 78 81 82 84 85 87 88 89 90 99
7 13 17 21 27 29 30 31 33 36 38 40 41 47 49 54 62 65 66 67 74 77 80 81 82 86 88 95 96
21 14 17 20 22 26 29 33 37 40 42 44 45 47 50 57 59 63 66 72 76 80 82 93 97 98 100
37 15 24 26 27 28 34 39 40 44 48 53 56 57 62 66 67 71 72 74 76 78 80 83 96 100
7 17 20 23 24 31 32 35 38 40 42 45 47 50 51 52 55 60 62 66 67 68 78 80 84 92 97 99
59 18 26 28 30 34 36 40 41 42 44 50 54 57 58 62 66 69 71 77 78 80 82 84 88 91 94 96 97 98 99
33 22 24 28 30 38 39 42 45 51 53 55 56 60 61 65 90 93 96 100
3 25 28 29 39 40 41 42 43 47 49 51 52 55 58 65 66 68 72 73 74 75 77 78 85 88 90 94 99
42 20 24 26 38 40 41 42 49 55 57 60 61 63 64 67 69 71 72 73 74 76 86 87 91 95
4 23 29 32 35 36 41 43 48 50 61 62 65 66 67 72 73 80 82 84 86 88 89 90 92 95 99
32 25 30 38 44 46 54 59 63 69 70 78 84 86 89 90 92 93 95 96 98 99 100
55 23 25 27 29 33 34 36 37 39 40 46 49 54 55 60 61 62 65 70 71 74 78 83 84 85 86 91 92 93 96 97 99
20 24 30 33 36 38 49 52 54 55 58 65 66 72 74 75 76 77 79 82 85 90 92 94 96 99 100
50 25 29 34 35 37 46 51 54 59 61 67 69 71 74 75 77 78 81 83 85 86 93 96 98
21 30 32 33 36 41 43 44 48 49 55 58 62 65 69 70 71 72 77 80 81 84 89 91 94 95 100
53 29 32 35 36 37 41 52 53 54 55 56 57 60 62 63 67 74 82 84 87 94 98 99
4 29 30 31 33 48 50 53 54 60 62 77 79 80 81 83 92 94 95 96 100
58 29 34 37 39 42 49 50 51 53 55 59 60 61 62 71 74 78 80 82 86 91 92 94 96 98 100
4 36 37 43 50 51 52 53 56 58 60 69 86 88 93 100
23 32 40 44 45 48 52 53 70 73 75 76 90 93 94 99
56 39 41 42 43 44 45 53 56 57 67 72 74 76 77 78 83 87 89 92 94 95 99 100
34 34 39 40 41 42 44 48 50 51 52 59 60 67 68 71 77 79 87 90 92 96 98
37 38 42 44 46 47 52 55 57 58 60 63 65 67 76 79 80 81 86 91 93
53 37 38 40 41 46 50 53 59 61 63 67 69 81 98
54 38 39 40 42 43 46 47 51 52 58 62 67 71 73 77 79 80 81 83 84 89 91 93 94 96 99 100
56 37 39 40 42 46 47 48 53 55 56 57 61 74 76 79 92 93 99
59 44 47 51 62 64 75 76 80 81 83 85 86 87 89 90 91 95 100
17 42 49 51 55 59 61 68 69 71 72 74 81 84 85 87 89 94 99 100
25 44 49 56 64 65 68 70 71 74 77 78 80 81 88 93 100
4 44 48 50 52 56 58 64 65 67 69 71 74 79 81 89 93 98 100
40 46 56 57 68 72 73 76 79 81 82 90 97 98
13 44 46 47 49 57 65 66 70 71 76 77 81 83 84 85 87 91 96 97 99
48 48 52 55 73 75 77 78 82 85 88 89 93 95 96 99
34 45 48 50 54 55 56 57 58 60 71 78 79 86 87 89 92 98
32 49 50 53 56 58 61 62 63 68 75 77 80 85 88 89 93 97 100
60 55 56 58 59 62 64 69 70 73 74 77 79 83 88 91 99
13 54 56 59 60 62 64 67 74 75 77 80 81 83 85 88 90 91 93 94 96
32 50 52 62 68 69 70 75 76 81 84 85 86 90 92 95 98
30 53 64 65 70 79 83 86 90 93 96 99
9 51 56 62 67 75 79 80 84 86 87 93 99
39 52 56 59 60 61 64 72 76 78 83 84 87 89 92 93 94 95 98
32 53 62 69 72 75 76 83 84 85 86 87 90 93
29 54 55 56 57 62 66 67 68 69 70 71 75 78 80 81 86 91 92
41 55 56 58 59 60 65 70 72 75 78 85 86 87 88 92 94 95
17 56 57 58 68 71 77 83 84 86 89 91 96 98
47 59 63 66 67 68 70 74 80 81 82 87 92 94 95
58 59 62 64 68 70 76 77 88 90 92 97 98
54 62 64 65 66 74 79 81 82 85 89 95 99
7 66 67 70 71 75 82 86 94 99
41 61 62 65 68 70 72 73 76 77 81 87 88 94
56 62 63 67 70 71 72 77 78 79 80 81 84 89 90 91 93 96 99 100
55 67 69 74 75 77 82 83 86 87 88 91 93 95 97 98 100
50 69 71 72 74 76 79 83 84 86 90 92
4 66 69 70 79 81 83 84 86 90 96 99
47 72 73 78 80 83 91 93 94 100
22 71 74 76 82 84 88 91 94 98
55 69 75 79 84 88 94 96 98 100
39 75 82 83 89 91 92 93 94 95
54 70 72 77 83 93 94 97 98
7 74 77 83 90 98
41 72 75 76 77 82 83 84 87 88 91 92 95 96 100
27 78 79 84 86 89 90 93 100
30 75 83 85 88 91 93 94 95 99
54 79 84 88 91 92 93 95
7 76 77 78 80 81 83 85 92 98 100
44 77 78 79 80 91 99 100
47 78 80 81 84 86 87 95
8 82 83 84 86 88 89 92 94 95 96 97 100
18 89 90 95 96 97 99
60 82 84 86 93 94 95 96 97
30 82 84 86 88 89 92 93 95 97
33 83 85 87 89 91 99
20 85 86 91 93 95 96
15 86 90 91 93
45 87 89 92 100
19 89 90 91 96 99
53 94 95 96 97 99 100
40 89 91 93 98 99
59 93 94 98 100
16 93 94 97 100
37 93 95 96 97
20 94 97 98
53 95 96 99
17 97
44 97 98
54 97 100
42 100
42 99
9
3
