75	5	10000	10
-4	500	15
-4	193	15
-1	479	18
-3	953	9
-5	218	18
2900 4 5 6 9 23 33 36 37 43 47 51 53 54 56 58 59 60 61 62 63 65 69 71 74
2623 6 12 22 28 33 36 37 42 48 50 52 53 55 57 60 63 74 75
1691 5 7 12 13 15 17 18 21 27 29 30 31 33 35 37 38 41 43 48 55 57 61 62 64 65 67 68 72
2753 5 7 12 14 16 17 19 22 28 31 39 42 44 46 51 57 58 59 68 71 74
1891 12 18 19 26 32 33 34 36 37 39 42 49 51 52 55 56 59 60 63 66 73 75
1664 16 19 20 23 24 28 31 36 37 38 42 44 48 55 59
2621 10 17 20 26 28 29 31 32 46 48 49 50 53 56 61 63 64 65 68 75
2721 10 13 22 25 27 29 34 38 49 51 52 56 64 67 69 71 73 74
2754 14 28 30 35 37 38 44 45 47 57 58 61 64 66 72 73
1683 13 17 18 19 20 21 22 26 30 32 33 34 35 36 39 40 41 47 50 55 56 57 58 60 62 65 68 73 74
1664 12 13 16 20 24 26 30 31 33 37 39 41 42 44 47 58 59 61 62 63 66 70 71 72
2496 16 18 21 23 25 31 36 37 42 43 49 50 51 54 55 56 58 59 66 67 68
1799 25 29 35 36 41 44 45 46 50 52 55 60 61 65 67 68 75
1554 15 22 30 32 33 36 38 49 55 57 60 61 63 68 73 74 75
2800 18 29 31 38 40 41 42 43 47 54 55 57 61 62 65 67 69
2533 17 20 27 31 35 39 43 45 53 54 55 56 61 63 66 67
2077 20 23 26 28 35 41 45 47 52 54 62 70 72 75
1694 21 23 29 30 40 42 53 54 55 66 69 71 73
2631 28 35 38 42 45 48 49 55 56 57 59 63 68 75
2995 21 22 25 37 38 40 44 48 49 61 62 66 70 72 73
1791 26 29 30 32 33 46 51 61 68 69
2735 23 25 30 32 33 37 41 42 43 48 51 59 64 67 70 71 75
1882 26 28 29 35 37 41 45 47 52 55 58 59 64 67 70 73
1806 27 28 35 36 37 38 45 46 53 55 56 59 60 63 64 68 69 70 72 73 74
2891 26 27 35 41 47 49 50 51 55 58 64 66 67 69
1533 27 39 43 45 51 55 63 64 69 73
2261 29 34 40 45 52 55 59 62 65 68 72
2181 29 40 44 45 48 49 55 56 58 59 63 65 66 71 72 75
1592 31 32 33 37 39 43 47 52 53 54 58 60 61 62 63 64 66 70 73 75
2741 33 35 42 43 44 45 53 58 63 65 67 72 74 75
2476 32 36 37 38 39 55 56 61 62 63 65 66 69 73 75
2694 33 36 40 46 50 51 54 60 69 71 75
1702 37 39 42 45 54 55 58 60 69 71 72 73 74 75
2466 39 44 53 54 55 56 57 60 73
2389 41 44 51 55 57 59 63 67 68 70
2751 40 42 44 48 52 56 58 61 62 66 68 73 75
2941 40 41 42 44 45 46 48 57 60 61 65 69 71 72 73 74 75
2540 43 44 45 46 50 57 61 63 65 68 75
2628 43 46 50 61 64 71
2947 42 50 51 54 59 61 62 65 70 75
2606 46 54 55 57 58 59 61 63 65 70 74
2411 48 49 54 56 57 60 64 65 66 69 74
1876 45 46 49 52 54 55 56 57 58 60 63 65 66 67 69 75
2475 45 48 49 54 58 59 67 69 70
1668 49 50 52 59 61 70 73
2754 48 54 55 56 57 61 67 72 74
1889 51 54 57 58 59 60 64 65 66 71 73 75
1739 53 56 60 61 62 64 68 70 72 73 74
2329 52 55 59 65 67 69 71 73 74
2406 51 54 59 66 70 73 74 75
2954 58 61 62 63 64 67 73
2182 53 54 57 62 67 68 75
1723 54 57 64 68 71 72
2149 57 58 63 68 71
2944 59 60 61 62 66 67 72 74
2508 59 65 69
1627 68
2013 66 74 75
2944 62 64 69 73
1800 61 67 68 71
1706 65 70 74 75
2033 65 69 70 71 72 74 75
1954 66 68 69 70
2417 65 71
2703 67 69
1995 69 70 72
2899 68 70
2064 69 74
1982 75
2358 72
2063 72
2790 74
2798
2733
1745
