75	10	1000	1
0	187	5
0	109	9
0	103	5
0	115	10
0	181	10
0	124	10
0	177	6
0	173	5
0	115	8
0	150	7
120 3 9 13 26 29 31 33 38 42 44 46 49 55 61 68 69 72 75
61 3 14 16 17 19 25 28 29 32 35 36 40 41 43 45 46 48 51 53 54 66 70
128 6 7 11 20 26 27 39 40 43 44 45 48 49 58 64 68 72
128 5 6 10 13 17 18 19 26 32 34 38 39 40 41 42 44 50 52 55 56 58 60 62 66
60 8 12 13 18 20 22 25 30 32 35 36 44 46 48 50 52 54 61 64 67 68 69 71 75
129 10 14 22 23 24 30 34 41 42 43 48 50 52 56 59 61 65 75
137 10 12 17 18 25 27 28 31 34 35 36 37 39 44 45 48 51 60 62 64 66 67 74
74 15 17 18 24 27 28 29 30 32 36 37 38 39 45 46 48 55 61 64 70 73
60 19 21 28 32 37 41 42 45 48 51 54 57 58 59 63 65 72
120 15 16 17 18 20 22 24 25 32 34 41 43 47 48 54 55 57 64 70
126 13 15 17 18 19 25 26 28 31 36 37 41 48 50 53 55 61 67 71 74
61 14 17 24 25 28 31 32 33 38 39 40 42 43 45 47 49 50 53 60 61 65 66 75
112 18 20 22 24 25 27 28 34 35 36 37 38 39 41 44 47 56 61 70
150 18 20 21 23 25 31 32 38 39 40 47 52 53 54 55 57 58 59 61 66 72
86 19 23 25 27 33 34 36 40 43 45 47 50 57 64 66 67 74
146 18 21 38 44 46 47 55 58 59 60 62 63 64 68 70 72 73
69 20 26 32 38 47 49 50 54 64 65 68 70 72
92 22 26 27 36 37 41 50 51 53 54 60 63 67 72 73
139 20 22 26 28 29 32 34 35 37 47 48 50 52 56 62 69 71
114 24 28 32 39 44 47 49 52 55 57 67 70 71 73
120 29 30 31 33 34 45 51 53 58 60 65 66 70 72 73
143 24 32 34 36 40 46 48 52 54 55 60 66 72 74
68 26 27 29 33 35 39 42 45 48 50 57 62 64
127 25 27 32 36 39 42 45 47 51 52 53 56 57 60 70 71
73 28 31 32 33 37 39 40 41 42 43 45 46 48 49 55 56 58 61 63 67 73 75
136 28 30 35 36 37 40 44 45 46 47 49 52 60 61 68 71 74
52 30 31 33 34 37 46 47 52 57 67
97 29 34 37 42 48 49 51 56 57 58 59 62 64 66 71 75
55 32 36 37 41 42 43 45 47 50 59 63 66 67 68 70 73
115 32 33 38 45 48 49 53 55 56 57 58 60 61 63 64 68 69 71 72
111 33 34 35 36 40 41 46 49 51 54 68 71 75
118 34 35 37 40 41 46 52 63 64 65 68 69 72 73
62 34 35 40 41 44 47 48 55 58 60 65 68 69 72 74 75
120 42 43 45 47 51 54 56 62 64 66 67 69 71 75
140 40 43 44 45 47 48 49 50 51 58 61 63
106 38 39 47 55 57 60 63 66 68 69 71
73 38 44 48 53 54 57 58 61 67 68
110 42 43 45 46 49 51 59 60 64 66 69 72
64 42 45 46 47 55 56 65 71
124 45 49 56 57 66 67 75
110 43 44 45 48 49 51 52 54 57 62 64 65 67 68
105 50 55 59 61 64 65 68 71
128 44 48 54 59 61 63 66 68 70 73
140 45 50 52 55 61 67 69 73 75
115 46 51 52 55 56 61 63 66
119 48 59 61 62 64
60 48 49 51 56 58 60 63 72
128 51 52 55 60 66 72 74
74 51 52 53 67 69 75
147 52 59 62
55 53 55 56 57 58 62 64 66 73
140 53 55 56
90 54 55 56 59 71 72 74
140 60 64 65 66 68 70 73
57 57 61 62 64 66 67 70
101 70 72 73
106 60 66 69 70 73
92 61 64 66
63 61 64 67 71 72
113 63 65 66 67 73 74
62 62 64 66 67 70 72
83 67 74 75
107 64 68 70 71 72
125 65 66 68 69 73 75
137 68 69 74
85 69 72 74 75
80
127 72 73 74
68 70
78 72 73
80 72 73
103
85
130
131
