50	10	1000	10
-5	158	4
-2	134	2
-5	184	1
-5	170	7
-2	177	4
-4	193	8
-1	100	9
-4	149	7
-3	200	5
-5	194	3
157 2 7 8 11 12 13 23 32 36 37 38 39 40 45 47 49
300 3 4 9 10 11 16 26 30 32 33 38 40 44 47 49
275 9 11 12 14 21 29 31 35 41 43 48 49
270 7 8 19 20 24 25 27 31 32 35 37 38 42 49
292 7 14 16 18 19 25 30 36 48
280 8 20 22 28 29 30 32 36 45 46 47 48 50
193 11 13 18 19 26 27 29 35 36 37 43 44 48
247 17 28 32 35 37 38 43 45 46 48 49
218 12 13 17 24 28 32 34 36 37 43 49
209 14 17 26 41 43 47 48 50
279 16 23 24 26 31 33 36 41 45 50
272 14 17 22 26 31 33 37 42 44 45 47 49
278 16 17 19 20 21 27 31 32 35 38 40 43 44 46 50
153 15 18 19 23 26 28 30 36 37 39 42 44 45 48 49
166 25 28 29 32 33 34 38 39 40 42
267 19 20 21 26 36 41 43 44 45 47 50
197 18 21 23 24 26 27 30 31 35 37 38 39 41 48
227 20 23 24 27 31 33 35 38 39 43 45 48
176 20 26 27 28 39 42
209 25 27 30 37 38 40 41 44 45 46 50
180 22 26 27 28 31 37 38 42 43 46 47 48
194 26 30 34 35 36 38 48
290 25 26 28 31 36 37 38 40 42 46 47
250 25 27 29 30 33 36 37 42 44 49
281 29 31 45 46 47
297 33 34 41 43
157 29 36 39 41 44 45 47 48
152 40 41 43
205 31 32 33 34 37 39 40 42 45 46
155 35 41
278 36 37 41 49
279 33 39 42 44
253 36 38 39 40 47 50
298 35 37 41 49
209 36 42 44
180 37 42 46 47 50
265 38 39 40 45 46 50
174 40 49 50
150 44 46 47
206 47 49
300 42 45 46 48 50
172 43
156 46 47 49
157 46
276 46 48 50
191 48 49
288 49
184
260 50
228
