100	5	200	1
0	21	23
0	37	21
0	28	16
0	24	20
0	27	20
10 2 7 9 17 21 28 29 30 32 33 34 35 37 40 43 44 58 72 76 77 78 80 82 84 89 95 97
10 3 4 6 13 21 23 28 29 31 33 35 36 39 43 46 47 48 51 53 63 64 66 69 72 74 75 84 89 92 94 96 99 100
12 11 12 16 22 29 30 31 33 37 42 43 45 50 53 57 59 64 65 68 69 75 78 80 81 82 85 87
13 9 10 11 13 18 20 21 22 23 25 26 29 31 34 35 37 40 45 46 48 53 59 61 62 70 80 81 85 87 88 96 97 98 100
14 13 21 29 37 39 41 49 52 56 58 59 63 64 77 78 79 82 91 93 94 95 98 99 100
17 7 8 9 10 14 17 20 21 22 34 35 37 39 43 45 46 47 48 52 54 55 66 68 74 75 78 81 82 84 88 89 90 96
12 15 18 27 29 33 40 43 44 45 47 51 59 60 61 63 66 71 72 75 77 78 81 82 83 86 87 88 90 91 95 99
11 10 11 12 13 14 15 21 31 34 35 39 43 47 52 59 61 66 67 70 74 77 81 82 84 87 88 89 91 94 98 100
19 17 19 20 23 24 28 29 31 32 33 34 36 38 39 44 54 55 58 61 65 72 76 77 78 82 90 93 96
6 14 17 18 19 20 22 31 34 37 41 43 44 46 47 48 52 60 63 67 68 70 74 76 79 80 85 93 95 99
19 12 14 19 24 25 34 35 38 52 55 58 61 62 67 72 75 84 90 91 92
6 14 15 18 24 25 26 27 28 30 38 39 45 46 48 51 53 55 56 57 60 64 65 77 78 84 85 86 87 96 97
5 15 19 20 23 24 26 27 28 35 38 41 42 49 50 59 61 62 63 66 70 76 77 78 81 84 86 88 90 94 97
14 15 19 23 27 29 38 39 43 45 53 55 58 59 65 70 75 80 83 84 87 95 97 98 99
13 20 22 23 24 36 41 45 46 48 49 52 57 62 65 68 69 71 72 74 76 80 82 90 91 99
3 22 32 36 38 42 46 50 53 58 59 63 64 66 71 80 83 85 86 88 89 100
17 20 21 22 24 25 27 28 37 38 39 40 41 42 45 50 57 58 65 66 67 68 70 71 73 74 75 76 77 78 82 83 91 93
19 19 20 25 27 30 33 36 40 41 42 45 50 52 59 60 61 65 74 77 78 80 89 90 92 93 95 98 99
18 23 27 37 41 43 44 45 47 51 52 54 55 65 73 77 88 96 98
7 33 38 39 42 44 46 48 49 53 55 60 63 64 70 71 74 78 79 80 91 96 97
16 23 27 29 30 31 34 35 36 38 41 45 46 48 49 57 59 61 64 67 68 72 82 86 89 94
16 26 28 29 30 34 36 38 39 42 45 46 53 57 59 60 63 65 70 73 77 80 87 97
12 25 28 30 34 41 44 46 50 51 58 64 72 76 78 80 83 85 86 91 93 98 100
20 30 32 33 36 42 43 49 59 62 72 76 77 82 89 94 96 98
9 26 27 32 36 37 38 40 41 44 45 50 53 58 61 66 68 71 76 79 81 85 86 88 89 97 98 100
19 28 33 36 39 42 43 44 59 60 62 65 66 69 70 72 73 74 82 84 85 86 87 90 94 96 97 98
19 28 33 34 38 39 42 49 52 56 60 63 77 79 80 84 87 94 97 99
11 33 34 36 37 41 51 53 54 56 59 61 64 67 69 74 78 81 84 88 92 93 94 95 98
8 30 36 39 42 44 47 53 61 66 71 72 78 83 88 93 99
3 32 33 35 37 52 58 60 63 71 77 78 85 89
3 36 43 44 46 47 48 51 52 53 56 61 62 75 78 80 87 89 92 95 96 99
8 33 38 39 43 45 54 63 64 73 75 83 84 87 91 92 93 96
2 34 36 37 38 42 44 55 61 62 65 68 73 74 75 81 84 88 90 92 98 99
13 40 42 44 45 48 49 53 63 66 67 72 73 77 89 91 94 99
12 37 46 47 48 51 56 60 61 63 65 69 77 84 87 90 91
3 40 42 44 45 46 51 53 56 59 61 66 67 69 72 77 80 89 90 91 95 99
20 40 41 42 45 46 48 53 58 65 66 68 72 75 77 80 81 84 90 91 93 94 98 100
7 41 43 50 52 53 56 57 62 71 72 77 80 86 92 93 95 97 99
3 40 44 49 52 54 57 59 65 66 68 71 72 78 79 88 99
4 42 43 45 46 47 48 56 62 65 68 72 73 75 76 77 78 81 84 90 91 97
8 48 57 64 76 77 82 83 92 100
12 43 44 45 47 50 57 60 63 64 65 66 67 80 82 85 90 97 99 100
2 45 51 52 53 56 60 70 72 75 79 81 85 92 93
19 46 48 49 51 56 57 60 70 73 83 86 87 88 93 94 100
6 46 48 53 57 59 61 65 70 72 73 75 76 79 83 84 85 93
5 50 54 55 57 65 69 72 75 78 86 92 95 99 100
3 48 49 62 69 71 79 81 82 85 87 89 90 92 94 98 100
9 53 54 55 57 58 62 63 71 72 75 78 82 84 86 87 89 92 99
4 55 57 62 67 70 81 85 89 90 91 98 99
19 53 55 56 57 59 62 65 67 74 77 79 83 84 92 94 95
20 53 55 59 60 61 63 64 68 74 84 85 90 92 95
18 57 61 65 67 69 73 81 92 96 99
4 59 61 63 70 71 73 74 80 81 85 88 89 91 92 95 97 98 100
5 55 60 65 67 75 77 78 79 81 85 89 90 96 99
8 59 61 68 69 72 79 82 84 90 97 99
5 57 60 61 67 72 77 79 83 85 91 92 98 99 100
4 58 60 64 65 73 74 79 81 83 89 91 94 97 98
13 60 63 66 70 71 77 79 80 85 89 94 97
13 60 61 69 71 77 85 88 90 92 93 94
13 62 72 76 89 90 91 97
15 62 63 67 76 77 80 81 84 86 97
11 63 66 68 75 79 84 89 90 92 96 97
13 64 65 67 68 70 74 75 79 88 94 98 100
19 66 75 77 78 79 83 88 95 98 99 100
12 66 77 81 89 90 91 92 93 94 98
18 68 69 70 71 72 74 77 78 80 85 90 93 96 100
4 68 69 77 79 80 85 91 98
4 72 74 78 81 82 83 85 86 92 94 95 98
4 73 74 75 89 90 96 99
18 74 78 80 82 86 91 95 96 97 99 100
17 72 75 78 85 86 87 94 96
20 75 78 79 85 93 94
3 78 80 81 82 84 89 94 100
5 75 79 81 86 90 93 94 96 99
7 83 84 87 90 91 96
3 82 89 99
8 84 85 88 89 100
20 79 80 86 89 90 93 99
15 87 88 91 93 94
10 91 95 96 97 98 99
17 85 86 90 92 93
8 87 95
6 89 90 92 94 95
6 86 88 90 95 100
8 90 91 94 97 98 99
17 88 89 90 91 93 95 98 99 100
2 92 95
17 89 92 97 100
11 91 93 94 98
11 92 93 99 100
14 92 97 100
10 93 94 95 96 97 100
15 94 95 98
10 99
19 97
4 97 100
2 99 100
5 99
10
18
