75	5	1000	10
-2	181	13
-5	122	12
-1	170	10
-3	174	20
-1	123	20
139 8 11 13 14 18 23 24 25 28 37 38 40 42 46 49 53 54 56 58 64 65 70 72 73 74 75
90 3 5 9 10 13 17 19 20 21 24 25 27 29 31 34 40 44 47 49 54 56 58 60 61 64 65 70 73
52 4 10 12 16 17 22 23 24 27 28 29 30 32 37 38 39 43 44 45 53 56 57 60 65 71 73
133 7 9 11 12 13 20 21 23 29 31 33 35 50 51 54 57 65 69 71 72
117 9 11 13 14 17 18 20 25 33 34 40 42 43 51 58 59 61 62 65 67
103 11 14 24 28 30 31 32 34 36 38 39 43 44 50 54 61 65 66 74
73 8 11 22 29 36 38 43 44 48 51 54 56 58 59 64 69 70 72
111 10 11 12 15 20 21 22 24 29 30 31 32 38 41 43 44 48 49 50 55 57 58 60 61 64 65 71 75
110 10 15 23 28 30 32 33 34 36 37 38 39 43 47 55 60 63 64 65 67 68 70 72 73 74
89 13 17 18 19 21 31 33 35 36 38 47 49 54 57 58 61 63 64 65 70 73 74
148 21 24 26 30 31 32 33 40 41 47 48 53 54 56 57 59 61 62 63 65 66 72 74
99 18 19 25 29 35 44 47 48 53 55 59 60 61 66 67 70 75
79 20 22 23 24 27 40 44 47 52 54 55 59 62 63 66 67 68 71
62 18 20 22 23 33 35 36 39 41 47 49 50 52 54 56 57 58 64 71 72 73 75
125 17 18 24 25 27 31 34 38 39 44 48 51 58 63 65 66 67 68 69 70 74
104 18 22 24 25 28 37 40 64 68 70 71 72 74
147 22 28 29 30 34 35 37 38 43 49 50 51 55 61 69 70
147 23 24 26 29 42 44 45 47 55 56 57 58 59 60 66 67 73 75
88 22 23 24 31 33 37 38 40 41 46 48 53 57 58 61 64 65 72
145 21 34 37 48 52 56 59 60 61 62 65 70 71 72
96 22 23 24 26 27 30 34 36 37 40 51 52 54 58 60 71 74 75
116 28 30 32 33 39 46 49 53 64 66 73
71 24 25 26 28 31 34 35 37 39 41 45 51 55 58 64 65 68 75
119 28 31 36 41 42 47 51 57 58 60 62 65 68 73
114 36 38 39 40 42 44 54 56 57 61 63 68 70
79 28 34 35 36 40 46 48 51 57 58 60 71 75
65 31 38 41 43 44 45 53 55 56 58 59 61 64 66
142 30 33 38 42 46 48 54 59 62 65 67 70 71
125 30 32 37 40 41 42 43 44 49 55 59 61 64 65 66 70
61 34 41 43 47 48 52 56 61 62 66 74 75
123 35 36 37 38 40 43 44 50 52 55 57 58 60 64 68 70
108 40 41 45 46 52 56 60 67
134 39 42 50 55 56 58 63 68 72 73 74
103 35 39 40 44 46 47 57 60 61 62 67 71 74
50 40 41 42 49 53 56 58 60 61 64 66 67 69 71 72 73
147 39 53 58 60 63 64 68 69 72 74 75
110 42 45 52 53 55 57 63 64 69 71 72 73 75
150 39 41 46 48 51 57 58 60 65 66 67 69 74
53 41 47 48 51 56 62 64 66 67 69
105 44 45 46 50 51 54 58 64 67 68 69 71 72 74 75
84 43 49 50 64 68 73 74
137 43 45 50 51 52 60 61 68 70 71 72 75
113 47 49 56 63 64 71 72 73 74
87 51 56 58 60 62 64 65 71 73
114 51 53 56 63 68 71 74
125 52 59 62 64 65 70 71 73
103 48 53 54 57 58 61 63 64 71 73 75
134 55 57 65 66
97 52 54 62 66 69 71
143 52 53 56 58 59 60 65 69 70 71 73 75
115 52 71 73
57 55 61 62 63 64 73 74 75
96 55 59 60 62 65 67 68 73
112 57 60 64 66
126 58 59 65 71 73
147 60 63 64 69 70 72 74
51 58 59 60 65 66 67 68
79 60 62 63 64 65 66 69 71 72 73
132 62 64 65 66 68 69 71 73
104 61 64 66 72 74
135 64 74
139 66 68 69 74
63
125 67 70 73 74
100 66 73 74
79 70 72
79 68 69 71 73
127 70 71 72
66
149 72
76 73
120 74 75
119 74
150 75
92
