100	10	1000	1
0	53	10
0	188	15
0	182	6
0	62	12
0	24	12
0	183	11
0	50	10
0	51	7
0	97	8
0	145	9
170 7 10 18 28 31 43 46 67 100
111 3 7 11 23 25 28 64 65 68 78 89 90 91 96
178 23 40 46 54 57 58 81 94
178 7 10 11 18 34 54 56 86 87 92 94 98
110 13 16 17 46 49 59 92 96
177 14 25 29 52 59 63 90
124 15 24 36 48 55 80
186 17 60 67 73 82 98
169 32 52 53 59 80 98
164 11 31 33 45 71 90 91
179 15 21 40 47 50 57 80 81 87 96
187 17 18 37 38 39 42 71 82 91 92
124 14 19 27 36 43 46 74
110 18 19 37 38 43 52 66 81 83
170 41 60 63 74 86
176 36 39 48 49 55 58 98
111 18 23 37 38 83 88 89 99
162 26 39 40 41 44 68 89
200 27 34 35 42 59 60 71 80 86 88
103 28 39 45 63 67 68 75 81
181 24 28 29 30 31 38 40 50 56 71 84 95
161 27 28 31 33 35 44 48 51 74 81 86 89 91 99
133 25 32 51 54 62 73 97
128 28 33 35 46 56 58 76 90 95
182 34 53 66
136 30 32 34 38 57 67 76 98
196 45 60 66 68 74 81 85
119 35 46 60 65 66 67 83 91 96 99
142 61 72 87 89 95 98
189 32 40 47 49 80
191 45 67 78 79 81 89 92 98
164 48 55 59 66 90 91 98
170 43 50 76 87 92 98
193 46 52 68 74
118 49 52 71 77 79 83 89
177 41 48 60 62 63 77 86
123 41 46 50 67 78 83 86 88 92
186 44 46 61 68 71 76 85 95
102 41 54 67 73 82
147 43 60 73 75 78 90 95
105 42 43 56 59 78 91 99
177 43 48 84 86 90 96 99
193 63 76 77 83 84
165 47 50 56 63 69 71 74
161 79 81 85
168 57 64 88 91
112 48 52 55 56 60 67 68 81 94 100
170 51 52 55
190 67 88 89 92 96
156 63 76 89 93
123 69 73 83 89
160 62 64 67 69 70 78 82 87 95
114 60 68 88 96
144 61 62 85 97
145 59 85 88 89 92 94 98
174 61 78 81 92
160 63 75 76 77 92
155 86 99 100
178 64 88 91 100
190 79 98 99
165
169 70 72 87 96
110 74 80 81 86 88 94
178 72 74 77
124 69 73 75 77 93
114 81 93
197 75 83 85 95
105 74 77 85 95 100
190 82 100
140 81 82 92 95
190 74 80 87 90 97
107 74 81 85 90 94 95 96 99
111 76 77 79 83
179 87 93 97
123 92
125 77 89 100
151 81 83 86
156 81 85 100
142 98
113 87 91
163 94 96
105 87
172 85 86 87
112 88 91 92 93
133 90 91 94
157
175
187 89 92
135 96 99
130
177 93
118 94
128
130
153
135
180
181 100
115
112
