50	10	200	10
-4	18	3
-3	10	5
-1	18	6
-3	9	5
-5	8	4
-1	20	6
-4	15	3
-5	20	6
-3	10	6
-2	16	6
18 7 11 16 20 28 29 38 49
27 23 24 25 42
30 9 16 23 31
19
20 17 31 45 47
24 30 37 46 50
12 15 34 47
11 9 12 21 25 31 41 47
26 13 24
19 20 24 27 29 32
29 12 39 45 47
19 18 20 21 40
16 17 33
14 25 46
28 26 30 44 46
29 19 21 27 31
20 19 23 29 47
17 26 32 48
28 24 47 48
11 22 26 29
22 23 26 27
13 27 28 34 45
27 32 48
25 39
12 26 37 42
13 33 36 49 50
23 46
12 43 44
22 33
22 47 48 49
12 39 47
27 40 49
26 44
27 39
29 39 44 46
26
19
18 41 45 46
18
25
24 44 45 46
14 47
13
20
13 46 48
16
16 49
27 50
12 50
11
