200	10	200	10
-4	20	26
-5	15	20
-3	7	18
-5	5	21
-3	16	19
-4	7	13
-3	9	19
-1	7	14
-2	5	27
-3	15	23
54 39 52 58 75 81 104 111 114 116 117 119 147 149 153 155 160 186 190 192 193
30 37 68 87 94 95 109 110 120 127 132 135 142 173 177 184
43 19 24 34 60 67 88 104 116 119 131 135 139 145 147 153 157 159 165 175 180 181
59 17 25 42 59 62 65 66 71 72 90 97 115 117 129 144 155 157 164 168 171 178 184
57 30 47 61 66 77 78 79 88 118 119 121 154 161 163 180 181
53 9 11 14 39 47 67 70 73 84 91 100 105 108 112 128 144 155 161 166 180 191 200
45 9 10 24 27 31 34 58 71 72 123 130 145 149 159 169 189
37 16 18 29 40 61 66 73 110 113 120 126 141 143 149 153 160 164 165 176 180 187 193
49 12 14 19 28 39 43 46 62 68 88 89 90 97 106 111 113 114 122 162 163 191 192 197
60 11 17 20 21 40 44 48 64 69 75 85 92 102 105 112 126 128 133 145 160 170 175 191
49 16 22 31 41 42 44 83 104 112 128 129 137 146 152 158 185 187 199
32 16 19 46 48 65 79 81 91 94 109 118 136 148 149 156 165 173 179 181 189 198
44 20 34 40 45 55 127 135 164 171 175 179 183 187 200
33 15 26 30 34 37 44 47 64 65 83 86 112 121 122 132 138 142 157 160 186
43 45 49 63 73 74 82 83 94 105 106 125 128 143 148 150 167 175
37 31 41 42 48 64 74 76 81 87 89 92 93 100 102 115 116 118 136 149 155 164 168 185 189
46 24 28 33 38 40 43 47 49 50 96 135 150 152 155 175 181 186
58 23 27 34 37 38 65 91 95 97 113 118 122 127 133 135 141 180 186 196
58 23 37 61 64 68 81 99 108 112 122 127 128 143 154 156 165 168 171 193 200
46 39 50 54 55 68 76 96 101 118 119 124 128 130 155 156 168 170 177 193 199
45 22 48 56 85 93 95 140 162 171 173 188 191
53 29 42 47 49 68 81 87 95 101 103 129 130 131 135 144 147 154 155 199
40 30 53 55 58 63 68 74 77 98 104 112 126 182 183 198
33 35 36 45 60 63 66 70 73 75 77 80 84 95 107 115 148 156 160 170 172
51 45 56 66 68 75 90 92 113 123 130 141 150 169 199
33 31 39 47 91 100 101 120 128 135 141 142 154 165 171 192 193
57 34 40 42 48 62 73 74 96 103 115 132 142 154 155 161 179 183 198
38 33 45 55 83 102 111 158 174 179 196
48 36 40 49 60 75 85 101 133 135 175
59 55 70 75 84 89 93 116 147 148 155 163 173 185 189 193 196 199
35 32 40 48 64 67 92 98 102 103 109 116 120 155 160 173 195 196
31 38 41 54 58 69 70 71 83 86 104 108 123 150 167 172 173 176 188 189 197
39 42 55 69 101 123 126 128 129 131 136 151 155 162 165 167 169 171 180
38 42 68 91 93 101 124 131 140 144 147 150 198
39 37 48 61 68 73 77 83 85 86 95 97 101 102 112 115 137 154 157 159 188 200
57 97 98 113 124 126 136 138 174 193
41 47 56 68 71 77 80 98 104 111 132 137 152 154 161 165 172 173 176 184
45 45 77 94 98 106 109 129 141 180 183 184 194
51 62 68 70 71 72 85 113 114 119 120 126 141 145 150 167 173 187 200
37 41 42 44 61 66 74 76 82 101 107 110 115 134 135 136 138 157 174 188 197
40 46 59 67 82 94 109 126 137 143 149 156 158 159 170 171
47 49 51 66 89 107 109 115 119 121 139 155 170 176 182 185 197
43 61 81 84 85 86 101 104 111 114 146 156 170 177 197
40 57 60 62 74 85 98 100 108 109 121 122 131 132 183 188 189
48 87 104 117 125 128 136 142 150 160 162 174
59 57 63 66 69 84 89 95 103 117 126 141 142 145 147 151 155 156 163 168 170 178 179 182 188 198 200
43 49 62 68 72 74 79 87 107 112 129 131 143 150 151 155 159 160 191
33 62 72 109 123 129 165 170 181 186 187 200
42 58 76 78 81 87 99 102 104 106 114 124 131 132 138 143 144 150 154 159 160 162 163 171 190
55 106 107 110 115 125 137 145 150 154 165 168 171
50 52 59 60 62 65 86 93 111 140 145 175 190 196 198 200
35 62 63 79 83 84 93 97 101 105 113 132 142 154 160 181 188
60 64 67 78 80 84 85 113 145 149 153 163 172 181 188 197
42 65 68 85 91 104 130 140 142 145 152 155 159 162 170 172 177 180 184 186
31 60 106 119 120 123 125 130 135 141 153 154 157 160 177 197
53 57 79 80 86 103 113 120 127 148 157 164 171 181
38 60 61 65 71 77 85 86 92 95 106 116 129 146 161 175 177 192 198
44 62 63 65 78 89 90 119 122 129 142 163 171 180 197
30 61 72 81 86 111 125 135 139 168 170 180 200
55 64 66 76 78 79 80 101 122 128 135 137 144 146 158 167 175 181
32 68 74 78 85 93 98 106 111 113 123 137 145 148 152 156 158 184 188 195 200
35 66 73 81 103 111 113 122 128 142 156 157 181 187
42 65 74 75 77 87 103 117 118 129 132 137 144 162 185 186 188
56 98 100 101 109 130 160 173 188
55 74 86 101 109 115 116 118 119 173 177 182 200
38 84 88 91 101 131 138 139 147 160 162 170 186
51 72 122 124 147 163 166 170 185 188 196
46 69 77 98 104 112 116 146 195
47 72 102 112 134 142 163 168 180 184
41 71 86 89 94 117 127 167 179 188 190 199
51 72 80 93 118 124 126 131 134 135 154 166 170 174 189 200
46 78 80 118 120 121 124 141 145 168 172 187 193 194
45 77 80 104 111 125 127 129 146 163 169 186 191 194 196
54 85 91 98 106 107 120 135 151 167 174 181 185 191 193 195
55 97 98 107 119 129 147 165 166 178
55 78 86 95 98 110 111 121 146 164 178 187
47 79 80 105 116 143 146 168 170 198 200
44 79 80 87 112 114 118 124 128 131 137 141 143 145 165 170 189
34 97 101 104 113 119 122 130 132 134 162 163 181 190 200
48 87 97 100 137 161 163 170
42 96 139 162 171 179 184
48 89 90 110 114 133 135 140 143 146 158 181 185 200
39 88 91 101 114 120 154 155 157 166 171 178 184 188 191
47 86 89 108 113 147 154 161 171 174 178 184 191 193
36 91 98 104 105 109 117 121 125 136 142 182 186
60 90 92 113 114 126 131 132 133 148 185 189 196
35 88 92 98 131 135 149 165 171 172 179 196 197
39 92 107 121 130 135 137 146 166 168 196
59 90 104 106 118 124 137 166 171 172 180 182 189 197
55 105 131 133 140 166 170 180 183 196 200
54 93 102 113 129 135 140 163 172 186
37 98 99 103 109 130 138 139 150 151 157 158 170 176 192 200
51 125 128 133 139 142 144 159 166 171 190 194
50 96 106 109 116 117 124 128 133 142 148 156 158 163 175 182 199
31 96 113 116 124 137 138 142 146 160 166 173 187 190 195
39 106 107 114 126 128 130 133 165 167 179 193
58 115 116 129 130 140 146 155 158 164 166 180 182 183
36 116 156 160 165 167 169 172
36 136 152 168 177 186 194 198
56 101 108 124 137 141 150 185 188 199
60 104 129 131 136 182 185 193
41 118 123 127 150 174 176 183 187
44 104 109 113 114 129 153 155 160 181
56 108 128 129 134 151 154 166 167 189 194 198 199
58 127 128 137 143 144 152 153 161 171 173 176 182 188 190
33 107 108 123 130 143 151 171 177 188 190
58 141 152 173 175 176 198
46 115 117 120 124 152 163 176 184 185 190
45 114 125 129 137 139 140 156 175 180 190
56 132 139 144 147 150 155 157 168 181 184 194 196
43 116 117 132 154 157 166 169 191 195 197
35 121 124 129 133 134 140 156 169 178 181 189 193
44 125 129 131 133 149 151 170 195
55 122 124 129 130 138 141 142 146 150 169 171 172 187 191
36 129 130 141 150 157 164 165 179 181 183 187 194 199
54 124 137 141 151 171
41 123 146 159 197
45 124 135 137 141 150 153 172 173
30 130 156 163 169 177 179 197
30 127 164 190
59 135 156 161 184 190
53 124 125 132 146 153 155 164 172 193 194 200
46 135 136 160 163 168 172 173 195 197
37 125 129 155 165 174 186
36 138 151 154 164 177 180 184 185 187
39 142 151 156 159 163 164 170 189
40 166 179 184 187 198
51 129 137 140 141 143 150 161 187 197 198
51 137 143 151 152 183
51 131 148 166 173 186 187 199
60 150 154 158 163 165 182 185
57 170 194
40 141 157 179 180 182 183 185 188
56 143 155 158 168 184 191 194 199
55 153 162 178 183 185 199
32 140 151 160 173 189 199
45 144 146 147 153 170 191
33 141 153 157 165
52 141 149 160 176 182 187
54 164 180 195
60 149 150 156 161 182 185 187 191
54 143 159 161 168 180 190 193 197
48 151 161 165 173 180 183 189 192 198
32 150 165 169 175 187 192
41 154 156 167 169 178
41 149 180 183 198 200
43 159 178 190 198
40 150 151 162 166 178 181 183 192 198
45 156 162 166 180 198
54 152 154 159 177 188 191
30 169 190
43 165 171 181 183 185 186 190
58 172 173 192 193 197 200
57 163 168 171 180 189 198
41 161 171 175 178 186 188 195
51 160 165 171 172 173 175 188
35 158 160 161 165 169 174
47 161 165 197 200
51 162 170 174 177 186 194
42 166 185 191 197
46 171 175 177 180 183 185 194 196
48 191 199
36 166 170 176 185 197
30 186 190 191 197
55 177
38 184 188
38 170 183 186 196
44 195 197 199
50 186 194 199
30 199
39
59 193 198 199
41 192 197
45 180 184 187 188 191 192 193 194 198
59 186 190 196
49 195
48 184 197 199
34 196
43
42 186
39 183 189 197
48 186 189
60 187 189 199
47 186
55
47 188 189 194
33 188 200
36
42 195
43 192
60 193
56
36
40 197 200
55 197 199
57
34
49
32
30
