100	5	200	1
0	28	22
0	22	21
0	27	19
0	22	14
0	40	24
41 6 31 40 52 61 84 89 90
48 17 28 55 76 85
59 4 5 9 13 14 17 20 43 74 75 78 85 94 95 100
53 10 46 50 51 68 73 79 82 89 99
7 11 19 40 45 75 80 85 87 93 97
41 9 25 32 33 35 47 56 82 85
14 10 11 36 38 49 53 62 65 67 69 88 89
7 32 37 56 63 67 71 72 73 79 88
21 13 18 19 20 32 35 73 96
37 30 37 41 45 46 47 48 50 58 61 70 75 77 94
7 14 19 41 45 48 49 51 86 92 99
59 19 20 27 37 44 64 72
33 15 33 39 45 73 86 89
48 26 31 36 61 74 75 95
8 20 29 35 53 64 68 70 72 83 88 90 99
3 19 42 46 54 56 65
42 19 23 29 33 36 55 65 69 82 86
4 25 27 28 47 51 53 59 61 80 83 84
32
45 40 41 52 53 62 69 74 78 99
36 31 32 33 62 67 82 83 86 93
55 28 34 40 43 58 78 79 82 90
34 26 27 28 34 37 44 51 57 60 80 85
20 32 44 53 69 71 93 100
50 38 44 45 47 54 57 79 89 99
21 35 42 44 51 52 54 66 67 68 79 94
37 31 33 64 67 69 86 90
53 31 33 46 64 80
53 34 41 46 79 92 94
54 48 51 58 76 87
4 39 46 48 54
58 42 46 50 52 53 61 95
4 46 47 52 53 57 74 78 80 83 88 93 94
56 42 72 73 88
59 40 50 58 71 72 94
17 47 52 66 75
25 40 45 54 55 64 77 92 94
23 54 57 92
56 53 59 60 77 92
4 60 61 63 82 85
40 46 51 74
13 51 52 59 63 69 83 90 93 94 97
48 53 81 86
34 54 58 89 90
32 53 71 82 89 92
39 55 59 65 66 69 75
60 48 59 65 74 100
32 50 57 68 72 74 76 87 90 97 100
29 55 58 61 64 73 88 98
41
17 59 80 82
47 64 73 86 89
58 58 61 72 74 93
54 64 83 84 85
13 63 77
32 74 75 80 91 96
30 59 93 99
7 70 82 84 88 91 98 99
41 69 76 85 97
56 68 79
9 65 69 75 77 89
55 82 85 88
50 80 84 88
4 76 98
27 69 70 76 89 90 98
30 68 96
47 73 83 93 96 99 100
54 72 83 96
7 74
22 72 81 95
55 79 86
39 76 83 84 89 93 95 97 100
44 87 97 98
54 97 98
7 88 93
41 96
47 80 84 95
59 85 99
8 88 90
18 92 95
60 82 84
16 93
30 89 98
33 97 100
20 94
15 95
37 88 96
20 90
53
17
44 92
45
19
53 96 99
54 97
42 98 99
42
40
9
3
