100	10	200	10
-4	31	8
-4	4	15
-1	40	9
-3	8	13
-5	27	7
-4	14	11
-4	18	8
-3	24	4
-4	32	12
-3	38	13
53 8 17 18 27 31 33 49 56
7 5 16 18 21 29 41 70 79 86 90 96
41 5 9 10 17 28 46 77 84 93
48 26 28 51 67 71 72 96
8 6 22 27 33 77 78 83 89 92 97
45 10 12 23 26 52 66 76 82 87 94 98
36 8 15 36 41 87 96
34 15 25 26 28 40 42 43 57 63 67 68 78 95
41 46 58 59 62 63 66 98 99
48 31 50 54 65 70 76 89 95
59 13 29 38 43 54 71 77 81 86 88 94
14 14 15 17 24 45 52 54 63 68 73 76
7 23 65 68 69 75 78 81 82 91
21 24 33 34 36 44 52 53 79 90 95
37 17 20 31 39 76 87 88
7 45 52
59 26 35 41 56 64 71 72 77 91 92 96 97
33 27 30 36 43 57 72 74 75 86
3 32 40 50 55 56 61 68 80 92
42 21 31 41 61 66 83 89 91 94
4 28 37 52 55 66 71 81 88 94
32 37 39 52 55 62 75 91
55 36 51 54 57 61 77 82 100
20 33 41 47
50 33 36 37 50 54 56 75 79 84 90
21 28 60 67 70 88 93 98
53 35 45 46 53 54 57 66 85 99
4 43 55 66 73 86 97
58 45 66 72 88 100
4 35 49 55 67 86 93
23 54 55 65 80 82
56 35 36 40 50 76 85 99 100
34 34 35 38 43 53 54 62 79 93 99
37 43 62
53 53 72
54 40 46 65 84 89
56 40 41 45 60 75 80
59 47 65 67
17 44 50 54 67 68 70 75 79 84 86
25 47 60 62 78 84 99
4 53 54 56 68 73 78 80 86 96
40 78 84 86 89
13 45 59 70 73 76 79 84 86 87
48 47 48 60 75 96
6 65
60 49 68 69 70 89 91 92 99
13 56 76 82 88
32 50 65 66 69 70 87
30 51 86 87 100
9 54 58 61 63 81 94 100
6 57 60 71 74 78 85 90
24 53 94 96
32 57 62 83 84 100
29 59 63 70 86 92
41 62 84 85
17 65 75 76 93 96
47 64 79 81 82 87
58 64 69 77 90 95
54 62 63 67 71 86 99
7 61 63 66 73 86 87 97
41 68 74 89 90
56 70 78 83 87 90 99
55 66 67 87
47 67 87 90
22 69 71 74
55 69 76
39 93 95 97 99
54 80 86
7 75 95 100
41 81 92 93 95
13 85 94
30 75 83 98 100
54 90 91 96 98
7 81
44 77 90 98
47 82 85
8 80
18 92
60 80 86 94
30 82 85 94
33 84
20 100
15
45 85 86 91
19
53
40 96
59
59
16 97
37 98
20
53
17
44
54
42 100
42
9
3
