200	10	1000	10
-2	80	19
-1	19	21
-5	19	15
-3	12	24
-1	91	22
-5	11	22
-2	47	23
-2	55	17
-2	73	17
-2	70	20
157 4 13 38 52 53 58 61 67 69 72 80 93 101 108 145 178 184 190
300 27 46 61 83 94 108 111 116 120 135 155 158 176 184 193 196
275 9 40 41 59 72 73 75 84 110 121 132 156 161 174 199 200
270 16 20 23 25 26 28 30 36 40 41 43 54 73 82 87 89 95 113 141 147 158 163 174 176 182 190 192 194
215 10 13 22 24 39 43 50 54 58 72 87 91 100 113 115 122 123 124 128 130 140 159 176 192
260 33 38 42 43 51 61 68 78 94 96 135 148 151 159 172 176 197
207 21 28 56 88 89 100 111 130 131 135 144 151 163 174 182 199 200
284 19 37 41 46 53 69 72 101 102 107 109 121 133 134 145 169 198 199
183 30 34 35 43 46 55 99 110 113 133 140 148 175 178 179 180 185 187 196
293 27 30 38 44 59 60 69 95 107 109 111 114 122 127 135 164 168 180 185 188
280 24 27 46 50 108 115 127 129 138 140 159 169 173 180 183 192 196
277 20 40 42 46 47 60 63 68 83 112 117 130 145 168 193
166 17 21 40 59 79 83 104 108 120 129 149 151 169 171 193 200
177 33 36 38 40 41 50 84 97 101 102 114 122 126 138 146 153 160 171 174 180 185 196 200
225 28 47 50 71 103 108 143 165 168 175 176 185 186
231 29 76 105 109 110 111 125 126 133 135 143 149 151 155 157 162 175 181
156 24 27 33 35 75 92 99 105 115 122 124 142 145 158 161 162 164 167 173 184
228 52 53 60 85 108 120 126 130 140 158 190 199
206 59 69 81 91 92 94 102 110 120 133 146 181
292 31 37 39 40 45 53 57 69 104 111 115 123 124 127 137 143 155 163 176 179 180
280 27 35 48 50 54 65 68 100 103 141 142 148 155 156 164 171 174 183 189 194
168 34 36 43 45 57 82 86 90 104 140 161 169 175 183 188 196
224 33 40 43 45 47 52 57 93 100 109 117 119 121 128 138 159 182 189
271 27 37 38 56 82 100 107 109 111 120 122 126 135 136 149 163 172 176 178 179 182 183 192
216 28 29 31 33 41 43 47 48 61 80 81 104 112 114 120 123 130 132 135 140 146 168 173 192
168 29 31 34 36 40 45 58 66 90 92 102 119 122 148 150 152 159 162 166 171 193
238 39 53 54 65 95 115 123 126 136 137 143 157 186 187 190 191
237 30 41 45 53 57 65 66 77 90 95 97 105 131 135 151 158 179
237 45 71 72 81 84 87 96 99 102 106 121 126 128 130 157 158 188 194 196
294 51 64 66 78 81 85 86 88 96 132 140 160 168 173 176 181 184 196 199
286 38 42 48 56 63 86 88 99 102 103 109 116 122 130 147 154 155 157 183 187 188 194 195
153 46 66 74 83 85 91 98 119 128 163 168 177 179 190
255 38 43 47 79 86 118 168 194 195
190 46 57 82 87 122 130 134 142 143 158 160 161 194 195
252 48 52 55 59 60 71 80 92 97 111 113 119 129 131 134 139 164 167 169 179 188 197
266 39 49 77 78 116 118 128 167 177
242 43 61 65 77 80 97 100 108 114 118 120 122 123 147 149 153 157 172 180 188 190 192
221 58 59 77 85 93 95 108 110 112 113 115 119 122 133 144 153 157 165 169 175 184 193
264 42 56 62 63 65 87 129 131 142 167
235 43 48 73 102 106 116 141 146 147 154 174 184
193 78 90 91 97 106 115 118 129 139 153 176 200
281 51 67 80 96 104 109 119 137 138 139 150 158 162 164 166 170 174 178 189 192 198
299 62 64 71 74 78 81 110 124 128 132 141 166 199
192 53 82 87 90 101 112 114 151 169 170 172 180 192
251 61 64 83 90 93 94 102 114 118 125 136 142 144 147 165 169 192 197 198 200
159 59 61 66 68 79 131 136 152 157 163 179 180 197
267 62 97 98 104 105 110 123 124 155 156 165 187 189
154 55 60 87 97 112 115 121 122 124 128 130 136 140 141 150 152 170 182 192 198
294 51 56 76 77 88 97 101 104 108 127 136 148 156 161 169 176 193 198
171 55 75 85 89 92 97 111 137 138 150 152 161 169 175 186 194 195
193 57 67 84 96 107 125 132 146 154 160 164 167 175 185 197
275 62 76 84 93 99 103 142 146 149 152 158 165 174 180 182 191 194
187 55 73 82 88 90 100 102 111 113 116 136 156 158 173 174 178 185 188
257 75 77 93 94 103 114 122 126 129 147 148 182 197
233 61 77 92 98 115 119 127 133 149 172 183 193
247 62 81 86 107 109 110 114 145 155 158 167 171 178
218 58 76 92 106 153 163
209 66 75 78 84 100 103 113 124 151 166 171 173 189 196
279 66 70 78 79 80 91 94 118 119 132 149 168 172 180 184 191 200
272 69 75 86 89 96 97 109 114 122 146 165 173 176 183 189
278 68 70 106 108 117 118 119 155 158 161 198
153 67 70 73 77 92 103 114 118 124 125 134 144 162 167 176 179 182 198
291 82 124 125 140 143 167 170 175 196 197
157 104 108 113 129 141 147 153 177 181 197
257 68 70 72 76 81 84 98 111 112 115 118 124 128 129 148 156 189 199 200
265 68 77 78 84 94 95 96 124 128 140 142 155 163 171 176 190 193
182 70 91 117 119 130 131 132 133 135 137 142 148 150 151 173 178 183 184 189
246 109 117 120 128 130 131 137 140 142 158 161 163 164 180 182
286 97 100 101 109 111 115 127 132 140 154 180 199
287 73 92 96 123 124 141 186 197
224 72 80 87 96 108 114 124 125 126 142 149 152 157 161 165 175 178 181 182 186 188 194 196
290 73 75 99 101 106 108 118 126 144 155 163 179 188
160 76 91 97 103 111 114 122 126 154
192 78 93 94 135 136 138 139 152 158 200
175 103 110 115 137 140 153 158 162 181 187
214 81 89 93 112 122 130 131 132 133 138 139 147 164 166 177 180 185 187 197
200 83 88 107 119 129 130 140 150 158 174 176 188 195 199
227 81 82 83 112 116 124 126 132 144 159 164 176
173 85 93 96 100 110 111 119 125 130 144 155 156 165 166 176 178 189
166 100 116 128 135 140 146 165
267 126 133 135 150 153 155 157 163 171 194
197 91 95 120 121 122 124 141 161 167 175 180
227 86 92 96 121 149 177 180 190
267 118 119 127 139 148 150 159 161 190 194 198
153 123 138 146 158 163 189 199
213 87 88 100 106 111 124 142 158 166
193 102 105 112 115 116 139 143 159 162 163 169 172 189 198
156 91 128 146 151 162 187
165 105 110 111 120 131 137 151 154 157 171 184 190 192 193 194
162 99 102 118 133 136 141 143 148 151 167 175 176
229 121 122 135 136 144 153 168 180 183 185 186
294 104 115 135 146 165 167 173 187 198
252 133 140 155 162 179 191 192
204 109 121 127 134 137 139 144 167 170 180 181 186 188 196
279 101 112 118 122 145 147 148 156 169 171 185 191
267 98 99 113 149 164 178 187 198
288 134 154 158 159
290 102 116 134 137 142 171 175 184 189 196
241 102 121 138 154 179 192
203 104 118 154 172 174 180 196
168 124 128 133 178 193
176 114 117 123 124 163 179 180 186 193 197 200
209 110 124 128 134 136 147 163 182 186 193 200
180 132 175 185
194 119 129 139 173 185 194
290 113 118 129 149 158 164 181 183
250 110 121 123 125 128 134 135 139 150 156 167 168
281 117 126 127 150 161 174 180 182 183 193 199
297 119 152 153 161 164 169 182 187 188
274 113 116 127 150 165 176 178 181
256 116 128 145 160 173 182 192 198
197 117 122 125 143 149 154 161 173 182 184 192
248 128 129 132 142 151 167 175 185 187 190 192
201 120 128 144 166 170 174 179 185 186 188 192 198 200
290 118 119 120 123 132 136 139 179
218 125 129 143 148 157 165 170 172 176 200
244 119 123 124 132 141 148 165 178 179 187 195
176 119 122 124 177 190
218 128 145 157 158 166 181 187 195
272 128 133 155 157 166 170 178 195
250 124 136 143 145 159 163 166 169 171 181 198
166 130 151 156 161 167 168 169 196
297 137 139 150 166 173 187 191 195 196
157 128 132 134 150 158 164 184
152 135 140 142 150 152 153 174 187 189 190 199
205 127 131 138 140 156 166 183 191
155 153 165 166 170 172 180 184 188 189
278 134 140 143 159 164 178 187
279 132 141 173 186
253 133 175 183 185
298 134 136 143 150 151 177 178
209 150 163 168 176 186 195
151 174 184 187 196
202 135 137 148 153 164 172 179 189
279 141 143 146 155 160
232 150 163 169 196
190 141 146 165 180
176 141 150 158 162 180 184 187 188 192
236 142 145 150 174 183 189 194 199
174 200
160 147 151 164 176 179 188 191 198 199
168 149 157 168 178 192 195
300 148 152 163 172 178
261 156 171 175 182 191 200
208 146 165 173 178
212 158 167 168 171 192 199
180 152 170 174 176 188 191
265 153 178 183 195
174 151 157 159 164 165 168 180 182 184 194 198 199
150 168 169 175 184
206 153 160 170 176 181
300 158 169 178 185
172 154 155 158 162 169 173 179 184 188
164 171 174 197
234 161 163 167 173
154 165 190
225 166 167 172 173 176 185 187
232 167 172 187 193
199 163 172 177 188
286 164 168 197 198
179 181 184
231 189 199
288 196
156 181 199
157 173 176 177 192
276 167 183 193
191 173 174
288 182 183 191 197
282 177 186 197
150 192 193 196
195 184 199
173 180 184 188 189 199
215 190 192
214 187
264
259 189 191 197
206 178 180
225 187 193 194
298 181 189 193 199 200
196 192
184 183 187 194 200
260
228 192
290 192 200
243 193
288 187 194 197
178
203
251
205 192
202 192
260
233 194
169 200
225 200
211 199
225
231
289
298
