100	10	200	10
-4	16	8
-4	3	15
-1	5	9
-3	14	13
-5	8	7
-4	10	11
-4	13	8
-3	17	4
-4	20	12
-3	7	13
53 5 10 24 28 46 52 83 85 86
7 31 41 46 48 59 64 85 92 95 97
41 23 27 32 33 34 69 84 86
48 6 11 17 26 49 51 56 57 83
8 6 15 22 36 37 72 75 85
45 13 14 26 28 44 89 99 100
36 15 21 25 54 76
34 9 29 35 39 44 56 57 68 78 80 81 86 93 94
41 12 16 19 28 41 43 60 63 76 80
48 12 15 16 18 20 27 35 36 40 51 65 71 76 83 87
59 20 32 34 56 59 65 73 77 84 97
14 16 17 23 42 44 73 84 96 99
7 24 39 97
21 17 60 62 80 96
37 31 39 48 49 51 74 99
7 27 36 48 79 92 93
59 37 56 57 60 71
33 26 42 45 53 60 80 81 85 93 97 100
3 32 36 53 70 74 79 97 99 100
42 23 36 43 50 59 76
4 24 34 39 41 42 46 51 60 63 66 89 95
32 23 27 36 40 48 50 66 71 85
55 31 41 42 47 55 69 89 93 96
20 39 53 60 72 82 85
50 30 39 40 42 46 50 60 70 84 88 95
21 27 41 72 78 81 93
53 33 35 43 56 57 86 100
4 52 77 82
58 32 45 48 53 84 85 86 88 91 95 99
4 36 39 49 79 83
23 33 38 52 60 66
56 35 62 93 96
34 41 46 48 49 66 68 78 83 84
37 45 47 61 74 75 79 86
53 47 85 95 99
54 41 45 46 52 66 86
56 43 44 45 49 51 63 87 91
59 40 53 59 80 81 89
17 43 72 88 91
25 44 84
4 47 55 64 71 83 95 99
40 52 55 68 70 74 78 86 89
13 90 95
48 49 61 64 79 80 95 99
6 56 68 89 95
60 65 66 72 76
13 48 58 66 95 98
32 59 61 76 93
30 69
9 55 59 60 62 69 72 80 82 89
6 63 68 69 71 72 82 85 97 99
24 55 60 62 66 69 80 81 86 99 100
32 56 58 60 79 90 93 95
29 59 65 80 91
41 70 81 84 96
17 57 62 67 90 95
47 70 81 93 96 100
58 62 71 76 87 96
54 64 80
7 62 63 65 77 95
41 72
56 72 75 87 91 95 96
55 76 77
47 75 84 91
22 66 67 80
55 69 72 83 89 100
39
54 83 84 87 90 97
7 96
41 85
13 84 87 99
30 80 81 90 95
54 79 92 94
7 82
44 81
47 80 91
8 78
18 93 98
60 82 85
30 96
33 85 93 99
20 91 96
15 91 93 94 95 98 99
45
19
53
40 95
59 94
59
16 93 95 98
37
20 94 97
53
17
44 97
54 98 100
42
42
9
3
