75	10	1000	10
-4	104	5
-4	177	11
-1	102	3
-3	124	10
-5	123	9
-4	191	10
-4	115	5
-3	161	4
-4	126	9
-3	193	9
120 2 15 22 24 38 40 46 48 58
61 7 12 21 40 49 66
128 4 6 7 10 18 30 48 55 65
128 7 9 11 20 42 43 58 63 71
60 9 65
129 25 27 44 50 51 55
137 11 23 39 53 54 59 61 62
74 21
60 11 20 24 26 27 29 33 39 42 48 56 60 62 68
120 17 26 34 49 75
126 16 22 24 43 74
61 15 22 30 45 49 51 52
112 14 23 34 35 40 52 58 61
150 15 26 48 49 66 70 74
53 27 30 37 46 54 64 75
131 17 20 36 65 73
69 18 19 34 36 45 53 56 58 63
92 32 48 54 62 73
139 22 43 45 54 63 64 74
120 21 58 61 62
143 27 33 34 36 38 49
68 23 34 35 54 55 63
127 49 60
73 33 35 40 42 50 63 64 66 73 75
136 36 54 66
52 41 57 60
97 44 69 72
55 32 33 37 39 45 51 56
127 42 43 49 52 66 72
67 42 48 75
118 35 56 57 59 73
62 34 50 70
120 38 43 44 51 70
140 54 60
106 48 63 66 67
73 50
110 47 64
64 39 42
110 46 63 67
105 57 75
128 53 55 71
140 56 69
115 45 59 63 65 69 72
119 60
60 47 49 52 55 59 68 72
128 58 71
74 48 62 63 68 74
64 57 60 64 70
140 70
90 73
140 74 75
57 64 71
61 60
106 56
92 59
63 57 58
113 62
67 61
62 60 61 62
83 64 66
107 65
125 72
137
85 70 74
80 66 67 68 73
127 68 74
77
68 71
78
80 73
103
85 75
130
131
65
