200	5	1000	1
0	179	43
0	118	42
0	113	42
0	125	41
0	158	32
175 3 10 23 25 29 53 62 69 84 88 91 124 134 143 163 168 172 187 191 199
293 9 27 49 53 60 74 75 84 95 101 107 122 135 142 157 160 176 187 188 193
153 6 18 25 37 47 59 62 64 92 94 122 126 133 139 157 163 168 172 175 187 190 197
252 6 18 26 27 28 38 52 63 83 115 120 123 126 144 149 163 169 178 196 198
173 12 22 25 33 54 86 105 111 114 121 125 129 138 140 143 150 156 164 168 193
275 23 34 56 68 87 101 106 112 113 118 128 144 147 154 161 177 180 190 191 195 196
224 12 16 32 54 71 81 94 118 154 156 159 190
167 9 12 23 41 46 76 80 87 90 102 113 117 125 141 144 167 184 198
159 22 26 31 36 59 63 69 70 86 110 116 139 174 190 199
165 37 38 54 55 60 72 104 106 109 127 132 134 135 143 148 161 173 186 199
168 15 16 17 23 29 47 48 60 72 99 100 105 110 115 123 135 145 155 158 160 167 168 169 178 182 183
297 26 29 50 88 126 140 149 159 164 171 176 181 186 190 192 194
250 16 32 40 42 43 45 53 80 82 89 94 98 120 125 142 143 147 155 160 180
244 17 18 35 40 43 71 72 87 99 119 167 168 178 182 186 191 194
197 20 24 49 51 53 55 57 64 66 68 71 73 90 107 109 110 111 116 118 144 154 165 167 175 188 190 191 197 200
165 28 35 38 43 46 65 71 79 82 90 94 99 114 137 139 143 165 166 181 184
196 49 56 65 72 81 83 101 102 109 134 141 142 144 151 167 176 191 195
202 28 45 58 65 74 78 92 108 111 115 121 123 133 143 152 155 164 182 193
214 20 23 28 30 33 37 41 47 77 92 101 104 107 119 121 128 146 157 163 172 198
293 23 24 27 37 51 52 56 61 69 71 79 99 110 111 113 114 118 137 140 141 157 166 169 193
267 22 36 38 47 67 73 77 82 88 106 109 126 135 140 160 163 164 170 176 185 186 198
235 39 40 48 49 52 56 76 82 86 94 105 108 110 119 134 142 156 163 167 170 174 184 197 198
170 55 61 77 79 81 89 115 121 132 145 148 184
256 25 57 60 62 63 71 73 76 86 98 104 105 124 126 135 144 167 168 169 170 191
257 27 75 83 94 95 99 106 108 114 125 129 136 140 146 147 160 172 184 191 195
150 61 62 64 95 103 106 116 145 153 161 165 183 187 188 190 193 196
153 30 38 67 75 76 100 110 125 138 152 154 157 158 165 170 187 194 195
251 46 61 62 67 81 87 95 111 121 131 138 144 151 181 182 194
265 47 66 67 87 100 106 109 130 143 164 184
221 37 38 47 86 101 125 128 130 135 136 138 161 184 185 194 197
160 52 64 74 82 86 87 88 100 114 121 126 133 135 152 160 180 192 200
244 34 59 67 95 98 100 105 106 108 118 131 136 154 156 161 166 178 198 199
159 34 35 46 49 53 71 73 81 90 112 132 134 146 147 148 149 163 179 186
211 38 52 53 57 78 85 112 117 140 155 191 197 200
283 36 40 50 64 66 76 82 112 113 124 132 134 137 138 146 150 155 185 188
256 45 48 71 76 84 87 88 91 136 146 148 152 160 172 173 175 176 177 178 186 191
259 50 53 65 67 71 82 94 101 117 127 134 155 169
172 48 51 58 67 79 84 85 120 124 130 132 148 164 170 171
206 52 60 66 77 113 114 116 120 124 137 143 183 191 193 194 195 199
248 46 54 55 66 95 107 117 121 129 138 149 153 159 167 194 196 197 199
241 44 53 55 73 81 87 90 114 140 143 147 158 167 169 200
166 76 90 92 96 102 136 152 163 177
201 67 74 81 84 114 140 147 149 151 152 159 170 171 177 196
299 61 66 77 78 79 80 87 96 98 105 178 184
279 65 100 136 154 161 177 183 192
222 57 73 74 79 82 120 135 140 154 158 186 197 199
166 48 57 66 75 81 87 181 189 190 194
295 51 67 70 94 95 97 101 110 111 118 148 156 163 177 180 199
211 56 66 74 80 82 85 89 90 94 101 128 135 144 153 155 162 163 181 182 186 189 197
288 57 90 92 99 115 124 140 152 154 168 200
297 53 59 64 66 75 82 84 89 93 110 121 128 142 158 171 180 192 195 197 198 199
224 53 58 59 66 97 98 122 162 181 182 195
198 73 95 127 139 155 163 175 178 193 199
183 58 77 82 98 102 114 116 119 127 147 149 151 166 167 176 178 179 189 196 197 198 199
283 56 82 102 109 110 116 118 122 136 139 146 149 159 161 162 169 174 181
198 61 62 71 78 94 96 108 109 121 138 160 163 164 170 172 180 181 196
179 62 77 79 84 87 90 91 101 105 110 121 122 124 135 160 163 185
245 60 66 80 82 86 89 91 103 143 147 178 179 182 185 191 195 196 199
187 64 84 88 106 124 129 130 139 145 160 161 165 177 180 184 191
181 64 68 74 77 80 85 103 109 117 124 137 169 171 174 177 181 182 191 197
155 87 101 102 108 113 120 141 151 157 160 188
272 63 66 69 73 76 86 97 112 113 114 117 124 126 129 137 154 165 167 171 172 173 174 184 187
167 65 67 82 92 94 97 106 112 118 129 133 157 158 176
295 71 73 88 99 105 107 109 118 121 135 136 140 162 164 175 177 188 194 200
190 66 70 79 96 105 109 126 131 134 135 143 151 156 175 182 187
263 69 73 74 96 113 119 133 151 159 181
214 78 79 81 88 91 104 122 127 138 142 144 153 157 159 169 196 199
184 72 74 78 97 102 115 123 133 138 148 195 196
190 93 94 101 103 117 137 144 158 161 164 175 181 189 191 200
171 82 95 100 104 106 117 132 139 143 182 188 193
150 78 91 101 104 105 143 149 151 158 165
175 77 96 126 165 166 168 174 177 182 189 197
221 84 105 111 113 121 122 153 157
215 78 83 104 110 145 154 156 165 187 188 193 197 198
179 81 83 89 108 113 117 120 124 141 151 153 161 164 166 167 176 180 195
287 81 89 117 118 119 138 140 150 160 174
152 80 85 116 118 119 138 141 145 149 156 166 170 198
219 83 93 107 122 132 137 150 161 172 178 179 183 185 190 194 200
228 85 95 122 129 134 153 160 174 182 194 196 198
189 94 105 115 117 126 130 131 158 175 183 186 188
171 88 89 95 127 128 130 137 152 166 196 200
299 84 98 116 118 122 126 131 138 147 172 182 187 190
260 85 89 99 102 110 116 152 176 188 190 199
215 85 90 101 103 104 140 158 161 169 171 185
160 103 106 113 127 134 150 158 168 170 183 189 194
160 87 103 112 118 119 121 122 131 160 163 166 199
253 115 125 140 141 146 152 160 171 187 194
272 111 134 136 139 141 155 162 163 168 170 194 196
187 98 114 120 121 122 129 133 137 140 151 189 198
283 137 144 151 155 160 162 167 176
276 94 121 123 125 147 152 164 165 181 185 188
212 104 117 122 134 147 153 165 168 170 192 197 200
290 98 112 119 123 135 144 145 166 167 187
248 106 120 124 131 153 154 155 200
284 96 100 102 111 113 118 129 138 159 160 163 176 187 189
276 97 102 103 110 117 139 147 163 175 181 186
171 102 115 122 137 147 157 158 159 177 181 192
300 116 136 146 157 162 168 171 172 174 177 181
154 108 115 116 122 126 135 138 149 151 163 175 177 178 183 200
175 102 126 131 134 157 189
168 103 145 165 185 191 192
201 112 129 139 140 143 144 150 157 166 169 200
280 110 114 116 118 132 134 143 145 168 184 188 191
289 115 116 117 129 151 191 195
273 112 116 123 128 143 153 163 171 182 196 198
223 122 126 143 159 160 175 177 185 188 199
183 109 153 166 193
199 110 125 131 139 140 144 172 180 185 193
166 121 126 138 145 146 150 151 182 183 198
276 120 133 134 145 152 161 176 181 186
256 114 125 131 133 139 140 150 152 157 159 160 176 186 195
200 113 114 115 139 166 169 179 197 199
155 117 120 156 160 198
283 130 140 166 172 179 185
202 133 135 143 155 168 175 176 199 200
292 121 128 134 136 138 140 152 155 158 169 181 193 194 196
261 129 146 158 164 165 169 170 176 196
300 137 148 150 151 160 162 167 169 189 191 192 197 199
188 123 126 133 147 157 169 173 174 177 195
235 124 134 135 137 143 146 181 182
224 137 174 179 186 187 189 195 199
183 129 142 152 164 168 170 180 181 188
234 143 177 178 183 193
236 125 151 162 170 173 189 196
227 130 139 153 160 171 176 180 194
171 135 156 157 176 182 185 192
206 131 137 140 147 158 163 168 175 197
248 134 157 163 167
280 168 170 178 183 191 195 200
234 141 144 147 151 155 171 173 179 187
240 137 139 147 158 161 163 177 198
272 189
289 139 140 145 159 172 184 192
223 140 149 162 172 178 188 190 191 194
216 157 163 173 188 195
288 148 153 165 166 185 191
220 151 154 162 170 185 197
179 146 187
235 149 156 172 186
289 142 143 162 185
239 151 154 160 180 185
278 145 148 149 154 167 182 191 198 199
175 144 168 169 173 178 179 180 189 190
241 148 157 174 177 189 194 197
153 157 163 174 185 191 193 199
241 159 193 195 198
249 186 191
207
192 164 169 192 197 199
190 158 176 187
285 154 160 179 180 188
229 159 173 184 199
162 155 169 177 184 187 191 195
153 157 162 164 168 172 173 175 179 183 189
175 164 177 179 180
276 165 178
203
179 173 193
227 169 179 180
273 178 185 195 197
181 163 184 196
179 168 170 181 196
294 172 179
175 166 173 183 200
224 178 182 199
205 195
284 179 188
277 195 197 200
174 177 183
214 191 194 198
230 174 181 182 183 191
202 177 186 187 192
165
231 175 188
227 184 192 197
290 178 183 193
173 191 192 196 199
158
205 188 198
257
161 187 190
286 189 195
159
160 198
237
254 191 196
246
252
293 192 196
198
285 194 198
180
243 196
160 198 199
236
188
251
175
292
275
