200	10	200	10
-4	40	20
-4	33	25
-1	11	20
-3	38	20
-5	27	20
-4	29	21
-4	35	16
-3	33	24
-4	22	11
-3	33	23
17 13 14 25 34 39 40 56 81 109 120 129 161 166 180 189 191
5 10 24 34 35 57 69 82 84 86 137 163 198
19 8 9 16 20 24 40 54 69 79 81 91 98 101 117 155 159 164 173 181 188 191 194
18 7 21 25 43 61 68 73 82 93 104 107 110 130 137 147 152 157 159 168 172 183 195
7 14 25 27 40 52 82 85 93 105 115 132 160 185 191
16 9 22 33 58 60 67 72 78 88 97 102 108 121 131 134 136 140 154 156 159 163 166 179 185 187 193
19 31 33 36 40 47 56 57 77 80 85 119 125 126 129 144 154 163 170
8 13 31 46 55 56 67 72 79 83 95 122 123 131 146 151 170 181 187
14 22 38 49 56 80 85 107 120 132 149 150 157 169 170 171 188
7 14 18 23 27 46 50 53 65 79 82 101 108 127 129 149 153 157 163 166 169 184 195
17 19 37 42 51 57 61 84 121 125 130 156 177 182 195
18 33 43 55 69 74 92 94 107 109 110 118 131 135 146 165 174 199
3 29 31 34 56 57 60 61 68 89 106 108 121 132 153 158 166 167 177 183 188 195
8 40 45 67 76 80 108 114 126 135 144 152 158 159 160 168 169 180 182
10 24 34 35 37 64 70 71 74 98 107 115 125 133 135 136 137 148 151 169 175 179 181 182 197
11 22 31 33 39 40 44 45 50 57 61 66 86 87 94 99 103 119 120 126 127 132 136 141 145 147 171 172 176 189 190
11 26 40 42 43 47 49 57 75 79 83 84 89 105 106 110 114 118 119 129 157 160 165 172 175 176 177 179 184 189 192
14 20 22 28 37 47 53 115 116 130 145 163 165 173 196 198 200
5 25 28 34 42 46 51 54 58 60 61 66 69 73 79 90 100 121 131 137 145 153 173 192 193
18 21 36 42 51 61 66 71 113 115 116 157 182 198
10 25 30 47 57 68 74 76 81 88 93 95 97 113 127 167 178 179 180 184
12 23 25 83 88 92 106 152 160 169 174 176 184 188 197 199
13 29 44 45 71 74 80 91 118 127 144 152 168 187 196 199
14 36 39 43 59 67 77 84 92 95 101 104 109 113 114 130 137 146 160 173 177 200
12 53 60 61 62 69 85 90 96 97 99 102 103 108 124 141 142 148 168 184 191 195
11 34 39 49 58 74 77 90 92 93 103 106 107 108 111 119 122 128 132 161 170 198
19 32 37 41 51 53 59 69 70 83 127 130 139 142 167 174 175 185 194
6 29 32 39 48 50 54 58 66 100 107 109 117 122 136 150 152 167 170 181 183 184 186 189 194
19 36 43 56 60 63 83 107 111 112 118 130 144 155 166 169 170 171 176 177 179
6 31 39 44 46 76 85 109 112 124 137 142 151 157 175 176 181 186 188
14 66 69 75 86 90 94 95 98 103 105 112 128 136 156 166 177
13 36 52 54 67 94 102 118 119 123 124 132 134 187 192
3 48 51 57 60 63 95 104 110 128 130 134 137 155 162 172 183 190 193
17 52 53 74 94 97 104 112 123 133 176 188 199
16 40 43 59 63 72 78 84 95 117 118 124 126 133 136 154 160 168 194
12 51 61 62 69 75 79 104 108 119 123 137 138 140 154 157 161 179 181 182 185 189 191
2 55 70 74 87 91 103 104 113 119 126 140 153 156 191
10 44 58 96 111 122 141 152 153 157 167 168 171 173 184 190 192 200
12 66 70 95 117 127 144 146 148 167 173 184 195
11 47 50 56 58 60 63 78 80 97 114 120 123 124 139 151 160 176 180 199
5 50 55 77 89 96 100 101 102 105 138 146 151 156 162 163 164 173 178 190 193 196
4 44 56 57 86 88 91 102 109 112 115 122 124 142 144 160 163 167 176 186 193
4 53 69 83 86 88 108 109 111 120 124 130 148 152 163 180
17 59 68 87 90 100 106 110 133 135 139 149 150 166 169 170 173 183 191 195
8 48 49 102 114 118 121 154 160 165 185
19 62 64 71 87 89 90 117 121 155 156 161 163 165 167 168 176 187
8 53 75 76 78 91 105 122 126 127 129 139 159 160 164 172 178 193 199
3 52 54 59 62 68 87 91 112 113 122 139 143 151 157 159 196
3 69 76 96 111 113 115 120 132 141 150 161 183 188 192 196
12 52 63 91 93 99 105 118 119 121 125 139 143 145 146 159 161 167 169 175 185 196
8 54 92 94 96 98 103 111 114 121 126 138 164 169 173 178
12 79 81 83 102 105 115 134 146 150 154 161 178 181 190 196 200
2 76 84 89 97 104 110 125 154 159 168 181 183
19 57 69 79 83 84 89 90 105 115 122 154 158 166 184 186 188 198 200
2 65 67 90 95 100 105 112 119 147 154 159 163 200
5 63 74 75 78 80 81 91 98 117 127 133 143 145 155 169 179 188
18 62 66 79 80 82 91 108 115 121 128 146 147 151 162 163 172 179 186
10 66 80 88 93 105 110 120 125 137 171 176 178 181 185 200
8 61 63 75 81 86 94 109 134 138 141 145 172 176 187
6 64 75 104 115 120 122 129 130 133 137 140 148 153 163 178 184 188 192
6 63 64 66 75 76 83 99 117 119 134 142 148 170 171 175 189 197
18 65 85 86 94 108 138 147 168 171 199
20 66 68 69 71 80 92 130 132 136 144 148 157 160 168 176 186 192
15 67 93 111 122 135 136 158 163 173 177 191
5 66 87 95 101 105 130 167 178 180 182 183
20 67 86 96 98 122 129 151 153 164 173 195
9 71 80 94 96 98 115 121 124 131 145 164 181 185 194 196
19 75 78 104 116 136 141 151 153 159 164 165 170 174 189 200
11 81 85 89 91 114 118 142 144 150 155 172 177 182 187 188 190
8 72 83 91 93 98 100 116 121 145 147 149 152 154
2 73 81 83 86 91 99 118 135 136 137 138 153 162 170 184
13 73 92 115 121 127 133 134 150 160 162 172 174 188 194 197
3 75 76 83 93 99 114 123 125 131 140 141 150 153 160 162 163 183 197
20 97 99 121 150 174 175 183 187
7 84 90 100 105 107 125 131 153 171 177
3 105 111 114 117 128 136 154 162 169 176 178 195
4 83 93 99 113 121 140 153 176 181 182 192
17 83 84 98 117 131 140 141 144 145 149 163 165 169 190
9 98 107 114 121 148 158 159 197
2 84 86 109 112 117 123 130 143 156 167 168 195
5 92 109 131 140 153 164 178 200
9 96 106 110 116 119 130 154 156 157 161 165 169 182
13 84 88 91 98 99 103 118 130 157 165 174 184 195 199
3 103 135 137 145 165
6 94 99 119 125 171 183 196
6 100 102 112 119 122 127 134 137 183 187
5 105 109 111 126 168 177 186
3 92 100 102 107 122 126 158 160 162 185 194 196
18 93 134 135 137 143 153 155 184 195
5 93 133 138 174 176 200
4 95 116 122 134 157 160 167 196
13 99 103 104 105 108 113 115 123 125 131 142 153 168 182 183
13 94 98 102 116 118 123 141 171 183 186 192 198
13 95 113 132 141 170 191 199
6 110 111 120 130 133 156 158 170 171 173
14 98 99 115 125 152 159 180 199
7 99 117 122 124 126 139 146 167 179 189
10 100 102 110 121 125 129 131 182
16 102 113 122 126 127 133 140 159 169 179 187 196
19 112 122 138 147 173 177
2 102 105 117 119 132 146 148 198
12 107 117 125 126 158 198
5 111 125 140 149 159 162 163 190 191 194 195
15 107 116 129 139 141 154 158 159 160 170 198 199
20 111 141 156 164 168 188
9 113 115 117 135 141 144 156 157 163 164 166 184 199 200
4 118 119 131 149 158 162 168 175 178
19 110 122 123 148 151 156 178 180
20 121 122 127 136 137 141 142 171 188 189 192 195 196 199
4 116 123 127 140 147 150 152 153 165 179 182 187 189
5 112 116 127 138 168 172 181 190 194
8 120 125 130 133 139 140 141 166 172 182 196
11 127 131 146 147 157 192
20 122 134 138 143 145 153 156 159 162 166 178 179 187
7 119 125 132 141 144 150 179 182 192 200
11 119 124 151 162 163 187 196 199 200
2 121 130 135 149 176 183 184 200
5 131 165 174 183 198
13 123 127 140 149 156 167 190 193 197
19 123 129 146 151 162 168 169 177 181 192
13 135 136 160 164 168 174 194
14 129 135 137 155 163 168 172 173 189 195 198 199
5 125 126 128 129 132 138 160 162 175 177 179 181 196 199
6 127 145 146 147 157 175 182 183 184 187 191
9 135 151 160 162 189 193 194 198
19 151 170 197
12 152 153 156 163 176 177 179
18 153 155 163 168 192
3 132 137 138 148 154 174 179 190
5 132 133 155 156 162 175 182 196
7 133 134 174 194 195 198
8 137 160 165 174 177 192
10 134 176 177 187 191
4 135 153 158 159 171 194 196
8 148 156 172 175 180 195 196
15 140 148 163 177 186 187 192 195
20 138 140 143 171 179 199
12 141 157 159 160 167 180 192 198
4 155 178 179 185 197
19 148 155 161 176 185 193
4 142 144 149 155 164 174
10 147 151 158 162 163 175 191 195 197
19 153 166 185 195 199
18 145 148 151 169 176 189
4 146 156 165 175 180
4 153 154 155 158 171 177 179 199
4 153 154 179 184 191 196
17 154 175 182 191
20 150 151 167 178 179 189 196 198
3 157 164 170 173 179 186 200
20 153 163 172 196
15 160 165 170 172 175 179 191 199
14 165 178 191 198
4 169 189 200
18 181 190 195 200
19 159 165 169 177 179 187 199
3 159 186
14 170 186 196
15 183
9 165 182 190 197
12 167 170 173 179 190 198
5 166 174 179 181
15 171 185
17 167 170 177 193 200
8 181 183
14 170 190 196 200
6 171 179 182
6 178 187
17 198 199
2 190 193
17 180 190 193 196
11 182 187 189 195 198
10 180 184 198
4 177 181 185 189 190
6 182 190 200
17 182 183 192 196 198
11 180 183 191
8 184 190 197 198
8 187 196
11 194 196 197
14 191 199
10
15 200
10 188 191 192 194
19 194 198
4 197
2 189 195
5 200
18
6
15 200
15 198
2
5
8
3 197 200
17
3
11
8
