200	10	1000	10
-4	173	25
-4	32	25
-1	26	15
-3	31	18
-5	60	23
-4	66	21
-4	25	14
-3	108	18
-4	12	19
-3	35	22
270 5 9 15 21 47 48 54 61 70 72 85 114 122 145 146 156 158 200
211 14 24 65 78 91 99 111 122 125 153 156 158 168 169 187 200
278 11 21 27 34 37 50 51 63 75 82 89 91 103 107 128 158 169 174 195
278 20 29 35 49 50 60 69 74 84 104 109 110 113 120 122 137 143 146 149 160 185 189 195
210 12 17 39 48 59 66 71 87 89 100 136 140 162 191 196 200
277 17 22 23 30 41 49 50 57 75 84 86 90 99 112 124 126 133 138 146 156 174 179 199
224 15 23 39 48 64 66 72 75 86 94 100 101 152 178 179 192 199 200
286 23 33 50 60 62 69 77 84 105 112 126 139 142 159 161
269 21 32 60 69 74 77 83 86 107 109 127 131 139 142 163 174 187
264 19 25 26 29 30 61 64 79 95 99 126 140 176 188 189 192 193
300 17 40 43 50 54 55 57 60 63 80 91 93 126 132 133 138 143 145 154 188
258 35 45 46 56 90 92 93 94 99 105 113 119 124 132 150 155 185 191 200
269 17 18 29 51 59 70 85 106 113 115 121 136 138 142 155 195
251 32 34 39 47 52 55 63 69 72 77 80 112 142 159 161 170 187
221 18 21 41 50 55 98 135 138 154 171 172
204 20 33 58 60 64 69 72 77 79 94 96 102 144 186 196
253 29 40 43 60 65 79 82 85 101 113 120 122 129 130 141 147 150 158 161 171 179 193 200
227 49 59 69 83 93 97 101 105 134 143 149 155 166 168 175 192
291 25 33 34 37 45 57 61 67 75 89 91 97 107 108 125 147 176 183 185 193
286 23 28 62 68 74 76 78 79 80 105 119 120 124 127 131 134 162 170 180 195 196
205 25 26 29 36 39 46 71 76 92 125 126 134 154 161 164 180 185 191 195 200
226 24 34 38 42 50 51 65 70 93 94 101 143 156 161 163
217 27 37 44 47 55 77 80 85 101 115 116 138 146 147 177 178 194
234 31 52 59 61 70 86 89 116 121 134 138 146 147 151 162 168 174
238 27 30 34 35 49 72 73 79 84 93 94 112 125 134 141 146 163 164 186
279 37 47 67 83 85 102 123 138 158 171 172 174 179 182 185 186 195 196 200
287 33 62 89 107 110 114 138 155 158 164 187
224 31 54 63 73 114 127 148 153 169 170 176
210 45 58 66 75 83 89 90 96 106 109 124 126 136 138 166 192
270 59 73 92 97 100 101 118 136 139 140 141 143 145 147 157 175 176 189
276 42 52 53 63 68 71 108 117 141 144 167 181 182 183 185 195
211 33 49 85 93 117 127 137 144 146 157 174 200
262 38 47 57 84 91 101 103 117 118 121 138 142 143 152 157 167 174 195 196
300 37 38 40 45 47 50 55 56 78 102 107 118 129 139 141 158 162 165 167 175 178 183
203 37 40 60 64 69 75 85 88 99 112 124 125 128 148 167 171 189 199
281 44 55 80 87 93 96 99 106 134 153 174 180 183 190 192 198 199
261 40 47 51 53 54 91 101 158 165 166 175 180 186 198 199
233 81 84 98 109 130 134 169 171 173 194 199
228 44 85 100 103 104 105 107 120 122 131 134 161 165 172 194 200
282 51 71 79 80 104 105 110 117 139 149 152 157 160 172 191
242 45 49 59 67 86 106 120 132 134 139 143 151 162 179 180 183 185 186
200 48 50 53 74 89 105 113 125 145 153 158 163 167 184 195
292 53 76 116 124 137 148 169 174 185
224 49 50 55 63 65 94 99 102 118 126 152 155 184 191
277 48 65 69 96 106 110 116 121 125 134 149 153 178 194 196 200
202 58 94 106 110 128 138 147 148 164 190 195 196
232 68 84 112 114 123 129 137 142 144 156 160 179 195 198
243 50 53 75 91 97 125 131 152 158 162 170 173 178 183 186 187 189 197
238 68 82 86 89 106 111 122 125 134 143 145 156 160 180
212 51 58 66 77 94 98 106 109 123 132 136 144 152 177 186 191
219 54 55 63 65 71 79 94 105 106 122 130 141 144 146 149 150 161 164 169 173 177
242 91 105 108 112 127 130 159 160 166 172 193 200
289 67 98 101 120 130 131 134 137 145 154 158 162 195
291 55 72 73 92 102 106 109 116 139 155 161 195
289 73 82 86 88 92 97 148 174 192
220 68 69 72 74 90 97 100 103 118 125 138 141 148 173 174 185 188 190
201 61 66 72 81 102 111 119 124 132 136 154 161 169 170 174 177 185 200
257 65 71 76 92 115 138 154 156 159 165 179 183 184
201 61 66 78 79 86 89 90 93 106 108 118 126 129 133 149 154 155 159 161 162 163 167 170 174 176 194
212 73 75 91 94 99 100 105 113 114 116 128 137 139 140 150 151 158 161 184 193 194 198 200
283 63 67 93 113 118 131 150 158 173 177 181 183 200
235 93 101 112 113 114 127 156 184
234 66 85 92 118 124 142 151 154 156 191 198 200
219 89 90 103 109 112 114 117 142 152 164 182 187 192 193
221 73 81 92 98 108 121 122 123 135 137 138 141 145 146 186
270 80 83 99 103 108 109 122 139 145 165 173 193 194
293 71 75 87 117 151 165 177 186 195
218 79 104 116 122 134 151 152 165 168 198
277 74 83 86 87 92 95 107 141 160 185 198
223 73 77 89 91 113 114 136 138 146 147 177 184 193
286 74 80 90 102 106 115 119 123 124 127 128 136 148 163 183 186 189 194 195
202 84 111 112 116 118 119 122 127 130 131 154 163 168 187 192
247 74 97 104 130 132 134 157 167 185 186
205 75 78 80 85 100 113 120 128 141 160 162 179 184
277 94 102 107 114 125 134 143 160 172 183 194
293 88 112 126 137 138 144 157 162 183 192 196
298 103 105 116 123 126 129 159 162 167 168 171 185 195 197
297 84 96 102 103 118 131 134 137 150 151 159 168 170 179 180 181 189 200
228 84 87 90 107 109 123 143 145 191 197
270 90 102 120 129 132 134 153 173 174 183 190 191 196 197 198
238 87 92 103 108 121 126 140 148 149 159 160 161 166 178 179 187 188 191
248 115 121 132 155 157 159 169 185 193
206 84 89 92 133 134 139 146 160 167 169 184 188 195 198 200
217 120 137 150 154 168 170 198
268 98 99 100 110 121 146 178 182 185 192
212 104 118 123 128 132 133 137 143 159 182 189 199
270 93 94 115 116 118 140 148 179 196
290 89 107 108 122 132 141 157 175 181
256 106 129 148 167 169 180 200
223 103 116 119 123 135 142 150 154 160 167 169 171 194 197
260 106 113 120 124 125 133 150 155 184 185 198
214 113 117 130 136 138 139 154 183 190 197
244 120 122 138 159
245 96 97 105 109 166 176 198
215 96 112 119 144 158 166 168 170 180 188 190 197
219 102 145 152 155 163 173 178 184 186 198
217 98 100 101 102 116 129 137 151 163 186 190 192
249 108 114 122 135 146 157 172 174 188
289 117 131 136 145 166 168 178
259 108 111 116 144 157 160 165 172 179 181 191 194
288 105 132 146 148 157 159 163 190 196
257 105 112 114 115 117 125 160 163 171 184
271 108 110 117 129 141 150 158 161 168 172 176 186 196
214 110 125 126 142 153 160 168 191 199
222 106 109 121 124 132 159 163 197 198
253 109 114 117 121 149 151 153 154 168 181 188 190 198
260 110 120 126 128 132 135 146 155 156 170 174 181 193
255 117 118 128 140 145 152 161 163 172 200
278 113 133 136 149 153 159 164 167 184 200
290 125 143 147 159 167 176 194
265 112 125 133 142 151 154 165 182 183 192 198
269 126 143 144 146 149 152 159 160 178 188
210 140 147 159 171 194 195 200
278 121 123 124 131 132 140 147 157 159 162 166 179 200
224 120 123 141 166 173 178 187 188 191 196 197
214 117 120 145 148 152 153 162 170 179 182
267 133 136 147 151 161 168 179
249 130 136 137 140 143 150 158 163 184
275 121 127 128 130 134 138 140 155 160 165 170 183 189 194 199
220 143 156 167 181 191 200
214 134 151 161 162 196
246 144 150 161 163 171 184 187 192 195 199
243 130 137 138 143 158 161 162 163 179 186 187
291 130 136 159 175 179 191
250 128 154 173 175 199 200
215 157 160 172 183 198
294 128 134 141 142 143 158 167 182 188 192 199
290 136 173 174 189 192 199
240 143 154 178 183 199
290 134 137 144 153 165 168 170 179 193
207 132 136 138 145 197 199
211 136 143 152 153 166 168 175 178 191 197
279 146 180 182 184 186
223 164 173 175 179 181 190 198
225 142 146 148 164 176 177 187 196 198 199
272 153 155 163 177 197
283 144 146 165 183 186
286 143 154 183 184 186 194 199
240 143 149 152 163 164 176 186 188 197
247 145 174 182 192
242 152 155 161 191 193
256 158 185 191 200
242 165 177 181 188 197 198
213 146 157 165 181 183 190 193
263 146 165 173 174 180 196 197
205 177
272 155 158 166 167 188 199
287 169 173 181 188 189 192
245 155 161 170 190 194
248 162 163 169 172 175 176 187 192
208 167 185 187 189 190 194 197 198
241 158 165 166 170 175 186 196
250 165 170 174 193 197 199
291 161 165
281 156 171 178 184 191 199
293 164 167 170 199
243 159 161 173 179 183 196
214 165 172 173 181 191 198 200
254 163 164 187 199
217 170 185 197
212 165 167 171 174 182 194 200
233 179 182 188
257 165 182 187 188
275 172 192 193
287 186 188
235 176
230 170 174 190
277 174
239 176 177 185 189 194 195 200
288 200
262 179 190
277 174 182 193 198
278 178 184 186 187 199 200
283 179 182 194 197
222 177 181 183 189
216 190 191 196
293 183 196
261
227 186 189 190 194 196
218 184
228 193 200
230
253
235 186 190 198
280
281 189 200
215
212 200
256 197
236 193 196
216 196
224 195 196
253
253
205 198
283
237 199
204
237
248
