100	10	200	10
-4	11	13
-2	16	7
-3	12	7
-1	17	11
-3	17	8
-5	5	8
-2	2	8
-5	11	12
-4	14	16
-1	12	10
54 3 5 11 16 31 36 49 78 97
30 11 12 13 15 18 19 48 50 57 71 76 81 91 97
43 4 32 72 77 97
59 12 24 47 63 67 79 94 95 96
57 24 37 49 65 73 86
53 14 62 73 76 91 99
45 60 61 62 66 67 86
37 41 45 46 62 70 72 97
49 20 22 26 60 99
60 44 51 53 65 69 80 100
49 12 18 28 31 34 35 55 65
32 26 32 41 55 71 86 90 94
44 19 22 24 27 39 42 51 64 75 93 99
57 17 19 26 32 35 43 45 48 99
38 20 28 37 47 51 61 76 80 93 95
48 22 59 64 66 93
59 22 37 40 50 71 75 77 83
35 21 47 77 78 92 94 95
31 31 38 54 60 67 71 76 87 98
39 23 27 31 43 44 45 46 51 54 65 69 76 82 90 95
43 26 32 56 80 82 87 90 94 98
33 27 33 36 42 47 48 58 61 64 83
42 25 28 36 37 38 40 43 45 50 52 53 60 91 99
55 27 34 36 39 96
50 28 34 40 57 72 74 81 90 100
35 45 47 49 59 65 72 89
60 29 31 32 63 77 85 89 91 97
55 36 48 54 81
38 40 42 62 67 73 89 96 97
51 33 39 43 47 49 59 66 71 77 78 79 100
46 35 41 53 71 89 91
47 53 55 71 72 73 88 91 94
41 46 64 70 97
51 36 37 54 57 58 77 96
46 39 46 85 92
45 38 43 44 46 64 82 91
54 44 61 66 69 73 91
55 39 44 47 53 55 60 78 79 85 86 100
60 44 56 57
35 45 51 64 99
39 44 47 49 51 53 70 72 75 79 88
59 53 73 82 93 95
55 46 76 78 85 86 92
54 64 73 82 83 98
37 48 67 70 87 96
51 58 73 84 90 95 100
58 54 63 95
33 59 67 69 87 92
58 55 57 68 78 84 89 98
46 53 58 60 61 73 84 92 94 96
45 54 58 66 74 91 97
56 55 58 74 86 88 97 100
43 58 59 62 86 91 100
35 61 70 74 93
45 59 65 89
30 60 66 92 95
30 72 73 74 76 81
59 66 93 99 100
53 61 62 67 88 100
46 65 74 78 100
37 98 99
36 63 74 76 95
45 69 75 87 100
33 70 71 77 90
52 69 71 95 96
54 84 95 100
60 72 78 89 93 96
54 69 72 79 93
48 81 94
32 72 76 78 86 87 94
41 84 98
41 75 77 78 89 100
43 76 79
40 75 87 91
30 86
43 82 89 91 95 98
58 85 98
57 83 89 98
41
51 93
35
47 85 94 100
51
42 86 90
46 94
48 91 93 99
36 91 92 94
30 92
55 95
38 92
34 96
43 93 97 99
42 98
39
48
60
47
55 100
47
33
