200	5	200	10
-4	20	44
-4	7	35
-1	15	42
-3	8	38
-5	13	41
22 5 8 11 18 35 39 54 78 89 93 99 114 127 131 132 135 159 161 171 173 177 179 189 198
37 7 10 32 34 43 70 72 85 91 121 129 176 185 186 191 195 200
22 11 18 29 38 45 49 66 78 79 90 93 95 99 105 113 117 122 153 170 179 185 200
39 9 14 18 20 37 38 46 48 50 59 60 71 81 91 105 110 124 129 134 146 159 164 193
26 9 13 19 32 39 49 75 79 81 99 104 120 135 142 148 156 161 177 191
22 9 15 33 34 38 42 59 63 73 83 87 107 114 121 125 126 128 130 143 163 170 176 182 187 191
24 16 27 31 36 39 41 49 62 82 94 97 98 102 103 113 122 128 141 170 171 200
37 23 35 36 37 40 55 68 70 72 76 77 91 92 96 110 114 121 122 136 137 141 142 147 150 167 182 183 189 190 191 200
35 10 58 60 83 117 127 140 157 177 184
24 12 19 25 46 51 52 63 67 79 85 95 99 110 111 124 125 126 139 152 185 198 199
20 13 24 41 51 57 67 70 73 81 82 84 92 93 105 128 141 156 166 187
40 34 38 43 81 85 89 97 99 124 125 126 144 169 176
39 14 21 43 44 47 56 57 60 67 69 79 96 108 127 135 155 186
26 27 31 32 41 49 53 59 83 110 122 139 140 155 171 184 196
20 60 68 73 91 94 105 156 176 188 189 192
36 21 24 27 50 55 57 90 100 103 116 127 139 143 186 189
25 21 23 29 40 53 70 92 102 103 120 123 128 171 174 179 186 193
39 25 34 50 51 84 90 94 107 120 125 127 130 137 141 151 156 163 174 180 181
35 26 32 55 62 85 88 89 94 97 102 116 125 130 137 143 144 151 155 161 162 170 171 173 177 183 191 194
20 37 39 43 51 53 61 62 69 74 77 79 80 83 90 99 113 115 138 141 144 145 149 158 164 173 192 197
32 34 59 62 64 65 68 84 94 115 134 150 153 157 164 165 185
25 37 38 39 50 57 60 68 84 91 107 126 130 148 151 152 153 174 178 194
35 32 38 46 51 71 135 136 169 174 192
24 26 31 50 51 53 62 82 158 176
32 42 44 50 51 53 60 70 79 84 88 93 139 149 154 157 161 173 196
26 65 66 92 106 131 164 174 176 194 196 198
20 28 35 57 61 68 75 78 88 89 92 99 119 132 147 149 157 172 174 184 190
26 40 45 48 61 82 84 98 112 135 141 189
39 35 47 55 61 69 76 96 114 123 133 152 153 171 177 178 182
35 31 39 42 50 51 54 56 65 72 86 90 93 110 111 127 144 178 187
20 33 61 68 69 70 71 72 73 92 101 103 118 131 136 139 169 171 194 197
28 41 46 75 76 97 104 108 110 142 146 156 168 177 183
21 36 56 57 59 61 80 86 92 103 117 119 124 125 140 141 146 148 154 171 182 187 190 195 199
26 37 40 44 56 64 75 83 88 101 126 134 142 149 159 160 176
24 41 43 62 86 87 90 91 128 132 134 145 157 189
21 46 54 61 62 64 75 77 89 95 115 122 123 126 127 140 143 155 161 165 190 193
35 73 91 104 125 139 149 165 174 177 190 197
37 50 77 85 101 109 128 130 154 166 167 180 182 183 185 188 192 196
35 52 56 64 68 69 79 89 100 103 105 116 118 120 130 132 140 185 196 200
35 43 49 60 62 63 67 68 75 91 108 113 120 122 126 137 162 173 176 196
22 54 65 68 74 79 83 91 118 123 136 153 161 162 166 177 181 184 187 193
26 90 102 103 104 109 116 120 126 133 163 168 172 200
32 57 63 64 67 77 99 104 113 125 127 135 161 167 170 178 188 193
31 47 49 53 63 67 69 96 107 122 130 147 167 183 184
36 66 69 71 86 164 172 190 194 195
29 52 59 64 68 73 77 79 80 89 115 121 130 158 162 164 171 176 182 190
23 59 61 63 89 118 135 157 169 170 174 189
29 54 60 68 76 80 87 96 123 128 151 159 178 179 189 195 199
37 52 59 75 109 116 120 126 135 137 144 152 169 172 174 176 180 182 186
30 56 59 65 68 70 74 77 90 94 99 114 118 123 140 160 165 175 184 192 200
24 53 54 56 63 66 82 94 98 109 123 133 136 143 146 175 177 180 181
29 68 105 135 143 147 151 156
26 61 64 67 69 70 87 93 98 104 117 120 122 143 153 179 180 190 192 195 196 197
21 96 98 126 131 133 150 172 189 199
21 62 71 86 99 106 109 122 125 129 141 154 161 169 170 172 175 185 188
26 57 61 64 67 68 79 80 86 88 96 97 121 124 135 139 143 151 157 170 179
20 66 72 102 104 112 130 135 152 161 169 171 173 188
31 101 105 113 124 133 134 135 137 143 144 145 165
30 61 65 69 117 154 170 172 173 175 177 199
21 63 73 93 97 98 106 107 114 136 138 148 151 159 167 169
39 71 92 119 163 172 179 198 200
23 69 88 89 95 100 103 112 118 119 120 123 138 149 160 182 186 191 197
22 64 86 125 139 146 148 154 170 171 178 186 198 199
26 75 95 97 102 110 122 128 143 151 170 186 190
30 66 74 76 84 90 93 100 124 154 157 177
27 71 79 105 123 128 143 147 148 151 153 158 172 173 184 190
27 75 95 125 144 148 150 157 189 192 195 198
29 73 87 111 134 137 158 166 184 185 187 196
40 82 87 94 115 117 129 139 160 189
28 77 83 86 101 114 115 125 135 143 147 152 161 163 174 187 195 199
32 73 81 82 95 98 117 119 123 154 166 175 179 181 191 199
28 88 90 106 124 125 145 153 162 163 179 195
38 103 108 113 136 144 153 161 162 165 167 172 176 182 188
29 81 92 93 99 101 102 107 112 116 128 134 135 141 147 150 171 176 178 184 197
21 79 81 87 106 115 117 124 138 149 152 160 163 178 186 189 194 198 200
25 83 97 103 118 120 122 135 140 142 155 200
21 81 85 93 94 99 105 109 112 132 135 139 146 147 150 155 177 183
33 82 138 142 155 157 159 164 166 172 174 179 191 194
28 85 97 112 119 125 142 145 160 190 191
35 84 100 107 117 120 122 123 142 156 157 159 160 164 169 175 176
38 91 97 127 132 133 149 154 160 170 182 187
35 85 99 103 116 172 173 191
33 85 111 115 122 125 145 150 153 165 166 175 193 200
39 86 96 121 132 143 161 163 167 173 175 177 180 196
36 87 100 122 126 148 162 189 199
37 89 93 94 103 109 114 118 132 133 163 167 170 172 197
23 103 126 137 139 142 150 166 193
38 91 94 111 117 137 143 158 159 168 182 189
36 104 124 143 148 158 170 185 189 192
22 93 112 117 120 126 128 130 134 136 145 154 168 182 183 186 188
39 104 110 131 138 149 150 168 169 186 189 192 199
26 99 116 121 122 126 133 147 155 183 184 187
23 99 101 104 110 112 131 141 148 163 189 199
23 115 121 123 125 146 148 151 161 164 166 170 175 182 192
22 105 116 121 122 164 167 178 182 184 196
31 109 191
31 102 108 110 119 121 133 137 139 150 151 152 165 175 176 195 198 199
32 111 123 136 137 142 188 196
24 103 104 114 116 120 142 160 172 180 191 197
21 103 110 116 123 148 177 178 180 193
38 108 116 125 129 137 142 163 171 172 177 179 190 192
32 104 108 110 113 116 118 119 120 133 140 142 144 148 163 176 186 190 193 195 198
25 108 146 147 164 192 193
25 105 107 126 128 141 156 159 177 180 195 196 200
29 115 122 133 134 135 149 200
25 108 115 120 121 130 140 144 145 148 157 159 177 178 181 184 192
34 109 118 120 130 134 146 149 150 159 166 167 184
23 110 134 147 160 163 173 187 191 192
37 117 118 127 141 151 156 184 186 187 189 192 195
31 115 123 128 140 162 166 200
30 118 128 155 168 171 173 182 199
22 124 127 132 136 181
39 122 124 129 130 148 180 189 192
25 138 144 151 172 185 189
31 128 136 139 146 156 193
25 120 144 160 166 174 188 189
32 126 131 140 179 188 192 198
29 123 139 157 166 167 186
30 120 139 172 175 177 187 188 198 199
30 132 139 153 167 173 180 192
34 123 128 153 154 157 161 164 165 180 195
32 127 133 136 147 154 158 159 182 196
34 131 132 136 139 154 155 159 191 194
40 129 132 136 144 151 152 167 180 186 197 200
30 151 162
23 132 133 143 145 151 154 162 183
22 130 131 145 169 173 182 183 184 187
22 138 139 148 150 171 173 188 197 198 199
36 138 152 161 166 169 179 182 197
35 139 148 151 158 162 176 177 178 180 199
21 133 136 145 149 174
22 140 147 156 167 198
26 135 137 138 139 163 188
25 140 160 172
21 140 149 162 168 196
26 137 146 161 171 177 179 185 195
38 139 145 147 156 173 180 188
25 143 148 169 172 177 189 191 192
38 146 159 170 190
22 148 160 170 172 176
31 154 163 194
40 143 151 161 167
32 144 145 148 175 191 192
22 152 154 162 173 190 199
36 152 155 157 190 191 197
37 151 152 165 179 180 193 194
21 169 176 191 195
26 161 173 175 176 186
30 155 160 163 177 182 184
40 153 167 196 197
40 171 189 194 196
40 156 170 179 180 184 187 189
31 156 157 197
37 158 171 173 178
23 173 186 189
35 162 172 176 192
21 159 172 174 176 189 192 198
20 159 164 175 180 184 190
38 163 172 181 191 193
28 175 189 195 198
39 163 174 183 188
23 163 181 194
28 167 176 182 185
27 177 180 189 197 198 200
34 167 178 182
30 180 187 188 190
26 171 185 189 191 192
37 173 181
29 190 198
32 185 189 200
28 178 187 190 197
33 181 182 184 198
28 185
40 185
40 182 185
39
23 180 187 188 192 196 197 200
33 194
23 185 200
23 181 189 197
28 185 196
29 186 189 196 199
20 189
28 195 200
29 194 196
24 197
26 189 190 193
33 189
33 200
20 193
40
39 195
40
21 200
40
25
29
22
32
36
