50	10	200	10
-2	31	7
-5	38	3
-5	31	1
-2	34	4
-4	28	5
-1	37	6
-4	39	8
-3	20	5
-5	32	7
-5	36	4
25 16 22 26 33 37 38
29 18 19 20 21
10 9 12 16 27 31 35 40
28 11 12 40
25 6 8 34 43 48
25 8 15 23 24 45 50
17 14 18 27 30 47
16 23 29 43 47
27 14 23
26 13 39 40 43 44 50
22 46
17 23 26 29
26 17 22 46
25 19 25
27 18 26 35 39 47
12 36 37 45 46 47
24 23 28 29 39
24 19 39 48 49
15 24 28 31
19 26 27 36 46
13 34 38 40 44
17 23 33
13 44 46
15 36 41 46
27 37 50
22 49
30 38 43 44 47
22 30 33 38 43 49 50
10 48
16
10 37 38 39 48
26
26 35 48 49 50
22 40 43
13 41
24 46
17 48 49
28 46
12
10
10 47
25
15
15 47
16
22 48 50
14
17
19
28
