200	10	10000	1
0	1381	21
0	1892	22
0	1550	17
0	1182	17
0	1212	21
0	1384	18
0	1601	21
0	1298	19
0	1009	21
0	1141	23
766 6 18 22 63 67 70 80 92 96 98 110 141 147 161 172 186
1437 25 32 41 49 52 70 72 74 77 79 81 107 126 128 132 139 145 165 174 187 193 196
1227 52 66 70 77 78 100 106 119 126 136 149 164 169 199
1445 31 39 60 80 85 91 101 127 133 147 155 173 194
748 9 19 29 45 77 88 95 104 109 115 120 134 144 146 155 157 170 181
1335 8 12 25 29 34 73 82 85 97 105 126 127 145 146 153 157 161 177 184 190 195
1244 31 38 65 95 98 99 113 117 119 128 157 160 169 170 182 186 189 198
1459 32 34 35 37 42 70 81 89 93 108 111 118 132 139 187 189 190
684 40 49 63 67 93 102 108 123 127 133 136 137 155 187 195 196
1489 11 14 25 70 82 96 98 116 150 159 165 175 185 187 198 200
1207 22 25 75 76 77 88 95 98 120 124 126 177 180 186 198 199
843 22 27 42 45 58 60 62 67 70 80 82 83 84 97 101 111 114 118 122 145 155 158 169
928 20 32 49 60 69 85 89 105 110 125 133 141 152 178 191 196 197 199
1118 19 27 30 46 50 53 54 67 70 73 91 93 104 108 113 114 116 119 134 142 143 161 171 193
1405 17 18 25 32 51 68 72 74 96 105 108 112 113 127 140 148 159 163 167 170 189
823 24 26 27 36 37 39 52 56 58 59 66 70 71 88 110 118 125 129 158 179 186 192
718 41 60 61 62 69 99 122 128 142 159 161 173 175 187 199
1234 21 34 38 48 54 56 66 84 90 91 92 104 119 149 150 151 165 178 184 187 196
785 25 26 29 47 52 56 58 73 77 88 91 114 130 149 151 156 158 166 167 191 195 199
543 28 60 62 66 80 86 87 90 109 117 125 127 128 152 155 157 170 175 181 184 186 190 192 196 199
1431 24 27 32 33 58 71 81 84 102 115 119 121 133 142 144 163 172 183 191 199
1273 24 30 35 39 41 48 70 72 76 79 88 103 117 120 136 137 148 152 162 163 165 168 179 188 193
817 24 32 55 76 82 90 107 109 111 132 139 192 200
1247 27 38 61 67 93 100 101 111 114 120 123 125 128 132 138 141 147 151 152 180 186 187
1220 48 51 91 92 108 111 117 127 128 137 142 146 148 156 179 189
958 29 37 39 45 47 54 66 87 104 107 109 118 133 143 162 167 169 183 184 188 189 190 194 199
1223 29 85 101 125 127 149 155 158 163 168 170 190 195
987 33 46 91 96 99 109 120 129 139 140 162 170 182 199
1362 35 37 47 63 66 68 69 73 99 107 108 120 123 129 141 177 178 189
1127 38 43 47 61 79 86 88 109 143 183
1116 39 40 46 59 72 76 78 84 89 96 100 106 117 119 120 129 141 154 155 158 174 176 177 186
527 34 37 46 47 48 72 74 79 80 103 115 122 124 134 150 169 179 184 187 193
1353 36 41 49 57 63 68 71 93 100 129 144 154 179 187 193 196
1235 41 62 75 82 107 130 133 136 149 151 155 164 181
1135 70 72 82 86 87 97 100 105 106 122 147 156 158 178 179 192 193 194 198
756 53 54 66 71 76 82 84 91 99 102 112 130 133 136 158
968 53 64 67 82 85 87 101 103 106 129 145 147 162 170 178 183 185 192
1348 39 42 48 108 111 117 118 123 143 148 172 173 196
1486 57 65 69 82 83 85 88 95 104 106 115 118 141 143 148 151 155 157 162 181 186
1126 45 50 61 89 90 94 112 118 128 130 134 155 160 163 165 177 184 191
695 46 49 52 55 73 79 85 95 103 111 114 125 133 141 144 145 165 190 193 194 196 200
1142 49 52 53 59 79 92 100 107 111 112 124 138 140 155 195 197
1319 49 78 79 94 106 109 116 134 153 155 165 166 169 174 184 200
1016 48 65 89 91 108 111 127 141 156 161 163 184 194 197 200
788 46 52 54 55 57 62 80 89 104 115 118 122 123 136 144 147 157 168 173 179 181 187 194
1423 63 102 109 126 129 153 159 182 184 192 198
1322 60 77 82 83 92 99 114 134 140 142 144 145 147 154 169 178 182 183 184 196
1341 51 58 68 75 102 118 137 141 155 158
591 51 64 74 89 94 111 118 119 140 167 183 197
1397 59 61 67 68 78 117 126 144 147 178 179 187
880 58 73 81 90 106 132 134 135 136 145 147 179 181 182 192
603 55 64 86 92 99 110 117 134 136 144 156 157 165 167 169 170 173 178 180 192
1484 58 60 68 69 70 74 77 87 90 105 118 121 130 132 147 148 158 185
1307 56 59 79 97 108 119 176 193 200
1365 60 97 99 103 107 108 119 122 133 137 141 153 158 168 178 184 198
1181 57 74 80 90 91 147 151 168 172 175 179 181 185 196 199
1218 64 73 80 84 103 106 111 117 122 123 126 154 163 168 171 172 181
1357 63 71 85 87 89 90 93 119 126 144 160 175 185 198 199
786 72 73 78 85 90 102 131 135 148 149 152 158 161 166 173 175 177 181 193 198
617 63 71 73 97 98 110 129 148 155 167 176 200
1413 74 89 91 92 93 98 99 132 133 150 152 158 160 169 173 182 191 193 194 197
1125 63 64 67 82 86 99 106 109 114 120 123 129 140 152 174
727 70 112 154 160 176 179 194 195
688 78 97 98 99 108 126 128 130 140 143 144 146 147 167 176 179 183 188 200
1331 68 74 93 119 123 125 130 133 170 176 177 193
1369 102 121 153 157 183 193
1365 72 89 92 94 97 112 114 140 148 153 160 163 164 166 177 184 186 187 193
619 99 102 110 111 114 115 124 132 143 150 151 153 159 164 193 198
1375 88 96 109 131 140 154 155 157 160 163 190
1150 86 94 118 129 143 146 150 169 171 176 177 184 186 188 197
522 77 83 89 106 117 148 155 161 169 174 195
990 75 88 89 113 114 138 141 142 160 167 169 185 186
571 74 133 159 161 170 192 194
673 77 80 90 109 111 124 127 130 137 143 186 191 197
638 94 103 104 105 109 112 114 115 126 128 134 135 153 154 159 166 169 186
663 81 83 86 88 91 98 103 107 140 146 148 151 160 167 168 170 173 176
1122 86 88 90 123 128 131 133 145 154 168 175 197
541 81 94 108 141 149 163 189 192
1440 88 89 94 96 118 135 154 160 172 179 196
1133 84 89 90 93 96 97 110 119 124 128 133 144 157 177 185
611 86 101 112 113 114 115 119 123 136 139 142 151 164 165 174 176 194 199
1064 95 110 111 114 121 125 134 145 147 149 156 169 176 182 186 190 194 200
747 84 88 92 101 105 107 117 118 125 128 131 147 148 151 164 175 188 192
1172 93 124 128 129 135 145 162 174 196 200
1093 86 92 105 112 131 149 155 171 185 192 193 194 198
1249 103 104 110 113 153 157 164 197
1355 90 92 101 109 114 120 137 158 173
573 108 113 126 139 145 149 150 154 158 174 192
704 127 132 141 158 178 181 193
1439 91 98 99 105 113 123 152 156 183 184 187 190
897 130 139 146 150 174 199
1057 95 111 113 137 140 147 164 191 195
635 96 97 123 132 155 172 173 193 198 199
565 103 106 110 118 136 150 158 164 166 168 176 178
1394 96 97 101 112 125 128 136 156 172 182
522 112 132 136 139 157 158 161 164 167 186 198 200
1382 120 125 128 137 138 160 163 165 166 177 178 179 180 184 197 198
710 122 138 146 149 155 167 188 199
1420 117 133 136 146 154 187
603 104 120 137 138 148 160 172 181 184 190 197
944 121 133 134 140 161 166 178 187
1347 103 114 120 136 155 172 181 183 192 193 199
749 105 107 130 133 134 136 143 147 150 154
582 121 126 131 136 138 144 147 159 167 171 185
1060 125 131 140 147 150 164 168 188
1176 117 122 128 136 167 170 173 187
584 114 117 135 174
1145 115 135 146 151 173 184 185 188 192 198
593 195
1164 117 129 133 143 146 156 160 164 181 200
794 118 143 155 199
696 123 130 150 166 190 195 200
1006 139 142 150 156 158 170 174 197
1336 115 117 120 124 160 169 180 181 184 195
1071 124 130 141 153 178 181 182 185 186 187 197
1469 119 130 133 136 147 154 156 169 180
1364 129 138 143 147 150 171 172 173 177 179 193 195 199 200
1276 148 149 169 171 200
997 126 128 132 138 151 153 160 163 178 192
595 125 139 147 166 181 193
1317 126 130 151 152 172 192
1199 126 128 152 166 186 194 195
1345 154 176 180 181 192 200
840 131 135 145 152 155 156 159 186
622 127 129 143 145 160 161 185 198
1057 143 191 194
858 128 139 157 160 169 184 186 188 192 198
603 129 131 146 152 160
1197 141 171 174 186 190
897 138 141 149 151 160 170 172 176 190
1395 134 135 147 148 157 185 190 193 195 200
532 137 138 148 150 166 170 173 190 191 199
551 152 156 170 173 193
515 146 166 173 180
1472 138 149 154 165 170 173 176 179 184 190
1374 143 164 175 182 189 196
1155 139 150 151 159 161 173 174 187 188 193 196 200
1491 146 188 199
988 144 152 161 163 175 185
1126 172
1455 148 153 158 170 191 200
794 144 146 172 183
961 159 171 176 179 180 192 195 198
1015 152 157 158 168 169 178 191
867 153 158 175 188
1111 147 161 167 198
513 151 156 157 169 172 190 198
1280 150 155 160 178 182 192 198
728 162 168 170 171 182 196
669 159 180 181 192
1406 159 174 176 180 181 196
819 178 184 190 193 196 198
602 154 157 174 177 200
1435 162 169 181 190 193 195
1171 157 161 173 182 188 192 196
1229 158 167 181 186 190 194
1488 158 183
1431 173 188 189 194
983 172 173 179 180 186 192
1489 161 162 181 182 195
1386 164 170 172 176 188 199 200
1324 163 176 190 196
1322 168 171 179 180 181 190 193
1396 169 173 187 189 190 199
1334 166 169 174 177 181
1419 187 190 191 198
1357 170 174 178 183 188 196 200
782 179 181 190 193 194
1149 177 181 183 184
850 181 187 191 197
1395 183 198 199
657 179 190
957 178 181 187
1429 177 179 181 184
692 187
1342 177 178 181 191 192
636 180 188 197
866 181 189 191
1222 181 187 191
695 182 194 196 198
708 192
1060
593 187 189 192 193 195
824
533 187
1416 190
998 200
546
1120
537
540 193 197
1358 198
1421
860
1104
501
887
1392
1460
1366
