75	10	1000	1
0	97	5
0	19	9
0	13	5
0	25	10
0	91	10
0	34	10
0	87	6
0	83	5
0	25	8
0	60	7
120 13 15 38 48 56 63 69
61 3 17 32 65
128 4 6 7 33 38 40 41 58 59
128 13 24 25 26 44 63
60 39 48 55 66 71
129 8 11 12 13 25 33 49 51 60 61
137 25 30 33 39 40 51
74 10 28 40 48 52 60 65 69
60 24 29 44 47 51 55 63
120 16 24 38 46 56 60 68 71
126 20 22 25 37 38 53 55 56 67
61 14 24 29 40 57 62 68 75
112 20 26 27 31 35 42 63 68
150 15 17 32 49 51 57
86 34 50 57
146 20 21 26 42 53 64 71
69 19 26 29 59 62
92 23 26 34 40 57 69 72
139 22 28 36 44 51 55 70 75
114 38 41 46 53 59
120 23 24 30 34 35 42
143 36 42 51 69 72
68 37 39 45 57
127 27 37 60 62
73 27 43 47 52
136 31 38 53 63
52 45 54 69
97 30 48
55 34 62
115 33 36 38 47 48 59 64 73
111 36 63 66 70
118 33 35 37 63 73
62 34 37 55 59 65
120 41 45 49 61 72
140 36 44
106 41 50 56 71
73 42 55 57 70
110 44 63
64 41 51 72
124 46 54 66
110
105 52 62 71
128 44 59 64 72 73
140 45 53 55 67
115 56
119 50 54
60 48 60
128 52 66 71
74 50 60 63 65 72
147 60
55 53 68
140 62 73
90 56 59
140 69 70 71 72 75
57 60 67 70
101 57 58 62 66
106 67
92 70
63
113 67 68
62 68
83 63 66 71
107 71
125
137 69 74
85 72
80 69 75
127 71
68
78
80
103 75
85 74
130
131
