100	10	200	1
0	10	7
0	4	15
0	9	9
0	4	12
0	11	7
0	13	12
0	15	9
0	7	5
0	3	12
0	18	12
53 13 21 24 32 36 43 59 69 75 83 84 93 98
7 18 50 56 63 76 85 94 95
41 8 18 46 49 53 54 67 79 82 90 91
48 17 54 58 60 65 69 71
8 9 17 22 27 29 30 55 83 88 98
45 31 36 38 46 70 78 82 90
36 16 24 33 54 57 64 65 85 96 98
41 21 23 28 39 47 91 96
48 27 28 39 41 50 60 63 69 78 83 91
59 21 25 29 39 42 43 47 53 64 79 99
14 36 44 50 52 59 69 87 90 100
7 26 39 43 52 53 58 66 77
21 21 27 42 60 71 79
37 32 42 58 60 93 94 100
7 20 43 53 63 64 74 78 86 96
59 17 19 46 72 93
33 19 28 34 38 55 56 62 73 75 77
3 21 27 43 45 47 53 76 91
42 23 38 47 49 58
4 27 46 54 61 66 84 92 94
32 22 30 40 41 54 73 79 83 93 94
55 28 39 40 41 82 87
20 44 52 63 74 78 79 81 90 97 98 99
50 28 42 51 54 56 60 63 65 75
21 26 27 36 37 39 45 56 63
53 28 38 39 51 71 75 91 96 98
4 56
58 36 43 46 50 51 55 85 99 100
4 58 62 65 67 82 88 97
23 31 44 47 55 64 79 87 91 96 97
56 39 40 46 54 60 65 93
34 60 62 69 77 83 98
37 36 52 65 70 75 87 92 96
53 55 78 82 86
54 41 54 56 78 80 85 87
56 72 74 83 87
59 44 74 78 89 99
17 41 45 56 64 68 81 82 87 88 93
25 75 77 82 86 92
4 41 72 83 84
40 53 67 72 74 80
13 55 57 91
48 48 49 58 66 78 84 89 91 95
34 46 66 75 95 98
32 58 69 74 84 86
60 51 55 57 61 75 99 100
13 73 80 92
32 49 55 74 80 100
30 52 56 60 68 82
9 59 75 81 86 98
39 92
32 53 57 76 82 84 97
29 98
41 63 64 65 73 80 83 86 98
17 58 78 80 83 84 88
47 60 64 73 80
58 66 69 71 76 90
54 71 73 87 89 92
7 63 69 73 80 81 83 85 86 88
41 66 75 82 88 93 97
56 63 70 75 78 86
55 68 90
50 88 89 93 95 96
4 96
47 69 84 85 93 100
22 88 91
55 69 75 78 93 99
39 70 84 98
54 85 89 100
7 82 85 86 97
41 82 84 87 94
27 81 98
30 80 91 97 100
54 88
7 98
44 83 89 100
47 85
8 79 95
18 89 91
60 81 88 89
30 92
33 87
20 85
15 96
45 86 89 92
19 99
53
40 92
59 95
16 97
37
20 98
53
17
44 96 98
54 97
42
42 99
9
3
