50	10	1000	10
-5	85	8
-5	84	4
-2	60	2
-4	92	7
-5	31	2
-3	31	3
-5	74	6
-3	39	8
-4	11	7
-3	35	3
147 2 4 8 13 22 23 24 35 36 37
90 23 27 34
52 7 45
104 5 12 14 15 45
87 9 16 34 42 50
125 7 31 37 40 42 47
143 13 16 26 35 38 48 49 50
110 16 20 23 26 32 37
147 13 17 34 43
82 15 21
125 18 24 26 28 45
132 18 21 23 24 27 35
103 14 18 26 36 47
63 23 24 39 43 45 47
150 41
84 26 34 38
137 32 33 37
117 26 46
79 26 30 34 40 48
135 37 38 42 49
111 22 39
73 24 34
88 35 38 44 46
79 32 34 35
65 35 39 40
139 48
110 41 49
53 30 43
51 32
114
145 32 45
116
113 44
62 38 44
139 39 49 50
147 39 47 50
147
125
61 45
97
133
113
103
142 48
104 47
96
134
67
105
89
