50	10	200	10
-4	16	3
-4	17	7
-1	13	3
-3	4	5
-5	12	6
-4	5	2
-4	17	3
-3	20	6
-4	12	5
-3	8	10
37 3 4 29 46
22 19
39 12 21 31 37 47
39 15 23 25
30 15 24 25 44
31 13 15 21 42 45
26 13 25 37 50
22 23 26 48 50
24 16 17 23 26 31 32 38 45
37 15 20 21 43 46
26 22 23 40
21 17 35
21 47
37 15 22 28 29 45
30
24 28 30 45 46 48
29 24 28 33 37 44 46
26 48
24 38 41 43
37 33 44
23
37 24 30 31 32 33 43 46 49
23 42
36 27 34 40 41
36 30 36 40 41
38
30 29 35 41 42
40 36
36 45 50
37 39
34 40
30
23 34 50
22 43 50
22 39
24 45 48 50
28 45
34 39 41 45
30
26 44 50
26
24 44
40 44
27
37 48
29
32 48 50
28
33
28
