100	5	200	10
-4	9	22
-4	17	24
-1	13	18
-3	11	18
-5	13	18
12 52 68 71 82 83 84 88 92 94
13 7 10 11 24 40 42 76
14 17 37 39 56 58 73 96 98
17 10 24 31 35 41 47 69 78 82 90
12 11 25 55 80 93 95 98
11 16 40 59 61 74 77 84 85 94 97 98
19 18 30 31 36 44 47 53 55 71 73 93
6 26 35 42 52 65 66 76 80 82 89
19 14 15 28 34 78 79 95 98
6 11 15 27 39 46 61 70 77 80 83 97
5 17 28 29 41 56 60 66 76 82 84 88 93 95
14 19 24 32 37 40 46 50 52 57 62 71 90 93 98
13 23 33 41 51 57 68 79 87 88
3 18 31 41 42 44 49 87
17 33 58 65 71 73 75 77 82 84 88 89
19 25 29 42 52 58 64 76 78 87 97
18 33 61 67 69 77 96
7 27 28 38 39 41
16 20 21 22 70 82 83 86 94
16 35 42 55 73
12 23 45 47 51 53 56 58 91
19 42 60 85
18 27 36 46 59 65 73 76 87 96
11 36 53 78 82 96
5 32 33 43 54 69 78 80 84 92 94
20 28 33 44 74 85 86 90 96 100
9 30 41 47 61 78 92
19 38 54 57 58 61 72 94 96
19 40 43 53 59 70 73 100
11 81 89 94
8 33 70 74 84 85 92
3 64 69 77 99
3 37 42 44 48 49 53 63 73 78 89 98
8 52 65 67 81 93
2 40 48 71 73 91 100
13 41 52 56 59 67 69 71 72 91 92
12 50 57 65 78 87 94
3 78
20 41 66 71 76
7 43 51 52 61 62 76 91 93
3 42
4 51 63 69 70 76 82 95
8 51 89
12 54 60 70 83
2 48 60 64 80 83
19 59 65 66 73 85 100
17 51 52 61 72 83 84 87 90 99
20 54 62 71 81 87 98
5 65 66 71 77 84 88 89 91 93
3 66 72
9 70 75 78 80 83 88 97 100
4 54 63 65 72 78 91 96 98
19 55 56 66 82
20 56 60 72 78 90
18 75 83 89
4 85 91
5 77 82 88 89 90
8 88
5 64 65 69 73 82 91 100
4 62 64 74 85 94 96
13 67
13 72
13 67 88
6 82 92
14 67 71 72
19 86 98
12 70 82 85 100
18 92
4 75 77 80 82 84 93
4 72 73 88 90 97 99
4 77
18 74 79
17 77
20 89 95
3 83 92 93 96
5 88 96 99
7 93
3 89
8 91 93
20
15 89 90 93 97 99
10
10
6
8 86 87
17 100
2
17 93
11 95 100
11
14 100
10 96 97
15
10 98
19 97 100
4
2
5
10
18
