100	10	1000	1
0	107	8
0	194	6
0	138	6
0	116	11
0	127	9
0	106	12
0	139	13
0	109	12
0	109	14
0	139	9
157 13 28 36 39 44 49 57 60 72 83 85 97 99
300 5 13 22 25 28 32 33 36 62 65 79 84 85 98 99
275 9 29 38 39 43 45 51 74 86 94 95 99
270 16 31 36 37 72 77 86 93
215 6 19 20 27 29 51 59 67 85 94 98
260 9 13 22 32 33 34 36 51 55 59 61 70 74 79 94
207 22 23 29 33 34 66 70 88 96
284 22 54 59 85 90 91
292 19 20 24 45 49 64 73 79 93 94 96
280 12 14 22 29 33 69 82 94 96
168 17 49 62 65 67 70 76 89 93 95
224 17 49 55 64 69 79 82 84
271 14 17 20 34 51 56 61 82 91 99 100
216 28 41 68 73
193 24 50 54 57 80 91
281 29 55 58 86 88
299 36 43 49 51 81 83 94 96 99
192 20 23 30 36 39 42 43 71 79 99
251 21 38 57 70 74 81 89 93
159 26 28 51 52 62 69 74 85 87 89 90
247 28 33 37 43 51 54 57 62 64 68 73
218 23 25 30 40 41 45 66 69 82 83 91 98
209 42 50 79 90 100
279 29 31 32 56 70 85 88 97
272 95
278 30 50 51 62 68 75 83 86 88 92 97 99
153 38 44 85 96 99
291 42 58 64 98
157 48 73 95 96
257 39 41 42 51 56 71 87 95
265 35 39 61 84 88 94
166 45 48 51 56 67 74 87
267 37 42 48 49 55 65 85 88
197 44 53 65 72 80 81 92 93 99
227 36 37 51 52 59 86 87 89 91 99
267 40 57 61 63 74 83 86
153 46 47 68 75 84 88
213 39 44 53 60 61 82 83
193 40 45 54 63 68 76 83 96
156 44 58 59 64
176 49 50 53 54 55 60 72 83 90 94
209 61 63 65 84
180 57 63 66 67 92 94 100
194 58 92 93 99
290 46 69 78 80 85 89
250 57 64 80 82 89 96 99
281 52 56 58 68
297 51
274 57 65 67 83 88 92 93
256 89 94 98
197 56 74 79 80
248 53 77 78 84 85 95 99
157 76 78
152 55 60 74
205 56 61 79 81
155 62 93 100
278 71 83 87 96
279 93 99
253 71 85 93 100
298 72 95
209 75 87
151 67 77 79 81 99
202 75 80 93 100
279 71 75 93
232 67 84 94
180 72 79 91 93
265 68 69 73 78 86 91
174 73 79 80
150 76 80 89
206
300 82 93
172 76 85 89
164 74 77 82 83 87 96
234 92
154 78 82 88 89 93 99 100
225 94 95 100
232 88
156 80 84 88
157 90
276 81 82
191 90 91 99
288 88
282
150 94 98
195 88 98
173
215 100
214
264 93
259 95
206 98
184
260
228
290
243 98 99
288
178
203
251
