100	5	1000	10
-4	186	26
-4	120	20
-1	120	22
-3	143	15
-5	167	17
279 18 30 36 38 43 44 46 72 81 83 92 95
287 8 21 34 48 84
270 7 8 23 27 30 45 48 57 68 76
211 7 9 16 45 46 51 59 62 85 88 89
278 7 11 37 50 57 67 71 86 96
224 48 49 56 60 68 74 75 76 78 91 92
210 14 20 23 38 45 55 56 64 66 91
270 27 41 43 48 49 56 59 73 76 77
276 20 48 69 79 95
278 12 19 46 59 70 78 99
211 40 42 58 65 67 70 72
210 14 33 43 44 45 71 80 83 96
262 22 25 49 61 86
300 20 25 29 37 53 59 78 86 90 94 96
203 16 23 36 44 49 56 84 86 92 96
281 19 20
277 41 45 46 57 61 69 85 88 94
224 22 30 50 68 72 80 95
261 20 42 66 68 79 97 98
286 23 34 48 57 64 67 68 91 93
269 25 30 34 42 55 56 63 65 67 78 79 81 84 90 92
233 23 30 35 50 67
228 26 48 56 80 85 100
282 33 51 75 78 85 91 92 96
264 29 33 37 68 92
300 44 45 46 58 71 97
264 28 32 46 51 62 75 76 86
236 37 48 76 78 88 95
296 49 51 67 68 69 71 76 87
270 48 73 80 96
293 41 42 46 63 80 83 98
218 50 52 57 58 61 72 76 88 89 90 99
277 37 50 57 76 80 98
223 37 41 48 81
219 39 48 69 71 79
286 46 50 79 87 88 95 98
202 79 89 91 93
247 65 67 72 75 83
242 64 74 76 77 98
289 77 79 87 98
205 43 70 80 87
277 50 55 60 62 70 98
291 52 60 69 75 80 83 97
293 51 52 55 62 71 86 94 99
289 46 47 49 86 92
298 51 60 64 68 79
261 69 72 75 79 89 90
274 55 78 83 92
268 53 77 89 91
212 69 81 82 84 88 98
260 56 58 62 64 78 98
255 53 65 82 85 95 98
278 66 74 79 86 87 97
290 78
265 59 75 81 99
270 73 77 84
290 60 61 64 69 82
269 67 68 96
256
223 67 68 71 76 84
260 71 81 88 94 100
210 63 78 81 91
278 66 75 88
224 72 84 94 97 99
214 78 91 100
214 86 89 92
244 69 84 93
245 83 89
251 76 82 89 94
256 75 79 88
290 77
242 76 84 93 96 97 98 100
213 82 90 91 100
240
290 99
263 77 83 88 95
207 83 85 99
211 83 87 90
279 93
223 94
205 83 94 96
225 83 99
272
218
212 96 100
233 88 100
228
257 92 94
275
230 95
287 95
235 96
230 98 99
253 98 99 100
235 98
280
281
277
215
212
