50	10	1000	10
-2	61	10
-5	75	3
-1	54	3
-3	83	7
-1	55	2
-4	68	3
-4	44	5
-4	94	6
-4	80	9
-2	87	2
249 3 7 18 27 32 42 45
289 3 15 27 28 36 38 45
202 4 17 19 28 31 38 44 47
283 7 21 27 38
267 10 13 14 19 27 33 46 47 48
253 16 21
261 24 33 35 41 43 50
260 12 33 45
239 30 48
298 16 22 36
262 15 19 24 32 39
240 21 22
223 17 25 37 42
246 22 36 47
266 20 28 33
221 35 47
275 30 38 39 50
254 20 32 34
297 20 25 46 50
297 25 42 46
238 24 28 39 43
295 24 41 44
269 34 38 39
215 27 30 43
275 37 42
229 38 40 46
292 33
211 42
277 36 41 45
287 42
275 34 37
253 48
247 42
234 36 44
263 48
237
264 43 46
284
293 40 41 43 44 50
201 43
229
282 50
254
285 47
289
213
229
229 50
275
250
