50	10	1000	10
-2	151	10
-5	165	3
-1	144	3
-3	173	7
-1	145	2
-4	158	3
-4	134	5
-4	184	6
-4	170	9
-2	177	2
249 16 19 20 22 29 30 34
289 21 26 34 41
202 6 23 28 38 48
283 6 11 12 13 21 25 39 44 47
267 8 10 14 16
253 13 19 43 46
261 14 16 26 47
260 13 16 20 46
239 13 17 23
298 24 25 42 43
262 13 47
240 14 21 31 32 33 36 41 48
223 24 25 33 39
246 18 24 30 32 34 37 46
266 26 44
221 23 25 33
275 24 27 48
254 27 48
297 41 43 50
297 40
238 33 35 40 49
295 25 29 32 34 48
269 25 31 35
215 35
275 38
229 44
292 31 33 36 43 46
211 38 43 45 50
277 41
287 33 35 41
275 37 41 47
253 35 39
247 41
234 35 46
263 47 48
237 38 50
264 41 42
284 50
293 41 45
201 46
229 44
282 48
254 44
285
289 47
213
229 49
229
275
250
