50	5	10000	10
-4	170	9
-4	191	8
-1	795	13
-3	875	6
-5	233	14
733 15 31 35 42 44 47
970 17
924 18 22 35
836 6 18 30 33
726 20 33
295 10 44
182 21 26 41 45 47
408 15 23 33 46
660 26 47 48
616 15 21 23 40
388 47
873 22 28 42 43 49 50
665 20 33 41 46 48
922 24 39
922 29 36
941 25
133 21 24 40 45
588 20 24 35 39 45
697 31 35 38 42
645 26 30 35 39 40 50
201 24 39 44 46
583 31 36 50
544 26 28 46
725 30 34 36
349 42
820 29 35 44 48
996
934 48
288 37 49
587 40
514 33 34 44
553 36
827 48
947 40 50
193 43 47
424 47
250
203 44
366
114 43
327 45 47
558 49 50
601
398
308 46
660
394
917 50
347
772
