200	10	10000	1
0	1554	30
0	1212	19
0	1314	16
0	1203	21
0	1252	23
0	1369	14
0	1083	20
0	1839	17
0	1287	22
0	1091	18
2499 12 14 16 40 42 51 54 59 70 74 89 118 125 140 144 146 150 158 173 177 182
2744 8 15 26 42 57 58 67 68 73 90 96 109 124 129 139 153 172 190 199
2150 6 13 35 39 42 43 44 46 48 56 83 88 94 106 111 115 118 148 155 164 185
1545 25 50 58 66 80 108 110 117 163 177 196 199
2364 23 33 41 57 77 84 86 89 98 104 121 128 130 132 134 160 190
2706 9 12 44 49 50 61 69 82 88 91 92 94 125 127 132 135 146 161 170 171 181 187 191
3000 12 15 20 38 42 60 61 91 92 108 109 110 117 120 125 138 140 148 160 165 166 190
2461 10 23 42 49 64 75 87 91 94 96 122 129 133 143 154 155 165 166 173 177 185 191 197
1964 12 46 47 56 63 87 98 99 101 102 125 130 134 154 158 159 167 168 169 173 183 194
2747 18 26 31 38 39 41 43 54 78 90 92 100 103 110 118 143 168 171 182 183 188 191 198
2372 14 23 24 29 32 35 38 57 69 78 79 81 103 114 116 138 149 162 171 177 194
2208 22 35 41 53 55 56 78 86 104 108 129 133 138 140 142 148 155 162 186
2728 18 24 28 35 40 41 61 67 79 87 89 99 103 123 140 142 157 160 174 191 195
1670 19 41 44 52 87 105 106 109 123 129 142 154 155 174 182 199
2427 18 23 26 44 47 48 64 87 93 100 110 113 121 128 129 134 146 161 165 178 179 198
1733 20 27 29 47 58 93 117 121 127 128 130 131 138 152 155 163
2384 29 31 35 51 62 79 84 95 96 112 124 131 133 138 168 180 184 195
1961 23 33 35 37 47 55 56 77 81 87 92 99 113 116 139 145 146 153 156 164 174 176 188 191 193 197
2572 50 53 59 65 79 90 107 121 143 146 167 185 189 195
1767 34 37 38 40 44 58 65 66 79 105 120 136 161 163 179 193 194 196
2648 37 42 75 88 117 123 137 162 174
2542 46 66 76 112 114 123 127 133 142 151 155 162 164 174 180 190 197 199
2523 45 59 63 72 73 90 93 102 120 136 141 158 161 180 187 190 196
2985 38 61 66 72 76 83 85 88 107 130 147 182 189 197
2156 37 46 51 56 62 70 71 80 82 83 108 112 119 140 142 143 152 162 164 170 172 180 185 186
1720 30 44 70 78 84 92 94 97 98 115 127 138 146 147 167 184 193
2105 31 53 64 66 70 71 100 105 109 112 116 126 132 134 151 153 158 165 176 178 198
2756 29 51 54 72 76 77 81 100 177 192 198
1735 43 59 68 76 84 97 105 109 120 138 140 144 148 159 163 179 191 199
1581 42 53 91 92 105 120 123 128 144 159 179
1929 38 54 85 88 90 99 104 105 138 144 165 177 182 187
2710 54 64 80 84 88 124 138 155 159 166 184 194 200
2639 34 36 39 71 78 87 91 100 105 115 119 120 132 136 158 164 165 171 177 184 188
1870 38 53 60 108 114 119 156 158 165 182
1566 37 45 53 99 102 103 110 162
2050 38 40 43 47 51 55 58 74 89 110 115 123 134 137 139 146 150 156 185 190 199
1644 44 47 69 75 79 85 87 105 113 125 153 163 164 167 171 172 175
2210 64 67 94 104 106 107 111 115 117 152 157 158 175 191 196 198
2508 43 45 47 48 50 55 61 74 77 84 85 109 114 115 120 159 167 186 195
2881 44 52 53 57 58 65 81 85 92 141 151 158 159 160 183 184 194 198
1980 61 65 71 72 74 92 99 100 117 130 134 146 161 163 186 190 198
2628 59 70 77 102 115 133 156 159 172 174 185 188 198 200
2332 77 78 108 116 120 129 139 142 144 149 156 171 176 183
2659 45 55 74 81 83 93 102 104 125 128
2594 51 63 68 88 98 105 111 125 128 133 143 147 160 163 172 177
1831 49 66 68 74 80 98 108 113 117 124 128 129 138 146 152 177 183
1825 51 52 76 80 86 93 94 102 126 137 138 193
2144 50 58 76 82 111 116 123 160 161 167 195
2316 66 74 79 116 123 133 134 139 157 172 181
2861 68 74 75 79 93 106 114 119 122 133 165 171 200
1721 54 55 57 61 64 70 85 90 92 97 113 118 123 126 145 153 159 182 187 194
2306 56 71 75 77 80 82 85 95 98 139 146 148 159 160 164 171 175 182 198 199
1970 56 57 63 71 74 81 84 123 137 140 162 177 188
2779 58 70 87 97 126 133 136 141 147 170 172 183
1642 66 69 91 93 103 105 109 110 117 128 137 151 161 165 172 179 191 196
2580 57 63 107 112 116 124 125 129 141 143 144 145 153 155 164 167 171 172 178
2313 58 61 70 86 101 108 111 114 152 157
1572 68 74 78 79 84 88 92 98 120 126 131 176 180 188 190 197
1537 67 71 75 80 82 96 134 136 139 140 151 158 161 173 181 184 195
2653 62 63 81 86 89 94 122 132 133 135 136 139 150 151 154 162 165 167 170 193
1673 62 74 75 86 88 104 129 163 169 193 194 197
1847 65 73 84 86 95 105 110 115 129 137 140 149 184 190 193
2278 65 81 83 96 99 166 173 187 195 196 197
2423 72 93 110 123 130 150 177
2030 73 77 78 80 82 86 102 106 115 120 126 166 168 172 191
2045 75 80 89 91 95 96 109 113 129 132 141 142 158 170 181
2905 69 70 85 92 103 109 113 114 120 151 186 197
2580 75 95 140 151 161
2632 75 80 82 87 101 125 146 147 172 178 181 188
2207 93 95 103 116 128 129 131 137 143 153 159 169 180 183
2886 87 98 126 127 148 150 155 156 166 183 195 200
2872 76 79 80 83 86 100 101 109 111 113 120 132 133 161 168 170 182 191
2483 80 82 91 92 111 137 145 161 165 178 180 188 196
2622 78 88 90 98 102 104 107 123 127 128 137 144 163 168
2649 78 84 86 93 100 145 157 165 169 179 186 197
2075 95 101 104 107 110 112 128 130 131 141 143 172 177 182 184 200
2615 79 80 81 95 110 111 134 143 177 182 193 200
2423 83 118 119 128 135 137 140 149 151 158 160 162 169 188
1757 86 90 100 106 117 144 145 149 151 166 173 177 185 191 192 193 194
2709 92 126 130 137 138 140 157 160 169 171 192 194
2274 123 129 138 139 151 156 158 169 200
2711 103 112 113 116 119 122 128 149 162
2602 99 125 137 158 163 164 177 200
2626 85 111 129 135 140 179
1884 87 96 102 120 121 134 138 141 148 157 161 166 171 193 194
2894 92 107 111 120 121 127 131 165 168 171 179 181 194
1629 111 125 139 151 157 164 165 192 199
2441 99 114 115 117 141 143 146 148 155 159 161 186 191
1880 108 114 115 129 130 149 150 161 162 164 167 170 184 185 196
2121 92 94 95 99 112 117 129 141 164
2628 110 126 131 142 152 161 184 185 194 200
2205 96 100 113 151 152 171
1826 94 120 123 140 149 150 151 156 162 174 183 186
2844 100 105 131 132 137 139 145 153 155 159 179 196
2827 119 128 132 136 147 166 173 195 199
1885 99 103 105 134 135 159 163 166 187 198 199
1722 98 105 107 111 113 116 130 131 141 152 176
1620 114 138 150 170 188 199
1597 105 112 131 133 136 154 166 172 174 190 195 197
2135 102 138 155 160 163 171 174 175 179 180
2656 108 110 181
2323 110 115 129 131 150 159 181
1936 107 110 116 139 150 151 156 165 173 177 198
1733 113 128 135 138 165 173 177 181 191
2437 111 116 129 130 150 153 161 167 171 178 189
2611 108 114 116 145 148 161 166 183
2626 112 113 144 185 196
1521 113 130 133 151 156 158 166 183 187
1728 113 171 196
1747 114 122 123 140 155 163 165 172 184 191 193
2939 114 116 117 118 119 127 129 148 163 174 189 196
2485 120 123 162 165 168 170 175 177 183 199
2431 117 145 146 147 148 174 180 189 194
1911 137 147 151 152 168 171 185
2048 130 157 172 183 186
2022 117 123 127 148 153 162 168 176 192
2193 126 131 137 139 141 151 163 196
1756 123 138 169 185 186 190 191
2046 130 132 141 143 149 160 187 191
1925 139 150 156 164 185 186 189
2301 128 139 166 169 188
1631 137 172 196
2855 130 144 146 155 181 183
2834 134 141 144 148 157 159 162 163 172 175 189 193
2298 170 176 186 190 193
1518 136 140 146 150 157 161 162 169 174 175 186 198
1544 128 140 141 143 155 156 159 160 161 163 165 167 175 180 191 200
2534 138 141 143 175 179
2327 138 156 159 160 168 174 179 192
2566 132 133 134 148 169 173 175 176 178 191
2230 132 148 159 179 196 200
2138 143 158 171 176 195
2203 136 137 143 146 165 170 171 174 177 193 198 200
2888 148 155 168 180 183 186
2157 151 158 165 166 178
1824 148 165 168 170 178 194 195
2880 138 142 150 158 164 165 167 186 197
2863 145 148 149 154 168 181 182 184 193
2194 150 151 152 169 199
2703 152 160 171 192 193 200
1687 148 180
2701 147 155 158 164 168 174 190 192 198
2391 148 168 177 184 199
1741 147 148 149 156 166 168 175 196
2420 161 177 179 180 183 186 190
2925 166 178 185 187 196
2396 157 163 165 168
2703 150 153 169 171 195
1677 151 179 186 187
2258 156 169 175 198
2223 153 159 161 172 174 183 193
2346 160 166 173 183 184 193
2178 159 162 165 178 181
2516 169 184 190 195
2667 161 169 171 186
2964 167 169 170 174 195 199
2957 163 178 181 190
2155 164 173 177
2731 168 180 183 194
2611 178 182 190 194
2830 167 176 189 199
2977 174 176
2364
2251 170 175 191
2859 185 187 188 191 198
1845 191 193
1908 183
2328 173 174 189 199
2051 174 176 179 186
2285 177 190 192 194
1764 178 181 198
2667 182 185 186 195 197
1909 184 196
2602 185 192
2995 195
2412 182 186 196 197 200
2791 178 187 189 194
2106 184 186 187 189
2276 180 184
2204 183 195
2492 182 190
2729 196
1775 190 193 195
2131 194
2714 190 192
2204 187 193 194 196 197
2776
2627
1928 194
2308 199
1851
1921 198
2166
1981 196
1777 199
1734
1656 200
2105
2987
1940
