100	5	200	1
0	15	22
0	20	17
0	18	16
0	11	21
0	13	24
48 12 13 29 40 48 54 59 68 69 87 92
59 5 6 9 72 74 100
50 6 7 65 89 90 94
51 5 7 14 18 39 53 65 84
57 8 13 45 67 73 78 86
42 22 24 29 34 42 63 66 68 71 76 81 83 95
59 21 34 37 40 59 65 68 79 88 98
46 10 11 17 35 37 41 71 73 78
42 20 22 29 46 57 59 64 70 71 78 81 95 96
44 28 38 39 46 60 66 77 78 88 89 95 98
57 15 34 58 59 61 65 70 76 82 91 96 98
55 48 63 67 69 82 94 96
44 20 41 74 83 84 86 92
40 23 36 48 60 74 81 83
60 18 33 75 79 81 94 99
59 24 32 82 91 93 95 97
46 22 40 79 96
40 20 42 43 70 81 86 90
56 31 37 41 50 61 65 100
45 47 50 70 74 88 93 94 95 100
59 64 67 80 83
55 28 37 70 74
57 30 65 70 76 78 81 85
50 27 38 76 97
44 42 44 52 75 79 86 89 98 100
49 32 70 75 76 81 88 91
46 32 39 42 43 54 57 59 62 76 86 98
41 31 35 36 41 51 55 62 65 75 77
41 37 45 59 76 77 87
46 31 34 37 53 58 63 64 67 75 79 86 93
40 38 39 40 53 64 70 86 98
51 46 52 68 70 71 85 97
50 39 43 46 49 81
41 37 51 54 56 66 68 80 87 97
59 76 80 86
43 37 44 60 94 96 98
42 46 50 55 58 62 63 88 94
46 57 79 84 91
50 45 57 64 73 89 90 94 96
44 42 43 56 60 69 70 73 78 84 90
57 55 59 61 65 67 82 86 88 96
43 46 52 56 61 70 80 84 87 91 98
56 61 100
57 53 54 80 98 99 100
43 53 57 87 88 99
58 56 70 81 82 93 95 100
56 48 53 55 58 59 60 66 93
42 65 66 68 74 95
59 51 56 75 83 84 95 97 100
46 57 70 73 80
43 57 65 89 91
43 57 61 63 73 87 98
42 63 66
51 58 63 75 98
51 68 70 71 93 96
53 59 64 70 72 87 95 100
49 58 66 71
51 60 70 74 76 78 79 86 89 97
57 66 85 88 92
50 67 90
54 65 85 92 99
60 81 99
50 72 75
43 66 69 81 88
42 69 74 92
42 72 75 76 98 100
56
55 81
41 82 97
42 87 90
46 72 81 84
45 87
41 91
46 75 76 78 81 86
58 82 95 96
45 77 86 94 98
55 83 96 98 100
46 88 99
44
44
60 92 98
48
47 91 93 96
54
50
46 94
57 88 94
49 97
52 92 93 94
48 99
53 94
48 96 98
60 94
60
59
43 97
53 100
43
43
48
