200	5	1000	10
-4	95	50
-4	198	35
-1	185	44
-3	49	33
-5	52	38
279 25 36 39 43 56 59 61 72 73 75 79 97 100 105 125 129 146 149 157 192 194
287 7 10 13 24 64 72 83 85 98 99 102 107 108 122 127 131 141 155 176 178 185
270 8 14 24 43 44 59 77 78 106 107 110 118 127 136 150 157 159
211 21 27 57 68 83 85 91 93 102 103 106 109 114 120 138 139 152 154 168 176 187 189 193
278 6 8 9 31 42 57 59 64 85 132 141 152 156 166 170 172 190
224 7 22 51 69 72 76 77 78 80 89 105 108 115 116 117 118 124 147 166 169 173 174 179 184
210 10 16 26 28 39 42 55 60 91 102 115 128 137 141 142 149 162 164 168 169 189 195 198
270 25 32 52 56 59 77 78 85 99 130 160 165 178 197
276 13 18 29 43 62 64 70 77 82 102 127 134 135 145 146 150 153 161 162 169 173 183 191 197
278 17 18 30 33 38 39 43 45 61 70 88 89 90 100 104 105 107 139 146 153 155 164 168 191 198 199
211 29 40 45 50 79 86 89 91 92 112 120 123 132 138 144 161 162 186 188
210 20 38 41 89 94 100 112 117 125 130 156 160 176 194 198
262 18 29 42 45 46 48 51 52 59 62 63 83 96 105 152 153 157 175 180 190 196 199
300 17 19 24 27 47 50 51 63 72 102 106 121 139 149 159 161 184 191
203 25 26 46 52 70 80 88 95 101 112 137 147 164 174 195
281 26 29 34 63 71 82 89 95 133 135 146 153 161
277 19 20 24 25 28 29 36 38 41 42 52 76 80 85 89 95 97 99 100 109 113 118 120 128 138 150 152 166 169 175 179 187 191 200
224 33 46 66 70 74 93 98 101 104 130 171 190 193
261 21 23 32 34 48 52 141 142 143 148 151 173
286 22 36 40 50 56 60 67 86 101 105 109 127 132 137 143 145 165 166 185 197
269 53 57 67 68 93 98 101 103 105 107 108 125 148 153 158 164 174 188 192 200
233 37 70 85 92 117 119 127 133 142 146 161 168 197
228 35 36 37 53 67 72 73 80 93 131 136 139 143 160 164 166 169 179 184 197
282 30 48 50 53 56 57 64 67 71 77 87 88 90 94 97 108 134 157 161 167 169 173 180 186 189 195 200
264 26 28 32 39 44 61 65 76 77 128 129 137 144 151 165 170 178 179 186 189 197
300 38 41 61 67 70 75 78 85 103 105 137 150 169 170 172 199 200
258 56 65 74 79 122 178
242 40 54 56 57 78 82 87 92 93 136 150 151 160 174 195 198 200
269 49 66 72 80 92 112 120 126 142 156 158 168 175 181 186 191 194 200
200 62 73 74 77 106 108 113 116 119 120 121 129 132 141 150 151 152 155 186
251 53 54 55 62 65 66 69 71 73 85 101 104 105 131 132 143 157 178 183 189
221 53 61 62 93 100 102 135 141 149 157 172 196
204 45 57 73 75 82 98 106 108 120 121 132 136 137 143 148 151 164 189 191
253 35 37 43 53 54 64 67 71 74 76 85 88 92 105 121 167 175 184 188 196
292 74 86 88 119 129 135 144 155 168 191
227 40 44 45 46 49 72 77 104 139 146 147 149 151 156 159 164 171 179
291 40 53 71 72 85 86 135 138 153 157 159 167 200
286 39 52 65 72 73 77 112 128 136 140 141 143 149 161 163
224 50 52 60 67 71 79 81 86 87 108 119 129 130 132 138 144 149 152 157 158 168 184 186
277 44 48 56 59 65 98 106 118 121 133 156 157 169 175 184 185 200
202 47 51 61 62 69 88 93 96 100 101 107 111 117 121 125 126 131 138 142 143 165 190 192
232 43 45 58 63 68 71 72 75 83 89 91 132 146 149 171
205 53 65 70 90 97 100 101 115 120 131 145 150 152 153 168 174 188
226 58 67 70 77 89 92 106 114 140 141 149 161 162 165 194
217 51 58 65 69 87 90 91 102 106 112 114 120 129 134 136 148 160 196
243 48 66 69 108 133 139 144 148 149 152 170 176 183 186 197
234 61 67 69 85 89 93 110 115 123 130 142 149 156 161 194
238 57 63 68 69 100 113 117 120 124 127 135 138 141 150 154 173 183 187
212 71 77 95 115 136 158 169 176 177 188 193 196 198
238 62 77 86 91 97 105 129 132 137 165 168 172 173 176 180 181 187 196
264 63 69 86 91 99 103 118 122 140 141 147 160 177 179
236 68 77 94 102 106 119 125 127 135 143 144 152 155 158 175 177 185
296 60 72 84 90 97 118 120 135 157 164 169 176 187
270 56 75 81 86 89 92 117 121 123 127 134 135 156 164 182 185
293 62 63 64 87 91 97 106 109 110 136 140 142 143 148 165 177 178 181 184 187 200
218 70 74 98 101 103 104 119 120 135 138 144 147 160 175 176 190
277 83 102 106 110 111 114 120 129 131 138 147 156 162 163 174 178 191
223 69 86 93 113 124 128 144 145 150 152 160 168
219 67 71 86 103 115 117 121 137 150 151 159 197
286 97 129 135 152 162 198
202 66 67 72 76 82 91 135 143 154 160 167 188
247 69 75 92 93 109 127 131 140 154 169 174 187
242 68 74 90 91 104 107 109 112 145 146 189 197
289 66 79 80 98 105 111 116 118 123 140 143 166 177 180 185 187 191 199
205 71 77 84 88 95 101 104 128 142 151 159 161 174 196 198
277 69 85 88 92 103 105 108 117 130 143 151 153 156 159 167 174 176 199
291 92 94 99 105 130 146 164 171 184
293 79 92 108 115 123 134 148 151 160 170 172 183 187 195 197
289 78 86 95 116 118 126 131 144 145 152 162 177 180 184 195 200
298 77 105 117 128 154 156 159
220 79 115 132 140 142 151 154 160 170 179 180 189 194
201 93 95 98 105 111 112 116 122 125 127 169 173 181 198
297 85 92 97 111 132 146 151 171 175 176
228 78 83 94 101 106 107 112 118 124 125 127 133 138 160 175 195
257 83 87 114 120 123 133 142 148 159 199
270 100 110 126 133 156 165 167 170 180 182 194 199
201 82 101 108 109 114 128 136 139 140 147 149 151 161 183 185 197
238 82 95 114 115 123 127 131 134 139 140 147 148 168 174 185 186 188 190 194
212 97 113 118 134 140 144 147 148 157 160 164 181 193
283 101 108 122 143 153 200
235 86 93 100 110 117 130 131 133 145 146 154 164 170 193
248 107 116 122 130 134 138 142 163 167 179 200
234 86 87 97 117 141 144 149 158 166 171
219 95 103 104 106 113 115 128 130 137 143 149 153 168 186 194
206 99 100 123 141 175 176 191
261 96 117 118 123 129 137 161 163 173 176 186 200
274 98 104 108 109 116 119 125 132 140 144 147 156 172
268 120 122 125 136 149 157 170 173 180 184 193 195 198
212 92 103 107 111 126 159 164 165 170 171 181 191 198 199
260 92 96 101 108 113 121 122 127 149 170 183 186 196
255 92 97 102 104 110 115 135 155 156 163 165 171 172 182 189
278 101 107 111 122 125 144 151 159 164 178 188 196
290 114 119 135 166 172 179 198
265 121 131 145 151 171 196
270 104 106 111 121 123 145 158 161 163 165 166 169 178 187 194
290 109 122 136 143 151 155 183
269 117 118 132 159 167 173 180 194
256 99 101 108 116 120 123 133 134 153 157 167 177 184 189 192 197
223 121 127 128 129 132 141 151 155 156 160 163 183 184 193
260 108 117 121 147 165 166 170 173 177 185 188 200
210 112 117 129 134 139 141 152 155 156 181 196 197
278 108 123 126 130 146 156 158 160 163 165 167 184 193
224 106 110 121 126 143 144 151 164 178
214 108 128 153 171 179
214 114 127 134 140 142 146 147 155 156 161 182
244 128 137 160 164 172 175 185
245 138 158 164 167 168 171 180
267 119 133 194
215 112 129 149 169 172 182
249 111 114 122 125 133 139 140 148 153 158 186
219 118 120 122 127 140 151 168 169 174 182 198
217 130 132 135 136 173 181 186 190 191 198
275 127 151 154 158 161 171 178 187
249 121 123 137 147 153 175 177 178 189 194
220 120 130 136 138 143 171 190 191 192 194
289 117 119 130 139 141 147 158 159 175 192
259 129 133 155 165 176 184 196 197
288 119 129 141 150 152 153 158
257 130 137 139 144 145 153 159 170 172 188
214 151 154 177 194
271 137 147 156 178 179 182 199 200
246 138 171 177 184 193 195 200
243 132 139 140 152 159 183 185
291 125 132 135 147 151 180 194
250 130 131 137 138 153 165 171
214 131 133 139 141 143 165 169 177 179 181 184 185 199 200
222 140 141 149 151 161 165 173 176 177 198 199
253 132 145 150 160 161 180 184 185 191 198
215 149 156 157 165 177 181 183 189
251 137 139 142 148 149 171 179 182
256 160 162 170 174 192 193
290 141 165 196
242 142 144 147 153 164 181
213 168 178 179 191 198
240 145 158 163 167 171 176 181 190
290 137 148 157 166 180
263 163 176 184 187 194
207 139 143 147 150 154 159 167 189 194
211 152 164 169 176 184
279 148 169 174
223 143 144 149 152 158 170 186
205 150 176 184
225 146 147 173 175
272 153 168 173
287 146 147 150 159 170 182 184 200
272 156 162 166 172 189 191 193 198
245 157 176 197 198
283 155 165 176
248 151 172 177 192 198
208 159 189 198
241 162 164 197 199 200
286 163 188 200
240 160 175 178
250 155 156 166 188 190 192 193 194 196
291 184 186 188 199
281 177 189 197 199
247 159 161 162 167 170 178
293 160 174 177 178 190
242 164 165 167 172 178 200
243 176
214 164 172 185 191
254 173 178 182 191
218 182 184 196
212 167 182 192 194 195
233 198
228 182 185 194 195 196
257 169 173 176 192
275 181 188 190
230 183 188 193
287 179 182 185 186 197
235 172 184 185 199
230 197
253 180 197
235 189 191 193
280 178 179 186 196
281 180 183
277 186 190 194
215
212 196
256 184 189 193 194 197
239 189
288 186 190
236 185 195 198
216 190 193
224 186 196 200
253 199
253 200
262 190
277 198
278
283 194
205
283 195 197
222
237
204
237 198
216
293
261
