100	10	10000	1
0	885	10
0	159	14
0	907	6
0	792	13
0	262	11
0	965	11
0	265	9
0	450	7
0	642	9
0	356	10
2033 27 28 31 46 59 65 68 73
2623 5 15 28 51 57 69 72 75 78 79 86 93
2954 31 55 61 65 68 71 94 96 97
1882 6 7 9 24 36 41 46 57 71 76 88 99 100
1806 9 11 16 23 40 42 51 54 61 69 83 89 94 100
1737 8 12 22 26 28 55 57 73 75 76 80 88 91
2740 26 28 67 78 87
2989 22 33 64 65 86
2891 15 20 37 38 48 54 82 85
1869 15 16 27 29 34 37 55 66 70 92 94
1702 18 25 38 43 51 54 58 81 89
2941 28 33 35 46 52
2417 25 39 75 81 86 91
2947 18 29 32 53 69 86 90 97
2411 20 29 51 64 79 83
2475 24 44 47 58 65 75 83 87 92 96 98
2754 26 33 56 61 67 68 77 79 89 90 92
1627 25 32 42 57 60 63 65 72 78 90 96
2733 24 30 34 41 50 58 61 72 80 92 97
1554 26 40 55 58 62 66 67 78
2970 81 96
2770 28 68 84 86
2032 24 62 63 67 98
1952 34 38 55 57 64 79 80 81
2533 83 90
2077 38 56 72
1683 37 38 41 50 71 73 94 96 99
2261 34 36 55 69 71 80 83 84 95 97
1898 37 40 45 49 74 75 76 84 98
2666 51 62 63 66 77
2694 33 42 46 49 51 58 62 89
2751 35 63 65 73 83 91 100
2182 46 63 69 75 99 100
1954 39 46 48 60 75 77
2606 46 51 65 66 70 78
1876 55 63 83
1982 41 85 100
1889 41 50 72 78 82 84 87 88 89 93
1739 57 58 62 70 81 85 89 92 93 94 100
1799 41 52 59 75 78 84 90
2800 44 50 64 81
2481 53 76 80 88 94
2928 66 71 80 99 100
1582 70 71 83 100
2329 53 61 62 65 66 67
1800 50 61 64 87 93 100
1723 52 56 59 81 88 98
2628 58 91
2703 52 67 83 88 89 90 95 98 99
1995 51 53 55 62 70 81 86
2754 82 84 88 96 99
1533 62 69 70 98
2824 56 84 100
1908 55 57 58 62 63 74 80 84 96
2476 71 78 80 85 86
2900 58 60 74 85 86
1706 60 75
2389 63 82
2995 65 70 77
1664 62 75 79 91
2621 63 69 80
2508
1668 75 82 84 98
2790 68 89 99
1687 76 81 87 91 93
2288 69
1691 73 86 89 91 92
2721 84 92 96 97
2899 75 95
2181 72 79 80 91 92
1745 74 76 84 96
2614 79 98
2217 76 88 91 94 95
1706
2547 84 94
2631 85
2753 78 79 86 100
2540 88 99
2063
2531
2234 88 92
2013 100
2466 98
2406 93 97
1791
2735 91
1664 94 98
2944
2064 97
2798 97
1694
2944 95 100
1891
2149
2891
2358
2496
1592
2741
1580
