75	5	1000	1
0	186	17
0	102	16
0	169	12
0	154	13
0	179	17
216 25 28 64 65 69
214 39 44 59 64 68 72 73 75
234 13 27 28 44 45 47 52 59 75
240 46 66 69 73
252 9 12 15 26 40 73
276 8 10 18 23 26 27 36 43 49
231 14 18 28 29 33 46 49 50 60 61
227 12 23 29 34 42 43 45 61 64 67 69
290 10 13 19 30 43 45 48
183 25 54 70
288 22 43 46 55 57 64
187 17 34 38 46 56 58 68 70
181 22 40 45 58
250 21 24 42 57 71
244 18 19 26 35 37 44 58 63 65 72
159 35 40 52 69
272 22 33 48 63 64
295 25 33 34 44 46 48 71 73
211 26 30 52 61 74
289 32 36 47 53 59 60 65 70 72
290 25 27 28 37 47 56 58 66 73
224 27 31 46 47 54 66 68
198 25 34 42 48 53 59
158 49
159 29 34 35 46 49 56 63 68 75
205 34 49 50 64 72
154 28 42 53 56 58 59 64
245 34 36 40 54 55 58
235 31 47 48 56
161 32 38 45 68 72
297 53 58 66 73
197 43
165 41 44 58
185 56 59 74
175 46 63 73 75
165 37 69
212 42 48 52 61 70 73
166 39 67
288 45 49 51 59
297 45 47 53 62 69 72
283 51 56 69 71
171 48 50
179 47 51 57 62
198 48 52 55 71
179 56 69 72
257 52 65 74
227 66
241 54 67
293 50 67 75
230 61 69
283 75
173
173 55 64 75
167 69
284 57 58
276 58 71
300 69
165 67 70
274
205 63 64 65 66
185 71
187 73
202 70
272 66 72 75
153
275 73
224
223 71
248 72
216
257
220
286
168
155
