50	5	10000	1
0	555	9
0	193	7
0	710	12
0	917	8
0	494	14
1633 26 35 36
1747 5 6 7 27 49
1920 9 11 18 40 42
1824 24 32 33 45
1095 6 14 24 28 40 46
1626 10 22 27 39 40 41 45
1195 16 22 28 29 50
1082 15 16 36 45
1560 11 19 22 50
1516 12 18 48
1288 17 19 35
1773 17 29 33 44 50
1317 17 18 21 41 48
1989 17 24 27 35
1822 17 23 31 33 44
1822 36 48
1988 20 21 29 40
1991 21 44 47
1931 33 50
1483 35 42
1444 22 44 45 47
1625 33 40 46 48
1249 35
1720 31 44
1896 26 49
1564
1723 30 33 36 37 40 46
1834 29 30 35 36 43 44
1776 34 38 49
1041 33 43 46
1940 36 43 48
1366 33 35 45 48 49
1886 39 46
1727 36 37 39 40
1847 39 40 44
1111 39 40 42
1497 44 47
1913 45
1722 40 45 47
1923 41 46
1103 47 50
1488
1266
1937
1227
1458
1955
1208 49
1560
1294
