100	10	10000	10
-4	1226	8
-4	1073	14
-1	1662	10
-3	1308	12
-5	1358	8
-4	1446	11
-4	1184	7
-3	1062	5
-4	1515	12
-3	1478	13
2824 3 7 9 12 14 16 32 34 38 83
2095 8 14 51 85
2626 5 9 12 27 39 48 52 54 67 76 98 100
2862 8 13 27 34 35 40 44 52 60 69 73
2749 8 25 26 27 33 48 52 60 67 74 79 84 98
2103 16 28 30 37 86 87 99
2959 16 41 43 47 49 55 63 70 71 78 79
2557 14 22 30 32 34 41 66 82 85 88
2633 18 44 56 57 58 59 62 69 78 95
2747 21 38 45 46 68
2920 15 17 19 20 21 53 54 78 83
2195 32 34 35 37 39 48 58 60 66 69 75 91 98 99
2082 41 63 67 70 77 92
2560 45 63 73 77 81 86 89
2091 17 28 30 31 39 51 55 71 77 84 89 93 98
2919 17 32 36 38 53 57 72 83 91 99
2498 18 25 31 35 39 56 82 96 97 100
2027 19 21 38 44 46 63 68 71 75 77 80 85 88 96
2650 27 43 47 51 53 56 65 68 85 96 100
2037 26 29 44 64 80 86 98
2490 22 33 49 73 76 90 94
2855 24 29 67 88
2288 30 41 43 49 67 83 89 98
2773 28 34 37 48 57 77 80 82 85 93 97
2317 44 55 58 73
2822 34 72 74 80 82 88 100
2033 42 61 64 65 70 71
2897 36 39 46 61 97 99
2945 31 37 40 48 61 63 71 79 85 91 96
2340 40 52 65 69 71 76 79
2875 38 41 53 57 61 74 76
2735 45 49 50 55 65 70 76 85 88 91
2516 64 78
2989 36 42 48 55 76 90 97
2822 37 58 77 78 80 82 87 93
2841 37 42 43 47 82 87
2869 60 75
2916 75 83 92
2248 48 51 54 60 63 66 68 69 71 76
2380 43 70 93 97 100
2046 47 51 56 74 85
2620 44 46 48 71 92
2984 48 68 100
2744 50 64 70 73 76 86
2931 53 55 71 99 100
2564 58 60 63 65 67 87 92
2723 53 94 97
2188 56 66 90 100
2487 52 56 62
2461 54 58 61 76 80 82 93
2119 56 58 82 83 91 95
2071 65 80 82 84 90 92 100
2483 54 57 59 60 61 73 74
2444 82 98
2625 92
2249 63 66 96
2720 66 70 87 88 89
2896 69 74 80 93 96
2834 64 66 69 72 74 79 91
2084 71 75 76 85 98
2627 87 91 95
2865 82
2853
2727 66 79 80
2324 99
2857 67 69 84 85
2593 69 70 71 85 94 97
2835 73 75 76 86 89 94 96 100
2093
2635 94 100
2886 73
2847 90 91
2111 74 76 80
2093 79 85 90
2676 82
2722 81 82 97 100
2103 85 92
2488 94
2266 87 88 99 100
2937
2458 87 88 100
2955
2208
2699 85 99
2282 86 87
2831 99
2616
2913 89 90
2923 92
2227 93 94
2560
2294 98
2817 98 100
2247 100
2672 97
2845 97
2645 99
2649
2122
2022
