100	10	200	1
0	40	13
0	29	7
0	34	7
0	30	11
0	35	8
0	35	8
0	23	8
0	20	12
0	29	16
0	32	10
54 11 31 53 55 64 66 67 74 80 88 89 92
30 15 18 31 45 48 67 71 78 80
43 6 14 41 48 49 79 94 99
59 22 27 35 44 51 70 79 85 90
57 6 7 9 32 35 40 41 65 97 99
53 20 42 43 53 59 68 73 74 82
45 21 22 39 44 50 66 87
37 10 32 33 39 40 49 65 73 77 82 95
49 11 23 36 57 91
60 22 29 33 37 55 57 76 95
49 16 17 29 31 41 50 56 62 78 80 96 98
32 15 16 17 24 45 53 54 56 80 94 96
44 30 41 57 72 75 82 99
57 19 31 41 45 52 54 60 63 71 80 82 83 92 94
38 25 39 43 47 70 76 81 93
48 19 33 41 46 47 56 71 81 88 90 96 97
59 23 30 34 36 50 69 85 86 90
35 20 33 35 59 63 66 69 75 78 96 99
31 21 25 32 36 43 46 47 58 63
39 21 33 55 64 81 90
43 27 31 44 52 85 95 97 100
33 25 29 34 70 75 77 90
42 24 33 53 54 65 74 93 100
55 27 36 52 61 62 72 73 83 95 99
50 28 35 36 40 55 56 61 64 74 86 88 91
35 41 45 52 65 74 85 96 99
60 34 36 40 47 57 65 69 70 71 72 90 92
55 33 40 54 57 65 89 92 95
38 32 54 61 69 71 74 75 77 78 81 89 93 98
51 32 38 41 55 67 70 79 87
46 37 38 44 45 55 59 72 88 91 93 95
47 37 41 44 52 55 57 79 83 91 92 96
41 63 92
51 39 49 62 78 83 89 91 98 100
46 37 46 50 55 56 59 82 100
45 37 41 66 72 81 85 97
54 39 56 68 75 77 92 93
55 46 68 75 84 96
60 51 55 67 88 94 99
35 62 72 86 92 97 99
39 64 66 79 84 87 94
59 46 48 52 82 94
55 58 65 82 83 88 96
54 72 88
37 75 99
51 50 59 72 73 80 87 95
58 48 83 91 92 97 99
33 51 54 56 81 97
58 64 73 86 96 99 100
46 79
45 59 81 84 94 99
56 77 78 91 92 93
43 79 95
35 57 66 74 84 99
45 67 69 70 80 84
30 78 82 86 91
30 82 84
59 59 64 80 89 99
53 77 95
46 62 63 75 93 99
37 69 83 84 95 96
36 67 72 82 84 86 97 99
45 68 89 91 93 97
33 65 70 77 82 92
52 76 87 89
54 81 85 87 95
60 71 82 86 87 91 94 99
54
48 70 84 91
32 75 76
41 76
41 74 86 88 89 95
43 75 80 90 97
40 78 86 95 99
30 79
43 89 94 99
58 93 98
57 81 84 85 86
41 81 87 89
51 83
35 94
47 87 92
51 99
42 86
46 91 100
48 91 96 98
36 97 100
30 98
55 100
38 93 100
34 100
43
42
39
48
60 98
47
55
47
33
