50	5	1000	1
0	158	6
0	134	8
0	184	12
0	170	16
0	177	8
157 4 8 23 30 31 40
292 29 37
300 21 40 43
280 17 25 40 41
275 6 8 14 18 23 24 34 36 37 39 46
270 7 8 14 17 18
247 10 29 31 43
218 25 27 41 46 47 50
209 13 25 37 42 49
279 11 16 29 40 41 44 48
272 12 32 37 45
193 19 20 30 33 49
278 23 25 43 45 49 50
153 36 40
166 16 23 32
176 23 40
209 29 31 39 44
267 21 22 24
197 47 50
180 23 24 41
227 28 34
194 29 40
290 25 33 34 37 46 49 50
250 26 28 38 42
281 27 29 42 45 49
297 30 43 44 47
180 49
265 37 49
174 30 48
157 34
150 39 45 46
152 33
205 39 42 43 50
206
155 43
278 38 39 46 49
300 41 44 50
279
253 40 46 47 49
172
298
209 43
184 50
260 46
156
157 47 49
276
191
228
288
