100	10	200	1
0	15	10
0	20	12
0	18	7
0	11	10
0	13	10
0	14	6
0	10	9
0	6	12
0	19	9
0	2	15
28 26 36 52 72 93 94 99
37 17 19 20 26 54 57 61 66 67 71 75 90 92
22 24 34 43 55 66 67 77 81
39 10 42 53 54 60 69 76 77 84
39 6 10 19 20 25 27 29 44 65 72 92 96
26 30 33 53 54 73 97
20 9 32 45 49 53 59 73 74 83 87 90
36 26 28 35 47 60 76 81 84 85 100
25 15 32 36 40 45 75
35 34 40 47 50 69 78 84 88 95
39 28 40 43 71 78 88
30 17 26 42 47 58 59 79
31 30 37 38 43 46 53 57 67 70 71 76 80 84 89 99
26 23 37 52 53 54 74 85 99
22 23 24 34 49 63 87 92
24 20 46 66 73 99
37 24 27 40 41 43 46 47 49 62 65 87 91 93
35 38 45 60 71 72 80 88 96
24 21 26 28 29 47 53 57 63 65 83
20 32 33 48 65 70 71 75 76
40 25 33 37 38 46 50 55 68 78 88 95 100
39 26 42 46 49 52 57 64 72 83 87
26 36 48 63 64 84 85 95 98 100
21 27 33 40 41 43 51 70 73 99
21 34 66 72 83
30 41 56 68 78 81 84
23 62 95 98
26 30 42 54 72 81 88
30 31 32 47 63 65 97
37 33 38 55 57
30 32 43 47 53 57 69 73 90 92
24 73 86 97
29 37 55 59 64 66 97 98 99
26 37 41 61 81 87
20 41 50 67 91
31 48 49 58 62 68 83 91 93
21 47 48 52 58 60 68 72 81 87 90
39 55 59 68 71 79 87 92
22 40 42 60 62 64 74 81 84 95
24 44 55 64 67 78
37 48 56 71 72
23 73
37 46 59 62 63 70 94
23 48 73 82 91
36 48 59 62 63 72 79 80 92
23 55 58 64 76 78 82 92 94 98
22 61 79 84 85 90 95
31 57 59 74 75 94 96 98
31 51 52 74 85 93
36 56 59 66 69
38 96 99
22 62 63 65 73 84
39 91 96
26 60 93 98
23 63 64 89 96 98 100
33 64 65 86
29 68 78 100
30 80 98
40 62 65 75
36 93 97
21 82 86
22 74 82 88 91
25 85 89 98
26 68 83 89
31 73 78 87 93 94
37 67 81 82 90
34 68 72 79 86 94
30 72 75 84 94 95 100
23 70 79 88 89 91 96
22 96
22 72 100
35 77 96
26 79 86 89 94 96
21 84 85 92 96
38 83 86 94
25
35 83 86 89
24 79 86
28
34 87 90 98
30 89
26 89 94
39 93
33
28
26 92 95
24 90 92
40 95
27
37
29
32
28
33 98
28
40
40
23
23 100
23
