100	5	1000	1
0	31	25
0	99	18
0	96	23
0	36	17
0	17	17
279 11 12 13 19 32 49 55 79 88
287 8 10 24 28 29 44 51 59 64 65 96
270 17 19 27 38 53 62 94 97
211 7 11 17 27 33 39 48 76 77 78 79
278 10 13 20 28 39 49 56 64 67 73 82 91
224 21 38 40 45 51 56 58 64 66 76 79 90
210 11 32 44 55 69 72 77 95
270 12 21 22 53 59 88 96
276 13 24 45 49 60 64 65 71 75 79 85 94
278 15 17 24 35 51 64 65 71 81 91
211 16 28 29 33 39 43 73 74 81 86 97
210 30 81 95 96
262 33 43 44 49 65 82 85 97 99
300 33 40 48 50 61 71 72 74 90
203 38 40 52 82 85 91
281 17 25 43 45 61 69 98
277 23 27 34 52 56 58 61 71 72 76 78 81
224 24 29 45 47 54 56 61 62 63 70 71 85 93
261 22 35 40 68 70 72 85 91
286 32 43 46 55 56 70 77 80 82 91 95 97
269 33 34 47 65 73 75 86
233 25 27 37 58 64 95
228 26 34 41 49 57 69 71 82 85
282 27 47 56 79 96 99
264 34 36 56 75 76 83 92
264 37 43 46 53 89 90 97
236 33 35 72 75 84
296 54 60 98
270 38 55 71 77 79
293 55 84 91 92
218 33 40 47 55 62 75 85
277 40 44 72 79 88 89
223 42 45 52 53 58 75 95
219 41 52 56 57 66 68 88 94
286 36 39 41 64 67 93
202 38 40 45 65 72 84
247 66
242 50 53 54 57 66 71 76 98
289 52 57 66 85 93
205 44 52 53 54 59 60 75 86 97
277 56 75 80 96
291 59 64 65 69 92
293 44 48 56 75 87 99
265 68 72 88
261 53 81 82 85
274 50 55 59 66 75 82 85
268 49 70 98
212 59 76
260 59 87 98
255 54 55 57 62 71 79 83
278 59 69 70 93
290 67 98
265 62 68 71 72 74 91
270 74 89 91 97
290 64 75 81 91 94
269 58 94
256 77 83 100
223 74 82 86
260 64 65 67 70 92
210
278 70 71 86 100
224 69 73 77 78 79 93
214 82 83 94 96
214 66 70 75 88 96
244 68 81 95 98 100
245 72 88 91
297 71 93 96
205 74 92 99
251 72 76 78 79 88
256 99
290 96
242 73 78 91 100
213 78 82 87 91 99 100
240 81 95 96 100
290 90 97 100
263 80 85 92
207 89
211 89 96
279
223 82 97 100
205
225 84 93
272
218
212 96 97
233 93 94 96
228 98 100
257 91
275
230 91 94 99
287 99
235 95 96
230 99 100
253
235
280
281
277
215
212
