200	10	10000	1
0	992	21
0	650	22
0	282	17
0	312	17
0	484	21
0	701	18
0	398	21
0	109	19
0	241	21
0	254	23
1824 5 7 19 27 28 36 57 69 71 110 117 176 182 197
1095 5 16 49 77 92 161 198
1626 10 13 15 22 29 32 59 60 76 87 88 89 93 95 98 99 101 103 105 113 126 138 145 153 160 163 176
1862 12 15 19 20 72 75 85 95 100 103 104 107 120 129 130 135 139 147 158 159 165 197 200
1749 15 18 40 51 52 61 64 85 91 92 106 119 128 136 139 141 146 151 155 157 162 183 195 200
1103 7 19 38 44 50 56 59 86 87 89 97 104 141 148 187
1959 15 17 27 77 80 82 85 87 96 107 132 139 145 148 152 163 174 175 176 178 188 190 193
1557 9 10 15 20 22 43 52 69 77 81 84 91 97 99 109 111 113 128 137 155 156 161 170 176
1515 15 22 34 35 55 64 67 73 101 107 131 135 144 146 147 150 154 163 166 171 181 183
1807 16 27 34 54 71 87 100 102 113 139 140 148 176 181 184 190
1468 15 21 33 35 45 58 61 74 89 90 107 117 133 147 158 163 171 176 178 183 184 193 195
1557 14 15 38 43 71 77 78 82 102 114 118 120 127 136 143 148 151 159 179 180 197
1169 20 30 54 64 80 87 98 105 112 119 123 125 138 143 151 174 189 194
1905 17 20 21 24 61 74 76 85 95 99 120 132 144 147 150 156 160 174
1506 20 29 40 42 56 60 61 71 74 102 114 116 121 131 138 139 156 177 192
1218 31 33 43 52 89 92 104 110 124 149 153 156 170 184 190
1734 21 24 36 39 52 59 62 70 89 95 99 100 101 102 106 145 148 149 151 160 176 185 186 190 198
1842 57 72 76 78 84 99 102 107 110 146 187 189 195 199
1043 33 34 79 85 92 100 112 113 117 125 128 129 143 150 153 156 158 168 176 192 196
1210 50 57 68 71 72 77 83 89 134 145 148 149 167 172 178 183 185 188 196 197
1866 30 31 34 46 135 148 150 152 162 169 185 189 191 192
1633 41 54 55 56 79 86 115 120 123 130 142 155 162 173 176 184 185 188
1747 40 44 57 85 95 98 109 115 116 122 123 136 143 148 153 183 188 195
1920 58 63 70 84 91 98 100 123 130 131 187 194 196 198
1195 26 27 41 45 64 81 89 95 97 112 115 140 160 165 166 169 176 190
1082 27 35 43 59 67 69 75 76 92 97 98 135 139 147 155 157 159 171 174 175 180 196 199
1560 53 57 72 112 113 140 145 164 167 172 181 187 190 193
1091 49 62 99 100 123 130 144 147 159 165 173 184 185 186 190
1919 34 59 63 65 92 97 103 118 132 137 156 161 162 171 187 191 192 194
1498 45 56 57 66 69 83 86 90 91 95 97 98 101 112 120 124 130 138 144 147 148 161 168 171 178 189
1027 51 54 57 58 59 63 66 73 78 93 95 108 109 120 126 149 155 156 171 194 195
1650 34 48 63 64 69 77 95 98 120 129 130 149 154 166 171 172 177 178 181 189 199
1037 52 71 88 89 112 142 144 146 155 171 196 197
1490 38 43 70 78 81 110 120 142 144 159 173 174 190 198
1855 47 54 76 84 89 96 101 136 137 164 176 186 199
1611 38 43 47 56 80 88 91 98 122 125 126 142 144 154 161 175 176 178 190 191
1343 44 46 52 54 68 69 72 94 98 126 168 169 178 187
1001 40 60 65 94 122 129 132 136 140 144 161 181 191 192 194 197
1857 45 62 64 73 85 104 117 141 143 144 147 161 171 179 188
1195 50 68 72 106 128 140 155 157 171 173 190 199
1622 48 66 67 98 107 113 119 126 129 132 138 141 147 156 161 162 169 172 175 186 188 190
1022 62 63 74 96 106 110 119 122 128 132 148 150 159 162
1882 55 59 66 77 82 102 104 120 138 149 152 153 170 180 181 186 193 198
1288 68 75 80 85 97 104 109 113 142 160 164 165 173 189 196
1773 78 80 81 88 98 100 110 121 129 139 150 153 159 178
1317 51 57 91 92 93 94 96 102 108 139 143 148 155 180 190 191 198
1822 50 57 69 78 92 104 105 114 128 133 156 177 186 187 191
1033 54 74 76 78 83 89 92 95 99 103 110 111 123 160 161 166 193
1897 50 57 63 69 70 90 92 104 109 115 121 125 138 139 143 151 170 198
1945 53 58 74 76 97 100 102 107 121 125 126 145 156 165 166 175 176 191
1340 57 76 97 115 117 136 188 197 199
1875 60 70 76 108 109 115 131 134 137 150 162 169 176 181 183 184 196
1735 55 57 81 96 118 120 125 169 173 177 185 196 200
1865 73 85 88 94 102 103 114 124 127 130 146 155 160 165 176 186 188 190 191
1350 83 85 87 89 95 117 119 125 127 137 161 166 183 200
1013 61 78 81 83 85 86 87 92 106 108 123 136 142 150 156 168 170 186 190 191
1457 75 82 90 91 112 134 139 143 149 166 171 172 178 186 200
1015 76 77 80 81 83 104 126 144 169 170 173 176 178 184 189 193
1102 85 88 94 117 132 137 142 143 167 181
1285 63 65 76 77 82 91 101 116 117 123 127 138 139 150 154 177 185
1516 65 86 90 93 95 98 100 103 105 109 126 155 166 180 196
1989 63 66 75 77 101 103 111 124 138 140 162 164 176 182 192
1822 80 107 110 112 117 119 123 132 135 139 143 153 163 166 170 175 176 192 196
1841 65 67 77 82 84 87 113 126 130 152 170 174 175 184 186 187 200
1869 91 99 107 112 115 129 131 136 138 151 175 178 187 188 195 200
1916 76 79 85 96 101 112 116 127 147 155 157 158 167 170 175 183
1248 68 69 78 83 84 86 92 107 120 124 150 158 184
1380 74 76 80 93 95 102 110 121 147 150 160 161 164 169 179 180
1046 81 86 97 128 148 153 173 180 185 200
1620 87 96 98 107 109 113 126 145 159 174 176 180 191 193 195 197
1984 79 80 86 101 109 110 111 112 122 148 155 157 159 175 193 195
1744 81 93 111 125 138 140 141 149 180
1073 80 82 100 114 126 131 132 161 184
1989 77 83 84 104 118 122 144 146 148 154 155 160 166 176 178 184 200
1780 84 90 107 115 122 133 137 141 154 158 162 163 165 168 173 180 190 194 196
1228 100 108 129 140 155 166 199 200
1894 78 80 93 113 128 137 139 147 156 158 162 164 167 168 193 196
1988 82 94 97 103 113 116 120 141 157 158 176 178 187 190 195
1991 81 94 103 118 123 135 139 149 157 169 184 192
1931 94 129 167 168 185 192
1564 85 88 109 110 124 129 137 147 155 159 178 181 191
1723 102 107 113 121 122 124 142 152 158 159 162 167 177 183 192
1188 90 110 112 146 150 165
1487 95 96 101 110 120 122 147 153 166 171 172 183 185 191 198
1461 95 98 102 105 111 133 136 143 144 157 193
1119 126 133 134 135 157 158 172 176 187 200
1071 88 92 109 111 114 123 129 145 148 158 165 170 171 181 184 199
1358 89 95 96 125 127 128 133 149 151 167 170 183 195
1367 96 103 107 124 125 126 130 131 147 153 160
1664 101 106 133 139 143 154 156 162 164 166 189 190 193 198
1157 94 101 107 108 109 113 122 143 145 148 160 165 180 196
1138 94 115 118 121 133 139 142 145 152 156 168 194
1397 111 114 115 136 154 155 174 194
1718 96 97 100 101 134 145 148 173 190 192 196
1286 97 103 116 117 121 133 147 157 164 182 186
1935 110 143 160 169 172 180 186 190 196
1136 101 112 118 129 131 133 162 180 199 200
1571 117 169 175 178 184 193 198
1483 105 110 112 131 133 138 148 150 165 182 186 187 188
1444 106 108 109 124 125 141 153 158 162 179
1625 113 115 122 125 195 199
1249 109 130 141 153 159 192
1720 106 121 130 141 145 150 185 193
1896 130 139 141 142 150 155 156 165 169 174 184 187 197
1834 111 134 149 177 180 189 193 194 196 198
1084 114 116 129 131 142 147 165 170 175 194 197
1627 119 121 136 141 164 169 171 172 173 174 192
1865 125 138 144 174
1853 119 121 136 141 152 180 200
1397 113 117 149 151 155 177 190 200
1604 113 122 125 132 145 166 182 191 194
1163 113 146 161 163 176 179 180 181 188 197
1319 131 150 158 176 183 190
1117 123 147 155 158 179 181 187
1969 117 118 129 135 140 145 162 166 172 193
1960 118 123 136 142 157 175 177 181 182 200
1776 132 135 153 165 170 190
1041 125 132 152 155 165 170 172 194
1940 121 128 134 137 153 159 171 181 190 192 199
1727 139 141 149 156 167 171 190
1324 122 129 139 149 153 171 186 189
1857 126 129 136 141 150 155 160 162 164 175
1593 127 132 142 149 154 156 158 187
1835 129 135 136 147 156 158 177 186
1093 127 134 138 150 162 179 181 184
1635 131 132 134 136 145 153 154 160 162 163 164 173 187 189 198
1184 130 131 158 165 173 179 196
1204 129 130 154 158 159 184
1921 130 134 150 155 168 170 179 194
1848 134 139 148 166 168 171 173 178 184
1032 156 163 164 170 189 190 191 194
1892 166 167 172 173 174 176 177 185
1192 150 154 158 167 170 174 176
1972 142 143 152 155 185 192
1323 137 143 145 146 147 156 172 182 184 192
1642 138 146 153 161 171 186 192
1381 146 166 172 177 182 186 197
1366 155 161 164 165 183 185 188 194 199
1886 144 151 157 171 196
1847 153 157 160 167 168 169 174 184 195 197 200
1111 154 155 160 163 187
1093 159 163 168 169 178 183 186 190 194 196 200
1676 155 173 179 183 186 197
1040 166
1858 152 166 169 173 178 198
1681
1697 159 177 179 186 187 191
1360 160 163 176 181 183 184
1387 151 165 166 190 198
1065 164 167 172 174 177 180 181
1929 152 157 159 160 171 186 190 191 196
1051 159 178 184 187 190 195 196
1874 187
1819 166 169 182
1729 156 163 166 169 172 178 185 189
1655 165 197 198 200
1497 161 165 173 176 189
1722 164 175
1103 168 169 177 181 188 197 198
1488 166 170 192 197
1266 185 192 196
1937 174 186
1458 164 170 173 177 195 200
1955 176 179 180 186 193
1208 195
1699 167 168 169 173 179 185 187 196
1282 181 184 192 194 196 200
1831 170 171 178 187
1616 180 181
1256 186 191 196
1939 185
1707
1906 191
1618 176 180 186 191
1986 182 188 192
1626 182 194 200
1836 186
1913 179 180 182
1923 182
1227 183 195
1560 186 188 192 194
1294
1817
1247 190 192
1672 189 199
1845 187 189 193
1645 192 193 194 198
1649 197
1122 196
1022 195
1103
1173
1895 199
1294
1135
1196
1895
1428
1931
1671
