100	10	200	1
0	28	7
0	22	15
0	27	9
0	22	12
0	40	7
0	29	12
0	31	9
0	33	5
0	25	12
0	21	12
53 22 26 28 32 44 48 60 85 86
7 4 8 15 32 42 54 72 94 99
41 4 9 11 16 34 53 69 74 78 80 83 87 89 90
48 7 8 17 29 32 36 50 55 63 82 87
8 16 55 61 92
45 9 18 22 23 40 44 48 50 63 69 75 80 82 89 94 99
36 9 39 45 56 57 63 68 70 92 93
41 20 21 25 44 51 53 59 62 83 88 91 94 100
48 11 14 38 55 68 94 98
59 20 33 43 53 66 86 95
14 39 42 49 52 54 70 75 77
7 30 59 60 76
21 14 24 30 34 43 61 82 92 95 96
37 15 26 36 57 81 82 91 95
7 27 51 58 61 62 66 77 85
59 18 60 63 73
33 23 29 31 33 41 43 46 53 56 60 68 70 72 73 89
3 39 48 50 60 76 94 98
42 26 34 55 62 64 72 74 87 94
4 25 28 30 42 53 59 61 63 68 70 78 80 94
32 31 32 44 56 75 78 80 93
55 34 36 45 56 59 86 92
20 31 50 70 82 83 95 98
50 27 28 45 47 64 65 66 76 80 95
21 29 33 60 68 70 72 82
53 34 37 62 88
4 28 36 39 49 51 53 60 77 85
58 41 42 51 52 76 77 87 91 94
4 31 46 49 60 65 84 86 95
23 35 44 45 47 51 66 86
56 32 40 62 64 73 84 94
34 33 41 58 68 85
37 34 40 56 58 67 73 78 97
53 45 67 68 74 79 87
54 36 42 46 56 66 81
56 38 81 87 96
59 41 46 49 54 65 91 95
17 41 42 44 46 59 64 74
25 65 72 73 75 90 97
4 45 63 68 71 77 83 84
40 54 64 72 89 92 96
13 58 63 68 89
48 49 62 67 78 92 99
34 50 85 92
32 51 52 70 79 89 96 99
60 47 49 50 71 83
13 59 62 68 75 90 94 99 100
32 53 70 94
30 64 69 78 82 95
9 60 67 89 90
39 52 67 70 76 100
32 54 73 76 88 99
29 68 90
41 75 91
17 62 97
47 75 84
58 66 83 95 100
54 70 82
7 76 82 87 88
41 71 74 77 87 90
56 62 69 71 81 82 85
55 81 96
50 65 75 78 93
4 90
47 76 77 81 84 96 98
22 79 83 96
55 76 83 84 94
39 77 79 83 93
54 71 92
7 73 81
41 74 80 89 97
27 85 90
30 75 78 85 87 96
54 77
7 78 85 100
44
47 85 86 89 94
8 79 84
18 97 98
60 89
30 86
33 95 96
20 90
15 97
45 87 89 94
19
53 99
40 91 96 98
59 91
16
37
20
53
17 97 98
44
54 99 100
42
42
9
3
