75	10	1000	10
-4	65	3
-4	33	14
-1	17	5
-3	74	12
-5	69	7
-4	15	7
-4	86	4
-3	22	7
-4	99	6
-3	60	10
276 37 56 65
181 7 10 12 20 36 42
289 11 12 20 46 51 53
214 16 30 37 42 48 52 64 73
234 6 7 9 14 49 55 69
240 8 11 44 63 65 72
252 11 13 15 16 26 27 38 39 48 51 59 63 67 68 73
231 14 37 39 40 41 43 47 53 62
227 13 22 26 37 63 70 72
290 12 39 54 72 74
183 15 23 35 45 48 53
288 32 41 44 51 68
187 22 24 26 35 51 53
250 24 32 38 44 47
244 16 27 28 47 72
159 64 66 68
272 34 59 69
289 48 55 71
198 38 48 49 51 56 60
158 24 25 28 39 50 60
159 25 26 50 54 72 74
235 39 46 51 61 66
295 24 34 45 54
211 25 41 45 46 47 66 69
290 27 29 41 56
224 31 33 40 51 64 67
205 33 44 48 53 72 75
154 34 65
245 43 48 64
161 33 43 47 50 68 71
297 36 57 72
197 46 49 54 55 56 62 70 72
165 34 55 64 65 66
168 48 70
185 40 43 65
175 39 42 43 51
165 51 55 63 64 68
283 41 43 68
179 53 62 63
167
239 43 54 55 58
212 46 54 60 73
166 51 53 66
288 64
297 61 66 67 70
171 47 51 63 64
179 54 63 64
198 51 72 73
230 50 54 56 62 74
284 52 67 70
165 53 66
175 66 67 68 74
293 56 62 68
283 66 75
173 65 66 67
173 57 69 70 71
167 70
276 66 70 74
300
185 62 74
187 68 72
272
153 72 74
275 71
224 73
205
202
223
248
216 74
257 74
220 74
286
168
155
