50	10	200	1
0	20	2
0	15	9
0	20	4
0	10	5
0	16	4
0	17	4
0	13	4
0	4	6
0	12	7
0	5	5
10
17 3 8 31 35 36 43
10 20 28 38 48
12 23 42
13 11 32 34 37 41
14 12 13 17 18 25
12 11 13 31 37 40 42
11 13 25
19 11 22 38 46
6 17 29 33 36
19 17 27
19 23 24 35 46 50
8 19 29 34 35 37 47
3 45
3 18 38 49
20 17 31 44 47
9 27 33 36 46 48 49
19 42 46
11 27 28
8 42 43
6 27 38
5 34 41
3 36 45 50
18 37
9 38 41
4 45
19 37 40
20 36 44 49
15 38 47
11 35
12 42
18 37 38 45
13
19 37 44
18
4 37
4
4 42 47
17
6 41
6 48
17 44
2
17
11 48
8 47 48
8
11
14
10
