100	5	1000	10
-2	142	21
-2	194	24
-4	105	18
-3	169	19
-5	135	18
175 7 8 17 40 43 53 100
293 5 25 29 38 46 58 62 70 71 75 85 91 92 93
153 4 7 43 85
252 6 8 28 35 39 53 80 81
173 8 13 15 19 21 26 29 39 47 49 52 56 81 90 94
275 7 14 21 24 25 40 48 50 84 91 94
224 15 22 29 54 84 85 87 97
167 20 29 35 44 52 65 68 72 77 79 86
159 21 25 40 43 62
165 38 50 53 61 65 97
168 43 45 50 64 89 93
297 13 18 22 23 32 51 56 57 58 64 70 82 83 90
250 16 17 19 47 81 84
244 16 32 50 67 77 80 90
197 19 28 29 39 42 56 62 71 82 94 97
165 29 33 39 46 50 84 88 99
196 19 23 32 33 59 89 93
202 30 35 38 39 42 51 55 56 68 69 70 86 99
214 38 43 84 85 86 99
293 54 57 61 67 88
267 32 33 42 50 53 64 66 67 81 84 85 88 90 96
299 29 48 55 93
279 24 26 31 43 45 54 58 62 71 72 78 92
222 58 82 85 93 96
166 27 28 29 38 42 47 53 77 78 88 92
295 28 47 53 82 90
211 66 69 74 96
288 40 65 68 82 88
297 34 46 52 58 68
224 36 47 62 86 90 95
198 32 42 50 53 69 80 89 95
183 55 58 68 71 72 80 84 88 94
283 36 42 45 54 57 58
198 35 41 42 62 84 93 94 97
179 36 42 43 46 52 64 77 88 89
245 55 58 60 79 84 88 92 97
187 40 43 65 69 85 100
181 49 53 61 64 72 80 84 88
155 46 51 54 72 78 89
272 65 67
167 57 59 63 65 85 86 92
295 52 67 75 79 83
190 57 70 87 97
263 50 56 73 74 89 94
214 80 84 86 92
160 74 89
253 76 83
272 50 66 70 78 80 82 96
187 66 77 78 81 89 94
283 59 75 88
276 82 85
212 55 56 64 70 75 80 82 90
290 55 59 83
248 60 88 89
284 82 97
276 63 74 80
171 59 65 75 79 85 88 92
300 70 84 89 91
154 70 73
175 64 79 80 94 96 98
168 66 90 95 99
201 86 88 97
280 71 90
248 85
280 66 84 86 92
234 69
240 80
272 79 83 85 86 100
289 71 72 95 96
223 71 74 80 92 97
216 75 79 95
288 82
220 92 100
179 88 100
235 89
289 88 92 93
239 83 84 99
278 81 86
175
241 90 100
153
241 99
174 88
214
230 92
202 87
165 94
231 93
227
290 91 100
173
158 93 97
205 99
257 98
161
286 97
159
160
237
254
