200	10	10000	1
0	1117	25
0	1845	20
0	1906	18
0	1808	21
0	1040	19
0	1192	13
0	1245	20
0	1804	14
0	1600	27
0	1431	23
1280 3 7 21 37 58 65 73 77 100 107 128 151 153 168 180 191 199 200
531 15 18 22 36 42 43 63 89 102 103 126 149 150 156 195
1243 8 77 90 111 116 122 143 152 169 171 176 178 191
1448 5 11 15 21 64 79 95 106 128 136 181
1373 7 20 34 44 54 58 59 70 77 96 108 109 121 138 140 143 161 163 169 185 188 193
1250 14 41 44 46 52 72 96 106 109 124 132 135 137 152 172 176 177 178 180 188 191
980 10 12 20 37 42 57 64 65 69 101 129 140 144 164 171 177 186
732 9 10 28 46 62 63 68 71 79 112 124 130 132 168 172 189 191
1123 17 21 34 57 61 70 81 85 86 97 100 101 111 122 149 160
1472 22 34 36 46 49 56 61 94 113 129 130 145 147 168 180
1114 21 23 30 59 63 80 88 109 110 118 136 163 187 195 198
585 16 19 20 27 33 36 41 44 49 98 108 110 127 129 138 158 172 174 176 189
963 19 36 39 45 64 80 86 102 110 115 116 123 129 133 139 144 148 171 174 177 182
616 25 31 34 38 43 60 76 82 88 89 97 100 113 118 135 141 142 145 158 192 200
942 16 19 61 65 72 88 93 112 119 127 133 141 157 163 164 169 171 177
730 32 39 40 43 55 56 63 80 106 137 146 148 157 168
1036 57 61 80 82 88 101 107 110 112 121 127 129 135 147 161 189 190 191 195
1396 90 97 98 106 111 115 135 140 163 182 185 196 198
1399 23 33 65 75 77 88 94 95 107 144 159 161 164 180 196
1021 25 33 36 44 47 54 56 61 73 89 110 124 136 148 154 158 159 188 200
1011 24 33 40 51 58 61 70 76 83 95 102 106 138 147 165 174 177 181 183 186 187 192 198
1242 25 33 43 45 47 61 69 93 98 111 113 115 121 145 149 154 158 164 171 175 176 188
828 32 40 54 60 63 67 78 79 90 134 141 154 172 175 178
610 44 54 63 64 70 74 82 83 92 102 131 136 137 171
1186 26 27 35 37 66 72 73 78 82 94 95 115 117 120 124 129 144 154 182 198
1367 35 36 53 69 81 89 94 113 123 124 135 161 162 189 190
761 31 49 81 87 90 98 99 101 109 133 135 139 143 147 150 153 155 156 166 173 181 189
1105 32 36 51 106 115 133 141 145 174 176 199
1444 38 39 66 72 87 91 108 124 136 142 144 146 150 151 160 182 192
685 32 36 43 46 66 67 79 85 88 95 101 106 115 130 153 169 173
533 39 52 57 67 81 82 85 93 109 125 140 141 177 179 191
797 36 40 41 48 81 96 103 105 106 126 138 142 146 152 170 174 190 193
764 50 58 67 91 95 100 116 117 143 145 163 167 169 170 174 175 194 198 199
813 62 96 97 102 104 107 112 116 118 121 131 151 170 187 189 199
1379 47 50 57 74 75 79 98 113 121 146 151 165 170 171 180 182 188 189 199
855 56 58 80 82 96 97 117 120 132 138 157 161 162 178 181 187 194
1004 103 127 140 148 150 157 163 178 181 182 195
1190 39 50 56 62 78 82 86 87 93 127 129 135 143 162 179 186 188 190
740 46 64 87 93 106 109 111 116 119 123 131 136 148 156 162 168 172 181 198
848 61 64 77 81 85 86 94 100 131 135 146 150 158 163 164 167 169 180
1064 42 45 46 50 53 57 69 99 111 113 114 130 134 149 172 173 190 196
916 46 63 69 88 90 91 106 120 121 122 126 129 163 175 183 200
849 49 55 56 71 73 80 83 91 93 94 109 118 121 158 180 184 190 195
1079 45 47 49 69 78 96 101 102 110 115 125 131 183 184 191 193 195
1447 63 71 75 95 98 113 124 126 133 142 145 146 151 155 158 183 188
924 74 102 116 133 149 150 166 168 175
610 94 95 97 104 108 118 123 126 129 147 149 150 153 161 166 174 178 191 200
903 57 91 118 127 146 162 176 177 183 193
1328 66 71 90 101 107 115 118 128 129 149 150 151 169 173 175 177 186 187 191 194
1150 65 71 93 107 115 121 129 158 185 190 194
671 82 94 100 103 117 124 138 151 153 163 177 191 195 200
1474 55 58 65 92 96 98 103 172 180
906 80 82 94 107 115 125 127 130 139 144 161 163 165 168 186 197
536 70 72 73 93 95 102 116 121 126 141 150 162 199
1261 56 64 70 71 73 74 94 102 110 130 132 155 162 194 195
758 78 81 99 106 115 145 162 167 169 175
971 65 71 79 88 108 121 153 156 162 170 174 175 190 193 197
518 66 112 115 119 149 157 170
1301 64 90 97 102 114 132 140 146 148 156 162 194 196 197
586 62 69 98 100 121 126 135 145 152 160 167 182 189 190 192
673 76 112 132 159 176 177 181 183 186 188 191
889 65 67 70 90 101 115 118 163 166 174
1348 66 92 111 122 124 126 137 142 146 148 158 165 168 181 182 192
1307 66 82 87 88 114 119 125 133 141 193 200
772 70 84 92 108 127 129 142 149 153 160 168 171 185
1202 67 71 75 77 82 84 90 97 103 113 119 124 127 132 157 186
1040 70 81 84 131 134 174 192
1066 70 72 96 113 116 131 166 167 197
853 77 86 88 109 126 132 148 155 179 192
1193 72 79 82 88 96 111 122 140 146 163 177 179 187
1019 121 125 126 129 137 142 157 159 164 170 175 177 180
991 80 81 90 137 171 183
1289 79 82 89 110 111 116 119 132 138 139 142 156 171 172 179 199
1323 78 83 88 91 124 131 135 159 170 174 177
1315 80 81 93 97 100 110 120 121 126 128 130 148 178 186 188 189 197
1500 85 91 92 101 134 135 137 138 140 187 196
1057 93 103 111 122 151 166 167 174 178 179 180 185 188 189 191
961 85 95 112 121 162 163 176 200
628 84 107 122 160 173 183 190 197
1104 88 105 107 111 128 130 139 150 161 166 170 176 179 184
887 86 91 98 109 121 125 129 130 137 145 148 161 182 200
1105 84 97 102 156 164 165 172 182 183 198
798 84 102 106 151 157 166 169 183 200
1063 131 137 138 171 174 176 179 197
1475 93 103 105 158 163 173 185 186
690 99 112 124 126 156 165 183
810 89 127 136 160 169 173 186 194
1431 111 118 133 141 155 156 163 164 177 181 187
1316 91 139 147 157 162 174 175 180 182 185 191
1272 96 102 109 112 126 127 131 141 170 172 178 181
755 93 111 137 163 165 166 174 190
1172 99 102 121 122 141 150 159 163 166 168 170 182 200
1163 104 120 125 139 145 147 155 159 174
560 100 101 115 135 185 188
817 110 121 129 133 136 143 155 172 178 181
1421 97 104 112 123 137 152 156 158 159 187 191
718 105 108 117 119 120 153 166 179 186 199
718 100 105 110 116 133 139 162 166 169 174 187 195
1361 124 126 127 149 166 175 185 195 199
1475 102 107 108 123 124 129 134 139 142
873 116 120 127 132 137 145 154 159 162 164 168 185 190
968 107 109 134 147 148 150 153 159 169 175 178 189 193 197
1347 117 121 150 164 166 182 183 185 187
1423 106 114 134 136 176 184 191
623 107 112 143 151 172 176 178 181 187 189 194
1403 118 130 133 136 140 150 157 178 192 194
1026 109 139 140 141 147 157 168 174 176 186
992 122 142 146 147 153 161 172 178 183 186
1332 161 179 185 190 197 200
924 117 121 124 130 132 137 141 169 178 186
689 124 126 138 143 183 186 187 192
965 135 160 184 189 190 196
1322 121 147 153 155 167 174 179 193
705 150 152 153 166 178 190
1277 120 123 127 135 149 157 165 177
876 130 159 167 171 185 192
983 119 126 127 143 151 162 166 175 176 187 190 200
529 122 188 196 198
509 139 150 153 190
1492 135 136 140 155 168 176 177 190
1458 125 139 141 142 146 158 161 172 184 195
1261 131 136 138 172 177 195
1033 124 128 159 166 169 172 179 197
737 127 143 144 152 157 161 175 186 189 191
710 140 141 153 168 177 184 186 191
819 150 151 165 172 175 183 186
851 133 137 139 149 154 164 169
1194 136 178 185
1175 135 140 141 142 145 160 188 195
1190 132 134 139 144 147 149 156 167 173 178 193 196
1460 136 145 171 184
1392 133 139 143 147 150 157 166 171 178
847 136 140 141 148 183 184 198
1357 135 139 143 147 148 169 170 190
1300 140 149 157 171 172 175
593 149 150 154 185 186
1007 145 172 179 183
596 139 142 149 157 173 180 184 200
1212 153 169 177 180 195 198
1282 150 152 193
1461 158 179 184 186 190 198
1279 157 158 167 170 171 186
1101 152 155 156 162 166 170 171 188 197
588 158 159 173 174 176 184 189
879 154 163 190 200
861 171 179 188 189
923 158 166 171 172
839 171 172 179 182 183 189
1008 154 157 166 177 178
1298 155 175
526 163 166 177 182
926 163 177 193 199
1417 167 197
1366 178 194
875 161 188 200
1179 161 168 194 197 200
672 171 174 180 185 199
1052 179 180 185 190
1175 188 189 192 193
892 168 179 187 199
1031 164 194
1083 165 172 192
704 164 179 194
501 172 173 175 196
1317 182 191 194
761 169 171 172 179 180 182 185 188
759 168 180 195
956 173 188 190
1500 192
508 193 194 199
803 177 190
1454 178 188 189 193 195 196
852 176 178 179 183 192 193
996 181 194
1432 178 192 196
1114 182 191 196
1077 179
637 180
943 192
902 181 186 191 195 196
815 192 193
1107
1475 194
1053 189 190
1305 188 191 199
1063 195
612
1488 189 190
904
926
1485 198
1347
710 194
833
1330 197
1388 197 200
638
1129
578
512
