200	5	1000	10
-4	95	50
-4	198	35
-1	185	44
-3	49	33
-5	52	38
179 17 24 27 28 57 64 70 71 96 98 101 104 111 145 159 161 162 181 183 191
187 18 22 34 38 42 54 61 71 72 102 107 137 145 161 166 175 177 185 190 193
170 4 12 18 22 24 30 32 51 57 59 63 73 82 83 88 89 99 111 117 118 129 130 140 143 151 166 169 172 175 178 181 184 190 198
111 6 14 15 16 19 34 45 75 77 79 99 105 118 123 126 135 144 148 162 165 173 177 185 198
178 15 17 21 22 23 39 58 117 130 134 145 154 156 157 170 181 186 191 196
124 11 13 25 26 37 41 69 96 104 106 118 133 148 150 152 163 175 191
110 9 10 18 25 33 53 61 93 119 121 127 147 153 154 164 174 181 192 194 198
170 9 10 15 21 29 31 36 44 50 51 67 97 110 122 156 168 174 191 199
176 36 49 52 62 68 76 99 111 112 118 119 138 150 152 157 159 160 162 171 175 188
178 22 30 34 35 77 81 89 106 111 113 116 117 147 151 162 167 170 182 185 188 195
111 16 18 19 38 40 42 52 53 56 60 70 78 82 88 106 113 114 115 116 147 149 161 166 171 188 197
110 19 24 37 50 55 71 73 74 89 94 113 115 118 136 142 161 187 188 199
162 19 40 44 47 53 70 78 87 135 140 145 150 166 174 190
200 53 70 101 105 108 110 113 122 132 136 144 156 183 191
103 26 30 32 37 42 44 45 48 76 81 89 99 122 151 163 179 182 196
181 23 41 51 54 63 86 90 99 103 117 118 119 125 132 143 155 171 174 193
177 25 30 31 34 35 42 43 50 76 94 103 110 114 129 130 132 138 143 154 170 179
124 32 36 39 47 56 63 67 79 86 113 117 118 119 132 144 188
161 20 27 28 47 49 80 81 98 102 116 125 146 159 165 167 169 170 174 181 183 195 196
186 29 33 50 57 80 88 90 116 121 129 139 140 151 158 182 191
169 23 34 39 64 86 107 119 122 140 147 151 158 179 180 197 198
133 24 34 56 59 72 73 83 90 98 117 118 120 124 169 173 174 176 195
128 26 35 36 40 41 58 67 68 69 78 80 90 106 113 136 140 145 177 180 200
182 30 42 51 54 68 69 89 90 92 111 115 121 122 137 156 161 185 190
164 29 35 70 102 119 123 128 130 134 152 161 162 166 176 180 182
200 33 42 45 50 72 74 75 99 115 119 139 145 169 174 177 194 198
158 31 36 40 67 75 76 82 85 88 93 102 111 117 121 129 131 163 170 171 177 198
142 29 52 66 76 78 85 104 108 116 123 133 141 146 154 162 163 171 184 187
169 33 39 72 95 102 111 115 127 145 161 169 171 194
100 39 47 51 58 65 72 94 98 102 125 140 142 166 173 186 200
151 33 37 58 78 97 102 106 109 112 113 114 126 129 140 143 157 160 171 186 188
121 34 38 42 47 54 57 59 61 66 71 72 90 92 97 102 108 111 123 126 133 140 142 147 151 175 177 185
104 55 59 60 92 100 127 129 144 151 168 170 172 188 190 199 200
153 40 43 49 62 64 74 75 83 91 92 103 107 114 117 125 142 150 164 174 185 198
192 38 40 47 52 64 87 92 93 127 142 153 173 193
127 41 47 56 57 61 75 83 91 92 98 114 123 132 146 162 168 178 189 195
191 67 71 92 103 104 112 115 126 127 144 148 149 156 163 181 197
186 47 48 66 71 73 86 88 93 95 97 99 100 116 120 127 131 132 145 149 156 163 169 172 176 179 196
124 71 75 77 88 90 99 103 106 110 113 122 129 164 166 169 175 183 184 185 200
177 44 52 61 65 67 69 71 107 116 117 142 146 156 163 166 173 174 185 197
102 54 59 69 105 124 136 143 144 151 161 166 189
132 49 56 63 101 102 112 114 145 148 168 178 183 192
105 59 65 67 69 75 77 81 85 105 109 121 129 133 134 136 141 148 163 197
126 49 74 77 78 87 89 98 102 112 127 133 146 156 162 187 199
117 54 55 62 82 85 103 111 114 129 143 153 155 198
143 53 55 65 75 78 79 97 116 139 142 163 181 186 187 200
134 74 83 88 94 96 117 127 148 150 160 164 169 199
138 49 80 87 124 132 146 147 149 156 162 183 184 195 200
112 52 57 74 86 104 125 127 143 146 148 150 151 160 164 168 189 196
138 54 86 95 104 134 138 146 152 165 184 185 188 195 196
164 55 59 61 89 108 135 141 182 194 196
136 55 57 59 70 85 117 123 127 135 141 142 164 165 178 184 190 196 197
196 59 64 88 97 105 108 123 124 132 147 187
170 67 70 76 97 105 109 113 120 128 132 153 163 165 166 181 185 200
193 61 67 70 72 91 113 114 126 129 133 137 148 160 162 168 180
118 62 70 74 85 93 97 142 147 157 159 161 164 166 167 174 190 191
177 60 67 71 74 76 87 95 100 101 117 126 128 137 147 149 171 179 191 196
123 60 62 76 78 81 89 90 92 96 97 133 150 155 184 199
119 78 105 112 120 122 133 134 142 143 149 156 159 166 169 180 182 191
186 75 78 115 128 143 153 154 158 164 172 188
102 65 69 82 98 108 109 126 127 150 160 191 192
147 72 75 79 84 89 91 102 109 111 115 125 128 147 149 168 181 183 185 192
142 90 114 127 142 143 159 164 181 182 187 195
189 84 87 88 92 93 97 101 104 105 112 137 162 168 177 196 199
105 72 110 124 142 146 152 155 174 182 188 193 195 196 200
177 75 81 99 105 125 135 153 161 169 176 186 191 195 198 199
191 70 94 105 117 123 137 139 145 154 161 193
193 81 96 105 109 126 140 161 163 182 193
189 71 72 73 82 83 85 102 125 131 132 156 170 186
198 77 80 83 84 92 133 134 153 165 175 194
120 95 110 130 137 144 162 173 196
101 77 79 98 104 137 178 180
197 101 112 116 117 123 140 142 168 171 173 189 196
128 107 108 109 121 148 157 166 173 188
157 87 96 101 102 121 124 168 186
170 83 84 94 100 109 110 113 114 133 134 153 155 163 165
101 81 109 127 133 143 154 157 174 177 178
138 81 102 112 122 132 140 160 181
112 102 108 113 115 117 138 139 140 165 166 173 184 189 192
183 81 82 90 102 105 107 112 114 128 129 136 141 147 162 179 189
135 95 99 119 125 137 138 143 176
148 91 96 97 108 109 114 118 129 144 158 162 166 176 198 200
134 88 113 117 123 141 150 186 187 188 189 196
119 91 97 117 129 136 146 147 178 188 191
106 98 102 118 124 141 159 161 168 171 178 183
161 87 91 106 107 112 119 126 132 134 141 148 150 163 166 177 183 185 190 192 198
174 88 89 101 106 129 146 149 183 189 195 200
168 99 125 138 142 152 160 165 177 190 191 196
112 95 105 112 122 126 155 170 187 198 199
160 100 113 114 120 125 130 147 153 157 159 167 174 178 191 193 197
155 94 95 107 110 116 121 132 138 151 154 160 163 168 176 184 197 199
178 97 116 122 123 136 159 163 167 171 192 199 200
190 94 101 113 143 145 153 167 169 181
165 96 97 104 110 131 146 160 166 174 184 200
170 105 156 174 180 193 200
190 102 110 125 131 158
169 98 105 106 134 136 138 148 151 152 172 181 187 193 196
156 103 121 138 139 141 158 178 188
123 117 132 145 163 170 171 176 180 184
160 118 121 128 140 144 145 146 168 172 192
110 102 104 113 117 121 126 128 136 137 139 141 145 148 150 154 164 172 174 182 185 191
178 108 111 123 132 146 150 151 160 166 168 170 176 188
124 119 124 131 138 140 149 154 165 168 171 172 181 190 192
114 122 134 143 159 168 176 200
114 107 128 145 150 176 177 183 188
144 118 128 143 145 150 164 166 185 195 197
145 109 110 126 128 136 142 155 166 177 183 184 189 199
167 115 124 133 135 137 142 143 159 161 174 191 193
115 119 126 128 137 163 181 192 200
149 118 137 140 152 161 162 169 170 194 195
119 114 118 134 137 139 143 147 148 180
117 154 161 166 185 191
175 123 125 130 131 141 154 173 185 199
149 125 126 151 189 193
120 116 136 149 153 159 185 191
189 118 134 157 169 178 189
159 123 133 135 136 137 140 147 151 166 186
188 122 130 135 164 165 184
157 122 123 132 137 150 153 169 180 199 200
114 136 150 153 159 167 168 172 180 186
171 122 129 137 145 157 159 175 178 181 183 192
146 127 133 153 158 166 168 184 195
143 132 154 174
191 139 153 167 170
150 137 153 154 156 159 163 170 175 200
114 129 130 134 144 152 155 156 159 162 167 170 174 176 196 197 200
122 131 138 160 168 172 176 181 197
153 138 144 148 170 182
115 139 153 166 181 192 197
151 137 139 142 147 148 157 165 170 174 179 183 200
156 138 147 149 158
190 136 145 154 165 167 190
142 170 176 192 193 198
113 141 146 163 165 185 197
140 159 160 197
190 138 139 141 159 166 179 184
163 153 164 170 172 180
107 146 156 185 187 192
111 158 180 182
179 157 171 183 191 193 198
123 144 159 167 192
105 175 187 195
125 148 159 163 168 169 173 187 192
172 145 153 160 188 196 199
187 147 161 163 176 178 184
172 155 164 175 181 196
145 150 167 194
183 170 171
148 153 167 191
108 167 168 170 173 176
141 189 196 197 199
186 154 161 162 164 176 178 179 196
140 158 186 197 199
150 167 177 180 181 193 197 198
191 158 172 179 186 199
181 157 160 174 189 199
147 177 178 179 184 190 195
193 173 176 191 196
142 165 184 188 192
143 174 182
114 189
154 175 176 199
118 164 166 178 183 191
112 168 174
133 170 176 178 186 188 189
128 169 177 178
157 169 175 192
175 180 187 192 195
130 190 197
187 185 186
135 176
130 173 181 186
153 179
135 176 180
180 188 190
181 186
177 178
115 180 199
112 183 200
156 193
139 192 195
188 194 200
136 193
116 193 196
124 198 199
153 198
153
162 192 194 195 196
177 194 196 198
178 200
183 199
105 198
183
122
137
104 199
137
116
193
161
