200	10	10000	1
0	1223	20
0	365	24
0	700	17
0	335	18
0	1079	20
0	1596	20
0	590	20
0	198	17
0	730	20
0	467	24
924 4 36 37 51 57 65 72 91 93 97 113 116 141 145 149 150 152 196
726 16 20 30 52 62 66 71 85 110 121 123 125 150 166 170 177
849 9 19 22 71 77 94 122 143 147 152 153 165 182 191 196
203 17 39 41 55 58 81 101 106 107 117 154 175 181
795 8 11 13 18 40 93 97 127 129 138 163 165 168 192
657 14 25 28 39 73 112 140 150 179 185
615 21 29 42 54 60 62 67 77 80 99 120 128 134 143 155 158 173 186 188 189 194 198
907 20 52 60 71 72 74 93 139 140 157 162 163 166 168 187
568 11 15 36 57 74 77 121 124 128 152 164 174 178 181 182 185 186 187 189 195
657 26 33 41 44 63 69 76 83 98 103 107 108 132 135 139 141 147 153 172 179 182 198 199
269 13 23 24 34 36 43 51 60 90 94 95 116 124 130 152 156 164 169 183 193
139 21 59 64 90 95 114 123 130 137 139 152 153 155 191
318 26 28 40 53 90 98 99 103 114 116 117 128 137 145 152 155 173 177
834 27 107 110 129 134 148 159 174 187 189 192
942 25 26 40 64 67 83 108 125 128 138 157 159 160 174 179 181 194 195
143 19 25 26 37 40 51 52 54 56 60 61 86 91 103 114 120 130 149 154 156 182 183 195
310 18 44 45 54 63 75 85 137 143 148 150 153 160 170 177 185 186 198
966 20 26 34 44 48 80 87 97 102 125 141 142 152 158 162 180 186 187 192 195
241 46 58 64 69 93 107 120 138 173 181 194
376 34 36 44 47 55 60 69 73 87 101 138 157 160 170 186 188 198
733 31 34 41 49 54 61 62 74 78 83 93 115 134 140 141 152 157 178
970 26 33 42 44 52 60 87 102 107 110 129 174 195
836 31 34 47 56 64 68 74 77 86 95 97 100 118 130 154 160 168 176 180 181 196 198
295 36 45 57 73 84 89 92 113 130 137 141 149 156 161 163 189 190 193
182 36 62 73 94 98 113 119 128 140 149 171 181
408 29 34 38 42 45 56 59 64 66 81 83 88 89 98 101 129 131 133 158 164 167 178 183 186 187 194 195 197 200
660 30 38 43 51 64 70 111 128 134 136 140 152 153 155 158 160 167 174 178 181 182 184 191 194 195
191 35 36 42 50 51 67 76 88 89 90 96 100 104 106 116 118 132 140 152 162 164 168 193
816 37 46 48 54 56 76 96 116 120 126 135 136 147 165 193 196 199 200
598 32 34 40 41 42 50 109 123 139 147 164 193 199
127 80 81 83 87 88 95 98 116 120 135 145 152 181
750 39 45 63 93 95 100 106 108 117 121 148 152 170 171 182
137 53 59 67 76 83 105 117 120 122 139 156 174 180 184
590 50 61 62 66 105 111 112 116 134 137 139 144 156 170 174 198
955 43 49 62 73 84 102 114 119 123 132 134 137 147 165 177 180 200
711 40 85 88 98 123 125 127 135 176 178 192 197
443 38 43 73 100 122 141 148 149 165 197
101 53 64 71 76 113 134 146 159 162 166 168 169 183
957 42 46 56 57 80 93 110 150 167 190
295 43 81 82 84 90 98 105 117 123 126 132 155 165 171 179 187
722 73 92 109 113 120 125 130 132 139 146 162 172 173 179
122 46 54 58 63 67 78 93 105 106 108 126 131 132 136 147 149 155 156 165 167 191 192 193 194
982 44 69 75 82 92 106 109 113 116 118 122 131 142 156 165 183 197
446 51 61 70 123 132 135 139 145 151 153 154 156 170 185
388 54 55 58 74 92 93 126 135 164 166 170 185 188
873 49 63 72 78 88 106 107 110 114 133 135 145 146 184 186
922 60 72 77 85 100 142 144 151 152 159 182 188 189 195 198
133 55 57 65 77 80 84 89 95 101 143 148 166 173 189 197
997 85 91 92 97 101 102 119 120 146 176 177 198
139 67 75 77 78 80 84 95 101 107 119 123 145 154 156 163 175 184 191 195 198
440 52 58 69 73 140 143 144 162 164 165 174 175 188 199 200
975 53 55 61 71 80 84 94 96 105 107 110 136 147 152 154 157 191
965 64 65 72 74 82 94 96 103 126 147 148 157 179 186 187 196
450 58 61 104 115 122 128 141 147 150 158 177 188 194
113 62 69 81 101 106 109 115 116 117 120 133 137 144 148 149 150 183 188
557 65 70 74 89 103 110 112 147 155 162 163 168 180 194
115 58 61 71 82 86 89 93 97 100 124 125 135 148 157 169 186
202 59 60 62 66 71 83 93 108 112 117 122 130 132 133 138 139 140 169 178 179 190 192 199
385 60 62 74 75 84 118 128 154 157 160 164 168 175 181 197
377 65 67 117 136 147 149 155 156 160 169 189
253 64 81 99 109 119 150 151 157 163 169 177 180 181 183 193 199
616 63 64 65 79 80 82 84 88 101 104 109 119 122 141 154 167 168 177 182 187 191
665 70 73 84 98 104 115 117 119 123 136 138 145 155 177 178
922 69 70 82 83 86 93 102 105 124 146 147 148 163 181 185 192 196
941 66 68 105 121 124 137 140 141 149 152 187 193 195
969 68 85 87 109 112 129 135 145 162 170 182 184
795 68 84 85 91 93 98 110 117 124 127 134 139 142 167 171 180 188 189 196
348 74 75 82 83 84 88 95 96 113 129 138 148 154 155 169 182 193 199
480 73 74 80 89 92 97 115 118 121 127 146 147 153 166 182 186
146 77 103 106 127 140 145 149 151 163 164 173 181 190 193 197
720 83 85 110 120 121 127 130 147 153 172 179 184 200
289 74 86 112 135 149 158 181
844 89 93 97 104 108 121 133 169 170 172 182 197
173 86 106 128 132 144 161 162 169 172 184 188
885 76 81 82 84 113 117 139 143 145 148 154 163 166 169 185 195 199
880 89 132 184 190 191 195
328 79 80 85 113 120 123 131 143 162 171 195
994 91 100 115 117 137 142 144 149 151 176 184 191 192 196
484 102 103 119 130 145 150 157 162 177 194
623 95 100 107 125 135 163 177 178
588 82 103 107 110 112 114 126 129 133 138 142 143 165 171 188 190 191 193 195
645 93 94 110 122 141 154 158 171 173 175 187 188 192
201 103 105 121 130 132 139 152 155 156 163 173 194 195
288 86 126 153 188
587 101 124 131 136 156 164 187 195
561 98 99 111 130 156 164 185 197 199
219 90 99 113 125 132 177 189
171 92 115 146 147 152 200
458 126 131 134 165 191 196
467 97 100 105 107 109 113 126 153 164 169 170 178 181 186 191 199
257 92 110 120 124 149 151 157 160 173 177 191 195 199
238 93 94 96 113 115 116 157 159 171 191 194 195
497 102 106 113 121 158 165 186 193 196
818 98 100 102 103 104 110 120 130 132 137 138 142 144 159 161 173 185 193
957 118 126 139 142 154 165 175 188 193 198 199
386 106 124 137 149 151 156 163 164 187
563 98 103 108 116 118 131 138 141 148 187
236 112 115 145 176 187 195
671 107 138 141 152 164 168 169 180 193 197
697 104 141 150 165 176 179 186 189 191
583 125 126 128 141 147 150 151 161 162 163 174 195 200
544 110 114 121 122 127 133 146 164 165 175 176 177 179 188 199 200
725 104 117 118 125 132 135 152 154 156 162 164 166 169 175 177
349 108 118 134 156 178 191 194
820 112 114 115 124 137 155 157 160 171 185
996 125 130 136 147 176 179 193 198 199
934 123 126 128 134 142 153 160 169 173 184 199
184 150 160 161 172 184 186 190
727 112 127 141 163 171 186 189 191 198 199
965 111 116 118 131 136 142 147 155 158 171 183 200
953 119 120 123 147 150 161 166 175 177 188
497 155 159 168 180 183 190 195
704 125 129 149 151 169 173
263 125 134 146 147 148 184 200
217 120 144 145 147 157 158 165 171 193 197
475 124 125 148 161 162 165 166 184
445 119 133 178 179 194 197 199
835 126 127 141 168 175 183 192 193
504 131 134 138 143 151 165 171 193 196
876 128 154 160 171 182 187 198
141 124 129 131 158 169 178 192 196 199
827 144 146 161 163 176 194
424 128 138 146 150 175 176 178 181 189 196
957 131 146 180 182 191 197 200
693 126 129 166 171 183 184 196 199
935 127 134 138 156 174 186 198
193 128 129 135 159 171 173 179 184 200
735 135 145 148 149 150 159 166 174 175
284 153 166 167 181 191
304 154 165 174 179
682 139 142 143 157 173 176 183 185 198
948 140 142 165 192
132 139 142 158 161 167 179 185 189 194 198
992 136 160 182
292 140 148 150 160 169 173 192 197
794 139 140 144 176 181 191 200
423 141 153 157 159 160 163 172
742 143 157 164 188 196 200
481 144 156 158 166 170 189 190 191
514 170 189 190 194
553 165 170 178
947 147 156 173 175 176
193 161 175 187 188 200
776 166 169 174 178 191 192 194
140 191
958 166 167 172 173 198
781 156 173 185 190 195
797 159 185 186
460 164 175 179 187
487 179 182 186 198
165 155 157 176 182 183 191
433 156 162 166 167 169 186 192 196
151 156 169 171 186
974 155 159 177 189
829 159 174 181 190 192
755 173 176 179 183
203 167 168 179 186
366 179
114 180 181 184
558 172 180 182 188 189 191
601 162 167 169 171 182
398 171 172 180 184 198
308 164 178 193 196 199
799 171 172 176 189 199
382
931 167 170 181 185 186 187
716 171 179
356 171 180 181 190 197
418 173 174 182 187
807 181 183 184
598 184 196
718 175 180 183 185 198 199
748 176
726 186 197
936 187 192
282
250 178 184 187 189 192
327 188 195 196
660 183 196
394 189 193
917 193
347 189
772 189
945 185
745 189 191 199 200
749 189
222 190 191 194
122 189 190
203 194 195 196 197
273 194 200
394
235
296 198 199
995
528 197
969
771
398
136
396
