50	10	200	1
0	14	4
0	18	7
0	10	3
0	18	4
0	9	5
0	8	2
0	20	4
0	15	7
0	20	6
0	10	8
28 5 8 19 30 41 49
37 9 14 30 32 42
22 34 40 47 50
39 28 30 37 45
39 9 22 30 35 38
30 9 28 34
31 20 28 43
26 18 27 30 31 36 37
22 14 17 20 21 27 31 50
24 24 29 38 40 44 45
37 18 20 27 31 33 49
26 18 20 21 22 37 43 44
21 14 25 39 40
21 26 30 38 41
37 28 33 43
30 24 32 45
24 20 23 24 25
29 47 50
24 28 50
37 24 38 42 44
23 22 29 36 47
37
23 25 33 36
36 30 35 38
38 33 42 46
33 28 46 47
29 48
30 35
40 35 37 49
31 39 48
37 32
34 37
30 39 41
23 36 38 41 42
22 36 38 43
22 46
35 41 45
24
28
34 41 42 44
30 44 45 50
26
26 44 49
24 50
40 50
27
37 50
29 50
32
28
