50	10	200	1
0	29	3
0	25	7
0	26	4
0	25	3
0	21	3
0	39	8
0	28	4
0	35	4
0	22	8
0	22	6
53 3 4 39 42 47
7 15 40 43
41 10 11 20 24 32 45 46
41 19 24 26 32 35
48 8 20 39 47
59 38 42 47
14 21 26 31 33 43 44
7 21
21 17 20 34 35 50
37 27 46 48
20 20 29 49
50 41
21 19 27 36
53 18 39 50
34 27 32 39 48
37 17 37
53 49
34 23
32 36
60 42
39 22 28 35 42
32 27 32
29 29 33
41 41 43
17 36 41 42 49
47 29 34 40
58 29 30 31 38 43 46
54 50
50
4 33 44
47 35 44
22 35 37 45
27
30 35 43
54 40
7 40 43 50
47 42
8 39 41 48
18
60
30
33 45 48
20 46 47 49
15
59
16 48
37
20
53
17
