50	5	200	1
0	32	11
0	36	7
0	28	7
0	36	11
0	27	14
28 14 24 31 41
39 5 18 25 41
30 18 33 48
31 15 32 44 49 50
37 15 24 28 43
22 28 45 48
39 10 16 21 36 38 45 48 49
26 21 25 39 48
22 12 35 41
24 14 24 34 42 43
37 15 39 50
37 22 26 41 42 44 47
30 19 20 27 36 38 43
24 22 23 28 31 37
29 28 31 42 43
26 21 24 39 43 46
21 25 40 41
21 23 31 35 47
24 21 27 41
37 34 36 37 42 46 48
23 30
36 27 28 35 43 46
37 27 34
23 32 36 38 42 44
38 36 45 48
33 28 34 42 50
29
31 30 31 32 36 48
37 33 41
30 40
34 35 46 50
40 34 45
30
23
22
22 39
35 49
26
24 41
24 45
40
28 46
27
34
30
26
37
29
32
28
