100	5	200	1
0	15	22
0	20	17
0	18	16
0	11	21
0	13	24
28 13 42 51 54 84
39 18 77 87
30 4 13 19 24 26 29 35 38 41 58 66 82 83
31 12 14 16 33 37 41 56 74 82 84 92 98 99
37 20 22 50 65 66 73 82 89 90 93 97
22 11 14 18 25 41 53 57 65 78 79
39 24 34 39 47 50 70 76 82
26 16 17 19 26 29 53 72 73 75 96
22 22 23 44 66 100
24 32 88 97
37 20 21 38 41 45 50 58 61 67 70 73 88 91
35 16 20 21 39 50 57 81 98
24 17 29 30 33 38 39 63 66 76 85 94
20 17 21 22 34 54 59 83 94 98
40 16 19 23 44 47 48 54 56 77 83
39 19 24 30 48 60 63 64 66 70 90 98
26 23 29 39 45 52 60 66 73 88 97 100
20 27 36 41 68 80 89 90 93
36 25 28 33 56 70 78 81 93
25 28 41 47 51 55 59 62 63 70 71 74 82 84 89 91
39 22 23 26 49 55 64 95
35 33 43 44 62 67 72 96
37 27 35 37 62 76 77 87
30 25 29 30 31 32 51 61 93 95 97
24 26 45 57 68 73 78 79 83 91
29 38 45 47 48 56 57 58 65 66 69 79 82 83
26 40 68 76 77 79 81 97
21 37 54 59 62 65 75 86 89 94 100
21 34 40 48 50 54 56 67 76 82 85 100
26 32 37 50 60 63 64 82 85 88 97 99
20 54 59 66 82 83 92 94
31 35 36 45 46 58 59 61 79 88 90
30 61 64 69 83 88 90
21 36 37 38 40 41 67 79
39 41 43 47 71
23 43 53 56 57 76 81 83 96
22 48 55 58 66 98
26 51 72 75 91 98
30 51 64 65 74 75 82 87 90 98
24 56 70 75 78 79 91 94
37 51 66 87 95 98
23 50 51 73 80 100
36 45 56 58 63 67 69 83 96
37 58 61 73 99
23 47 66 74 75 91 100
38 52 53 61 64
36 63 71 72 76 87 94
22 49 56 58 71 82 86 95 97
39 69 73 79 91 94 99
26 83 94
23 60 76 94
23 54 71 95 97
22 65 72 74 81 82 87 88
31 62 70 75 77 78 91
31 60 72 84 85 88
33 63 66 85 98
29 60 81 83 96
31 68 75 84 91 100
37 82
30 77
34 71 95
40 70 78 83 100
30 66 82 84 85
23 81
22 66 70 78 83 93
22 69 77 83 94
36 73 85 88 92
35 73 74 77 79 88 92
21 78 87
22 73 82
26 100
25 74 83 86
21 94
26 82
38 80 81 89 90
25
35 82 83 95
26 82 85 97 98
24 81 97
24 87 97
40 88
28 83 87 95 96
27 88 96
34 93
30 95
26 89 91 98
37 94
29 95 100
32
28 95 97
33
28 99
40 97
40 98
39
23 97
33
23
23
28
