100	10	10000	10
-1	885	10
-5	159	14
-4	907	6
-2	792	13
-1	262	11
-4	965	11
-4	265	9
-5	450	7
-5	642	9
-3	356	10
2033 4 15 28 41 44 54 74 82 89 96
2623 13 45 52 63 65 68 77 83 91
2954 14 35 38 41 48 54 93 95
1882 11 26 32 36 38 39 50 52 68 88 93 96
1806 34 36 38 53 59 66 73 89 93
1737 36 40 41 42 49 73 74 93 99
2740 8 13 18 39 45 63 70 87
2989 9 10 19 25 30 43 71
2891 10 22 39 74 95
1869 16 22 23 25 27 35 38 49 51 64 69 73 86 95
1702 29 55 75 80 84 92
2941 22 25 27 58 65 80 82 85 99
2417 14 20 21 29 42 45 46 47 51 58 61 64 67 79 83 90
2947 47 59 63 67 74 86 94
2411 34 57 61 76 81 94 95 100
2475 17 18 52 56 100
2754 29 37 62 66 71 85 99 100
1627 19 20 33 53 60 96
2733 38 57 72 82 85 87 98
1554 43 54 59 68 77 83 84 93 97 99
2970 23 45 46 53 55 65 72 77 78 86
2770 33 44 45 56 61 64 68 73 75 86 95
2032 24 62 63 85
1952 30 40 54 60 72 84 96
2533 34 39 45 56 58 59 63 66 79 80 83 89 91
2077 37 65 86 92
1683 39 52 54 58 62 88
2261 29 31 73 90
1898 30 43 64 71 78 81 82 84 86 88 94
2666 44 53 60 70 82 95 96 97 99
2694 37 42 47 49 56 75 77 82
2751 34 37 43 86 98
2182 47 51 62 67 86
1954 43 48 51 59 66 68
2606 39 45 46 81 93 98
1876 39 57 75 78 95
1982 40 61 79 90
1889 40 45 51 56 65 66 67 80 98
1739 49 51 53 56 58 60 64 66 80 99
1799 51 56 57 58 66 74 78 90 94 98 100
2800 43 98
2481 45 46 48 54 78 81 88 93 94
2928 50 52 55 62 71 75 77 86 89 99
1582 100
2329 53 54 60 73 78 85 87
1800 59 92
1723 66 68 94 96
2628 57 58 70 78 92
2703 61 74 75
1995 59 60 62 85 91
2754 57 62 66 84 86 93
1533 62 99
2824 57 74 79 80 91 98 99
1908 56 64 73 75 82 84 99
2476 60 66 86 90 93
2900 66 71 87 94
1706 63 71 73 86 89 93
2389 73 75
2995 68 76 77 84 99
1664 67 75 80 90 100
2621 83
2508 73 78 90
1668 86
2790 66 71 77
1687 68 77 98
2288 73 84
1691 70 89 90 94 97
2721
2899 71 80 87
2181 72 94
1745 78 91
2614 75 77 89 93 99
2217 89
1706
2547 84
2631 86
2753 89 96
2540 82 98
2063 80 81 90
2531
2234 87
2013 84 87
2466 86 97
2406 90 94 96
1791 88 95 98
2735
1664
2944 97
2064
2798 91
1694 96 98
2944 99
1891
2149
2891
2358
2496 99
1592
2741
1580
