100	10	10000	1
0	1662	6
0	1308	15
0	1358	8
0	1446	13
0	1184	9
0	1062	12
0	1515	9
0	1478	5
0	1040	11
0	1610	12
924 21 27 42 47 54 69 93
726 14 22 49 50 52 72 82 84
849 6 8 16 35 47 54 56 58 81 85 86 95
203 14 27 29 30 51 64 81
795 17 28 29 32 35 37 38 39 54 72 82 93
657 26 62 70 76 77 92 97 98
733 9 11 54 60 64 78 80 84 94
970 11 12 19 20 27 31 33 37 42 64 68
836 12 35 43 50 58 83 87 97 98
295 12 49 66 96
182 24 38 41
408 27 34 39 50 73 82
660 16 26
191 22 29 35 44 45 55 70 80 93 95
816 40 51 54 58
598 20 21 45 50 65 73 75 93 95
127 21 31 41 49 72 73 86 88 99
750 29 41 65 67 71 74 92 94
137 21 23 45 54 60 74 75 80 83 94
590 27 32 54 67 83 87
955 31 35 40 47 50 84 88 98
388 25 36 41 43 53 61 66 86
873 40 51 60 61 84 89 96
922 34 45 86
133 31 32 55 57 62 65 74 83 89
997 43 44 58 81
139 62 72 80 84 85 90
440 32 41 50 66 94 98 100
975 36 42 68 71 78 85 88 98 100
616 69 76 82 84 91
665 40 49 59 65 70 71 74 75 79 96
922 33 50 61 77 81 82 91
941 34 51 64 66 78 79 91
969 39 42 49 60 76 80 92 96
795 51 61 62 70 78 94
348 37 81 91
480 45 58 82 99
146 43 45 46 49 54 64 83
720 47 52 58 61 65 70 86 89 93
289 53 64 74
844 66 70 73 75 94 95 97 99
173 44 46 60 76 83 92 100
623 51 54 62 74 81 82 89
588 49 58 61 97
645 51 57 64 89
201 61 66 79 91 98 100
288 57 63 64 70 76 77 78 82 83 86 94
587 51 52 54 59 72 87 91 95 97
561 56 71 79 85 97 99
219 55 60 71 79 85 88
171 61 63 68 72 74 76 77 93 96
697 53 65 92 93 95 96 100
583 64 78 82 85 96
544 60 74
725 76 78 87 88 96 98
349
820 59 79 83 89
996 68 78 89 99
934 66 68 77 93
184 65 67 78 79 100
727 71 79 84 98
965 66 70 77 80 87
953 70 78 81 84 89 93 99
876 66 92 100
141 73 85
827 70 84 95 97 100
424 78 80 81 85 94
957 100
693 83 90 91 96
935 79 93 94
193 83
735 76 83 93
514 81 99
553 76 86 88 95
947 88 89
193 78
776 78 87 94 96
203 92
366 84
114
558 100
601 84 100
398 88
308
799 93 97
382 94 98
931 93 94
716 93 94 97
250 95
327 95
660 99
394 98
917 100
347
772
945
745
749
222
122
