100	5	1000	1
0	100	24
0	166	18
0	83	21
0	182	20
0	101	17
142 43 54 56 65 72 81
138 8 58 60 71 80 82
179 12 32 37 70 73 75 86
191 10 16 17 19 20 45 55 58 63 64 69 84 94
214 25 26 27 29 68 76 97
262 39 55 57 77 89 91 92 95
173 16 21 26 37 40 59 65 73 83
164 15 58 69 79
290 15 28 30 48 52 53 85 92
143 26 32 39 47 71 73 74
76 12 16 24 28 40 61 64 84 89 94
286 18 31 34 41 59 70 72 80 90 96
148 14 15 28 29 37 41 43 49 58 61 65 95
122 17 26 28 38 56 69 81 91 94
61 35 37 38 46 55 76 77 89 99
283 36 42 48 52 67 71 72 78 90 97
73 23 31 47 56 66 68 76 79 84 89 93 97
21 21 22 42 54
255 22 25 34 42 45 65 73 74 76 93
288 22 36 37 38 43 53 58 62 68 70 71 83 86
267 60 62 64 87 93
244 33 81
181 41 56 65 66 70 80
288 30 54 86 90 99
300 28 31 39 45 50 60 76 85 90 91
132 32 33 41 72
288 30 39 44 45 48 57 59 66 79 83 88 91 98
290 46 50 52 67 78 79 82 85
105 33 46 57 60 72 91 97
29 38 46 54 58 76 81 86 88 89 92 93
120 70 98 99
134 44 47 54 59 61 63 67 85 95
122 34 39 51 52 65 66 79 88 91 97 98
71 36 37 38 39 41 44 47 48 50 72 78 79
104 53 58 60 71 73 84
41 55 58 65 66 71 79 97
46 39 42 54 71 87
39 41 57 63 92
92 53 64 68 93
16 41 44 57 59 68 69 85 87 90 95 96 97 100
297 47 52 58 99
256 44 54 56 75 95 96
81 45 64 94 96
60 46 51 77 84 87 93 95
41 53 55 76 85 94
134 56 57 69 71
42 56 61 64 86 99
286 53 56 65 74 77 90 100
133 53 59 94
104 54 58 84 91 95
277 78 94
52 64 68 89
69 73 78 84 90
97 71 74 75 76 78 97
228 62 67 85 100
69 62 85 86
45 59 67 83 97 100
189 68 72 77
193 64 75 90
281 79 87 100
70 66 78 79 82 87 98
192 63 77 78 81
79 82 91 93 94 99
225 86
165 78 92
193 80 92 97
296 87
171 74 89 90 100
276 86 91
56 79 80 82 94 96
56 76 89
45 74 78 80
278 77 88
262 83 84
181
56 78 86 90 100
61 91
102 88 96
30 85
112 84
96 95 98
219 88 91 95 98
138 90
258 89
121
81
85
114 94 96 97 98
254 94 99
17
260 100
159 96
157 94
207
224
150
47
61
236
270
