100	10	1000	1
0	52	6
0	15	15
0	79	11
0	45	13
0	27	10
0	40	8
0	71	8
0	55	11
0	88	6
0	46	12
252 2 4 20 27 32 33 37 41 62 74 75 82 84
168 6 9 12 14 56 77 90
165 18 26 32 36 37 60 71 86 89 92
196 6 7 27 39 43 70 71
202 12 17 18 25 26 43 46 51 68
293 47 57 78
175 54 56 66 67 69 89 93 97
293 13 23 47 56
153 34
173 14 34 51 74 84 88 95 100
275 17 30 35 58 60 67 77 85 94 97
224 18 22 34 65 74 97
167 47 55 60 73 74 75 77 78 95 98
159 19 25 34 41 42 56 65 73 74 91
165 26 37 38 58 68 73 94 97 100
297 23 40 54 64 65 68 88 96
250 24 25 28 32 35 39 87 98
244 24 37 38 42 60 64 73
197 31 32 34 36 39 41 44 56 59 66 77 87 88 90 93
214 35 47 64 66 72 75 81 93 94
267 38 41 45 49 66 74 83
279 31 32 58 59 64 65 66 68 89 90
222 34 52 69 79
211 29 40 44 66
224 31 58 60 68 86
198 34 38 49 57 59 72 75 96
183 29 39 43 71 99
245 36 60 63 76 85 87
295 34 44 64 73 74 77
190 46 54 55 63
263 34 35 54 57 88 95
214 36 46 67 68 74 76 91
299 38 39 43 82 86 88 96 98
166 47 51 53 62 63 76 80 91 94 100
295 41 52 61 68 89 94 99
288 41 68 69
297 58 70 71 92
283 39 43 44 52 54 64 66 84 89 95 96 97 99
198 46 50 53 56
179 57 65 66 68 72 91
187 79 81 83 89 99
181 51 60 88
155 48 57 59 85 89
272 51 56 75
167 55 57 60 64 83 90 97
160 47 48 58 62 67 96 99
253 49 51 52 58 74 82
187 49 77 78 89 98
283 61 77 88 89 100
284 52 53 57 58 84
154 73 74 77 79
175 73 83
168 68 81
201 65 84 94 97
280 58 74 88
272 61 62 79 80
276 70 71 84
212 67 75 79 80 94
290 61 64 86 91 98
248 64 79 93 96
276 77 87 94
171 71 84 92 98
300 73 77 91
248 72 75 77 98 99
240 68 70 71 80 85 86 90 91 99
288 73 76 77
235 71 77 90 96 97
289 96
239 71 86 97
175 71 74 83 84 90 99
241 97
280 87 91 93
234
272 77 88
289 81 99
223 82 83 93 94
216 79 99
220 80 84 93 97
179 91
278 83
241
153 84 86 93
214 99
202 87 96 98
165 99
231
227 94 100
237 91 94 98
174
230 91
290
173 93
158 96 99
205 95
257 97
161
286
159
160
254
