100	5	10000	1
0	353	18
0	1081	21
0	531	20
0	1589	15
0	1739	26
1633 6 18 20 31 34 48 58 63 88 90 98 100
1747 10 11 14 25 55 62 77 82 85 87
1920 7 24 35 38 53 60 67 76 95
1824 8 9 10 14 18 29 34 87 94
1095 27 39 65 80 85 92 93
1626 8 26 34 41 52 62 70 74 78 92
1195 14 21 23 33 48 52 53 59 70
1082 11 20 27 30 37 52 55 76 85
1560 16 44 53 64 66 95 96
1091 28 33 40 45 49 55 56 58 74 83 87 91 98
1862 12 28 46 63 97
1919 37 38 43 65 74 78 81 85 88 89 99
1498 28 45 49 71 80 97
1749 23 24 37 38 41 59 63 64 68 85 91 100
1103 31 50 54 55 66 73 79 83 92
1027 19 35 38 42 51 57 60 61 70 71 76 98
1650 29 30 32 37 41 49 69 76 88 96
1037 26 43 81 92 93 96
1516 20 25 30 50 67 81 91 97
1288 23 26 60 71 90 93 100
1773 24 36 38 40 43
1317 33 40 42 49 51 54 60 63 69 71 76 82 86 90 93
1989 28 42 55 85 93 96
1822 27 63 68 74 82 85
1822 30 37 40 56 57 66 73 74 75 80 82 83
1841 44 49 81 83
1033 35 43 51 69 82 94
1897 29 36 44 45 61 67 74 76 79 94 97
1945 36 43 71 80 85 86 97
1869 48 83 91 99
1916 39 48 73 75 76 81 85
1248 34 50 58 60 67 68 69 71
1380 49 53 54 77 99
1340 49 62 85 93
1875 37 42 62 66 79
1046 61 75 76 80 81 83 88 90 95
1620 38 39 56 57 67 70 79 81 84 89 90 91 92
1984 74 78 100
1735 43 66 68 79 88 89
1988 42 45 70 95
1991 46 59 65 71 81 96
1931 44 47 49 55 77 92 93
1483 58 60 67 69 76 86 93 97
1444 51 71 74 83 85 99
1625 57 64 65 67 71 79 80 90 92
1249 49 61 80
1720 62 65 66 67 71
1896 57 79 86
1564 53 54 59 64 98
1723 89
1834 55 72 78 79 80 99
1188 68 70 80
1487 61 64 66 77 83
1461 69 79 83 84 100
1084 61 69 73 90 91
1627 88 94 95
1865 62 82 86
1119 64 71 75 89 92 95
1853 98
1776 66 70 73 77 80 84
1041 71
1940 65 78 89 91
1366 66 96 99
1886 65 73 75 81 84 95 99
1727 79
1847 76
1111 69 70 75 77 83
1093 77 95
1324 70 73 74 98 100
1857 85 94
1593 85
1676
1835 81 89 92 96 97
1093 77 94 95 98
1497 86
1913
1722 81 88 89 96
1923 81 88
1103 89 90 94 95
1488 90
1266 83 84 92 98
1937 99
1227 85
1458 86 89 97 99
1955 87
1208
1560
1294 94
1817
1247 95
1672 95
1699 94
1282
1831
1845 99
1645
1649 100
1616
1122
1022
