200	10	10000	1
0	1884	21
0	1201	22
0	465	17
0	525	17
0	869	21
0	1302	18
0	696	21
0	118	19
0	383	21
0	409	23
1824 2 3 9 10 30 64 67 71 81 94 98 99 100 117 148 156 167 170 173 192 197
1095 3 7 20 30 40 42 50 54 78 80 92 96 112 117 151 156 163 174 193 199
1626 18 35 36 42 43 55 63 65 73 86 93 109 121 128 134 144 149 179 193
1862 9 19 25 27 44 60 82 87 99 106 109 114 117 126 127 142 147 151 155 156 168 174 176 180 190
1749 6 15 16 18 46 62 64 73 88 106 112 133 137 141 150 152 166 173 176
1103 36 45 51 52 59 63 69 79 89 92 98 101 105 109 110 116 120 128 150 173 175 176 177 178 184 188 197 199
1959 27 50 51 75 122 127 129 135 163 176 179 184 192
1557 9 11 14 24 28 29 38 43 48 52 56 71 92 93 106 127 137 149 171 174 180
1515 27 28 50 52 64 72 73 93 101 107 135 137 141 151 152 169 176 186
1807 12 17 48 60 76 78 91 105 106 108 113 119 120 124 138 143 156 162 175 186 189
1468 20 29 36 47 52 58 83 88 107 110 120 126 127 128 138 158 173 176
1557 17 26 38 55 57 62 63 78 93 96 100 106 117 122 127 128 138 142 145 149 174 176 180 189
1169 15 19 27 35 37 38 39 41 43 44 47 51 54 122 125 126 142 150 155 166 183 195
1905 20 48 59 74 95 97 98 100 106 107 123 124 130 145 180 186 192 197
1506 24 31 50 51 53 57 63 82 88 90 98 113 116 121 148 165 167 170 179 192
1218 21 38 45 94 96 106 114 131 150 183 187
1734 23 30 32 50 74 77 86 94 98 109 123 131 142 143 148 166 180 183 184
1842 22 28 30 31 48 50 51 78 92 113 116 124 127 133 137 141 146 150 152 191
1043 22 26 47 61 73 84 88 89 111 121 129 145 167 172 179 193 194 199 200
1210 22 27 41 45 56 63 71 75 111 118 132 136 138 153 157 168 174 181 184 197 198
1866 27 32 34 37 40 79 84 92 94 104 119 123 129 133 136 143 144 150 159 168 178 191 194 198 199
1633 28 29 71 79 84 85 88 90 95 108 167 170 175 195 196
1747 28 29 43 45 53 57 59 71 75 88 104 107 108 114 129 140 154 168
1920 45 47 61 67 82 89 97 111 133 136 153 174 181 184 189 193 194
1195 39 42 44 49 52 56 64 70 76 86 87 93 94 99 102 110 120 137 138 140 156 159 172 177 190
1082 31 33 37 41 47 48 54 76 86 87 89 92 109 119 139 146 176 189
1560 30 36 42 51 86 113 116 122 159
1091 35 44 56 67 69 72 73 74 76 91 93 97 125 130 131 132 134 136 145 164 182 193 194
1919 52 78 86 87 101 104 110 113 123 124 128 132 135 144 158 161 169 179 180 186
1498 32 33 48 52 64 68 90 105 116 121 132 155 156 170 175 179 193
1027 35 65 67 90 96 101 103 127 143 144 148 151 160 162 163 174 195
1650 35 39 43 45 49 87 90 96 99 111 124 140 145 149 152 155 158 161 166
1037 34 49 55 57 67 71 89 111 120 132 135 146 153 154 159 162
1490 67 69 81 94 96 107 115 116 126 129 130 141 142 143 165 173 182
1855 37 45 52 55 90 95 96 101 128 149 157 177 197
1611 41 84 89 93 104 120 123 141 159 163 165 171 191
1343 39 43 44 48 52 75 78 81 91 97 98 115 117 124 136 148 179 181 197 199
1001 67 74 76 100 104 111 138 141 143 144 147 153 157 161 164 169 171 176 185 193
1857 47 68 76 78 115 117 121 127 130 139 147 154 162 178 190 195 198
1195 52 53 78 83 103 108 113 152 183 185 189
1622 44 63 72 73 77 78 82 101 118 120 122 155 189 199
1022 66 74 76 87 89 106 117 128 133 135 140 141 160 166 194
1882 48 59 75 83 93 110 121 123 131 132 136 154 167 173 174 179 186 200
1288 53 67 77 82 83 93 114 121 123 129 136 147 148 163 172 189
1773 46 51 56 60 79 81 85 89 136 142 145 169 170 183 186 191
1317 73 88 93 128 133 141 146 161 177 194
1822 55 58 76 81 89 100 117 131 167 169 174 176 196 198
1033 59 69 71 82 83 93 102 110 113 119 129 133 146 148 153 178 179 180 182
1897 52 64 65 82 84 85 91 98 103 105 112 115 118 128 131 138 162 181 188
1945 57 67 112 133 134 143 167 181 182 184
1340 54 63 77 80 84 85 87 98 106 121 130 133 143 151 167 168 174 183 186 190
1875 58 64 89 98 103 113 121 126 132 133 136 149 161 169 170 184
1735 72 120 132 134 135 163
1865 72 81 90 92 96 105 106 119 120 124 127 139 153 158 180 187 192
1350 59 61 62 74 88 89 91 100 107 127 128 142 145 155 157 164 166 168 187 200
1013 67 71 73 81 106 108 140 141 143 154 183 195
1457 58 59 76 86 87 90 92 97 121 123 142 147 159 177 179 180 191 196
1015 60 62 63 92 94 102 115 122 126 133 150 156 161 166 172 179 182 183 187
1102 77 80 82 101 115 122 127 137 141 163 170 171 172 189 196
1285 66 68 69 73 98 101 113 123 140 155 157 171 175 176 189 197
1516 81 90 101 104 110 113 115 130 131 134 136 140 149 171 187 195
1989 74 80 109 122 129 136 158 169 171 176 180 183
1822 76 88 93 127 140 168 186
1841 68 93 111 115 128 137 147 175 193
1869 72 78 89 132 134 143 144 158 170 182 183 190
1916 78 89 99 118 131 134 141 149 155 191
1248 69 83 112 115 117 118 124 126 138 154 155 168 181 190 199
1380 85 108 121 133 152 182 183 189 190
1046 73 80 95 103 104 110 125 136 164 166 183 189 192
1620 79 87 96 108 122 126 136 141 160 171 180 187
1984 86 104 116 119 125 131 139 147 166 173 180 194 196 199
1744 113 134 145 148 149 159 166 189
1073 74 78 83 86 113 118 120 127 135 138 151 171 181 194 195
1989 84 85 101 108 123 135 144 146 153 159 167 181 184 195
1780 92 118 141 144 150 189 190 191 197
1228 80 85 91 93 95 107 121 128 145 180
1894 94 111 116 128 130 131 137 139 146 149 155 169 174 175 180 184 189
1988 87 90 124 177 180
1991 113 117 125 135 148 157 169 190 196 198 199
1931 91 99 123 129 140 143 151 159 172 179 188
1564 88 99 100 117 120 126 139 149 181 191 198
1723 83 91 110 118 145 151 157 165 169 175 184 195
1188 91 122 127 143 147 154 171 176 177 180 200
1487 88 94 113 128 133 137 138 139 143 161 167 173 177 193 194 195
1461 88 105 122 123 131 132 142 161 163 169 174 175 176 183 192
1119 110 124 129 141 158 163 166 168 170 174 177 178 185 191 193
1071 104 119 125 143 144 159 168 179
1358 94 102 107 109 126 140 157 185
1367 94 101 103 117 168 171 183 187 196 197
1664 97 103 105 107 114 153 172 195 199
1157 92 119 155 158 175 189 191 192 197
1138 101 125 146 155 156 168
1397 103 123 124 128 147 161 162 179 181 186 190
1718 99 105 108 110 115 116 124 156 163 200
1286 102 114 130 150 164 167 168
1935 109 117 124 139 142 157 167 168 173 177 190 192
1136 110 116 133 137 143 147 161 173 185
1571 105 107 114 115 120 121 143 158 163 174 179 188 191 195 197 200
1483 111 121 130 136 137 149 151 162 173 186 192 196
1444 111 137 140 151 158 167 168 181 185 189 190 199
1625 116 121 126 139 141 150 188
1249 112 113 117 118 136 138 145 163 168 174 187 189
1720 122 127 130 135 150 166 167 183 188
1896 147 149 154 158 185 193
1834 119 122 125 129 132 149 168 169 170 175 179 183
1084 107 112 124 126 139 150 164 166 178
1627 110 120 130 141 142 153 173 178 179 181
1865 117 129 131 132 133 177 179 181 185 187 197
1853 127 147 154 157 166 177 180 191 196
1397 119 121 122 124 134 150 165 171 183
1604 116 144 146 151 152 164 184 185 187
1163 120 127 128 136 142 143 156 160 179 184 197
1319 129 145 164 168 174 198 200
1117 123 132 136 142 157 162 163 166 173 175 184 186 198
1969 136 138 140 141 153 175 195
1960 121 134 135 136 140 144 148 178 190 199
1776 149 153 154 179 189 191 198
1041 123 131 133 144 150 170
1940 128 139 150 171 199
1727 140 168 181 193 196 197
1324 127 144 162 165 181 189
1857 130 142 166 169 177 180 193
1593 133 144 146 170 192 200
1835 134 135 149 152 163 167 169 180 181 182 183
1093 148 152 154 165 178 188 195 198
1635 130 140 141 143 146 148 150 156 159 160 175 196 199 200
1184 134 148 153 162 177 185
1204 131 134 139 140 185 188 189
1921 133 138 150 160 162 163 168 175 179 190
1848 153 158 167 168 170
1032 166 172 177 185 192
1892 138 160 176 182 199
1192 144 161 194
1972 147 155 159 168 172 183 190
1323 142 143 157 169 172 174
1642 144 152 161 171 173 180
1381 139 146 147 148 152 154 157 169 174 187 193
1366 153 164 166 193
1886 156 166 169 175 181 183 188
1847 144 150 191
1111 145 153 186
1093 143 144 145 172 183 191 199
1676 159 162 167 171 175 178 186
1040 149 151 162 180 187 188 192
1858 182 195
1681 170 187
1697 148 159 162 169 190 197
1360 151 154 157 160 161 166 182
1387 181 184 195
1065 170 176
1929 165 170 172
1051 170 173 177 178 180 190 195
1874 155 156 158 187 197
1819 155 162 163 167 169 185 188 191 200
1729 158 169 173 174 196 197
1655 182 186
1497 194
1722 162 190
1103 183 184 189
1488 167 170
1266 165
1937 167 180
1458 173 190
1955 167 178
1208 168 190 191
1699 176 193
1282 175 178 188 189 195 199
1831 174 188
1616 176 182 186
1256 184
1939 189 190 195
1707 174 198 200
1906 176 182 190 194 200
1618 183
1986 183
1626 180 185 188 189 200
1836 179 180
1913 181 182 197
1923 186 190 196
1227 188 191 192
1560 188 191
1294 196
1817 194 197
1247 185
1672 191 199
1845 192 198
1645 188 189
1649 189
1122 191 193
1022 191 200
1103 199
1173
1895 194
1294
1135
1196
1895
1428
1931
1671
