200	5	10000	1
0	1892	43
0	1550	34
0	1182	39
0	1212	40
0	1384	44
2633 20 25 31 55 61 77 94 108 122 135 166 192 200
2747 35 46 50 59 60 84 87 94 104 114 162 164 175 188 198
2920 6 21 22 44 46 49 57 58 77 136 164 165 175 185
2824 6 7 8 10 22 39 44 55 57 58 68 69 72 88 93 99 102 104 110 138 139 160 184 186 189 197
2095 9 23 30 35 52 59 62 67 74 84 88 117 120 121 123 127 128 130 142 153 176 180 185 186
2626 20 27 33 34 35 53 72 82 127 129 137 144 146 166 189 200
2195 20 22 37 45 57 61 89 120 124 133 155 157 161 162 187
2082 17 27 33 47 60 86 91 97 106 123 126 137 159 163 168 190
2560 16 22 67 82 117 118 128 133 143 148 158 161 164 171 172 184 191 192 193 196
2091 18 22 32 33 41 66 89 104 116 119 127 128 136 154 159 161 168 174 183 185 186 187 188
2862 19 30 31 37 41 48 75 77 85 89 99 160 168 179 180
2919 15 17 22 37 63 76 95 120 137 162 168
2498 15 19 21 22 26 27 28 38 41 50 51 58 62 86 88 91 94 99 104 107 112 121 126 143 151 166 178 183 186 189 191
2749 32 77 111 121 126
2103 18 24 30 39 78 80 81 91 92 95 104 105 109 124 138 162 175 181 182 185 198 199
2027 34 39 45 48 50 58 78 94 104 112 122 135 148 154 174 178 196
2650 40 78 82 97 98 99 102 103 106 117 118 140 156 172 184
2037 28 44 95 109 120 141 186 197 198
2490 20 24 47 60 65 67 73 77 102 143 182 191
2959 35 50 69 71 89 112 124 140 143 145 149 154 160 164 166 172 180 197
2557 26 50 73 82 87 101 107 116 138 144 155 182 195
2855 24 32 38 40 42 54 61 63 83 96 117 123 125 132 133 155 161 189 198
2515 24 27 42 44 53 76 93 102 107 115 116 154 194
2807 30 59 63 66 83 94 127 131 133 143 147 154 182 199
2611 38 41 60 64 66 83 100 102 117 118 129 138 139 140 141 143 146 163 165 167 175 178 180 198
2468 31 40 53 62 65 71 74 110 140 150 162 166 169 171 174 183 185 191 193 194 195 200
2343 28 32 39 52 53 60 74 79 87 94 95 100 125 135 147 148 154 156 158 161 163 183
2557 33 56 62 63 80 85 89 99 102 103 109 119 130 133 145 154 170 171 173 197
2001 43 67 76 87 93 96 98 103 104 108 121 129 141 151 156 160 186 190 193 199
2169 36 40 45 50 61 78 81 86 96 99 112 123 125 132 139 145 152 153 157 161 163 164 165 170 188 191 200
2905 40 44 46 50 52 57 59 104 109 110 116 136 141 142 144 154 164 166 175 188 195
2506 39 48 59 66 73 82 105 111 129 136 168 178 185 192 194
2857 35 49 53 69 79 83 88 96 104 115 120 126 145 146 164 165 167 197
2218 41 46 49 52 69 87 99 114 124 153 165 171 177 185 188 199
2734 44 46 48 50 75 93 119 122 126 142 148 185 195 199
2842 43 59 81 105 118 120 125 128 129 138 156 164 171 199
2195 38 41 52 83 100 109 120 129 138 143 144 154 157 158 163 171 175 180 181 195
2622 42 60 70 73 78 89 96 97 99 105 108 113 130 142 153 161 162
2022 62 65 71 138 140 155 159 186 191 192
2882 58 64 86 111 112 131 134 150 188 194
2043 50 77 94 105 114 124 125 145 153 167 168 178 181 200
2210 49 54 56 68 76 79 82 99 110 111 113 129 134 142 159 177 190 198
2866 45 49 62 66 79 80 89 94 98 112 129 142 159 163 182
2516 51 67 78 88 98 105 108 111 123 143 144 150 156 159 162 167 170 182 186 190 192 197
2288 54 57 64 99 115 118 121 123 124 138 143 150 165 169 170 194
2773 50 52 54 60 70 73 77 86 87 95 110 123 138 140 160 172 179 189 195
2317 64 76 77 79 85 92 98 116 124 130 140 149 152 155 162 170 179 193
2989 82 87 89 91 97 103 104 108 112 116 117 124 129 149 154 175 189
2822 63 67 69 76 81 91 100 103 112 132 147 160 168 170 176 188 192 193 194
2822 51 59 64 77 81 124 127 129 140 142 166 190 191 199 200
2841 69 71 72 77 148 149 158 174 180 182 183 196 200
2033 54 61 63 68 73 83 90 121 124 138 142 154 157 161 166 186 187 200
2897 58 62 67 73 85 89 90 92 96 117 118 127 154 169 172 200
2945 76 90 96 100 105 115 146 172 177 179 187
2869 56 104 108 127 141 155 159 167 168 175 183 195
2916 64 70 94 107 108 111 113 118 125 138 180 181
2248 61 79 80 83 114 125 127 152 153 164 175 178 182 191
2380 62 70 101 108 127 129 132 138 150 157 163 170 179 181 197
2340 67 69 70 78 86 87 91 94 100 102 108 113 116 119 127 129 142 149 153 161 173 179 187
2875 69 71 100 105 106 108 114 116 118 128 129 130 166 169 180 183 184 192 196
2046 75 80 86 90 91 102 112 118 121 123 128 129 141 167 172 183
2620 73 75 91 100 101 104 118 120 124 126 167 175 195
2984 77 89 95 105 112 116 139 143 151 152 158 180
2735 85 95 103 119 123 148 155 157 160 180 182 190
2744 77 78 84 99 107 111 120 144 145 151 179
2073 82 108 109 116 119 125 138 153 173 181 190 194 199
2989 74 110 123 146 153 159 172 178 192
2865 69 86 87 97 102 104 120 122 126 128 135 152 159 179 181
2350 76 78 80 95 96 112 119 121 144 156 159 196 199
2013 75 111 128 132 147 157 160 162 178 182 192 200
2780 74 82 87 100 115 134 152 153 157 176 177 189
2228 80 84 96 102 118 122 127 143 152 160 170
2457 78 98 103 110 111 125 128 138 139 148 160 163 165 167 171 173 187 196
2015 79 84 89 94 108 114 137 138 139 160 164 169 173 186
2894 76 88 91 103 104 106 107 117 132 136 137 161 164 195
2102 79 88 93 97 98 99 106 136 150 155 159 165 172 176 183
2285 83 90 94 100 104 128 135 182 197
2988 83 84 89 119 126 129 134 169 175 194
2991 94 107 111 145 158 162 164 178 183 184 188 191
2931 94 109 121 134 137 146 153 159 171 183 186 196
2483 83 94 106 129 149 164 165 173
2444 97 113 118 124 143 146 164 165 175
2625 84 98 106 111 130 132 133 153 154 165 167 189 190 192
2249 86 88 92 93 121 123 132 133 139 140 141 143 152 161 163 179 183 186 191
2720 88 124 133 140 148 149 155 160 190
2896 89 109 111 120 133 139 148 158 172 173 175 198
2564 90 92 99 103 115 118 121 124 125 137 151 179 185 192 198
2723 108 137 142 150 156 166 180 185 188 189
2834 110 126 130 143 161 166 177 189 200
2188 108 109 112 114 118 125 131 156 174 178 196
2487 123 129 151 158 163 180
2461 108 135 153 166 182 195
2084 100 101 102 106 112 134 139 140 159 180 189 195
2627 99 104 108 119 132 146 168 170 181 188 194 198
2865 97 99 109 113 116 117 123 124 148 154
2119 105 110 126 129 139 147 189
2853 102 112 136 163 165 172 173 187 195 196 197
2071 110 112 125 154 162 163 167 179 180 189 195
2358 104 105 107 111 123 125 131 134 150 166 167 174 194
2367 103 117 141 144 148 153 171 176
2664 120 132 143 149 155 198
2397 125 130 137 143 144 152 158 163 167 188
2157 112 116 128 130 131 132 145 172 194 196
2138 111 115 129 135 136 140 146 149 159 166 168 181 196
2604 109 111 123 128 129 142 155 156 170 176 196 197
2397 124 129 132 135 145 151 168 178 196 199
2163 108 132 134 157 165 169 179 180 181 194 195
2718 112 130 144 148 159 164 179 182 188
2319 112 113 129 138 144 151 155 195 199 200
2286 127 164 177
2935 129 130 134 145 153 168 175 181
2136 117 129 148 200
2117 126 133 142 148 149 173 174 177 194 197
2571 136 147 152 153 163 166 168 200
2969 116 127 134 141 147 169 192 193
2960 117 122 125 126 140 142 144 155 156 160 172 174 181 182 183 192
2776 122 125 130 133 135 146 167 192 193
2041 129 148 150 157 165 169 173
2940 130 136 140 144 152 167 172 181
2366 159 162
2886 123 129 145 147 154 172 192 197 200
2727 126 133 134 150 156 165 169 175 194
2847 127 144 149 193
2111 127 156 157 159 162 164 173
2093 130 140 146 152 154 157 169 171 174 177 196 198
2324 130 155 166 167 175 180 187 194 200
2857 133 141 145 147 156 159 194 198
2593
2676 130 135 157 159 162 168 169 170 173 181 185 198
2835 143 171 177 189 197
2093 142 169 197
2635 185 195
2184 139 147 150 155 162 176 186 187
2040 138 139 158 177
2204 176 177 180 200
2858 138 160 161 192
2681 154 164 170 176 177 182 185 188 194 195
2697 159 162 163 164 166 195 196
2921 144 160 170 175 182
2360 142 143 150 163 183 187 194 196
2848 145 164 186 189 191
2387 148 181 189
2032 190
2892 146 147 164 184 186
2065 148 152 157 164 169 179 187
2929 152 155 165 169 171 189 191
2051 149 152 167 168 182
2192 149 162 164 167 170 172 175 181 185 197 200
2972 157 158 161 176 178 190
2323 173 181 194
2874 155 162 176 189
2642 173 174 196
2819 160 184 193
2729 157 181 192
2655 161 199
2381 169 179 183 189
2497 159 167 169 192
2913 176 192
2722 173 180 189 193
2923 170 172 191
2103 171 173
2488 168 171 192 193
2266 164 165 174 182 186 189
2937 171 177 179 183 186 199
2227 184 190 194
2458 173 174 178 188 192
2955 168 177 194
2208 170 171 180 188
2560 174 188 195
2294 172 186 198
2817 177 195
2247 173 184 199
2672 185 190 197
2699 177 182 188 199
2282 177 179 180
2831 179 186
2845 194 200
2645 199
2649 183 190
2616
2122 182 199
2022 185
2103 191
2173 190 197 198
2256 194
2895 192 194 200
2939 190 194
2707
2294
2135 193
2196
2895 195 200
2428
2906 199
2618
2986 198
2626
2836
2931
2671
