200	10	10000	1
0	654	30
0	312	19
0	414	16
0	303	21
0	352	23
0	469	14
0	183	20
0	939	17
0	387	22
0	191	18
2499 4 22 30 35 44 57 64 82 88 94 97 137 157 164 171 189
2744 5 13 20 24 33 34 39 47 69 71 76 83 89 102 105 114 131 132 151 162 200
2150 4 8 29 53 65 73 80 81 92 98 101 123 144 148 163 169 193
1545 18 23 24 30 38 72 76 79 100 122 131 134 136 137 155 166 192
2364 23 38 52 54 66 72 77 79 86 115 126 130 138 142 156 164 167 188 191 196
2706 25 32 40 58 66 70 82 89 91 93 100 103 120 130 132 136 140 149 150 156 173 178 180 187
3000 12 34 49 52 55 57 62 70 72 91 92 115 125 133 137 138 139 146 156 160 164 180 187 192 197
2461 9 16 47 63 73 91 95 102 105 117 120 128 137 173 185
1964 14 16 24 26 29 35 37 44 46 49 70 71 101 107 120 139 143 147 162 171 178 179 180 197 198
2747 22 43 52 59 80 82 84 85 108 112 118 130 143 152 159 163 166 176 177 179 188 197
2372 12 19 24 25 30 51 59 95 102 106 108 117 125 129 132 137 142 153 155 163 166 168 172 173 194
2208 21 26 44 45 48 52 57 60 80 83 87 93 96 98 108 109 169 177 182 189 197
2728 24 33 40 47 52 56 63 75 78 86 93 94 95 102 103 117 129 130 133 141 145 160 164 177 188 195
1670 19 22 40 48 51 55 72 88 93 131 140 147 153 195
2427 37 47 48 67 80 81 82 86 89 106 108 125 126 131 137 158 169 176 189 196
1733 22 28 44 54 70 87 95 98 101 114 127 134 136 152 173 188 196
2384 19 23 25 34 42 51 70 114 116 124 144
1961 49 98 101 103 108 127 143 146 149 171 191 192 195
2572 26 30 36 42 43 53 57 68 80 83 86 89 99 112 146 149 151 177 198
1767 23 47 54 58 88 112 122 123 126 132 133 153 155 165 173 177 189
2648 29 42 54 67 86 92 97 99 105 114 116 140 154 174 191
2542 30 33 43 60 67 80 111 112 120 134 143 157 174 179 200
2523 53 54 65 67 96 103 110 117 118 128 139 160 161 174 180 199
2985 26 27 31 39 41 45 59 70 85 93 94 99 122 126 130 132 140 195
2156 34 67 107 113 120 129 156 188 197
1720 53 55 58 63 81 84 89 100 105 108 134 135 155 160 166 180
2105 29 32 49 56 71 99 161 178
2756 46 76 92 95 96 111 114 117 126 142 147 153 156 168 169 172 176 191 198
1735 32 33 35 44 45 82 95 131 135 144 145 156 162 174 190 197 198 199
1581 34 51 68 88 112 123 137 138 142 148 150 162 163 167 176 188
1929 37 41 43 45 66 76 81 105 109 120 158 167 190 191 195
2710 38 56 60 65 71 79 80 81 94 96 110 111 114 121 125 142 164 169 186
2639 40 52 53 77 79 90 107 109 132 144 146 154 155 164
1870 52 80 82 96 125 157 173 187 191 200
1566 58 104 122 129 146 147 153 160 170 189 200
2050 46 51 53 55 84 86 102 108 109 115 126 127 145 158 159
1644 39 66 67 74 91 114 128 132 141 152 175 188 192 198 200
2210 43 58 71 75 80 82 83 93 101 113 130 133 174 185 193 199
2508 41 44 84 91 107 125 134 151 154 168 172 176 189 194 196
2881 50 63 65 71 73 75 93 98 102 103 104 153 157 172
1980 47 62 69 75 83 84 105 111 116 125 149 161 162 163 173 194
2628 52 53 76 80 85 95 98 105 108 118 130 141 142 149 194
2332 65 67 69 79 96 124 130 133 134 161 174 183 192
2659 52 55 63 67 69 82 106 117 120 144 152 165 167 168 170 187 189 196
2594 46 74 83 87 103 114 121 146 148 165 169 175 178 198
1831 55 82 90 98 105 108 124 136 142 166 168 170 181 193
1825 72 73 74 91 94 121 126 131 134 159 164 176 181 187 190 197 199
2144 74 76 94 111 122 135 171 189 193 200
2316 63 68 70 94 97 98 105 107 132 157 173 174 178 196
2861 56 62 81 87 93 94 98 106 120 122 127 153 163 181
1721 54 62 76 81 97 100 118 137 145 155 163 166 173 178
2306 77 78 82 83 92 97 98 103 114 122 125 134 140 153 156 163 175 180 184
1970 62 67 76 79 83 105 110 140 141 157 168 183 190 193
2779 65 67 69 73 90 93 98 126 128 141 150 167 178 179 187 191 194
1642 68 94 103 106 108 124 132 133 149 169 171 176 178 185
2580 59 63 64 113 117 159 160 163 165 175 195
2313 60 63 68 90 96 119 135 148 154 155 159 170 177 187
1572 60 79 91 106 108 115 118 144 147 157 165 166 172 173 183 194
1537 68 79 84 93 112 117 129 130 154 172 173 185 189 200
2653 68 71 73 74 76 106 125 126 137 138 145 159 172 174 186 188 199
1673 73 76 79 83 91 115 121 138 146 147 155 180 188 193
1847 65 68 85 92 112 115 123 138 141 153 170 180 186 188 196 197
2278 94 97 111 133 136 149 153 197
2423 65 66 78 86 99 108 109 113 130 134 158 160 165 172 183 190 192 199
2030 66 73 74 101 106 123 136 141 155 160 176 197
2045 73 78 82 86 111 112 118 123 138 141 145 152 156 165 167 188 192
2905 70 73 77 79 82 95 105 114 117 129 143 167 177 178
2580 83 86 101 102 107 119 124 128 131 132 147 155 163 174 175 176 194 196 197
2632 84 96 102 106 111 112 113 119 120 136 153 179
2207 78 107 112 118 121 135 136 149 162 169 173 183 187 189 190
2886 82 105 109 110 112 114 137 145 155 157 158 169 173 190 195
2872 73 75 78 84 86 112 114 126 129 134 137 145 159 168 181 195 197
2483 78 80 82 83 119 153 158 166 183 197
2622 88 89 92 94 131 137 151 179 182 193 197
2649 76 84 96 99 106 111 114 150 154 163 169 170 181
2075 77 87 93 116 120 137 148 152 166 175 182 194 195
2615 82 84 96 98 99 103 122 134 144 155 169 173 176 200
2423 114 118 121 125 141 145 171 178 194 196
1757 94 96 98 99 100 115 126 145 148 157 160 171 189 191 193 194
2709 92 95 99 101 103 107 119 123 126 136 157 158 160 182
2274 111 131 138 148 151
2711 83 104 108 117 118 120 123 132 143 152 160 162 173 189 191
2602 86 93 111 114 127 131 140 151 158 173 187 194 197
2626 93 100 105 112 132 143 149 157 167 183 191 192
1884 89 99 102 109 110 114 117 128 167 180 185 196
2894 93 103 133 143 169 170 175 188 199
1629 107 125 142 152 154 164 167 187 189 190 200
2441 92 101 114 121 128 130 137 150 160 161 162 173 176 178 183 184
1880 108 114 116 149 154 165 170 171 174 175 188 189 197
2121 96 100 108 112 118 125 130 143 147 158 159 165 166 173 186 189
2628 96 110 125 141 170 180 187
2205 96 101 105 109 119 143 166 168 174
1826 118 150 164 176 187 195 199
2844 110 115 117 132 133 143 147 149 162 163 168 172 190 192 197
2827 98 111 114 117 121 133 141 170 175 178 180 182 195 200
1885 103 114 117 122 129 139 143 145 148 167 172 180
1722 102 107 111 120 145 155 168 179 182 183 193 197
1620 100 114 120 140 148 151 173
1597 102 111 128 130 164 171 181 184
2135 104 117 120 135 136 168 187 193 199 200
2656 120 153 158 171 186 193 197 199
2323 115 120 128 147 160 163 178 191 196
1936 121 126 127 128 143 157 162 190 193 200
1733 124 129 140 145 163 174 179 186 194 195
2437 107 134 165 191 192 193
2611 136 138 151 167 186 192
2626 111 131 134 136 139 140 154 173 179 182 200
1521 109 111 113 120 137 139 168 180 184 187 188 192
1728 135 146 148 157 168 172 176 182 183 193 196 200
1747 129 139 142 144 154 156 182 190 196
2939 118 131 137 144 149 161 162 174 188
2485 114 138 144 148 150 151 178 181 184 185 186 195 196
2431 124 126 131 132 134 136 137 145 147 153 156 170 177 178 185 186 188 194 196
1911 117 135 144 157 158 164 199
2048 124 156 163 164 165 176 189 191 194 198
2022 118 132 135 141 166 169 181 192
2193 143 157 164 167 175 195
1756 121 124 125 129 135 139 140 146 156 169 181 189
2046 134 135 140 148 162 167 177 182 185 192 193
1925 122 134 137 141 143 158 163 177
2301 142 153 154 171 184 185 196
1631 126 131 145 150 152 155 161 165 184 197
2855 134 138 145 158 172 200
2834 129 135 143 153 159 168 174 187 193 199
2298 130 131 138 150 153 181 186 187 188 189 199
1518 135 138 155 163 176 178 187 190 199
1544 133 140 176 183 194
2534 132 138 169 171 176
2327 146 160 166 183 200
2566 162 167 173 179 188 198
2230 136 139 173 175 189 190 193
2138 133 140 176 183
2203 147 158 160 161 194
2888 137 138 152 160 165 173 178 184 188
2157 138 143 153 155 159 161 171 175 191
1824 153 158 165 189 200
2880 138 161 163 166 194
2863 140 168 173 176 188
2194 148 157 161 162 163 166 168 171 173 181 191 193 198 200
2703 144 160 174 189 197 198
1687 152 165 173 192
2701 152 155 160 167 181
2391 144 150 158 178 200
1741 178
2420 156 161 169 178 192 198
2925 149 161 163 166 170 175 176 182 198
2396 159 178 184
2703 156 162 168 171 178 179 184 200
1677 163 168 170 180 189 197
2258 153 158 188 199
2223 166 175 186 192 200
2346 156 183 186 188
2178 156 172
2516 170 172 178 184 185 195
2667 172 180
2964 167 169 176 191
2957 185 187 196 198
2155 165 167 177 184
2731 179 195
2611 162 169 178 182 199
2830 167 168 183 198
2977 174 177 193
2364 181 187 192
2251 168 186 191
2859 166 167 169 170 179 181 195 200
1845 190
1908 193
2328 183 197 198
2051 179 184 190 196
2285 179 180 193
1764 172 185 188 195
2667 194 200
1909 174 176 181 184 194
2602 182 195
2995 180 185 187 188
2412 180 198
2791 180 182 197
2106 180 190
2276 183 191
2204 187 196
2492 182 190
2729
1775 186 193 195 196 197
2131
2714
2204 200
2776 190 195
2627 191 192 196
1928
2308 200
1851 197
1921 194
2166
1981
1777 198 200
1734
1656
2105
2987
1940
