50	5	1000	1
0	183	11
0	43	8
0	48	16
0	19	8
0	30	7
179 8 28 38 50
187 6 12 25 42
170 22 34
111 9 12 23
178 14 15 26 30 31 32 34 50
124 13 15 19 21 31 47 50
110 9 11 14 34 49
170 16 30 33 39
176 10 24 32
178 11 25 33 40
111 17 34
164 21 28 38 42 46
136 23
196 28 32 46
170 27 30 31 44 47
193 23 24 41 46 48
118 30 33 35 41 46 50
177 28 33 34
123
165 46
161 25 26 38
174 29 34 41
168 29 40
112 29 44
160 28 32 36 44
155 33 48
178 45
190 34 36 43
165 48 50
170 44 50
190 44
169 33 35 37 38
156 48
123 45
160 42 44 45
197
105
151 49
156 49
190 41 45
142 46 49
113
140
118 45 49
112
133 50
128
157
175 50
130
