200	5	10000	1
0	1309	48
0	1343	34
0	1752	46
0	1703	33
0	1915	39
1702 7 14 19 23 36 41 47 54 58 67 74 76 83 91 94 97 131 192 198
2033 15 24 68 82 90 92 100 101 106 133 147 150 151 152 156 168 194
2623 21 52 60 80 84 135 145 161 172 181 186 189 196
2954 34 40 43 66 95 97 133 194 199
2941 17 48 69 70 76 108 109 117 121 133 138 169 174 179 182 187 191
2417 30 34 42 50 53 57 65 68 76 80 91 95 108 157 166 173 199
2947 9 17 32 48 68 74 85 113 116 120 143 146 162 171
2411 10 20 26 32 43 54 64 68 70 75 99 112 114 119 126 142 148 151 167
1882 18 45 62 67 73 89 100 102 113 117 158 159 160 167 176 184 199
2475 14 45 50 54 70 80 81 82 84 87 97 106 108 111 113 135 140 169 175 183 184 197
1806 35 38 40 46 49 51 53 54 57 63 64 65 73 75 91 111 112 115 126 138 140 141 146 148 162 164 170
2754 59 67 79 112 128 136 137 150 151 158 161 171 196
1627 25 28 39 52 53 62 66 70 71 78 85 86 87 97 101 103 115 117 119 121 127 143 155 161 166 173 176
2733 15 22 27 33 48 59 67 77 91 96 104 115 119 131 140 156 183 195
1554 29 58 82 86 87 100 103 104 120 127 130 139 148 152 158 162 167 179 180 187 190 191
1737 17 18 24 33 45 53 59 64 68 74 89 108 109 120 123 128 132 134 139 147 160 168 170 185
2740 27 29 40 42 47 48 50 68 81 86 118 151 159 164 171 176
2970 40 51 58 61 64 65 80 87 107 115 116 132 135 142 149 158 162 173 187
2989 34 78 79 83 85 90 96 97 101 106 108 128 136 143 176 185 188
2891 31 36 42 58 59 74 80 87 89 95 107 116 121 126 132 147 154 165 171 190 193 199
2770 23 26 49 77 79 96 98 101 109 115 116 125 126 127 149 153 184 187 191
2032 35 50 69 71 74 77 90 116 117 127 131 146 155 163 171 192
1952 38 55 86 89 110 120 123 127 133 135 136 142 153 159 166 176 190 192 196
1869 26 30 32 33 35 45 56 83 88 93 94 105 126 132 140 143 144 147 149 151 152 164 186
2914 37 52 61 63 79 97 106 115 121 122 123 131 132 135 149 152
2437 29 46 50 51 53 77 78 81 87 98 99 100 110 115 126 127 130 134 136 137 139 151 157 158 179 185 196
2187 45 69 70 72 76 77 80 89 91 103 123 124 142 148 174 175 189 191
2832 34 35 45 59 79 80 87 110 134 136 140 159 161 178 184
2348 34 38 42 68 82 92 104 108 122 150 152 168 176 177 185 194
2356 34 53 60 62 67 76 80 81 90 93 96 124 128 140 162 163 181 182 189
2736 37 39 40 48 50 53 68 81 84 91 98 106 115 123 143 151 162 174 178 189 193 199
2456 37 39 64 69 70 79 84 85 100 122 135 148 166 182 192
2623 49 68 76 97 106 107 114 138 162 181 184 188
2147 55 60 68 81 86 106 113 133 149 154 159 164 193 200
1937 59 68 89 94 97 101 117 130 131 132 152 170 174 184 191 198
2969 38 41 64 65 72 79 80 90 105 113 116 133 137 158 162 165 167 168 178 184 188 190
2753 41 49 59 61 82 88 110 114 120 130 155 161 168 185
1890 53 65 66 69 72 80 82 92 105 113 123 137 148 152 193
2312 58 64 70 76 80 88 90 99 119 130 147 151 162 164 165 169 189
2427 45 54 61 76 106 110 112 137 144 149 158 161 181 195 198
2070 44 46 54 59 70 96 106 113 125 138 140 159 172 177 182 186 197
1586 45 57 60 64 76 82 101 103 111 128 134 157 168 169 170 178 190 191 193
2096 75 76 84 97 109 110 120 122 133 139 143 157 169 171 176 187
2971 56 62 74 81 83 87 94 98 99 113 117 154 163 184
1573 49 52 56 61 70 74 77 80 108 123 125 130 134 137 147 164 190 193 194
2992 50 66 96 102 127 135 141 148 151 165 167 196
2349 49 75 76 88 99 104 108 112 115 133 134 137 140 148 153 158 160 168 171 173 197
2373 55 57 58 66 69 75 89 91 94 103 108 110 111 117 120 126 132 137 140 143 149 158 163 168 197
2694 58 63 91 111 113 120 144 155 167 175 178 185 196 197 199
2533 52 56 57 60 65 70 73 76 84 89 108 115 126 153 178 189
2077 54 63 92 105 129 139 142 147 163 164 168 171 200
2751 59 76 90 94 103 114 128 129 131 134 148 154 163 165 186 192
2182 78 81 109 113 115 132 154 162 174 186 189 195 198
1954 68 74 75 77 83 86 91 104 108 139 140 149 156 167 170 175 180
2606 58 59 65 70 75 89 97 112 122 140 149 157 165 167 172 185 192 197
1876 70 71 88 113 120 138 143 146 151 167 172 177
1683 60 92 109 126 127 128 130 137 150 155 158 167 168 186 188 193
1982 65 71 93 103 115 128 135 168 191
1889 64 65 70 73 75 78 80 97 111 140 182 197
1739 61 80 105 163 168 191 193 194
2261 71 77 81 82 101 107 110 115 119 122 140 147 160 163 172 177 182 191 197
1799 70 74 107 125 137 139 140 146 151 154 162 166 178 199 200
2800 69 71 72 87 95 117 128 136 145 155 156 169 173 180 184 188 193 199
1898 83 108 109 151 157 169 200
2481 74 77 89 91 112 118 128 141 144 145
2666 73 76 87 93 96 100 118 121 140 146 151 152 154 158 168 171 173 174 178 181 187 199
2928 77 93 95 96 103 116 121 145 146 151 161 169 176
1618 79 84 89 90 95 99 100 109 112 113 118 126 146 154 159 165 173 186 187 192
2405 84 107 110 111 118 133 140 152 175 177
1776 76 110 154 155 166 172 188 191
1827 76 78 81 97 100 115 121 124 131 137 161 174 179 186 188 194 195 199
2936 116 119 122 123 136 145 186
2350 87 107 110 115 147 151 160 170 180 191 193 196
2985 81 92 99 115 126 132 133 136 152 175 186 189 193 194 198
2745 79 90 100 102 116 130 148 158 165 168 171
2910 83 86 99 100 117 119 121 149 180 181 199
2025 83 84 105 118 138 152 153 161 193
1735 88 98 115 156 158 165 190 193
1865 83 91 99 101 120 127 133 149 162 185
1783 85 112 129 130 148 165 169 174 184 189
2052 83 96 107 114 132 134 146 149
2996 94 108 124 129 135 136 144 155 156 160 172 175 178 181 185 199
1582 101 119 122 142 148 149 180 192 200
2329 93 111 119 125 141 161 170 173 175 183 187
2476 101 106 130 132 134 152 165 171 174 176 180 200
1800 88 90 102 103 110 114 122 124 152 169 171 173 184
2900 93 111 112 120 130 131 135 140 151 157 161 166 168 191 195
1706 108 133 159 189
2389 111 121 123 127 139 148 167 175 177 178 187
2995 91 95 97 105 112 116 130 139 149 176 183 186 188 192 196 198 199
1664 108 112 116 117 118 120 139 159 169 179 190 195
1723 103 111 112 120 124 132 141 145 195
2628 116 123 126 128 132 145 146 165 174 195 197
2621 96 102 108 109 114 127 142 159 163 195 197
2703 97 100 101 118 119 123 153 162 163 172 175 181 189
1995 103 106 115 116 125 126 163 170 194
2754 122 125 127 128 131 156 171 173 189 192 199
2508 103 138 148 149 168 179 189 191 195 200
1668 108 115 118 124 129 156 159 191 194 200
2790 126 138 139 141 168 169 184 195
1533 127 129 131 141 152 170 194 195 198
1687 103 118 121 151 156 158 160 174 188 197 198
2824 140 166 189
1908 112 114 120 129 130 136 152 153 159 160 162 174 182 186 188 193
1831 117 128 155 161 162 165 170 185 186 190 196
2584 108 129 131 155 165 173 182 184 193
2137 115 116 132 142 148 157 171 185 190
2295 114 116 121 127 148 149 152 170 173 174 183 192 193
2614 115 148 152 155 175 176 178 197 198
2486 121 132 138 147 150 157 168 170 173 174 197 198
2749 112 117 129 146 156 168 171 173 174 177 178
2879 122 138 147 172
1771 129 133 134 147 159 162 167 170 188 195
1893 134 142 153 159 161 169 182 193
1630 132 139 160 177 188 197
2167 141 148 151 156 168 172 182 186 188 192 197
2119 124 127 137 151 154 167 189 199 200
1544 130 153 163 170 178 180 192 194
2832 129 144 153 158 172 179 185 188 194
1921 136 139 149 159 160 162 178 189 190
2643 131 142 183 195 197
2055 125 142 147 149 156 165 168 172 178 179 183 187 193 195
2191 131 141 145 195
2092 128 138 141 152 155 180 185 193
1765 158 171 172 175 197
1598 135 138 147 159 176 198 199
2172 139 140 155 158 174 177 178 187 189 198
2190 139 153 167 184 194
2288 155 166 170 177
2547 138 147 151 157 160 163 176 187 198
2631 154 157 159 173 177 194 198
1691 138 155 173 186 189
2753 141 148 150 158 176 197
2540 136 164 169 175 191
2721 153 170 198
2899 149 155 160 171 186
2063 154 165
2181 142 182 183 189
1745 140 147 168 174 194 199 200
2614 147 167 192 194 195 198 199
2217 151 172 182 188 193 199
2531 145 165 166 168 170 186 191 195
1706 171 196 199
2234 147 148 173 174 192
1527 154 170 193
2895 161 170 174 175 178 182 196
2294 158 165 169 185 189 193 196 197 200
1956 150 151 167 178 183 196
1839 150 154 157 161 162 174 176
1579 156 164 168 173 174 177 180 181 183 184 192
1530 155 159 166 177 188 194
2889 179 183
1705 184 197 200
2842 156 163 164 166 170 188
2958 157 167 180 184 188 190 191 193
2811 158 162 177 183 188 189 198
1735 161 165 173 181 199
2119 161 162 171 177 180 189
2485 160 167 175 176
1754 167 170 175 176 192
1737 167 174 190
1694 170 175 179
2013 169 184
2944 165 168 170 177
2466 171 177 186 191
2406 182 188 200
1891 171
1791 172 173 192
2735 171 173 183 193 195
2149 180 192 198
1664 179 191
2944 179 191 194 200
2064 178 182 188 197
2891 177 178 197 200
2358 179 188 189 191 192 194
2496 188 199
1592 200
2798 192 196
2741 186 198
1580 195
1740 182 194 195
2665 183 194
1814 187 194 200
2708 187 189 200
1503 187 195 197
2275
2323 188 195
2414 189 200
2497 196
2883 192 195 200
2838 197 198
2251 197
1586
2262
2269 198
2192 197
1806
2308
1867 200
1703
