200	10	200	1
0	13	21
0	19	22
0	7	17
0	8	17
0	14	21
0	20	18
0	11	21
0	2	19
0	6	21
0	6	23
38 34 36 56 58 67 72 78 94 105 122 137 139 163 179 191 194
59 5 11 22 26 27 36 59 61 63 81 82 86 87 95 97 98 117 136 154 156 162 166 169 173 176 184 186 193
52 13 14 19 23 32 42 59 62 83 123 132 151 153 159 186 199
59 22 24 31 33 44 47 62 66 73 82 89 99 129 130 131 133 135 137 141 170 177 184
37 8 35 38 39 41 43 57 65 69 71 83 89 98 110 112 117 125 144 145 148 153 155 156 169 179 184 191
56 15 33 36 38 50 58 72 107 121 132 162 178 179 184 197
53 8 26 55 57 61 65 69 78 86 90 94 97 108 112 115 124 136 151 153 155 160 164 167 173 178 184 186
59 11 27 40 41 57 67 69 83 87 88 92 124 126 127 130 132 139 142 151 154 165 181 187 197
35 13 18 33 43 47 49 52 97 104 108 119 124 135 146 166 185 196
60 27 29 59 74 76 96 99 101 108 112 115 116 118 134 150 171 173 193 194
52 45 47 74 76 80 91 115 117 119 125 151 157 187 192 200
40 14 37 57 61 64 87 92 114 116 127 134 141 155 164 185 188
43 32 53 54 64 66 68 71 105 113 116 117 128 129 130 132 154 158 164 165 166 190 193 197
49 28 36 48 53 54 61 66 68 75 77 79 92 103 114 167 168 172 174
58 18 20 33 36 40 42 47 48 51 53 54 67 68 69 73 82 85 90 102 109 121 124 144 145 146 147 157 164 167 172 173 181 182 198
40 25 29 31 33 36 51 53 63 69 84 93 95 97 106 109 113 120 122 132 168 172 181 185
36 25 31 35 37 48 49 53 73 80 82 90 116 119 134 156 158 162
52 34 54 60 61 62 70 73 101 102 116 120 127 131 182 187 192
38 43 48 55 63 74 80 105 115 116 117 121 124 132 133 148 154 161 172 196
31 23 31 53 61 68 69 70 87 99 100 130 141 145 160 172 173 197
59 51 58 60 61 64 66 88 101 106 124 130 165 170 191 194
54 25 27 39 45 63 66 74 77 78 103 118 124 126 139 160 187 191
39 31 39 42 52 61 83 84 94 115 128 130 135 160 173 185
53 30 32 62 64 74 82 84 114 116 154 184 193
52 29 31 37 46 53 66 71 80 111 123 125 131 183
44 27 50 65 69 75 101 110 122 126 131 135 151 152 177 178 193 200
52 43 84 94 103 104 105 124 130 149 153 161 163 171 173 197
45 48 60 63 65 76 92 104 107 111 126 127 146 157 178 184 192 198 199
56 38 43 57 76 94 97 101 114 136 169 176 188 189
49 40 61 66 91 100 105 114 125 135 154 159 168 170 173 175 178 189 192
49 37 73 78 102 116 122 124 129 141 146 148 153 156 176 179 183 195 197
30 47 64 74 87 90 106 111 118 121 126 129 133 134 148 149 151 152 154 167 182
56 53 55 60 75 77 88 100 103 105 117 143 147 159 166 174 177 196
52 44 53 68 90 93 96 103 104 123 126 139 154 164 169 177 191 194 196 197 199
49 38 60 71 78 80 95 97 107 117 140 148 165 169 172
38 50 52 59 68 85 92 100 128 138 146 159 164 167 172 175 177 181 185 193
44 42 55 74 77 80 112 123 129 131 143 147 152 153 154 156 170 180 182 189
56 39 50 55 58 63 67 92 122 131 155 158 166 170 176 178 190 193
60 46 56 67 75 83 87 115 137 138 141 142 146 170 179 180 181 182 186
49 48 55 56 61 65 91 99 115 122 163 174 178 193 195 200
36 58 67 73 99 111 122 141 144 149 161 169 173 197
50 55 56 83 94 97 104 113 116 119 138 139 143 163 182 191 195 198
55 52 60 94 105 106 129 133 146 149 163 180 187
46 50 67 71 89 90 119 138 145 159 161 176 178 188
39 50 55 58 75 81 118 130 137 152 158 161 165 170 180 184 200
58 83 119 120 122 124 141 143 147 154 173
55 61 69 72 73 81 96 105 106 145 150 163 168 178 180 183 185 193 197 200
56 50 83 87 88 102 119 127 137 163 167 168 185
32 52 58 72 81 82 85 93 95 102 108 111 113 136 140 145 148 179 183 188 190 194 196
58 53 70 78 81 83 84 102 105 110 116 124 125 142 149 151 165 182 191
41 70 105 129 139 153 158 164 168 184 198
33 67 73 82 95 104 108 115 125 151 175 177 188 190 192 194
60 57 75 78 83 84 87 89 90 110 122 124 130 131 154 168 187
55 65 66 69 73 85 104 112 117 120 121 127 135 157 161 169 176
57 56 62 63 82 100 103 104 105 110 116 118 121 133 152 170 186
51 73 79 92 93 126 146 149 160 171 187 194
52 77 79 81 95 100 109 146 154 155 160 161 182 196
56 68 84 88 90 102 106 128 130 136 138 143 146 148 159 162 184 188 193
38 74 84 88 94 96 100 120 130 135 144 163 172 174 176 187 194
33 71 81 82 95 106 110 120 127 131 143 148 153 155 158 195
58 64 74 78 85 107 112 117 138 148 188 191 195
49 66 85 99 107 124 134 135 147 154 168 187 195 198
37 73 95 114 118 136 148 149 150 172 188
35 70 71 84 96 100 117 130 159 168 185 197
55 69 75 79 84 86 102 110 113 114 117 119 133 147 160 162 166 167 169 171 187
57 70 86 98 120 121 128 133 140 141 163 171 180 186
57 74 78 86 98 102 105 108 112 118 127 135 139 140 145 153 172 183 195 196
33 77 84 99 103 110 111 125 126 134 153 181 183 191 198
57 79 84 87 88 95 108 119 142 157
50 74 90 96 98 145 153 168 170 187 192
30 84 87 101 103 106 141 147 151 168
45 76 93 94 99 111 112 131 136 137 145 159 162 168 170 171 179 183 186 190 196
32 74 89 94 100 102 110 118 131 134 143 161 167 188 192 195 196
35 77 85 86 92 93 99 100 112 115 120 122 127 131 151 177 181 190 194
34 80 90 96 106 153 159
35 85 88 91 105 118 119 121 123 142 147 163 177 178 199
49 81 108 135 136 142 145 146 147 155 166 171 177 186 188 199
31 108 121 124 130 153 162 179 188 193 200
59 81 85 91 123 138 145 167 181 183 200
49 103 106 126 138 140 170 178 194 198
33 82 92 108 115 120 126 149 159 161 171 178 183 185 192
47 84 90 113 116 129 137 142 163 166 173 184
37 94 99 102 142 165 167 174 187
51 89 93 99 104 113 123 125 126 128 139 142 144 151 154 165 188 190 199
48 93 111 113 123 140 143 156 160 172 177 180 184 186 190 191
53 105 106 132 136 146 165 168 173 178 182 197
56 93 100 101 128 172 173 189
32 101 123 128 139 145 150 151 160 178 192 193 200
36 114 116 127 142 165 172 176 195 198
59 111 113 116 131 146 156 165 175
42 92 98 99 127 134 168 198
47 99 110 114 115 140 143 151 172 181 192 197
34 98 99 113 127 145 148 155 156 176 179 182 190
32 102 109 111 125 135 186 190 198 200
57 96 117 132 136 145 151 154 173 174 183 194 200
30 98 100 102 131 160 184 193 200
57 98 112 118 119 134 147 154 156 190 195
36 117 130 148 153 161 164 172 199
58 109 111 113 144 156
33 119 124 125 131 157 159 161 163 171 172 179 197
43 133 135 137 146 150 158 163 179 183 198 200
56 104 106 115 121 122 138 140 142 146 161 181 195
37 106 111 112 133 136 143 159 169 172 173 178 183 190 191
32 108 111 141 162 177 187 198
47 111 121 127 140 151 160 175 177
51 110 130 135 152 166 167 184 187 196
32 109 139 145 154 156 191 195 200
50 110 113 114 116 141 142 144 149 155 163 175 176 181 184 192
32 127 152 157 175
50 113 117 120 127 131 141 159 160 187
39 116 120 127 130 140 147 153 158 167 175 191 192 198
36 119 126 128 150
45 116 120 128 148 150 156 157 158 164 194 198
56 118 134 151 175 191 192 199
47 136 138 154 160 171 172 179 193 196
60 117 119 120 128 129 138 139 140 144 155 165 172 191 193
57 152 165 186
54 119 123 135 153 157 159 160 186 199
45 120 127 130 138 151 152 160 162 170 172 178 184 187
32 149 176 178 181
55 132 137 163 166 196
51 135 141 148 157 167 170 197
56 126 134 139 145 146 166 182
40 138 141 149 175 178 187 194 198
33 136 139 154 158 170
47 150 153 157 163 182 196
41 129 140 150 155 166 172 185 189
33 162 176 182 184 189
51 142 169
42 138 139 142 148 163
57 147 169 177 180 196
31 136 137 149 156 159 167 170 185 190 195
31 142 156 167 174 188 190 198
30 140 198
60 141 147 155 190 197
57 155 156 182 187 196
50 144 145 149 168 170 173 176 181 186 189 198
60 147 148 162 164 166 168
45 164 165 167 171 181 182 184 188 194 200
49 162 196
59 148 150 156 176 181 195
39 170 173
44 165 170
46 149 156 171 173 180 187
41 162 190
49 148 152 164
30 158 166 168 170 173 196
54 160 182 187 199 200
37
35 168 174 176 182 184 186
58 156 160 164 182
39 159 166 170 187
33 155 157
59 168 176 190
50 159 168 173 182 186
52 172 176 182 185 195 197
60 177 181 192 197
59 162 168 172 186
45 160 171 178
60 163 165 190 195
57 182 184 187
55 168 171 179 182 194
55 172 175 191 197
58 190
56 170 176 183 197 198
58 187 196
56
38 174 185 198
50 174 179 182 192 195 200
40 178 187 191 192
57 177 181 191 194
34 192
44 185 188 195
59 177 185 199
36 177 179 187
56 195 198
34 189 194 195 197
41 184 185 186 187
52
36 182 190
36 183 191 193 200
47 197 198
32 185 186 191
40
31 187 197
58 187 194 198 200
45 190 196
31 198
49 194 198
31
31 193 200
56 194
58 200
41 200
48 197 200
30
42 200
57
60
57
