50	10	10000	1
0	1294	3
0	1455	6
0	1093	4
0	1610	3
0	1817	5
0	1394	7
0	1324	4
0	1589	4
0	1247	9
0	1297	5
766 4 7 9 11 19 23 31 42 47
1437 11 30 31 33
1227 29 48 50
1273 18 23 36
817 9 37 40
1247 11 14 21 46
1220 23 30
958 14 26 41
1223 19 35 43
1016 17 19 46
788 13 22
1423 41 45
1322 15 28 32 43 45 46
1413 18 23 43
1125 40 43 47 49
727 19 30 39 41 44 46
541
1440 23 32 39 40
1133 44
611 24 30
1064 33 49
1420 31
603 24 26
944 31 39 42 44 46 49
1347 27 33 36 40
749
582 35 40 48
1060 33 35 42 44
1364 38 49
1276 50
997 33 49
595 37
1491 48
988 38 40 42 49
1126
1455 39 41
1488 45
1431 39 42 43
983 47
1489 41 50
1386
1324
1322
1396 48 50
1334
866
1222
695
708
1060
