100	5	10000	1
0	1662	21
0	1308	21
0	1358	21
0	1446	14
0	1184	23
733 12 40 57 72 80 87 95 99
970 7 11 13 17 32 50 75 88
924 5 15 39 45 48 63 90
836 26 29 38 45 54 55 66 68
726 23 32 45 69 79 81 88
295 10 16 17 33 34 48 63 70 100
182 21 37 47 64 67 90 94
408 27 30 66 69 70 76 99
660 19 26 29 32 35 44 58 60 65 74 80 88 91 96 98
191 15 19 44 47 60 84 96
816 26 28 32 40 45 46 53 58 63 71 73 76 92 100
598 22 35 47 49 94 96
849 20 24 59 89 92 94 96
203 18 33 35 41 48 57 59 69 74 87 90 92
127 21 26 36 47 50 63 69 76 85 99
750 17 26 28 38 54 67 74 79 87 94 100
137 34 48 52 68
590 22 24 47 48 50 55 56 61 62 82 86 90 92 96
795 22 26 41 58 60 69 80 87 99
657 24 40 47 53 57 71 72 73 75 78 82
955 33 35 38 61 70 77 81 89
616 67 69 75 82 91 93
388 31 32 35 41 42 47 55 66 69 75 79 95 98
873 40 53 74 82
665 36 38 41 45 62 73 87 100
922 34 38 83 84 91 100
922 35 50 87 89
941 29 39 46 66 70 81 83 91 93 99
133 48 51 58 61 65 67 84 100
997 32 47 58 67 78 90
139 32 41 56 68 84 99
969 35 37 39 49 60 62 78 81 86 94
795 39 69 79 86 92 98
348 42 64 66 69 77 84 94
480 37 45 51 69 91 95 99
440 50 52 58 65
975 48 54 63 67 70 91 97
146 39 43 91
720 41 58 59 62 66 70 80 95 100
289 42 44 46 47 61 73 74 77 80 86 87 91
844 56 71 72 97
173 45 54 59 68 77 85 100
623 55 81 86 100
588 51 52 54 69 78 86
697 47 49 56 59 60 65 67 93 94
645 61 68 70 74 81 86
201 68 72 81 84 94 96 99
583 62 95
544 58 61 72 83
725 57 71 74 81 84 91 98
349 58 76 79 95 100
820 62 66 67 77 79 86 99 100
996 81 84 85 88
934 64 76 79
288 57 60 65 66 70 79 93 95 98 99
587 57 58 59 78
561 71 85
184 70 71 87 88 95
727 74 84 98
965 62 63 68 75 76 77
219 64 66 74 77 90
953 68 79 81 85
171 64 66 67 85 87 88 91 99
876 68 73 74 81 91
141 71 73 93
514 67 84 85 86 95 96 98
553 70 76 95
827 79 81 98
947 73 81 87 89 100
193 72 81 96 97
424 87 97
957 84 94
693 77 92 96 99
776 82 86 87
935 76
193 86 87
735 84 91 100
250 93 98
203
366
114
327
558
601 88 90 97
398 88
308 95
660 88 89 92 94
394 90
917
347
772 98
799 99
382
931
945
745
749 98
716
222
122
