75	10	10000	1
0	1496	10
0	1832	4
0	1365	5
0	1424	10
0	1354	4
0	1001	5
0	1551	9
0	1553	10
0	1638	13
0	1805	5
1212 31 49 63 68 75
526 28 45 56 72
1040 6 14 42 44 48
926 8 21 23 35 39 54 68
991 23 29 33 48 75
980 9 24 27 35 47 75
815 14 26 46 51 68 69 71 75
1289 19 27 45 53 66 70
892 20 24 67 69
992 15 33 47 49 66 75
761 16 28 41 54 57
1007 17 26 34 36 52 65 67 68 75
1423 33 39 44 71
690 20 31 32 33 40 48 68
1082 25 32 48 62 66 68
875 23 28 31 36 42 58 68
1033 19 20 22 42 56 66 72
672 26 30 40 42
1031 28 45 65 66
596 47 63 74
1105 27 29 38 42 47 53 71 73
1492 27 37 73 75
1282 45
853 40 44 74
1193 47 51 59 61 70
1279 27 28 34 43 50 75
810 31 39 47 59
1261 44 57 65 74 75
1052 31 49 53 58 60 64 67 75
1448 38 39 53 57
623 34 46 63
1101 34 44 45 58
1175 38 41 50 58 61 64 66 72
531 55 67
1417 42 52 66 67 69 73
588 37 47 57 61 65 75
1475 44 45 51 58 66 68 69 70
1083 40 62 63 64
1307 59 60 74 75
943 49 51 61 71
1202 55 64 65 73
1243 56 59 64
1019 57
924 45 56 67 71 74
879 49 64
1026 47 54
1472 57 61 65 74
983 50 53 56 67
529 51 74 75
772
1461 57 58 60 68 72
1066 54 68 73
1475 67 73
1366
1179 68 73
1250 64
1431 59 65
509 65 70 71
1444 66 67
1458
902 71 75
1403 69
610 71
732 69
737 67
1123
1328 75
710
704
923 72 73
1280
1373
1107
903
861
