50	5	10000	10
-1	1897	10
-5	1153	9
-4	1945	15
-5	1039	7
-3	1862	9
1702 17 18 21 25 50
2033 6 24 28 42 44 46
2623 9 13 19 20 47 49
2954 7 17 26 29
2941 20 26 33
2417 25 31 41 46
2947 12 15 43
2411 14 32
1882 29 32 33 42
2475 15 28 42
2694 31
2533 15 23 38 49
2077 14 29 31 35
2751 28
2182 24 27 33
1954 21 37 41 50
2606 44
1876
1683 24 33
1582 39 42 50
2329 22 30 42
2476 24 27 35
1800 31
2900 26 27 32 47
1706 50
2389 29 35 47
2995
1664 32 37 38 39 40
1723 33 43
2628
2621 46 50
2703 49
1995 47
2754 44 47
2288
2547
2631 41
1691 44 50
2753 43
2540 43 49
2721
1694
2013 45 49
2944
2466 48 50
2406
1891
1791 50
2735
2149
