50	10	1000	10
-4	34	2
-4	41	9
-1	12	2
-3	44	5
-5	24	5
-4	100	6
-4	38	2
-3	57	7
-4	31	6
-3	52	6
262 2 28 32 34 42
143 9
138 7 18 32 39
179 15 27 42 44 50
191 7 10 34 47
214 7 22 25
173 25 28 34
164 13 17 27 31 46 49
290 23 33 44
76 17 20 29 41
286 25 29 44
288 25 31 36
29 21 23 26 41 50
300 24 47 48 49
132 18 22 24 32 34 37
290 27 32 38 42
105 22 23 44 45
120 21 29 33 36
81 46
60 21 27 33 36
41 23 36
104 26 27 32 48
277 32 38 43 44 48
134 26 29 32
42 32
286 38
133 32 40 50
52 29 40
69 46
171 34 39 40 44 45 49
278
296 44
276 37
56
56 37 42
45 41 47 49
262
181
81 41
85 45
254
17 43 45 49
260
159
121 48
114 49
157
207
224
150
