200	10	200	10
-3	31	21
-3	37	22
-3	25	17
-3	26	17
-1	32	21
-3	38	18
-5	29	21
-1	20	19
-1	24	21
-3	24	23
38 14 23 35 41 47 50 58 70 73 78 86 100 109 117 131 140 157 164
59 3 23 26 27 35 52 54 56 57 61 90 139 162 165 177 185 189 190 196
52 23 34 36 44 49 70 96 104 115 118 128 133 136 139 149 152 156 157 170 177 180 190 191
59 21 23 24 35 52 53 59 68 72 79 89 92 95 106 114 129 134 170 184
37 14 15 27 29 33 35 37 48 60 62 69 82 87 90 108 112 144 150 154 162 170 171 173 184 195 196
56 12 13 15 31 51 63 92 103 109 137 138 174 183
53 11 18 29 34 74 97 114 118 130 141 163 167 173 181
59 15 18 32 34 40 51 54 75 88 90 91 96 103 137 143 170 195
35 10 20 26 30 44 68 75 98 108 151 158 170 172
60 36 37 42 48 59 72 73 90 136 141 142 151 162 170 172 173 194
52 16 17 46 60 69 86 96 108 116 131 132 153 154 187 190 194 200
40 14 20 24 29 50 54 55 61 68 71 74 78 83 87 107 114 121 137 147 170 176 187
43 14 37 38 40 45 49 51 122 124 130 136 148 150 153 159 180
49 19 33 47 62 75 94 129 140 141 163 166 186
58 43 80 99 118 128 133 148 182 194 198
40 28 33 50 53 60 69 75 88 100 101 139 158 162 167 169
36 41 43 49 52 57 78 87 93 98 105 113 114 126 134 150 152 155 157 162 165 179 190
52 43 53 70 89 93 94 99 100 110 113 120 121 125 136 162 178 179 181 186 191
38 22 44 51 52 55 62 63 92 93 104 109 120 123 163 167 171 177 183 185
31 36 61 62 70 72 73 89 93 98 100 118 126 134 151 158 162 176 178 187 189
59 28 36 39 58 63 105 110 112 113 124 144 146 148 153 164 177 194
54 23 44 57 63 64 77 83 84 88 107 115 120 127 129 144 166 178
39 24 51 54 57 59 60 61 108 111 114 124 125 140 141 142 178 180 189
53 27 32 33 37 42 65 71 115 130 135 151 157 167 194 197
52 41 75 101 102 109 111 122 126 136 137 138 143 144 145 198 200
44 32 40 45 80 81 91 94 96 98 116 145 152 160 180
52 35 37 48 60 68 90 92 108 124 128 139 141 153 163 174 184 195
45 38 51 66 76 82 92 94 97 112 122 138 139 141 147 150 162 166 180 185
56 53 57 65 70 71 88 89 91 113 119 125 127 133 141 145 151 155 164 174 177
49 36 51 68 79 87 90 100 105 106 107 116 120 121 130 135 141 146 157 171 172 173 189 191 195
49 34 36 38 54 70 85 89 93 99 108 129 137 153 166 192
30 41 44 48 63 69 70 89 104 111 115 130 132 157 159 167 179 192
56 34 35 36 38 56 57 61 88 115 125 126 128 132 140 141 142 161 164 169 173 179 187 190 193
52 56 57 66 70 72 73 75 103 115 119 132 140 146 165 199
49 59 70 72 75 78 79 93 104 106 108 137 157 161 170 173 174 194
38 54 59 67 70 83 85 98 106 130 136 148 192 200
44 40 51 53 61 82 88 108 133 135 155 156 163 183 189
56 45 55 66 67 71 75 80 86 111 112 127 131 138 143 151 155 159 164 177 180
60 44 45 57 61 66 96 104 120 138 140 144 148 155 169 173 176 188 189 190 200
49 59 67 75 77 78 92 100 106 122 123 159 165 174 183 192
36 50 60 64 94 105 112 128 129 131 135 153 154 161 162 172 198
50 54 60 91 93 100 101 103 104 108 126 133 196
55 46 49 53 70 77 92 100 113 119 123 124 143 155 160 163 172 173 182
46 47 48 61 74 75 81 99 110 134 144 151 160 176 178 185 188 190 191 193
39 54 71 74 81 82 97 105 112 113 116 119 129 138 145 152 153 165 183 187
58 58 70 78 82 94 112 121 123 145 150 165 177 182 188
55 50 57 65 86 87 93 145 155 182 184
56 67 69 92 106 108 113 119 144 149 167 172 190
32 51 58 59 65 69 93 95 109 126 128 135 144 148 166 178 189 197 199
58 61 89 92 100 102 108 112 116 131 138 145 154 157 162 170 184 185 194 199 200
41 55 64 71 78 132 155 156 163 166
33 62 64 68 73 74 98 102 138 140 148 150 155 168 193
60 59 64 67 74 116 119 131 145 159 175 182
55 60 68 70 75 77 93 131 145 149 152 153 166 169 170 171 174 175
57 61 108 113 131 140 170 171
51 69 70 71 72 74 78 79 81 106 112 121 126 137 140 146 169 175 186 191 196
52 58 66 73 83 90 92 102 105 111 112 121 128 129 143 150 167 188
56 78 87 94 112 133 135 137 156 185 188 191 194
38 69 73 74 78 80 87 100 128 137 146 152 153 165 174 184 195
33 65 66 72 81 89 102 134 140 154 158 173 196
58 68 76 80 89 103 108 109 112 113 120 123 131 135 179 183 184 189 193 194 199
49 71 79 82 84 97 110 117 119 148 151 163 168 171 175 177 191
37 64 90 91 104 128 145 154 156 160 166 170
35 67 80 83 96 113 136 150 153 171 178 181
55 68 87 90 91 95 100 101 111 121 143 145 150 157 158 170 190
57 70 73 74 75 82 84 92 111 112 117 123 124 125 126 137 162 163 167 169 177
57 74 78 118 120 123 152 154 157 178
33 98 110 118 123 126 141 144 161 181 189
57 74 130 145 157 164 186 191 196
50 78 101 111 135 144 161 164 171 173 196
30 83 90 98 117 159 164 179 181 183 194 200
45 73 81 102 104 111 112 136 149 151 155 156 161 171 176 177 200
32 86 89 95 104 119 131 141 166 177 181 186
35 79 81 82 95 113 125 128 141 142 148 150 169 186
34 77 93 95 97 100 103 105 107 115 126 140 143 146 149 157 175 176 177 184
35 93 106 108 115 125 135 163 175 183 195 198 199
49 86 101 108 113 122 134 140 156 169 187 189 193 194 196 198
31 83 84 130 132 148 174 193 200
59 81 85 89 99 109 110 122 124 131 135 136 137 150 152 170 175 195
49 90 108 110 118 135 144 154 163 170 182 185 199
33 93 105 107 117 120 121 127 130 132 138 144 150 164 173
47 83 112 119 130 136 156 170 177 189 200
37 87 88 92 93 112 136 137
51 88 91 96 106 111 140 155 156 165 180
48 114 118 120 137 142 144 146 172 174 181 182 192 193 197
53 89 113 140 141 159 163 174 189
56 97 112 115 117 122 126 134 145 165 169 170 171 177 180 196 197
32 126 138 139 165 167 176 192 197
36 95 121 126 127 150 170 173 177 180 188
59 97 120 137 142 152 181
42 106 122 157 163 171 200
47 97 105 121 124 130 142 146 148 167 187 193 197
34 103 109 115 119 128 131 134 144 147 171 181 190 193
32 101 104 111 120 129 135 182
57 102 108 116 118 136 150 157 181 195 198
30 107 127 164 165 179 182
57 99 102 112 115 122 138 140 164 184 190 192
36 119 120 124 137 144 161 162 170 179 181 189 200
58 128 159 162 164 165 184
33 109 114 133 145 165 167 168 177 179 188 199
43 106 113 147 152 155 167 185 196
56 108 113 123 128 130 134 152 162 188 194 195
37 109 113 122 140 143 144 162
32 112 119 145 153 166 174 177
47 110 111 132 134 155 173 175 182
51 108 109 133 139 160 166 169 170 198
32 116 152 166 181 186
50 109 112 123 147 149 164 176 179
32 118 128 131 143 157 158 163 188 195
50 111 112 113 123 124 127 131 133 135 145 149 156 159 163 164 167 172 173 184 192 194
39 114 125 131 139 166 175 176 192 197
36 149 155 157 160 165 168 171 195
45 115 121 124 137 151 171 172 176 182
56 122 136 162 181
47 118 140
60 122 129 154 158 166 172 190 191
57 125 140 143 148 152 184 187
54 154 171
45 127 130 153 154 176 186
32 130 141 155 170 177 185 190 193
55 127 129 133 146 154 161 169 174 176 177 182 187 199
51 126 127 131 192 195
56 134 163 179 182 183 195 198
40 125 127 132 172 178 187 192 196
33 133 139 144 189 192 193
47 141 145 160 173 183 190 195
41 134 137 145 149 157 165 166 173 175 183 186 189 199
33 139 148 150 160 172 177 179 193 199
51 131 143 145 146 154 160 164 176 186
42 143 147 152
57 138 141 152 156 195 200
31 133 139 142 148 153 157 160 180
31 139 142 152 164 175 186 188 191
30 155 173 175 179 199 200
60 137 148 179 191 193 198
57 167 182 191
50 141 144 145 147 167 177 185
60 141 142 171
45 147 158 177
49 162 192 200
59 145 147 148 155 162 165 176 182 195
39 152 155 158 168 182
44 147 152 167 174 195
46 146 152 154 168 169 172 173 174 186 187 192
41 146 153 156 158 159 188 190
49 162 166 175 193 200
30 150 160 178 183
54 159 198
37 152 154 164 182 185 197
35 159 191
58 152 162 184 186
39 163 167 187
33 156 163 168 177 184 200
59 156 159 162 166
50 176
52 157 166 198
60 161 179 180
59 178 183 187
45 166 169 175 180 199
60 200
57 170 194
55 169 178 188 199
55 181 184
58 184 187 198
56 171 172 200
58 167 172 182 188 197 198
56 189 195
38 169 170 177 195
50 178 179 186 196
40 179 185 195
57 191
34 175 184
44 198
59 180 182 189 194 195 199
36 176 183 186 197 199
56 188
34 195 200
41 182 183 192 193
52 190 195
36 190 197
36 187
47 189
32 189 190
40 196
31 191 198
58 195
45
31
49 194
31 194
31 194 200
56
58 196 197
41 199
48 196
30 199 200
42
57
60
57
