50	5	1000	1
0	29	11
0	14	9
0	20	16
0	99	7
0	79	7
146 28 49
62 5 8 10 14 34 40
83 8 21 36 43 47
120 12 16 24 27 36 45 48 50
140 14 37 41 48
140 24 48
107 26 29 46
140 26 49
106 17 28 45
73 12 15 29 38 49 50
110 16 20 22 38
124 14 28 32
114 18 44
86 15 18 22 25 31 36 38 39 44
128 25 36 44 48
92 20 26 30 41 46
78 31 32
119 48 50
73 28 32 34 38 45 48
61 23 36 43 45
55 28 31 32 42 44
101 32 38
111 24 29 42 49
129 26 34 38 48 49
68 36 43
137 28 32
62 30
105 44
143 47
60 34 41 42
63 32 39
120 34 37 40
120
125 42 44 49
80 40 43 46 50
128 37 45
99 42 44 45
115 49 50
120
61 41 46
128 50
115
126 44
118 47 48 50
110
106
74
68 50
127
90
