200	5	10000	10
-4	200	50
-4	503	35
-1	669	47
-3	631	32
-5	396	36
2901 10 17 21 22 23 31 39 48 52 62 74 80 99 104 113 114 119 128 136 141 152 153 174 177 188 191 197
2347 7 29 37 41 43 51 68 91 93 97 104 113 118 131 135 136 147 148 153 170 180 184 185 192
482 8 21 29 38 39 45 49 51 75 78 79 82 83 93 95 100 109 114 118 125 128 145 149 153 155 159 165 169 180 183 198
2606 16 31 35 45 48 56 99 104 120 123 125 133 144 182
882 14 26 31 39 42 85 91 98 103 116 118 121 138 159 165 192
429 12 15 20 32 65 73 74 75 82 86 123 125 131 140 160
2342 8 29 54 63 93 98 118 119 128 129 150 154 158 160 167 172 173 192 197
2542 36 91 108 123 133 139 157 161 167 174 186 192 193
2609 48 61 74 119 122 144 186
467 23 32 40 42 47 66 72 101 103 105 107 128 129 131 149 153 155 161 162 181 195
428 17 59 62 69 72 79 82 114 115 117 130 155 169 183 186 197
2092 29 53 70 84 97 106 134 137 151 163 166 182 185
699 46 53 54 61 69 78 81 95 96 106 113 118 120 123 127 131 134 144 152 155 159 160 167 176 179 182 185 186 187 196
209 17 26 37 41 45 46 53 69 72 81 98 144 152 180
2700 16 24 39 45 47 52 58 74 79 91 100 106 107 108 131 133 148 164 175 185 191 193 199
2580 19 27 28 53 54 68 76 88 102 107 112 126 132 147 163 165 168 193 198
897 25 33 66 67 68 91 99 103 107 129 137 148 152 158 163 173 176 178 179 180 182 193 197
2882 24 57 62 77 79 84 85 92 102 105 125 131 160 169 172
2329 26 36 51 96 105 109 121 130 148 149 189
1164 25 33 46 55 72 91 93 108 113 115 122 130 141 161 163
1004 23 34 44 65 66 71 74 76 96 123 150 151 169 173 182 197
2749 27 35 49 70 89 90 91 97 106 110 117 136 146 152 153 156 190 192
2162 55 71 74 84 89 100 109 164 168 176 181 188 191 194 196
1975 25 90 119 120 136 149 150 154 171 174
1475 28 38 39 42 56 62 63 72 73 93 113 127 133 156 166 174 193 194 195
2329 42 49 62 88 105 110 111 113 117 119 125 134 136 175 177 185 198
106 32 66 70 93 99 108 109 111 125 133 139 161 184 200
1747 46 53 66 78 95 106 109 116 121 134 141 163 165 166 172 179 180 186 188 194
778 31 32 42 54 66 75 78 86 110 118 143 152 157 194
259 45 46 88 97 102 114 115 116 118 120 138 150 160 173 187
1800 34 50 52 62 74 85 89 94 95 100 117 124 150 153 168 173 187 195
634 37 55 59 66 68 96 98 101 105 118 154 162 165 173 174 186
1745 44 60 62 68 70 71 73 79 82 100 118 120 123 159 170 181
974 38 44 59 64 65 70 86 96 111 118 125 128 151 152 165 175 187 189
109 39 51 64 74 81 89 98 112 115 122 140 150 153 155
880 48 51 62 65 106 124 126 129 138 140 145 159 161 165 167 173 177 189 199
2591 38 48 55 72 87 97 132 138 140 150 181 186
189 59 61 74 83 91 92 101 103 114 124 127 136 141 161 172 175 187 191 194 200
1150 50 53 64 70 74 86 92 97 108 113 120 124 132 141 146 158 167 179 200
273 50 51 59 61 92 102 115 124 129 142 178 193
942 71 77 79 86 98 133 143 154 165 173 193 200
667 58 66 77 80 86 88 98 108 116 121 127 130 135 160 177 194 200
268 44 52 53 64 88 113 120 125 135 146 152 157 176 184 189 200
2058 48 51 56 64 97 134 152 153 166 174 198
2397 48 74 88 90 101 129 145 147 165 170 172 173 174 184 187 188 194
2062 60 87 95 108 111 115 122 161 165 168 184 189
2965 49 53 56 60 62 64 74 87 100 106 109 140 152 153 167 180 184 188
1336 52 56 85 95 110 120 125 131 133 134 139 149 166 168 170 171 185 189
369 69 70 90 95 96 102 112 113 140 142 173 181 190 196
911 51 52 55 65 75 82 89 96 101 134 144 150 181 187 200
2167 59 76 91 97 103 105 127 128 143 158 169 171 172 175 186 198
1254 60 66 73 75 107 110 114 120 136 137 146 150 153 155 159 163 169 189
488 65 70 80 82 97 108 111 118 120 141 165 180 193 200
2363 60 62 65 66 68 86 89 90 104 107 119 122 132 142 163 170 176 179 188 191
1432 70 82 83 86 89 136 153 158 167 190 195 197
683 63 68 70 85 90 91 96 108 114 127 131 147 172 175 178 182 187
2570 70 77 82 87 97 106 118 119 158 160 174 182 184 189 196
864 66 101 103 126 142 163 175 185 190
712 79 82 95 104 108 122 123 149 160 171 199
2883 65 92 105 116 123 132 144 146 151 155 163 173 174
166 67 73 74 80 85 100 123 142 145 182 187 192 195
1623 70 85 94 102 104 108 113 117 119 123 129 138 142 144 145 148 149 152 179 181 183 195
1462 67 70 88 90 91 96 107 119 134 135 137 142 143 152 185
285 69 91 104 106 123 128 130 131 134 172 180 188 197
2583 71 72 73 76 95 98 103 105 142 173 182 194 196 199
607 69 81 88 89 90 105 144 151 154 169 177 191 192 196
2957 77 87 102 106 115 116 122 142 146 149 152 160 163 167 180 194
337 86 97 102 103 145 149 176
763 82 91 100 106 111 115 132 136 159 162 168 180 187
154 71 78 81 93 94 103 115 153 154 162 165 182 196
2073 90 104 106 112 119 122 123 124 125 149 162 163 164 169 170 172 176 181 186 194 199
1013 76 113 127 129 132 138 147 151 162 176 180
1928 82 100 105 107 125 126 162 166 170 171 187
2346 90 111 114 116 125 136 143 145 148 164 178 183 187 189 197
1338 86 90 92 101 103 108 114 133 136 140 143 154 165 183 188 194
510 78 84 89 101 107 124 134 144 173 175 183 189
2777 83 87 98 111 117 146 148 167 171 183 190 198
1240 84 86 122 123 129 136 154 172 179 190
1638 81 99 102 103 113 117 127 131 136 169 170 173 189 192
1211 90 93 102 109 110 121 134 135 157 162 179 181 190 199
2489 100 130 134 136 161 173 179 181 193 198
1301 91 107 148 155 157 161
297 101 109 118 123 148 153 167 173
782 91 103 122 125 139 151 172 175
350 87 90 95 103 112 148 152 158 187 191 199
2052 130 148 158 172 194
2489 106 109 114 133 135 138 152 153 162 168 177 183
504 91 92 112 132 140 142 144 188 189 191 197 199
2033 93 97 100 104 108 121 128 135 137 152 153 158 159 170 171 173 181
1878 94 108 125 130 132 149 174 179 181 192 197
2602 108 125 134 141 149 153 158 162 168 169 177 179 184 186 194 199
2180 98 102 103 106 116 134 148 153 173 194 195
2357 97 126 131 137 144 148 149 164 169 174 182 192 197 200
2994 123 127 136 165 169 170 176 187
2313 102 107 129 153 166 171 176 177 184
1922 118 125 132 133 168 173 178 182 187
853 107 125 138 148 157 170 174 175
2051 111 122 127 128 148 150 152 153 161 162 175 197
437 122 128 140 155 158 159 182 190 195 199
2609 118 130 134 136 137 146 148 159 165 167 180 182 195 197
879 118 137 139 145 152 174 181 184 186 189 190 193 196
579 113 120 122 127 146 155 167 184 185 188 197
575 138 141 142 150 155 157 161 165
1534 111 145 163 168 169 170 182 184 189 196
1568 124 129 142 155 180 185 197 200
2268 111 116 119 121 137 141 146 161 162
580 109 113 123 138 147 164 165 167 184 188 189 191 193 194
1691 110 115 121 123 124 128 145 157 164 178 179 185 190 193
728 118 137 140 147 167 175 183 199
652 127 141 142 146 162 173 179 196 197 200
2599 112 115 133 138 143 144 159 173 174 184 186 195
2858 116 126 148 167 173 180 189 196
2517 114 118 145 151 155 157 165 172 174 179 184 187
1689 117 118 139 150 168 173 185 190 198
755 122 126 136 153 172 179 197 200
2973 135 139 141 154 159 170 190 193 195
2012 119 121 135 146 152 157 158 191 195 197
2920 122 137 166 180 183
1955 130 131 173 179 193 198
571 125 132 153 167 169 174 191 196
2387 125 134 146 148 157 158 159 167 172 176 186 197
1602 127 129 132 145 151 158
1482 133 138 146 174 186 188 194 196 199 200
483 130 137 157 165 174 185 189 190 197
2641 136 164 173 175 182 191 195
771 132 141 166 170 173 174 175 183 190 192
1578 132 150 152 153 154 163 185 196 198
835 131 132 133 137 138 149 164 177 188 192
1751 134 144 158 175 189
1325 137 154 186 191 199 200
1507 138 143 145 148 161 169 179 184
2914 135 146 168 174
1758 140 141 153 157 158 179 183 184 190 195
1913 144 146 150 153 157 175 179 197
2836 149 193 195
1464 141 145 153 156 165 174 178 181 185 196
546 150 156 161 163 172 174 186 191 196
1398 144 155 171 180 190 192 197
2988 140 154 169 176 180
2117 141 150 171 183 192 197
354 142 151 157 163 171 177 181 195
474 146 149 176 177 180 183 195
962 155 183 186 195
2641 146 148 153 168 172 173 196
838 152 168 193 200
261 148 160 185 186 196
916 156 162 163 168 177 182
2433 151 162 173
2890 150 192 193 195
2431 156 172 175 184 192
2765 158 163 166 187 198
1650 159 181 190 192 196 197 199
361 155 159 170
1435 157 164 166 196
1395 162 175
1724 162 171 183 186
2738 163 173 177 179 183 190 197
2722 168 169 170 175 179 185
1625 184 185
2346 161 184 193
545 174 178 198
2041 168 186
1847 167 187
132 169 179 180 181 199
1126 171 179 190 197
2988 173 177
701 170 173
512 172 187 195
1166 180 185 197
1008 173 178 181 191 197
1934 180 181 188 199
2506 177 181
1091 190
2899 184 186 193 194 196 198
1228 182 200
1064 177 186 197
1817 179 187 197
1227 187 189
2681 180
2697 200
2566 185
590 185 193
513
1911 197
1375 192 196
2929 198
642
887 191
1797 199
1813 198
2095 194
2573
2607
2765
272
2784
830 198
1292
390
1638
