75	10	1000	1
0	54	6
0	47	6
0	18	4
0	31	8
0	30	6
0	42	10
0	77	13
0	31	8
0	94	9
0	44	5
249 13 22 33 42
156 5 29 41 59
272 6 7 9 10 14 15 16 46 54 55 60 73
270 12 22 23 28 30 34 46 61
228 10 45 67
168 8 13 19 53 64 67
215 10 12 16 27 33 41 45 58 60 63 64
276 10 13 25 42 51 70
274 22 41 43 52 61 70
197 18 32 37 46 51
191 15 42 55 62 70 75
154 33 46 53 57 67 74
295 15 22 25 43
278 25 37 57 70
282 44 49 54 56
173 31 34 36 53 55 62
176 19 32 35 37 40 41 55 56 64 71
267 23 24 42 45 47 50 51 73 75
227 27 42 47 48 60 64
253 22 25 32 40 41 48 51 55 64 74
153 26 38 40 57 58 64 71
288 23 27 33 47 75
279 24 33 39 45 55 59 69 74
195 36 37 41 53 56 74 75
155 28 51 53 63 73
180 30 35 39 56 62 75
300 34 49 64 70 72
290 32 70 74
213 30 66 71
178 33 37 47 74 75
157 36 60 69 71 75
209 52 63 74 75
278 34 38 41 45 51 63 72 75
290 37 41 65 67
172 61 73
275 43 57 66 69
297 38 51 58 62 73
267 59 71
256 41 54 70
150 41 43 71 73
203 44 45 49 55 73
150 54 67
205 57 59 66
157 51 59 61 69 72 73
292 50 52 69 72 75
279 50 59 72 75
300 54 60
194 66 73 75
193 50 67
281 70 73
281 54 55 66 70
164 69
274 56 64 69
270 69 70
218 75
276 57 58 65 66 67 73
279
280 65
243
157 65 66
153 63 75
152
206
209
250
209 71 72
202
288 70 72
299 72
215
298 75
151
291 74
234
197
