25	5	200	1
0	29	5
0	20	7
0	29	7
0	38	3
0	29	3
53 3 5 6 7 11 12 15 16 17 18 19 22 23 25
30 3 4 5 6 9 10 11 12 14 15 16 17 19 20 22 23
37 5 10 11 18 19 20 21 23 24
38 6 7 8 9 14 16 19 23 25
56 6 7 9 10 13 15 17 18 20 21 22 23 24
39 8 9 10 11 12 13 14 15 17 18 19 20 21 25
32 8 9 10 12 14 15 19 20 23 25
56 10 15 16 19 20 21 23 25
60 10 11 14 15 16 17 18 19 20 21 22 23 24 25
39 12 13 18 19 22 24
35 13 14 15 16 18 19 21 24 25
45 15 16 18 20 22 24 25
55 14 16 17 19 20 21
38 17 18 21 22 23 24
55 17 19 23 25
36 20 22 24 25
50 18 19 20 21 23 24 25
32 20 21 22 25
32 20 23 24
45 21 23 25
47 22
46 23 24 25
47
40 25
56
