200	5	10000	10
-2	409	48
-5	443	34
-4	852	46
-1	803	33
-1	259	39
1702 2 3 5 7 10 11 13 16 19 22 24 26 27 29 30 32 33 35 36 38 39 41 42 43 46 47 48 50 52 54 56 57 58 59 60 61 70 73 74 75 78 80 81 82 83 86 89 90 91 92 93 94 96 98 100 101 104 105 107 108 110 111 114 115 116 120 123 125 128 131 133 134 135 137 138 139 141 142 144 145 146 147 148 149 150 153 154 157 159 160 162 164 165 166 167 169 171 172 175 176 177 178 179 180 181 187 189 190 191 193 196 199 200
2033 3 4 6 7 8 9 11 14 16 18 19 20 21 24 26 27 30 31 32 33 35 37 40 42 43 44 45 46 47 48 49 50 52 53 56 57 58 59 61 62 63 64 67 68 69 70 72 73 75 76 79 82 83 84 86 88 89 91 92 94 95 101 104 105 106 109 111 115 116 117 118 119 122 124 126 127 128 130 132 133 135 139 140 141 142 143 144 145 146 147 148 149 150 154 155 156 157 158 159 160 162 163 164 165 169 170 174 175 176 177 178 179 181 182 183 184 185 187 188 192 193 194 195 196 197 198
2623 6 8 9 10 13 14 16 18 19 22 24 25 28 29 31 32 33 34 35 36 38 39 41 43 45 46 48 51 52 53 55 58 61 62 63 65 66 67 68 69 70 71 72 75 78 79 80 81 82 83 86 87 88 89 90 94 95 96 98 100 102 103 105 107 110 111 113 114 115 116 117 118 120 121 123 124 125 126 127 130 131 140 142 145 146 147 148 149 151 152 153 154 155 157 158 163 165 166 167 169 170 172 173 174 175 176 177 178 180 181 183 185 186 187 188 190 191 192 195 196 198 199 200
2954 5 6 7 10 12 13 14 15 16 17 18 20 22 25 26 27 28 32 33 34 35 36 37 39 40 41 42 43 46 47 48 49 50 51 52 53 54 56 57 58 62 63 64 65 66 67 70 71 72 74 75 76 77 80 81 82 83 86 87 89 90 91 93 94 95 97 98 99 101 102 104 107 108 110 111 112 113 114 115 117 118 120 123 127 128 130 132 133 134 135 136 137 138 139 140 141 142 143 144 145 146 150 151 152 154 156 157 159 160 162 163 167 169 170 173 176 177 178 179 180 182 183 185 189 191 193 196 197 198
2941 7 10 11 12 13 14 16 17 18 19 20 23 24 25 27 28 30 31 32 33 35 37 39 42 45 47 48 49 50 51 52 53 54 55 56 57 58 59 60 61 62 65 70 71 73 74 75 78 79 80 81 82 83 85 86 87 88 89 91 92 93 94 95 97 98 101 103 104 106 107 108 110 111 112 114 115 116 119 120 121 122 123 124 126 127 128 130 131 132 133 134 136 137 138 139 140 142 143 144 147 148 149 150 151 152 156 157 158 161 165 166 168 170 173 178 179 180 181 182 184 185 186 188 190 191 192 194 195 196 198 199 200
2417 7 11 12 14 15 17 20 24 25 26 27 31 32 33 36 37 40 42 44 45 46 47 49 50 51 54 55 56 57 58 60 62 63 65 66 67 68 69 71 73 76 77 78 80 82 83 86 87 90 91 92 93 95 96 98 100 104 110 113 115 116 117 118 119 121 122 123 125 127 128 130 131 132 136 138 139 141 145 146 147 150 153 154 157 162 163 164 166 167 168 169 170 172 173 174 175 177 178 179 180 182 184 187 188 190 191 194 195 197 198 199 200
2947 8 9 11 13 15 19 20 21 22 23 25 26 27 30 32 33 36 37 38 39 40 41 43 45 46 49 51 53 56 57 58 59 60 62 63 64 65 66 67 68 69 70 71 72 73 74 75 76 78 80 81 82 84 86 89 90 91 92 93 94 95 96 97 98 100 101 102 103 105 108 110 112 113 114 115 118 119 120 122 123 124 127 129 130 132 133 135 136 137 140 141 143 149 150 151 152 154 155 156 157 159 161 162 165 168 171 172 174 175 177 178 180 182 187 188 190 191 193 196 197 199 200
2411 10 12 13 14 15 17 20 22 23 24 26 30 31 32 35 36 38 39 40 41 42 45 47 48 49 53 54 57 58 61 64 65 69 71 72 73 74 75 76 77 78 79 81 82 83 84 86 87 89 90 93 95 97 102 104 105 107 108 109 110 111 113 114 115 117 118 120 121 125 128 129 130 131 137 138 140 142 143 144 146 149 151 154 155 157 158 159 160 161 163 166 167 169 170 173 175 177 178 179 181 182 183 184 186 187 188 190 191 196 199 200
1882 10 11 12 13 14 15 17 18 19 22 23 24 25 28 29 30 31 32 33 35 36 38 39 43 45 46 47 48 49 50 51 54 55 56 58 59 60 61 65 67 68 73 74 76 77 80 81 82 83 85 87 88 90 91 93 94 95 96 97 98 99 101 102 103 104 105 106 108 110 111 112 113 115 116 117 120 122 123 125 127 128 130 131 133 134 136 137 138 139 140 141 143 147 148 149 151 152 153 154 156 157 158 159 160 162 164 165 167 168 173 176 177 178 180 182 183 184 188 189 190 191 192 193 196 197 199 200
2475 12 13 14 15 16 18 19 20 23 24 26 28 33 36 37 38 39 40 42 44 45 46 47 50 52 53 56 58 59 63 66 67 71 72 74 75 78 79 80 82 83 85 86 87 91 93 96 97 99 100 101 102 105 106 110 111 113 114 115 120 121 122 124 126 129 130 132 133 135 136 137 138 139 140 141 142 143 145 146 147 151 152 154 155 156 157 162 163 164 165 166 168 169 174 175 176 180 183 184 185 187 188 190 194 195 196 197 199 200
1806 12 15 17 18 23 24 26 28 29 30 33 34 35 37 39 40 41 42 43 46 48 49 51 55 56 60 62 64 65 66 67 68 70 72 74 75 76 77 79 81 82 85 86 87 88 94 95 96 97 98 99 101 102 103 105 107 108 109 112 115 116 118 119 122 123 125 126 127 128 129 130 131 134 137 138 140 145 146 149 150 152 153 154 155 156 157 160 164 168 169 171 174 176 177 178 180 181 182 183 184 186 187 188 190 195 196 197 198 200
2754 13 15 16 23 24 27 28 30 32 35 39 41 42 43 44 46 47 48 52 53 54 55 57 58 59 60 61 62 63 65 66 67 68 70 71 73 74 75 76 80 82 83 84 87 89 90 91 93 94 96 97 101 102 103 104 107 108 109 110 114 117 119 121 122 124 125 127 128 129 130 131 132 133 136 138 139 141 144 146 149 154 155 157 158 162 166 168 170 173 175 179 182 183 185 186 187 189 190 191 192 194 196 197 198 199 200
1627 15 16 18 20 24 25 26 27 28 31 35 38 39 40 42 46 48 49 50 51 52 53 57 59 60 62 70 71 73 74 75 76 77 78 79 80 81 84 86 87 91 93 94 97 100 101 103 104 105 107 108 109 114 115 116 117 118 119 120 121 122 123 124 127 128 129 131 132 134 136 137 138 139 140 141 143 144 146 147 148 149 151 153 156 157 158 159 160 161 162 165 166 167 168 169 170 171 172 174 177 181 183 184 186 187 188 189 190 192 193 194 195 196 199
2733 16 18 19 23 25 26 27 29 30 31 32 35 36 37 39 40 41 42 43 45 51 53 56 57 58 60 61 63 64 66 67 68 69 71 72 73 75 77 79 80 82 85 88 90 92 93 94 95 96 97 98 100 101 104 105 106 107 108 109 110 111 113 114 117 119 120 121 122 123 124 125 126 127 129 130 131 132 133 134 135 137 139 140 141 142 145 146 148 149 154 156 157 158 162 164 165 166 167 169 170 171 173 174 177 178 179 181 184 185 186 187 188 190 194 196 197 198 200
1554 16 17 18 22 23 24 26 28 29 31 34 36 37 38 39 41 44 47 48 50 51 52 53 54 56 60 62 63 64 67 69 70 71 74 75 76 79 80 82 85 88 92 94 95 96 97 98 99 100 101 102 104 105 107 109 112 113 115 116 117 118 120 121 123 124 125 127 128 129 130 132 135 136 138 139 140 142 143 144 146 148 149 150 151 152 153 154 157 158 159 163 164 166 167 168 169 170 171 172 173 175 177 178 180 183 184 187 188 190 191 195 196 199
1737 17 18 23 27 28 29 30 31 32 33 37 38 40 43 44 45 46 51 61 63 64 65 66 68 71 72 79 80 82 85 90 94 95 101 102 103 104 105 106 110 112 116 117 118 120 122 124 125 126 128 129 133 138 139 140 141 143 144 145 146 147 149 154 157 159 160 164 165 166 167 169 170 171 174 175 176 177 178 179 180 181 183 186 187 192 193 194 195 197
2740 18 19 20 23 25 26 28 30 31 32 33 37 38 41 42 44 48 50 51 53 55 56 58 59 60 61 63 65 66 67 70 71 72 73 74 80 81 82 83 84 85 86 87 88 89 90 92 93 94 99 100 101 103 109 110 114 115 116 121 122 123 124 126 127 128 129 132 133 134 140 141 142 143 145 146 147 148 150 152 153 158 164 166 167 169 170 171 172 174 176 179 180 181 182 183 184 190 191 192 194 195 196 199
2970 19 20 22 23 26 27 28 31 32 33 35 36 37 38 40 41 42 43 45 48 49 50 52 54 58 59 60 61 62 63 64 66 67 70 71 74 76 78 80 82 83 84 86 88 89 90 91 92 94 95 96 97 98 99 100 101 103 104 105 106 107 109 111 113 114 117 118 121 122 125 128 129 131 132 136 138 139 140 142 144 147 149 152 153 154 156 160 161 162 164 165 167 168 169 172 173 175 176 178 179 180 181 183 185 186 187 188 190 191 192 193 195 196 200
2989 20 21 25 27 31 32 33 34 35 36 37 39 40 41 42 43 45 46 47 48 50 52 53 54 56 59 60 62 65 66 68 69 72 75 77 78 83 84 89 93 94 95 96 97 98 99 100 101 102 103 106 109 112 113 114 115 116 117 120 122 124 125 126 128 129 130 132 134 135 136 138 139 143 144 146 147 149 150 152 153 156 157 158 159 160 162 163 164 165 166 168 171 172 173 177 178 179 180 181 182 183 184 185 186 187 189 191 195 198 200
2891 21 22 23 24 25 26 27 29 30 31 32 36 37 38 39 41 42 43 44 45 52 55 58 59 60 61 62 63 64 65 69 72 73 75 76 78 79 83 84 85 88 89 91 92 93 94 98 100 102 106 107 108 110 112 116 117 119 120 121 123 124 126 127 128 129 131 133 135 136 138 139 140 141 145 146 147 149 150 151 152 153 154 155 158 160 164 165 166 167 168 169 170 171 173 175 176 178 179 182 183 184 187 189 190 191 192 193 194 195 199
2770 23 24 25 27 28 29 30 31 32 34 36 37 38 39 41 42 44 45 47 49 51 52 56 57 58 59 60 62 63 65 68 69 71 73 75 76 77 78 80 81 82 85 86 89 90 91 92 94 95 97 98 99 100 101 102 103 105 108 109 110 113 114 115 116 117 119 124 127 128 130 134 135 136 137 138 139 140 141 143 146 148 150 151 152 154 156 157 158 159 160 162 163 165 167 168 169 171 172 173 174 175 177 178 180 181 182 186 188 189 191 193 195 196 197 199 200
2032 24 25 26 27 28 30 33 34 35 36 37 38 39 41 47 48 49 50 52 55 56 58 60 61 63 64 66 67 69 70 74 75 76 77 78 81 84 87 89 90 94 95 96 99 100 102 104 106 109 112 113 114 118 119 120 123 126 127 129 130 132 134 135 140 142 143 145 147 148 149 150 151 153 154 155 156 157 158 159 160 161 162 163 164 165 166 167 168 170 171 174 175 176 177 178 179 181 182 184 187 189 190 191 194 195 196 199 200
1952 25 26 27 29 33 34 35 37 39 41 42 43 46 47 48 49 51 53 55 56 57 58 59 60 61 62 63 65 66 67 69 73 74 76 77 79 80 81 82 84 89 92 94 95 96 97 99 100 102 103 105 106 108 109 111 112 113 114 116 117 118 121 122 124 127 128 129 130 132 134 135 136 138 140 142 145 147 150 151 152 153 154 157 159 161 163 164 168 170 171 172 173 174 176 177 178 180 183 184 185 187 188 190 191 193 194 195 197 199 200
1869 26 27 29 31 33 35 36 37 38 39 40 41 44 45 46 49 52 53 55 57 59 60 61 62 63 65 66 71 72 77 78 79 81 82 83 85 86 87 88 90 91 92 93 94 95 96 97 99 100 105 108 109 110 111 115 116 118 120 122 123 124 125 126 128 129 130 131 132 136 138 140 142 143 144 145 147 148 150 151 152 153 154 155 157 158 159 160 163 167 169 171 174 175 176 177 178 180 181 184 185 186 187 189 191 193 195 196 197 198 199 200
2914 26 27 29 33 34 35 36 38 39 40 41 42 43 46 48 49 51 53 54 56 58 59 60 61 64 67 68 69 72 76 77 78 79 80 82 84 86 87 89 91 92 94 95 96 97 98 99 100 101 103 104 105 106 107 108 110 111 112 113 115 118 122 123 124 126 128 130 131 134 135 136 137 138 140 142 143 144 146 147 154 155 158 162 163 166 167 168 171 173 174 176 177 180 182 183 184 186 187 188 189 190 191 192 195 197
2437 27 28 30 32 33 35 37 39 40 41 43 44 45 46 47 48 51 52 53 54 57 58 60 61 62 67 68 69 70 71 72 74 75 80 81 84 85 86 88 90 91 92 93 94 95 96 97 98 99 102 103 104 105 108 110 112 114 117 118 121 125 130 132 135 136 137 138 139 140 142 146 147 148 151 153 154 155 157 158 160 161 162 165 167 169 170 172 173 176 177 180 183 185 186 187 189 192 195 196 199 200
2187 28 29 31 33 34 36 38 39 44 45 46 47 56 57 58 59 61 62 63 64 66 67 73 76 77 78 80 81 82 83 86 87 88 89 90 91 94 95 96 97 98 99 103 104 105 106 107 108 109 110 111 115 122 123 126 129 131 132 133 134 135 137 138 140 142 143 144 145 146 147 148 149 151 152 154 157 158 159 160 161 163 168 171 176 177 178 181 182 185 187 188 190 191 192 193 197 198 200
2832 30 31 34 35 37 38 40 41 43 45 47 49 50 53 55 56 57 59 63 65 66 67 70 71 72 75 76 78 79 80 81 83 84 85 89 91 93 96 97 100 101 102 103 105 106 107 108 110 112 115 116 118 122 123 125 126 128 132 133 135 137 138 139 140 141 143 144 145 146 147 149 153 154 156 157 158 160 161 162 163 164 167 168 169 170 171 173 175 176 178 180 181 182 184 185 187 189 192 193 194 195 196 200
2348 30 32 33 34 35 36 38 39 41 42 47 48 49 51 53 54 58 62 63 64 66 68 72 73 75 76 77 80 81 82 84 85 86 91 92 93 95 98 99 100 101 102 104 105 108 111 112 115 116 117 119 120 121 122 124 125 127 128 129 130 131 132 133 134 136 139 142 144 145 146 147 148 149 150 151 152 153 155 156 157 158 159 160 161 162 163 165 166 167 168 169 170 172 174 175 176 177 179 180 181 182 187 189 192 193 196 198 199 200
2356 31 32 33 35 36 39 40 42 43 44 46 47 50 52 53 54 55 56 57 58 59 61 62 63 64 68 73 74 75 77 78 79 80 83 84 88 89 90 94 95 96 97 98 99 100 103 104 105 107 108 109 111 112 114 116 117 120 123 124 125 127 128 129 130 132 134 135 136 140 141 143 144 145 147 148 152 158 159 162 163 165 166 167 168 171 172 174 176 177 178 179 183 187 189 190 191 192 194 196
2736 32 33 34 38 39 40 41 46 47 48 50 52 55 56 59 60 61 63 65 66 67 69 70 72 73 74 76 77 78 79 80 81 82 83 85 86 90 91 93 94 98 99 100 101 102 104 105 106 107 108 109 110 111 115 117 118 119 120 122 123 125 126 127 128 129 131 132 135 139 140 141 142 143 144 145 146 148 153 154 155 157 159 162 163 165 166 167 169 170 171 172 173 174 178 179 180 181 182 184 185 187 188 189 192 194 195 200
2456 34 35 38 42 46 47 48 50 51 52 54 55 56 57 58 59 60 61 63 64 65 66 67 69 70 73 75 77 78 79 81 85 86 87 89 91 94 98 99 101 102 103 104 107 110 111 112 113 114 116 118 119 120 123 127 130 131 132 133 135 137 138 139 140 144 145 146 147 148 149 150 151 153 156 158 159 160 161 162 163 165 166 167 169 170 171 172 173 174 176 178 179 181 182 183 184 186 187 189 190 191 195 197 199 200
2623 34 37 39 40 41 42 43 45 46 47 49 50 51 52 53 59 63 65 66 70 71 72 73 75 76 78 79 80 81 84 87 88 89 92 93 94 95 96 99 101 102 104 105 107 108 109 110 112 116 117 118 119 120 121 124 125 126 127 128 129 130 134 136 137 139 143 144 145 146 148 150 154 155 160 161 166 167 168 170 176 177 178 179 180 182 183 188 189 191 192 193 194 195 197 198 199 200
2147 40 44 45 46 49 52 53 57 58 61 63 68 71 72 73 75 76 77 78 79 80 81 83 85 88 91 92 95 97 98 99 101 103 104 105 106 107 110 111 112 113 114 117 118 119 123 124 125 127 128 130 132 135 136 138 140 141 142 143 146 148 149 151 152 154 158 160 161 162 163 165 167 169 170 171 172 173 176 178 180 181 183 186 189 190 192 193 194 195 199
1937 36 38 40 41 43 45 46 47 48 50 51 53 55 56 57 58 59 60 61 62 63 64 66 69 71 72 73 74 75 76 77 82 83 87 91 92 94 96 98 100 101 102 103 105 106 108 109 110 111 113 114 117 118 119 121 122 123 124 128 131 132 134 135 136 138 139 140 144 145 146 148 149 152 153 156 157 160 163 166 167 169 170 171 173 175 176 177 178 180 181 183 184 185 187 188 189 194 196 199 200
2969 38 39 42 44 45 46 47 48 49 50 51 52 53 55 56 57 59 60 62 63 64 65 66 68 69 70 74 75 76 84 85 86 89 90 91 92 93 95 96 97 98 99 100 101 104 105 106 108 109 111 112 113 114 115 116 117 118 119 120 121 122 125 127 129 131 132 137 140 143 144 146 147 149 151 152 153 156 158 159 160 161 162 163 164 166 168 169 175 179 181 184 185 186 187 189 190 195 198 199 200
2753 39 40 41 44 45 47 48 49 50 51 52 53 54 55 56 58 60 61 64 67 70 74 76 78 79 81 84 85 86 87 88 91 92 93 94 95 100 102 103 104 105 107 108 109 110 111 112 114 118 119 120 122 123 124 125 129 131 132 133 134 135 136 137 138 139 141 142 143 145 146 147 153 154 155 157 158 159 160 162 165 169 170 171 173 174 175 176 179 180 182 184 185 191 192 193 195 196 197 198 200
1890 40 42 46 47 50 51 52 53 54 58 63 65 66 67 68 69 70 71 73 74 77 78 79 82 85 86 87 88 89 90 91 92 93 94 97 98 100 102 103 105 106 107 108 109 112 114 117 118 119 121 124 126 127 128 129 131 133 134 135 136 137 139 141 142 143 144 145 146 147 148 151 152 154 155 156 158 159 161 162 170 171 172 174 175 177 181 184 186 188 189 191 193 195 196 197 198
2312 40 41 44 45 46 47 48 49 50 51 53 54 56 59 60 61 63 64 65 67 68 72 73 75 78 81 82 83 84 86 87 90 91 92 93 96 97 99 100 103 107 108 110 111 112 113 116 118 119 120 121 122 126 127 129 131 132 134 135 137 138 140 141 144 146 147 148 153 154 155 159 160 164 165 166 167 168 170 171 172 176 177 178 180 181 182 183 185 186 187 188 189 192 193 194 195 197 198
2427 41 43 45 46 47 48 49 50 53 55 56 63 64 65 66 71 72 73 77 78 79 81 85 86 87 89 91 94 95 96 98 102 103 104 107 110 111 113 114 116 117 119 120 121 122 123 125 126 127 128 130 131 132 133 135 137 138 141 143 147 148 151 154 157 158 159 162 163 164 166 167 168 169 171 172 173 174 176 177 180 181 184 187 188 189 190 191 192 193 194 195 196 198 199 200
2070 42 43 45 47 48 49 53 57 59 60 61 62 63 64 65 67 68 70 71 72 73 74 76 79 80 81 82 85 86 87 89 90 91 93 94 95 96 97 98 99 100 102 103 105 106 107 108 110 111 114 115 116 118 122 123 124 125 126 129 131 133 134 136 137 140 147 149 150 152 153 158 160 162 163 165 166 167 169 170 173 174 177 178 179 180 181 182 183 184 185 186 187 191 192 193 194 195 196 199 200
1586 44 45 46 48 49 52 54 57 58 62 63 66 67 70 71 72 74 75 76 79 83 84 87 90 91 92 93 96 97 99 101 102 103 104 105 106 107 108 109 111 112 113 114 115 116 118 119 120 123 124 125 126 127 128 129 131 133 134 136 137 140 141 143 144 146 147 148 153 155 156 157 159 160 161 162 163 164 165 168 173 175 176 178 180 181 182 183 184 188 189 190 191 192 196 197 200
2096 44 45 46 48 51 54 57 59 60 62 65 67 68 70 72 73 75 76 79 80 81 84 85 88 89 92 94 95 97 100 102 105 106 107 109 110 111 112 113 114 116 117 119 120 121 122 125 126 128 130 131 132 133 136 137 140 141 142 145 146 147 148 151 156 158 159 160 162 164 165 167 170 171 173 174 175 176 181 183 185 188 189 190 195 196 197 198 199 200
2971 45 46 47 48 49 52 53 54 55 56 59 61 65 67 68 69 70 73 74 75 76 77 78 79 80 82 83 84 85 86 88 89 90 91 92 94 95 96 97 100 101 103 105 109 110 112 114 116 117 118 119 121 124 126 127 128 129 130 131 133 135 136 137 139 141 143 144 146 147 149 150 152 160 161 162 163 164 165 168 169 170 172 173 174 176 179 180 181 183 184 186 187 188 192 194 200
1573 46 47 48 50 52 53 56 57 58 59 60 62 64 65 70 74 75 77 78 79 80 82 84 85 86 87 89 90 91 93 97 98 99 101 102 103 104 105 107 108 109 110 111 112 113 114 116 117 121 123 124 125 127 129 130 131 132 133 134 136 137 139 140 141 142 143 144 145 146 147 148 152 153 156 160 161 164 165 167 168 169 170 171 172 174 175 176 177 178 180 181 182 183 185 187 192 193 195 196 198 200
2992 47 48 49 52 60 61 62 63 65 67 68 69 70 71 72 74 77 78 79 80 81 82 84 85 86 87 88 90 91 92 93 94 95 99 107 108 109 112 116 118 119 120 121 122 123 124 126 130 131 134 135 138 142 143 144 147 149 150 153 154 156 158 161 162 165 166 167 168 170 171 172 173 174 176 177 178 179 180 181 184 186 187 188 189 190 191 192 194 197 198 199 200
2349 48 49 51 52 53 54 55 56 57 62 63 65 66 67 70 72 74 76 78 79 80 82 84 88 89 91 92 93 94 95 96 97 98 99 100 103 104 105 106 108 110 112 113 114 121 123 125 126 129 131 132 134 137 138 141 144 147 148 149 150 152 153 155 157 159 164 165 166 168 169 172 173 176 177 178 180 181 182 184 186 187 188 189 190 191 192 193 194 196 200
2373 49 50 51 52 54 55 59 63 65 66 68 69 70 71 74 75 76 77 79 80 81 84 86 87 88 89 90 91 92 93 96 97 98 101 102 103 105 107 109 110 111 112 113 115 116 118 119 120 121 122 125 126 128 129 130 131 132 133 136 137 139 141 142 146 147 149 152 153 154 155 160 161 163 166 167 169 171 174 175 176 178 179 180 182 183 184 185 186 188 189 191 192 193 194 195 196 197 198 199 200
2694 50 51 52 53 55 56 57 58 59 60 61 63 65 67 71 74 75 76 77 81 82 84 87 88 89 90 91 92 93 94 95 96 99 100 101 102 104 108 109 112 113 115 116 117 118 120 123 124 126 127 128 129 132 133 137 138 139 140 141 146 147 148 149 150 151 153 154 155 157 158 159 160 161 163 164 166 167 170 171 173 175 176 178 179 180 181 182 186 187 188 189 190 191 193 194 195 196 198 199
2533 51 53 54 57 58 62 63 64 65 67 68 69 70 71 75 77 79 80 84 85 87 90 91 92 93 95 97 100 101 102 103 104 105 106 107 110 112 115 116 119 121 122 124 126 128 130 131 133 134 135 137 138 140 141 142 144 145 146 147 148 150 151 153 154 155 156 157 158 160 162 163 165 166 168 169 170 171 174 175 177 179 181 183 184 187 190 191 192 193 195 196 197 198
2077 53 55 57 60 62 64 69 70 71 73 74 75 76 77 78 80 84 85 88 89 90 92 93 94 95 98 99 100 101 102 105 108 109 110 111 114 115 116 117 120 121 123 124 125 128 130 132 133 134 135 139 142 143 145 147 148 149 150 152 153 154 158 160 165 167 168 169 171 178 179 181 184 186 188 189 192 195 196 199 200
2751 53 54 55 56 59 63 65 66 67 69 70 76 77 78 79 80 81 84 85 86 87 90 91 92 94 95 97 98 103 104 107 110 111 114 116 118 119 120 121 123 125 127 130 132 133 135 136 137 138 139 140 143 144 147 148 151 152 157 158 159 161 162 163 164 167 168 169 170 171 172 173 174 178 179 183 184 187 188 190 191 193 194 195 196 198 199 200
2182 54 55 56 57 58 60 61 62 63 65 66 67 68 69 70 71 72 74 75 78 79 83 84 85 86 87 88 90 93 94 95 99 100 103 107 108 110 113 116 118 120 122 123 124 125 127 128 130 132 133 135 136 139 140 141 142 143 144 145 147 148 150 152 155 157 158 161 163 166 167 168 172 174 176 177 178 179 180 181 184 189 191 192 195 196 197 199 200
1954 55 56 57 60 61 63 64 66 68 70 72 73 75 76 77 78 81 83 84 85 86 87 89 90 91 93 94 96 98 99 100 104 107 111 113 114 116 119 120 121 122 124 125 126 128 129 130 136 137 138 139 140 141 142 143 144 145 146 148 149 150 151 152 153 154 155 156 157 158 159 160 163 164 165 166 168 173 175 176 178 179 181 182 183 184 185 186 187 188 189 190 191 192 193 197 198 199
2606 56 57 58 62 63 64 65 66 68 69 71 75 82 84 85 86 87 88 94 96 97 98 99 102 107 111 112 113 114 119 120 121 122 123 124 125 127 128 130 133 135 136 138 141 144 145 147 148 150 152 154 155 157 159 160 164 166 168 169 170 173 175 177 178 180 182 183 184 186 188 189 190 192 195 197
1876 57 59 60 61 62 63 65 66 67 68 72 74 77 78 81 82 84 87 88 89 90 91 93 94 97 98 99 100 102 104 105 107 108 109 110 111 112 115 117 118 121 122 123 124 125 127 128 129 130 131 138 139 140 141 142 146 147 149 150 151 153 155 156 158 159 161 163 164 167 168 170 171 175 176 178 180 181 182 183 185 186 187 188 189 190 192 193 194 195 196 197 199
1683 60 61 62 63 64 65 66 68 71 74 75 76 77 78 80 82 84 85 87 88 90 91 92 93 94 95 99 100 101 105 106 110 111 112 113 115 116 118 120 124 125 127 128 130 131 132 134 135 137 139 140 142 145 148 149 150 151 152 153 156 158 159 160 163 164 165 167 168 171 174 175 179 180 181 182 183 184 185 187 189 191 192 193 194 195 197 198 199
1982 59 60 61 62 63 64 66 68 69 70 73 76 77 80 82 83 85 86 87 88 89 90 91 93 102 105 107 111 112 113 115 116 122 123 124 127 128 130 134 135 136 137 138 140 141 143 144 148 149 150 151 152 154 155 157 158 159 161 162 165 166 168 169 171 172 173 175 177 179 180 181 182 183 184 185 186 187 188 189 192 193 194 196 198 199 200
1889 60 62 64 65 68 73 74 76 78 79 83 87 89 90 92 93 95 96 97 98 100 104 106 107 111 112 114 115 116 117 118 120 123 125 127 129 133 135 137 138 141 142 143 144 146 149 150 151 152 153 154 155 156 157 158 159 163 165 166 167 168 169 170 171 172 173 174 175 176 177 178 179 180 181 182 183 184 186 188 191 192 195 199 200
1739 62 63 64 65 66 67 69 70 71 72 73 74 76 77 80 81 82 85 87 88 89 90 91 95 98 99 100 101 103 105 106 108 110 111 113 114 115 116 117 118 120 124 125 126 127 128 129 130 131 132 133 134 137 139 140 141 143 144 145 146 149 150 151 153 154 156 160 163 164 165 167 172 175 176 177 181 182 183 185 186 187 190 191 192 193 194 195 196 197
2261 63 65 66 67 71 72 73 74 75 76 77 78 79 81 82 83 90 91 92 93 94 95 96 97 98 99 101 102 104 105 106 107 108 110 113 117 120 121 123 125 126 129 130 132 135 136 139 140 141 142 143 145 147 151 152 154 155 157 158 159 160 161 167 169 170 171 173 174 175 176 178 179 180 181 185 186 187 188 190 191 195 197 200
1799 63 64 65 66 67 68 69 72 75 76 78 79 83 84 86 87 88 89 90 91 92 93 94 98 99 101 104 105 106 107 109 111 113 115 116 118 120 124 125 126 127 128 129 130 132 133 135 136 139 140 141 142 143 145 146 149 150 151 153 154 155 159 160 161 164 167 168 169 170 171 172 173 174 177 179 180 181 183 187 191 192 194 195 196 197
2800 65 66 67 68 73 75 77 78 81 83 85 90 93 94 95 96 97 99 101 102 104 105 107 109 114 120 121 123 125 127 128 129 130 131 132 134 135 137 139 141 142 143 146 147 148 150 151 154 155 156 159 160 161 164 166 167 168 169 171 173 175 177 182 184 185 186 187 188 190 193 194 196 199 200
1898 65 67 68 69 70 71 72 75 77 78 80 81 82 84 85 86 87 88 89 90 91 92 93 94 95 98 99 104 105 106 108 109 110 111 114 115 117 118 120 123 125 126 129 132 134 136 137 138 139 140 142 144 145 147 149 150 152 153 154 155 157 159 160 162 165 167 168 169 171 172 173 174 175 176 178 179 182 184 188 189 190 191 192 194 195 196 197 198 199
2481 66 67 69 70 71 72 73 74 76 77 78 79 80 81 82 83 85 86 87 88 89 94 98 99 100 103 104 106 111 114 115 117 120 125 127 129 131 132 133 135 137 138 146 147 148 149 150 153 154 156 157 160 161 162 163 165 166 167 168 169 171 172 174 175 177 179 180 181 185 186 187 189 190 191 192 193 194 197 198 199
2666 67 68 69 71 72 74 75 76 77 78 79 80 81 82 85 86 89 90 91 92 98 99 100 102 104 106 108 109 111 115 116 119 121 125 128 129 132 133 134 140 141 146 150 151 153 154 156 159 160 165 170 173 174 176 180 182 183 185 187 191 194 195 196
2928 68 69 72 73 74 75 78 80 81 82 83 84 85 86 87 88 90 93 95 97 99 102 105 107 108 109 112 113 114 115 117 118 119 122 123 124 127 130 132 136 137 138 139 140 142 143 144 146 149 150 152 154 156 157 159 160 161 162 164 165 166 168 169 171 173 174 177 178 180 181 182 183 184 185 188 190 191 192 193 194 197 198 199 200
1618 69 70 71 72 73 75 76 77 78 79 81 85 89 90 91 92 93 94 95 97 101 102 105 106 107 108 110 112 113 115 118 120 121 122 124 125 129 130 131 132 134 135 136 138 139 141 143 144 146 147 149 150 151 155 157 159 160 161 163 164 165 166 167 168 171 172 173 174 176 177 178 179 180 181 183 186 187 189 192 193 194 195 196 197 198 199
2405 70 71 72 73 75 76 78 79 80 81 82 83 84 86 87 89 90 91 92 93 94 95 96 97 98 99 100 102 106 107 108 109 110 111 112 113 114 115 116 117 118 119 121 124 126 127 128 129 130 131 135 137 140 142 143 146 147 148 150 151 152 154 155 156 157 158 160 162 163 165 166 167 168 170 171 172 173 174 175 177 178 179 180 182 183 185 186 189 191 192 193 194 196 197 199
1776 71 72 73 74 75 79 80 82 83 84 87 90 91 92 93 99 100 101 102 103 104 105 106 107 108 109 110 111 112 114 115 116 117 118 119 120 121 125 129 130 131 134 137 141 142 143 144 146 151 154 157 158 160 164 166 167 168 173 174 177 178 179 181 182 183 184 187 191 192 193 194 195 196 197 198 199
1827 72 74 77 78 79 80 81 83 84 86 87 88 89 91 92 93 95 98 99 100 102 104 106 107 110 111 113 114 116 117 118 119 124 125 126 128 129 131 132 133 138 139 142 143 145 147 148 150 153 155 161 164 166 168 169 170 171 172 173 174 176 177 178 179 181 182 183 184 185 186 190 194 195 197 199 200
2936 74 75 76 78 84 85 86 87 88 89 91 92 94 96 97 98 102 103 104 106 107 110 111 112 117 119 121 122 123 126 130 132 134 136 139 140 141 142 143 145 146 148 149 150 151 152 153 154 156 158 161 162 165 167 169 171 172 175 176 177 178 181 182 183 184 185 186 187 189 194 196 199
2350 74 75 76 77 79 80 81 83 84 85 87 89 90 94 95 99 100 101 102 103 104 105 106 108 110 111 112 113 117 118 121 122 123 124 126 127 128 130 133 135 136 139 140 142 143 147 148 149 150 152 154 156 161 162 163 165 167 169 170 171 172 176 177 178 179 180 181 182 185 186 187 188 191 192 197 198 200
2985 76 77 81 84 87 88 89 90 91 92 94 95 97 103 104 105 107 108 109 111 112 113 114 116 117 118 120 122 123 124 125 127 129 130 132 133 134 135 136 137 138 139 140 143 144 145 146 147 148 151 152 157 158 159 160 161 166 170 171 172 173 174 176 178 180 181 182 186 187 188 190 191 192 193 195 197 198 199 200
2745 78 79 80 82 83 84 85 86 87 88 89 90 91 92 93 94 95 99 100 101 104 109 111 114 115 116 117 118 119 120 121 122 124 125 126 127 130 133 134 135 136 138 139 142 143 146 147 149 150 152 153 154 156 157 159 160 161 162 163 165 167 170 171 172 173 174 175 177 182 183 185 189 190 191 192 193 194 196 198 199
2910 77 79 80 81 82 84 87 88 89 92 93 97 99 101 102 103 104 105 106 107 112 114 115 117 121 122 126 127 128 131 132 133 135 139 140 141 143 146 147 149 150 152 153 154 155 157 159 160 161 163 168 169 173 174 176 177 179 180 181 183 185 188 189 190 193 195 197 199 200
2025 79 80 81 82 84 89 90 91 92 93 95 96 98 99 101 103 104 105 106 107 108 113 114 115 120 121 126 127 128 129 130 132 134 135 137 139 140 141 142 143 144 145 146 147 150 152 154 155 156 159 161 164 166 168 169 170 172 175 176 177 178 179 181 182 183 184 185 186 187 189 190 192 194 195 196 197 199 200
1735 82 83 85 87 88 89 93 94 98 100 101 102 103 108 109 114 116 117 118 120 121 124 125 126 127 128 129 130 131 134 135 137 144 145 147 148 149 150 153 154 155 156 157 159 160 161 162 165 166 167 168 169 171 172 174 175 176 178 179 180 181 182 183 184 185 192 195 197 200
1865 80 81 82 85 86 87 88 89 91 92 96 97 98 99 104 105 108 112 114 115 116 117 118 119 120 122 123 124 125 129 131 132 133 137 140 141 143 144 146 148 150 151 155 156 158 160 161 163 164 165 166 167 168 169 170 173 174 175 176 177 178 181 182 183 184 186 188 189 190 192 197 198
1783 81 82 83 84 86 87 88 90 95 100 101 102 103 104 105 106 107 108 109 110 111 113 114 115 116 119 120 124 125 129 130 131 134 142 143 144 145 146 147 149 151 155 158 160 162 163 164 167 170 173 175 176 177 180 181 182 183 184 186 188 190 191 193 194 195 198 199 200
2052 83 85 86 87 91 92 93 94 95 99 103 104 109 111 112 115 117 121 122 125 126 127 128 130 132 133 136 140 141 143 147 150 151 152 153 154 158 159 160 161 162 163 165 167 168 171 173 176 177 179 181 183 184 188 189 192 193 194 196 198 199
2996 83 84 86 87 90 93 94 95 97 98 99 101 102 103 105 106 108 109 110 112 116 120 122 123 124 126 127 128 129 132 133 134 135 136 138 139 140 144 148 149 153 154 156 158 159 161 163 165 171 173 175 176 177 178 179 181 183 188 194 195 196 198 199
1582 84 86 87 88 90 93 97 100 102 103 105 107 109 110 111 112 115 117 118 119 123 124 125 127 129 130 131 135 136 137 139 141 142 143 145 149 153 157 158 159 162 163 165 168 170 171 172 173 174 175 177 178 179 180 182 183 184 185 188 189 191 194 195 196 200
2329 86 87 88 90 91 92 93 95 96 97 98 100 101 102 104 105 106 107 110 112 115 119 122 123 124 125 126 129 130 132 134 135 136 137 138 139 140 141 142 143 144 145 147 148 149 151 153 154 156 157 158 160 161 162 163 164 165 166 167 169 171 173 174 180 184 185 186 188 190 192 194 195 196 197 198 199
2476 86 87 90 92 93 95 96 99 100 102 103 105 107 109 111 113 114 115 116 118 120 121 122 123 124 125 127 128 130 131 132 133 134 135 136 137 138 139 143 147 148 149 150 151 152 153 154 155 156 157 158 159 161 162 164 168 169 171 173 175 176 177 178 179 180 181 185 186 188 189 190 192 193 194 195 196 200
1800 88 89 90 91 93 94 95 96 97 98 99 101 102 105 107 109 111 112 114 115 116 117 121 122 123 126 127 129 130 132 134 135 136 137 138 139 141 142 143 144 145 146 148 149 151 152 153 154 159 160 161 164 165 166 167 168 169 170 176 177 178 179 180 181 183 184 185 186 188 191 194 195 196 197 198 199
2900 88 89 92 94 96 97 98 99 100 101 103 104 106 107 108 110 111 112 113 114 115 121 124 125 128 130 132 133 134 135 137 140 141 142 143 144 146 147 148 150 151 152 153 156 161 163 164 165 166 168 170 173 175 180 181 182 183 185 187 189 191 192 194 195 196
1706 89 90 91 92 94 95 96 97 98 99 100 104 106 109 110 112 116 118 120 121 124 125 126 127 128 131 132 133 136 142 146 153 154 155 157 158 159 164 165 166 167 170 171 173 174 176 177 178 180 181 183 184 186 188 189 191 195 197 199 200
2389 90 91 92 93 94 97 98 99 101 102 106 108 110 112 118 119 123 124 129 133 134 135 137 138 139 141 145 146 148 149 150 152 154 155 156 157 158 159 160 161 162 163 166 167 169 172 173 175 176 178 182 183 185 186 187 189 190 193 194 195 197 199 200
2995 92 93 94 95 96 98 100 101 102 104 105 106 107 108 111 112 114 116 117 118 120 121 123 124 128 129 130 131 132 133 134 136 138 140 142 143 144 145 146 147 148 149 150 151 153 154 155 157 158 161 162 164 170 171 172 173 175 176 177 181 182 183 184 186 187 189 190 192 195 196 200
1664 98 99 100 101 102 104 109 111 113 114 119 121 122 123 124 127 128 129 130 131 132 135 138 139 140 142 144 145 147 149 152 154 157 158 159 165 166 167 168 170 171 173 175 177 178 181 182 184 187 188 189 190 192 195 197 199 200
1723 94 95 98 99 101 103 106 108 109 110 111 112 113 114 115 116 117 118 121 122 124 125 126 127 128 130 131 133 134 135 138 139 140 141 142 143 144 145 146 147 150 151 152 153 155 156 157 158 159 161 162 163 164 165 166 167 169 170 171 174 175 178 180 181 182 183 184 185 187 188 189 191 193 194 197 198 199 200
2628 101 102 103 107 108 109 111 112 115 116 117 119 121 122 123 125 127 130 132 133 134 135 137 138 141 142 144 145 147 148 149 150 152 153 154 158 160 163 164 166 167 168 170 172 174 175 176 177 180 183 184 185 187 192 193 195 196 197 198 200
2621 95 96 97 98 99 106 107 109 110 112 113 115 116 123 126 127 130 132 133 136 137 138 140 141 142 143 144 146 147 148 150 151 154 155 157 159 162 163 164 165 166 167 168 170 173 175 176 177 179 180 182 183 186 187 188 190 191 193 194 198 199
2703 96 97 98 99 100 101 104 109 112 113 114 118 126 129 130 133 134 137 139 140 141 142 147 148 150 151 155 157 158 159 160 161 163 167 170 171 175 180 181 182 183 184 186 187 189 190 191 192 195 196
1995 97 98 102 104 109 110 112 114 115 117 118 120 122 124 126 129 131 132 133 134 136 140 141 142 143 144 146 149 150 151 154 156 157 158 159 160 163 165 167 168 169 170 173 177 181 182 183 184 186 187 189 190 191 192 195 196 198 199 200
2754 100 101 102 104 105 110 111 112 113 114 115 116 117 119 120 121 123 124 128 129 131 132 135 139 140 141 145 147 148 152 153 155 156 157 159 160 162 163 167 168 170 171 172 173 174 175 176 180 182 183 185 186 190 192 194 196 197 198 199 200
2508 99 100 102 104 106 107 109 110 111 112 115 116 117 119 120 122 124 127 128 129 130 132 134 136 137 138 139 140 142 143 144 145 146 148 149 152 153 155 158 159 160 162 163 165 166 168 169 172 174 176 178 179 181 182 183 184 185 187 190 191 192 193 196 200
1668 100 102 103 104 105 106 107 108 112 115 116 119 121 123 124 126 127 128 132 133 136 137 138 139 140 141 142 143 144 145 146 148 149 152 153 154 155 156 158 160 161 162 163 164 165 166 167 168 169 171 172 174 177 178 179 181 185 186 191 192 194 196 197 198
2790 102 104 105 106 108 109 112 114 117 120 121 122 123 126 127 128 129 130 133 135 136 137 138 139 140 141 142 143 145 146 147 148 150 151 152 154 156 157 158 159 161 162 164 165 166 167 171 173 176 178 179 181 182 183 184 185 189 190 192 193 194 195 197 200
1533 102 104 106 108 110 112 115 116 117 118 119 121 122 123 124 125 126 127 128 130 131 133 134 138 139 140 141 142 144 145 146 148 151 153 155 158 159 160 161 163 164 166 168 170 173 174 175 176 180 181 182 183 185 187 188 189 190 191 192 193 194 195 196 199 200
1687 105 106 108 111 114 115 116 119 121 122 123 125 126 128 129 130 132 133 135 138 139 141 142 143 145 147 148 151 153 154 155 157 158 159 160 162 164 165 166 168 170 171 172 174 179 180 182 183 184 189 191 192 193 195 197 199 200
2824 104 105 106 107 109 110 111 112 113 114 117 119 120 121 124 126 127 128 129 130 132 134 136 137 138 139 140 141 143 145 148 153 154 156 157 158 159 161 162 163 164 166 167 169 171 172 173 174 175 176 177 178 179 180 181 182 183 184 185 189 190 191 193 194 195 196 198
1908 105 106 107 108 114 115 116 118 120 121 124 125 127 129 131 133 134 135 140 141 142 143 144 145 146 148 151 153 154 155 156 158 161 163 165 167 168 169 170 172 173 174 176 177 179 180 181 182 183 184 188 189 191 193 194 195 197 198 200
1831 106 107 108 110 111 112 113 117 119 120 121 124 125 129 130 131 132 133 134 135 140 141 142 143 145 146 148 150 151 152 154 155 157 158 159 161 162 164 165 168 169 170 173 174 176 177 179 180 181 182 183 184 187 189 190 191 193 194 195 196 199
2584 108 109 110 111 113 115 118 119 120 121 123 125 126 128 129 130 131 132 133 136 138 139 141 142 143 146 147 148 149 150 154 155 156 157 158 159 161 164 165 167 168 169 170 171 173 175 176 178 181 182 184 185 188 189 190 192 193 194 197
2137 109 111 114 117 118 119 120 122 124 125 127 128 130 133 134 135 136 137 142 144 145 148 149 154 155 156 157 160 162 163 170 172 174 175 176 179 180 183 184 185 193 194 196 197 198 200
2295 109 110 111 112 113 116 118 120 121 128 129 130 132 134 137 141 142 143 144 145 146 147 149 150 152 153 154 155 156 158 160 161 163 165 167 168 169 172 176 177 178 179 182 184 185 186 187 189 192 193 198
2614 110 111 112 113 115 116 117 120 121 122 123 130 132 136 137 138 139 140 143 144 148 149 150 151 152 153 154 155 156 161 162 163 164 165 167 169 171 172 173 179 180 181 183 188 189 194 195 197 198 199 200
2486 112 113 114 117 118 121 123 125 126 127 129 130 134 135 136 144 147 148 149 150 151 152 155 159 163 165 167 169 171 173 174 185 186 187 191 192 194 195 200
2749 113 114 116 117 119 121 124 126 128 129 131 132 133 135 136 137 138 139 141 142 144 147 153 154 155 156 157 158 161 162 168 169 170 173 177 178 179 180 181 184 185 186 187 189 192 193 194 197 198 200
2879 114 118 119 120 123 124 125 127 131 132 134 136 137 139 141 142 146 148 150 151 154 155 156 157 158 159 161 162 163 164 166 167 169 170 172 173 175 176 177 179 180 182 183 186 187 188 189 190 191 192 194 196 197 199
1771 114 115 117 120 123 125 126 127 128 129 131 132 133 134 135 137 140 141 142 143 146 147 149 150 153 154 156 159 160 161 162 163 164 165 166 169 170 171 173 176 177 178 179 182 183 188 190 195 196 197 198 199
1893 115 118 121 122 133 135 136 137 138 139 140 141 143 145 147 152 153 154 155 156 157 158 160 162 165 166 168 170 171 173 176 177 180 181 182 183 184 185 186 187 190 191 192 194 196 198 199 200
1630 117 118 119 120 121 123 129 130 131 132 133 134 135 136 139 141 142 143 145 146 147 148 149 150 152 153 155 157 159 160 164 165 166 168 172 173 175 176 177 178 179 180 181 182 184 186 187 189 191 193 195 196 200
2167 117 118 119 120 124 125 127 129 130 131 132 133 135 136 137 138 139 140 141 143 145 146 147 149 151 152 156 157 158 161 162 168 169 170 172 174 175 176 179 180 181 182 184 187 190 191 192 195 196 197 199
2119 119 120 121 122 123 124 125 127 129 133 140 141 142 143 144 145 146 148 150 151 152 155 156 159 161 162 164 165 166 167 168 169 170 173 178 182 183 184 185 186 187 188 189 190 191 194 195 199
1544 119 120 121 122 125 126 127 128 129 131 132 134 135 136 137 138 139 142 143 144 145 146 147 152 153 157 158 159 160 163 166 168 169 170 172 173 174 175 178 179 180 181 183 186 187 189 194 196 197 198 199 200
2832 120 121 123 125 126 128 130 131 132 136 138 140 142 144 145 147 149 150 151 155 158 159 161 162 165 166 167 172 173 174 180 181 182 183 186 190 192 194
1921 121 126 127 128 129 130 131 132 133 135 136 137 138 141 143 145 146 147 148 150 153 155 156 157 159 160 161 163 165 166 170 171 172 175 176 177 178 179 180 183 184 185 186 187 189 190 191 193 194 195 199 200
2643 122 124 126 127 128 131 133 134 135 137 138 140 141 142 144 145 146 147 148 150 151 153 156 159 161 162 163 164 165 167 168 169 170 174 175 178 179 181 182 183 184 185 186 187 188 190 191 193 194 196 198
2055 123 125 127 128 130 131 132 138 140 143 145 147 149 151 152 153 154 155 157 159 160 161 162 164 165 166 168 170 171 172 173 174 176 181 184 185 188 189 190 194 198 199
2191 124 125 126 127 128 132 133 134 135 140 141 144 146 147 150 151 152 154 155 156 157 160 162 166 167 170 171 172 173 174 175 177 178 179 181 182 184 185 186 187 188 189 193 194 195 197 198 199
2092 125 126 129 130 131 132 134 135 136 138 139 141 144 145 147 148 149 150 151 154 155 156 159 160 162 164 165 167 168 171 173 174 175 176 177 178 180 182 185 186 188 189 190 191 192 193 197 198
1765 126 127 128 129 130 131 132 135 136 138 139 140 143 145 146 147 148 149 150 153 154 155 158 160 163 164 167 168 169 170 172 173 176 177 178 179 181 183 184 185 187 189 190 191 192 194 195 196 197 198 199
1598 129 130 131 132 133 135 136 138 139 140 141 142 145 146 148 149 152 155 156 158 160 164 167 168 170 172 173 174 175 178 179 180 181 182 183 184 185 186 188 189 191 192 194 195 198 199
2172 128 131 132 133 137 138 142 143 144 146 149 153 155 156 158 159 160 161 163 165 166 168 172 173 174 176 177 180 181 182 184 187 189 190 191 194 196 198 199
2190 129 130 131 132 133 135 136 140 141 142 144 146 148 149 151 152 154 155 156 157 161 162 163 166 169 170 171 173 174 175 176 179 180 183 184 185 186 187 188 189 192 193 194 195 196 197 199
2288 132 133 134 135 136 138 140 141 142 143 144 145 146 148 150 154 155 156 157 158 159 160 162 164 166 167 168 169 170 172 173 177 178 179 182 183 185 186 187 188 189 190 192 193 194 195 198 199
2547 131 132 133 135 136 137 138 139 142 143 145 146 147 151 153 154 156 160 161 162 165 170 172 175 177 179 182 189 190 192 193 195 196 200
2631 133 134 135 136 137 138 139 140 141 142 143 144 145 148 150 151 153 154 155 156 159 160 161 163 165 166 167 169 170 172 175 176 178 179 180 181 182 184 185 186 187 188 189 193 194 195 196
1691 133 138 141 142 143 152 154 156 157 158 159 163 169 170 171 172 175 176 177 178 181 183 184 185 186 187 188 189 190 191 192 194 195 196 197 198 200
2753 134 136 139 141 144 145 146 148 152 153 154 157 158 159 162 163 165 166 168 169 170 172 174 176 177 178 180 181 182 183 187 189 190 192 194 196 199 200
2540 136 138 140 141 144 145 147 148 150 151 154 157 158 159 160 161 163 164 166 168 169 172 173 174 178 180 181 182 185 186 187 188 189 191 194 195 196 197 200
2721 136 140 141 142 143 144 148 149 150 152 153 154 155 156 157 158 159 164 165 167 168 169 171 173 175 177 178 181 182 186 187 189 191 192 193 194 195 196 197 198 199
2899 137 140 141 142 144 145 148 151 152 156 157 159 160 161 162 163 164 165 167 168 169 170 172 174 179 181 183 186 188 190 192 193 197 198 200
2063 139 140 141 143 145 151 154 155 157 158 159 160 161 162 163 164 166 168 170 171 172 175 178 179 181 182 183 184 185 186 187 188 189 192 194 195 196 197
2181 139 145 146 147 149 151 153 154 155 156 157 158 159 160 162 164 165 166 167 169 170 171 172 173 174 175 176 178 179 182 186 187 188 190 193 194 195 198
1745 142 144 145 146 148 149 151 152 153 155 157 160 161 162 163 166 167 169 170 171 176 178 180 181 182 183 184 187 188 190 191 192 196 197 198 199
2614 142 144 147 148 150 151 152 155 157 158 159 161 163 165 167 170 171 172 173 174 178 179 180 181 182 183 185 186 187 188 190 191 192 194 196
2217 142 144 146 147 152 155 156 157 159 160 161 162 163 164 165 167 168 170 171 174 176 177 180 181 182 183 184 187 188 189 190 194 196 197 198 199
2531 143 144 145 146 149 150 152 153 156 157 158 160 162 163 165 167 169 170 171 172 174 175 178 179 180 181 182 183 184 185 186 187 188 189 193 195 196 197 199
1706 145 146 148 150 151 152 153 155 157 158 160 163 164 165 166 167 168 171 173 174 175 178 179 180 181 182 183 184 186 187 188 189 191 193 194 195 196
2234 148 150 153 154 155 156 157 160 161 163 164 165 166 168 169 170 171 172 173 176 180 181 185 186 187 188 189 190 191 192 193 194 195 197 198 199 200
1527 146 147 148 149 150 153 157 160 162 163 164 165 166 175 176 177 179 180 182 184 188 189 191 192 194 197 200
2895 147 148 149 150 156 158 160 161 162 163 164 165 166 169 170 172 173 174 175 177 178 180 181 183 185 186 187 188 189 190 193 194 195 196 198 199 200
2294 149 150 151 153 154 156 158 161 163 165 166 170 172 173 174 175 176 177 179 180 182 184 185 187 188 189 190 192 193 194 195 196 197 198 200
1956 152 153 154 155 156 157 160 162 163 164 165 166 167 169 171 173 176 177 178 180 181 186 189 190 192 193 195 196 198 199 200
1839 150 151 152 153 154 157 161 162 163 165 166 167 170 171 172 174 176 180 181 182 184 186 187 190 193 195 196 198 200
1579 151 152 154 155 156 159 164 165 166 167 174 175 177 180 184 185 187 188 189 191 193 196 197 198 199 200
1530 156 157 159 160 161 162 165 167 168 169 171 172 173 174 176 178 183 184 185 186 188 189 190 191 193 194 195 197 199
2889 153 154 155 156 158 159 162 163 165 167 169 170 174 175 176 178 179 180 181 182 185 186 193 194 196 198 199
1705 154 155 157 158 159 160 165 166 169 171 173 175 176 177 180 183 184 186 187 188 189 192 194 195 196
2842 156 157 161 164 165 166 167 168 170 173 174 176 179 180 181 183 184 185 186 189 194 195 196 197 198 199 200
2958 156 158 159 162 163 164 166 167 168 169 170 172 173 174 175 177 178 179 182 183 185 186 187 188 189 191 192 196 199 200
2811 157 158 159 160 161 163 164 165 166 167 173 174 175 176 179 180 181 183 187 189 192 193 194 195 196 197 198 200
1735 159 160 162 163 164 166 168 173 178 179 180 182 184 185 186 187 188 189 190 191 194 195 197 199
2119 159 160 163 166 167 168 169 172 173 174 175 176 177 178 179 180 181 184 185 189 190 191 192 194 197 198 199 200
2485 161 162 164 165 167 168 169 172 173 175 176 177 180 181 182 183 185 186 190 191 193 194 196 197 198 199
1754 163 167 170 171 173 174 175 176 177 180 181 184 185 186 188 190 191 194 196 197 199
1737 162 163 164 165 168 169 170 171 174 175 176 177 178 180 181 182 184 185 186 187 190 191 194 195 196 197 198 200
1694 163 164 167 169 170 171 172 173 174 175 177 178 180 182 183 184 186 187 188 189 190 192 193 194 198 199 200
2013 164 168 174 176 178 179 180 182 185 186 187 190 191 192 193 195 198 199
2944 166 167 169 171 174 175 176 177 178 179 181 182 184 185 186 187 188 189 190 192 193 194 196 197 198 200
2466 167 168 169 170 171 174 178 179 181 183 184 185 189 190 191 192 193 196 198 199
2406 170 171 173 174 175 176 177 178 179 180 181 182 183 185 186 188 193 194 195 198 199
1891 168 169 170 171 174 177 179 180 184 185 188 190 191 192 194 196 197 198 199
1791 169 172 173 174 175 176 178 181 182 183 188 190 191 192 193 194 196 198 200
2735 170 172 173 174 175 176 178 179 180 181 183 184 186 188 191 193 194 195 197 199 200
2149 171 174 175 177 180 181 183 184 185 186 187 189 190 191 192 194 197 198 199 200
1664 172 177 178 179 180 182 183 185 188 190 191 192 193 195 196 197 198
2944 174 176 178 179 180 181 183 184 185 188 190 192 193 194 195 196 197 198 199
2064 174 177 178 186 189 190 191 192 193 194 195 196 197 198 200
2891 175 176 177 180 181 182 183 186 188 189 190 191 193 195 197 198 199
2358 176 177 178 181 182 183 185 186 190 191 193 194
2496 179 180 182 183 184 186 187 189 193 194 195 198 200
1592 180 181 183 184 186 189 191 192 193 198 200
2798 179 182 183 187 190 192 193 194 195 196
2741 180 181 182 183 184 185 186 187 188 190 192 194 195 197 199
1580 182 183 185 187 191 195 197
1740 182 183 184 185 186 187 189 190 191 194 196 197 199 200
2665 183 185 187 189 190 192 193 195 196 197 199
1814 184 186 187 188 191 192 195 196 199
2708 185 187 188 191 193 194 195 197 200
1503 186 187 189 191 192 195 197 199
2275 188 189 194 195 197 198 199
2323 188 190 191 193 194 195 196 200
2414 189 192 193 194 197 199 200
2497 190 191 193 195 196 197 198 199
2883 192 194 195 196 197 199 200
2838 192 194 195 196 199 200
2251 193 197 198 199 200
1586 194 198 199
2262 195 196
2269 198 200
2192 197 198 200
1806 198 199 200
2308 199 200
1867
1703
