50	10	10000	10
-4	1354	3
-4	1444	6
-1	632	5
-3	1075	4
-5	241	4
-4	283	7
-4	1490	2
-3	1651	4
-4	366	8
-3	1895	7
2824 2 3 5 10 11 13 14 16 17 18 19 21 22 23 25 27 28 29 31 32 33 35 39 41 47 48 49 50
2095 4 6 7 8 10 11 12 13 16 17 18 19 20 21 22 24 25 26 27 28 29 31 36 38 39 40 42 45 46 50
2626 5 6 7 8 9 10 11 12 13 15 17 18 23 24 26 29 30 31 32 34 37 38 39 43 45 47 48 49 50
2633 5 6 10 11 12 13 14 15 16 18 22 25 28 32 33 35 36 37 39 40 42 44 48 50
2747 6 8 9 13 16 17 18 19 21 22 23 24 25 26 28 31 32 33 37 39 40 43 44 45 46 48 49 50
2920 9 10 14 15 18 19 20 21 22 23 24 27 28 30 31 32 33 34 35 38 39 40 41 42 44 45
2195 9 10 12 14 16 17 19 20 21 22 29 33 35 37 38 40 41 43 45 48 49 50
2082 10 13 14 15 16 17 21 23 24 25 27 31 32 33 34 36 38 40 41 42 43 45 47 48 49 50
2560 13 16 17 18 19 20 21 23 25 26 28 30 32 33 34 35 36 37 38 40 41 43 44 45 46 47 49
2288 11 12 13 14 15 18 19 21 22 25 26 28 30 31 32 36 38 39 41 42 44 45 46 47 49 50
2773 12 13 15 16 20 21 22 23 24 28 29 30 31 34 35 36 37 39 41 42 44 46 47 48 49
2317 13 14 15 16 17 18 19 21 22 23 26 28 30 33 35 36 37 38 40 43 45 47 48 50
2822 14 17 19 20 21 23 25 27 29 30 31 32 33 34 36 37 39 40 42 45 46 47 48 50
2033 15 16 18 19 22 23 25 29 33 34 35 36 37 38 44 45 46 48 49 50
2516 16 18 21 22 23 24 25 27 28 29 31 32 37 38 40 41 42 43 44 46 47 50
2989 20 22 23 24 26 30 31 32 33 34 35 36 37 38 40 42 43 45 47 48 49 50
2822 20 22 23 24 25 26 28 33 35 37 38 40 42 43 44 45 46 49 50
2841 19 21 22 23 24 26 27 29 31 32 33 34 35 37 38 42 44 46 47
2931 20 23 25 27 29 30 33 34 35 36 37 38 39 41 45 48 49 50
2564 21 23 24 25 26 27 28 29 30 34 35 36 39 40 41 42 43 44 46
2723 23 24 25 26 30 31 33 34 35 36 37 38 40 41 43 44 45 47 50
2188 23 24 25 26 27 29 30 32 36 39 40 41 43 44 45 46 47 48 50
2483 24 25 26 27 28 29 34 35 36 37 40 42 43 46 47
2444 25 27 28 29 30 31 32 33 35 38 39 40 41 43 46 49
2625 27 28 30 32 33 35 37 38 40 41 43 44 47 49 50
2249 27 28 29 30 31 32 34 35 36 37 41 43 44 45 47 48 49
2720 28 29 30 35 43 44 45 47 48 49
2896 30 34 36 37 38 39 41 42 43 48 49 50
2834 30 35 37 39 41 43 45 47 48 50
2727 33 34 38 42 43 45 46 47 48 49
2324 32 35 44 48 50
2886 33 34 35 36 37 38 39 40 41 42 43 44 45 50
2847 35 36 38 40 42 43 44
2111 35 37 39 41 42 43 44 50
2093 36 37 39 40 44 46 47 48 49 50
2722 37 40 41 42 43 44 45 46 49
2103 41 42 44 45 49 50
2488 41 42 43 46 47 48 49
2266 40 41 42 45 47 48 49
2937 41 45 46 47 48 49 50
2458 44 45 50
2955 43 44 45 46 48 50
2208 44 46 47 48 50
2913 45 46 47 49 50
2923 47 49 50
2227 47
2560 48 49 50
2294 49
2817 50
2247
