100	5	1000	1
0	52	21
0	15	24
0	79	18
0	45	19
0	27	18
175 3 4 7 8 13 14 15 17 19 20 21 22 25 27 28 34 36 37 38 41 42 45 46 48 49 50 51 52 53 54 56 57 60 61 62 63 64 67 68 70 71 72 73 74 75 76 78 80 81 82 84 85 86 88 91 96 98 99 100
293 3 4 5 6 8 9 10 12 16 17 18 21 22 23 25 28 30 31 32 33 34 35 36 39 40 42 44 45 46 47 48 52 55 57 62 66 69 71 72 76 77 80 82 83 84 85 86 87 88 91 92 93 94 95 96 97 98 99 100
153 5 6 8 13 14 17 19 21 22 23 24 26 28 30 32 33 36 39 40 41 42 43 44 45 49 51 53 55 56 57 59 62 65 66 67 69 70 71 72 75 76 79 80 81 82 83 85 86 87 88 89 92 94 96 100
252 5 6 7 10 11 12 13 14 15 19 20 24 25 26 28 29 30 31 33 34 35 36 37 38 41 45 46 48 49 51 52 53 55 56 57 58 60 61 62 64 65 67 69 71 72 73 74 75 76 78 79 80 81 82 84 85 87 88 89 90 91 94 95 96 99
173 7 8 10 11 12 13 16 20 23 24 27 28 29 30 33 34 35 36 38 40 41 44 47 49 53 54 55 57 58 63 65 67 70 71 72 73 75 76 77 78 80 81 83 85 86 89 90 94 96 97 98 99 100
275 12 14 15 16 17 18 19 20 21 22 26 28 29 30 31 32 36 37 38 39 40 41 44 45 47 48 49 50 51 53 55 58 60 66 67 68 69 72 74 75 78 80 81 82 83 84 86 87 90 91 92 93 94 96 100
224 10 13 14 16 18 19 20 21 22 24 25 27 28 29 30 31 32 34 36 38 39 40 41 42 44 45 46 47 50 51 52 53 55 56 57 61 63 66 68 69 70 71 73 74 75 77 82 83 84 85 86 87 88 90 92 94 95 96 97 98 100
167 10 11 12 13 15 16 17 21 22 23 25 27 29 30 31 32 34 37 38 40 43 47 48 49 52 53 57 60 61 62 63 65 67 68 71 73 74 75 78 79 80 81 82 83 84 85 87 88 89 92 94 97 98 99 100
159 11 12 14 15 16 17 18 19 20 21 24 25 30 32 34 35 38 39 44 45 46 47 49 50 51 52 53 54 55 56 62 63 64 65 66 68 69 71 72 73 74 75 77 80 81 82 83 85 86 88 89 90 91 93 96 97 98 99 100
165 12 13 14 15 16 18 19 20 21 22 23 24 25 26 27 29 31 32 33 34 36 38 41 45 48 49 50 51 53 57 58 60 62 66 67 68 69 70 72 73 74 75 76 78 79 81 85 86 90 93 94 97 100
168 13 14 15 18 20 21 24 27 28 29 30 31 33 35 36 38 39 40 42 46 47 48 53 54 58 59 60 69 71 73 74 76 77 78 79 80 82 83 84 88 89 91 92 94 96 98 99
297 13 14 16 17 18 23 26 27 31 32 35 36 38 40 43 44 45 46 47 48 49 52 53 55 58 60 62 63 64 65 66 67 68 72 73 74 75 76 77 78 80 83 84 85 86 87 91 92 93 96 99 100
250 14 15 16 17 18 19 20 21 22 23 24 25 26 29 32 35 36 41 49 51 52 53 55 58 59 62 63 64 65 66 67 68 70 72 74 81 82 83 84 86 87 88 89 90 94 96 97 99 100
244 15 18 19 21 22 24 25 27 28 29 31 32 33 37 38 39 40 43 45 46 47 49 54 55 56 58 59 60 63 65 68 72 73 76 78 81 82 85 86 88 89 90 92 95 96 99 100
197 16 18 19 20 21 23 24 31 33 34 36 38 39 41 42 43 44 46 47 48 52 53 56 57 59 62 65 68 71 72 73 76 77 79 81 82 83 84 87 88 91 92 94 95 96 99
165 18 19 20 21 22 24 26 27 28 29 30 31 33 35 36 40 41 43 46 47 50 51 53 55 56 57 58 59 60 63 65 67 69 70 71 73 74 75 76 77 78 80 81 84 86 87 88 93 94 95 96 98 100
196 23 24 25 30 31 34 35 36 37 38 41 43 45 47 49 51 55 56 58 59 60 63 64 66 67 68 69 71 72 73 74 75 76 77 78 80 83 85 88 89 90 92 93 95 97
202 19 20 21 22 25 28 30 32 33 34 35 36 37 38 40 41 42 45 46 47 51 52 55 56 58 59 60 61 65 67 68 69 71 72 74 76 77 78 79 80 82 84 86 87 88 91 93 94 96 98 99
214 21 22 23 24 25 26 27 28 31 32 33 34 37 38 39 43 44 45 49 50 51 56 57 61 62 64 65 66 67 69 73 75 76 78 81 83 84 87 88 91 93 95 96 97 99
293 23 24 25 26 28 30 31 33 34 38 39 40 42 43 44 45 48 51 54 55 56 57 60 61 62 63 64 65 66 67 68 69 70 71 72 73 74 75 77 78 79 81 82 84 86 88 90 92 93 94 95 96 97 98 99 100
267 22 23 24 25 26 28 29 30 31 32 33 35 36 37 39 40 42 44 45 46 47 50 52 54 55 56 57 58 59 60 63 64 65 67 68 69 71 73 74 75 77 78 79 80 81 82 83 86 93 95 96 97 98 99 100
299 23 25 29 31 32 33 36 38 41 42 43 44 47 48 49 50 52 53 55 56 57 59 60 61 62 64 67 68 70 72 73 74 77 78 79 81 83 84 85 86 87 89 90 92 95 97 98
279 24 25 26 27 28 29 30 31 32 34 35 37 39 41 44 45 47 48 49 50 52 53 54 57 60 62 63 64 67 71 72 73 75 76 77 80 81 84 86 87 93 94 95 98
222 26 27 29 32 33 34 35 37 39 41 43 44 45 46 49 51 52 57 61 62 63 66 68 69 70 71 74 78 79 81 82 83 84 85 86 87 89 92 95 98
166 27 30 33 34 36 38 40 41 42 43 44 46 47 48 50 51 53 54 56 57 58 59 60 62 64 65 67 68 69 70 72 73 74 75 76 77 79 82 84 86 87 88 89 90 91 93 96 98 99 100
295 28 30 32 33 34 35 36 37 38 40 41 42 43 44 45 48 56 57 58 60 61 62 65 66 67 70 76 77 78 79 80 81 83 84 85 86 88 89 90 92 94 95 97
211 28 30 32 34 35 37 41 43 46 47 48 49 51 52 54 55 57 58 59 60 63 64 68 70 71 73 76 78 79 80 82 87 88 89 90 92 93 95 96 97 98 100
288 29 30 31 32 37 39 40 41 42 45 46 47 48 49 50 54 56 57 59 62 63 64 70 72 76 77 78 82 84 86 88 89 90 91 93 94 95 96 98 99 100
297 30 32 33 37 38 40 42 43 47 48 52 54 57 58 59 60 61 62 63 65 66 67 68 70 74 75 79 81 82 83 84 85 87 88 93 94 95 96 98 100
224 31 34 36 37 38 39 40 41 45 46 48 49 53 54 56 57 61 62 63 64 65 66 67 68 69 72 74 75 76 77 78 79 80 81 82 83 84 86 87 88 89 91 92 93 94 95 96 97 99
198 33 35 37 38 40 42 44 46 50 51 55 56 58 59 60 61 62 64 65 66 67 68 70 71 74 76 77 79 80 81 82 83 84 85 86 87 89 91 92 93 94 95 96 98 99 100
183 36 40 41 42 43 44 45 46 47 48 50 51 53 54 56 57 60 62 63 64 66 69 70 71 74 75 77 79 80 81 82 84 85 86 87 89 90 92 93 94 97 98
283 34 36 37 38 41 42 44 46 49 50 51 52 54 55 56 59 60 61 63 64 65 67 68 70 72 73 74 78 80 82 83 84 85 86 87 91 94 95 97 98 99 100
198 37 38 39 40 47 48 50 52 54 55 61 62 63 64 65 68 69 70 72 74 76 77 78 79 81 82 85 87 89 90 91 92 94 95 96 97 99
179 36 37 40 41 42 43 44 46 47 48 49 50 51 52 55 56 62 64 66 71 74 75 76 77 78 79 80 82 83 84 85 87 88 89 92 93 94 95 96 98 99 100
245 38 39 42 43 44 45 47 50 51 52 53 54 56 58 59 60 61 62 63 64 65 66 67 71 72 74 79 81 82 83 86 89 91 92 94 95 96 98
187 39 40 41 43 44 46 49 50 51 53 55 56 57 58 59 60 61 63 64 66 67 68 69 73 75 77 78 79 80 81 83 85 86 87 88 90 93 96 98
181 39 42 43 44 45 46 47 50 52 54 58 59 61 62 63 64 65 66 67 68 70 71 72 73 75 76 77 78 81 82 83 85 86 88 92 93 95 96 98 99 100
155 41 42 43 48 49 50 51 52 53 57 58 60 61 62 66 68 69 71 72 73 75 77 79 80 81 84 85 86 87 89 90 91 92 93 94 95 96 97 98 99 100
272 42 43 44 45 49 53 55 56 59 60 63 64 66 67 68 70 73 75 77 79 82 83 87 89 90 99 100
167 42 45 47 48 51 52 53 54 55 56 58 61 62 64 65 66 67 69 70 71 72 74 75 76 77 78 82 83 84 86 87 88 90 91 92 93 94 95 96 97 98 99 100
295 48 49 50 51 53 54 55 56 62 63 65 66 67 68 73 74 76 78 79 82 85 86 87 88 89 90 92 94 96 97 98 99 100
190 44 46 49 50 54 55 56 58 59 61 63 64 65 66 67 70 73 74 75 76 77 80 83 84 85 86 89 90 92 93 95 96 97 99
263 46 47 50 51 53 54 55 56 57 59 60 63 64 66 67 68 69 72 73 77 79 81 84 85 86 87 88 89 91 92 94 96 99 100
214 47 48 50 53 55 57 60 61 62 63 65 66 67 72 73 74 75 76 77 78 79 80 83 84 86 87 88 89 90 92 94 96 97 98 99 100
160 48 52 53 54 55 56 58 60 61 62 63 64 65 67 68 71 72 73 77 78 79 81 82 83 84 85 87 88 89 90 93 94 96 97 98 99 100
253 48 49 51 52 53 54 55 56 57 59 61 62 65 66 67 68 69 70 71 72 76 77 79 80 83 87 89 92 93 94 95 97 98 99 100
272 49 50 51 54 55 57 58 59 60 61 63 64 68 69 73 74 76 77 78 79 80 81 82 85 86 88 89 90 93 94 95 96 97 100
187 50 51 52 53 54 55 57 58 59 60 64 65 66 68 70 71 74 75 76 78 82 84 85 86 87 90 91 92 93 94 96 97 98
283 51 52 57 58 59 60 61 63 66 68 71 72 73 74 76 77 80 82 85 86 87 88 89 90 91 94 95 96 99 100
276 53 55 57 60 61 62 64 65 66 67 71 73 74 75 77 78 84 86 89 90 92 93 94 96 98 99 100
212 54 55 56 59 60 61 65 66 67 68 73 74 75 78 79 80 81 82 83 85 86 88 89 92 94 95 96 97 98 99
290 56 57 58 59 60 67 69 72 73 75 77 78 79 80 81 83 85 87 89 90 93 94 95 97 98 100
248 55 56 57 59 60 61 62 63 65 66 68 69 72 73 74 77 80 81 82 83 88 89 90 91 92 93 96 97 100
284 56 57 59 61 62 66 68 70 72 75 77 79 80 81 83 84 85 86 88 90 92 93 94 96 98 99
276 57 59 63 64 69 72 73 75 76 77 79 80 81 82 84 86 87 88 89 90 91 93 94 96 98
171 58 59 60 61 62 63 64 67 68 70 71 72 74 76 77 78 85 88 89 90 91 94 95 99 100
300 59 60 61 65 66 67 68 70 73 74 76 77 78 80 81 83 84 85 86 87 88 90 93 94 95 96 97 98 99 100
154 60 62 63 64 65 67 70 73 76 77 79 80 81 84 85 86 89 90 91 94 95 96 97 98
175 61 65 66 67 74 77 81 84 86 88 89 90 94 95 97 99 100
168 62 64 65 68 69 70 74 77 78 79 81 83 84 85 87 88 90 93 95 96 97
201 63 65 66 68 69 71 72 73 76 77 78 79 80 81 83 87 88 89 90 91 93 94 96 97 98 99 100
280 64 65 66 67 68 71 72 75 78 80 81 82 83 85 86 87 88 90 91 93 94 95 97 99
248 66 67 68 69 70 71 72 73 79 80 81 86 88 90 91 93 95 97
280 69 70 72 74 75 76 78 79 80 81 83 85 86 88 89 91 92 94 96 99 100
234 67 68 69 70 71 72 73 74 75 77 79 80 81 84 86 88 91 92 94 97 99
240 68 70 71 75 76 78 79 81 83 85 86 92 94 95 96 98 99
272 69 70 72 78 79 80 82 83 85 86 87 88 90 91 92 93 94 95 96 97
289 70 74 75 77 78 79 81 83 85 86 88 90 92 94 95 97 98 99 100
223 73 74 75 76 77 79 81 82 85 87 90 91 92 93 94 95 96 98 99
216 72 73 75 77 78 79 87 88 90 91 92 93 95 99 100
288 73 76 77 78 79 80 81 83 84 85 87 88 89 90 92 93 94 95 96 97 98 100
220 74 75 76 80 81 82 83 84 85 87 89 90 91 93 95 96 98 99
179 75 80 82 85 86 89 90 94 98
235 78 79 81 82 83 86 89 90 92 93 95 100
289 77 80 81 83 87 91 93 96 97
239 80 81 82 85 86 89 90 92 93 95 96 97 99
278 81 83 86 87 88 90 94 95 97 98 100
175 80 81 82 83 84 85 86 87 88 89 91 92 93 95 96
241 83 85 86 89 91 92 93 95 98 100
153 82 83 85 87 89 92 93 95 97 100
241 84 87 91 92 93 94 95 96 97 99 100
174 85 86 88 89 90 92 93 95 98 99 100
214 85 86 88 89 92 95 96 98 99 100
230 86 87 90 91 92 93 94 95 96 97 99 100
202 88 89 90 91 92 93 94 96 98
165 88 90 91 95 96 97 98 99
231 91 92 94 96 99 100
227 90 92 93 94 95 96 97 100
290 91 92 93 95 96 98 99
173 94 95 97 98
158 93 95 98 100
205 96 97 100
257 95 96 97 99
161 96 97 100
286 98 99 100
159 99 100
160 99
237 100
254
