200	5	200	1
0	15	45
0	11	38
0	8	40
0	14	42
0	31	35
10 3 4 6 12 17 22 24 29 30 32 33 35 36 37 38 39 40 42 43 44 45 46 47 48 49 52 53 54 56 57 58 59 61 64 65 70 71 74 77 78 79 80 81 82 83 84 85 87 88 91 92 96 99 100 101 102 103 104 105 107 108 109 110 111 112 114 116 117 119 120 122 123 124 126 127 128 130 131 132 133 134 135 136 141 142 143 144 148 150 151 152 153 154 155 160 161 162 164 166 167 168 169 171 172 173 174 175 176 177 179 184 185 191 192 193 194 195 196 197 200
10 7 8 11 13 17 18 19 20 23 24 25 26 27 28 29 31 32 33 36 37 38 39 41 42 43 45 46 47 48 49 50 51 53 55 57 59 62 63 65 69 72 73 74 75 76 77 78 79 80 81 82 83 84 85 86 87 93 96 97 98 99 100 101 102 108 110 113 114 115 116 119 121 122 126 129 132 133 134 135 139 142 143 145 151 152 153 154 155 157 158 159 160 163 164 165 166 168 169 170 171 175 177 178 179 180 182 185 187 188 189 190 191 192 193 194 195 196 197 199 200
12 4 5 6 8 9 10 14 16 17 18 20 21 22 25 30 32 33 36 37 38 40 43 44 48 49 51 53 54 55 56 57 58 61 62 65 66 68 69 70 72 74 76 77 78 79 81 82 87 88 89 90 91 93 94 96 98 99 101 103 105 106 107 108 109 110 111 115 116 117 119 120 121 123 124 125 126 129 131 132 133 134 135 136 138 139 140 142 143 147 148 149 151 153 155 160 161 162 163 164 166 167 171 173 174 176 178 180 181 186 187 190 191 195 196 197 198 200
13 5 7 11 12 17 19 20 22 23 25 26 32 33 34 35 36 41 43 45 49 53 54 55 56 57 58 59 63 64 68 70 73 75 77 78 79 80 81 83 84 87 91 92 93 94 96 100 101 104 108 109 111 112 113 114 115 117 118 119 120 121 122 123 126 127 128 132 133 134 137 142 143 145 148 149 150 151 154 155 160 162 163 165 167 168 171 173 176 177 178 180 181 183 185 186 188 189 192 193 194 195 196 197 199 200
14 6 9 10 11 13 14 15 16 17 18 19 20 21 22 24 28 29 30 31 32 33 34 35 38 39 40 45 47 48 50 53 54 55 56 57 58 61 63 64 65 66 68 71 74 76 77 78 79 80 82 83 85 93 94 96 99 100 101 103 104 105 106 109 110 111 112 113 114 115 116 117 122 125 126 128 129 130 131 132 133 134 135 136 137 143 144 146 148 150 152 154 155 156 158 159 162 164 165 169 171 172 173 174 175 176 177 178 181 184 185 186 189 190 193 194 197
17 7 9 10 11 13 14 17 19 21 22 26 27 31 33 34 35 37 40 41 45 47 48 49 50 51 52 53 55 56 57 58 59 61 62 63 64 65 66 72 73 75 77 78 80 83 84 85 86 87 88 90 91 92 93 95 96 98 99 100 101 102 104 105 106 108 109 110 112 113 115 116 118 119 120 121 123 124 126 127 129 131 132 134 135 136 137 138 139 142 146 148 149 150 152 153 156 157 158 160 163 164 165 167 175 177 178 180 183 185 188 191 192 194 197 200
12 10 12 15 16 18 20 22 23 25 26 28 29 31 34 37 38 39 40 44 45 46 48 49 50 52 53 54 55 57 59 60 61 62 63 64 67 70 71 72 73 77 81 82 83 84 85 86 89 91 92 94 95 96 97 98 100 109 111 112 113 114 121 123 124 125 126 127 128 129 130 131 132 133 134 135 136 137 138 139 140 141 142 144 147 149 150 152 156 157 159 160 161 162 163 164 166 167 168 169 170 171 172 174 175 179 180 182 183 188 189 190 191 192 193 196 198 199 200
11 10 11 12 13 15 17 20 23 24 25 26 28 29 31 35 39 42 44 45 46 48 49 51 53 54 60 61 62 63 64 65 66 68 69 70 71 72 73 74 75 76 77 78 79 81 83 84 85 86 88 89 92 93 94 97 98 99 102 106 110 111 112 114 116 117 123 124 125 126 127 128 130 131 132 133 137 138 143 144 146 150 152 153 155 156 157 158 163 165 166 167 168 170 172 173 174 175 176 177 180 183 184 185 186 187 188 191 195 196 197 198 199 200
19 10 11 13 14 15 16 19 20 23 27 28 29 30 31 32 33 35 38 40 42 43 44 46 47 48 50 51 53 54 56 57 58 59 63 64 65 66 67 69 73 74 76 79 80 81 83 86 87 88 89 90 93 98 102 103 105 106 107 111 113 116 117 119 120 121 122 127 128 131 133 135 136 137 139 141 142 143 144 145 148 149 150 152 153 156 159 162 163 164 165 167 170 172 174 175 177 178 179 183 185 191 192 193 194 195 196 197 199
6 11 12 13 15 18 20 21 22 23 24 25 26 27 29 30 31 32 37 38 39 40 41 42 43 44 45 47 48 50 53 55 56 57 58 60 61 62 65 66 67 68 70 71 72 73 74 75 76 77 78 79 81 85 86 87 88 89 91 92 93 94 95 96 97 98 100 101 104 106 111 113 114 115 117 118 119 120 121 122 123 125 127 130 134 135 139 140 143 145 148 149 150 151 152 156 161 164 167 169 175 176 177 179 180 181 182 183 184 185 186 188 190 192 193 195 196 197 198 199 200
19 12 14 17 18 19 22 27 28 32 35 37 39 41 43 46 47 51 53 54 55 56 59 60 61 62 65 66 67 68 69 71 72 73 74 76 79 80 82 83 84 85 86 87 88 89 92 93 95 97 98 101 102 104 106 107 109 111 112 113 114 115 116 118 119 120 125 126 127 128 129 131 133 134 135 136 137 138 140 142 143 145 146 147 148 151 152 155 157 160 163 164 166 167 168 169 170 173 174 176 177 178 179 180 181 182 183 184 185 186 187 188 189 190 194 196 197 198 199 200
6 13 19 20 21 25 26 28 29 31 32 33 34 35 37 42 44 45 46 47 48 51 52 54 55 57 59 60 61 64 66 67 68 70 71 74 78 80 81 82 83 84 85 87 88 89 90 91 93 94 95 96 99 100 102 103 104 107 108 114 115 116 117 122 123 124 125 128 131 132 133 134 135 136 137 138 139 142 143 145 147 148 150 151 152 153 154 155 156 158 159 160 161 162 163 166 167 168 169 170 171 172 173 174 175 177 178 180 182 184 185 187 188 189 192 193 195 196 199 200
5 14 15 18 19 20 24 25 28 29 30 31 32 35 36 38 40 42 44 48 49 50 51 52 54 55 56 58 60 62 63 66 69 70 71 72 73 74 77 79 80 82 84 86 88 95 96 98 102 104 105 106 110 113 114 115 118 119 120 122 123 128 131 132 134 135 137 138 139 140 142 144 146 151 152 154 155 163 164 166 167 168 172 173 175 176 177 178 181 182 183 185 186 187 188 190 192 194 196 197 198 200
14 16 17 20 21 22 24 25 26 31 32 34 35 36 38 40 41 43 44 47 49 50 51 54 55 56 57 58 59 60 61 62 63 65 67 69 70 74 75 76 77 81 82 84 86 90 92 93 94 95 96 98 99 100 103 104 106 108 109 110 112 113 114 116 118 119 120 121 125 126 127 128 129 130 132 133 135 136 137 141 143 145 147 148 149 150 151 152 154 155 156 158 159 160 161 162 165 170 173 174 175 176 178 181 182 183 184 185 189 190 192 193 194 195 196 198 199
13 17 22 23 24 30 31 32 34 36 39 41 42 43 44 45 46 53 56 57 59 60 61 62 64 65 66 67 68 69 70 71 73 75 77 79 80 84 86 88 89 92 94 98 102 110 113 114 115 116 117 118 119 120 121 124 125 129 132 133 135 136 137 138 142 143 144 145 146 147 148 150 151 152 155 156 159 161 162 163 165 166 169 170 172 174 177 178 179 180 181 182 183 184 187 188 191 192 193 194 196 197 198 199 200
3 17 20 21 24 26 28 31 33 35 38 41 42 47 48 50 51 52 54 55 62 64 66 67 68 69 70 74 75 76 78 79 81 82 83 84 87 88 89 90 92 93 94 95 96 97 99 100 102 105 106 108 111 112 113 115 116 118 119 120 121 122 123 126 127 128 130 131 135 136 139 140 142 143 144 146 147 148 149 150 155 157 158 160 162 163 164 165 166 167 169 170 172 173 175 177 178 179 180 181 182 183 189 190 193 194 196 199 200
17 19 20 21 22 23 24 26 27 28 29 30 31 32 33 34 35 36 37 38 40 41 42 43 45 47 49 50 52 56 57 58 59 61 62 63 65 67 69 70 71 72 73 74 76 77 79 80 81 82 84 86 87 88 90 91 93 94 98 99 101 102 103 105 107 110 111 114 119 120 121 124 126 129 132 133 135 136 137 138 139 141 142 146 147 148 150 151 152 155 156 157 159 160 161 166 168 169 170 171 172 173 174 176 180 182 183 184 185 186 188 189 190 192 193 194 195 196 197 199 200
19 19 20 21 22 24 25 26 28 30 31 32 33 34 35 37 38 39 40 41 42 43 44 45 46 53 54 56 57 59 62 63 65 67 69 72 73 75 76 78 79 80 84 86 91 92 94 95 99 100 101 102 103 105 107 108 110 111 113 114 115 116 120 122 125 127 128 129 130 135 136 137 140 142 144 146 148 149 150 153 155 159 160 162 164 165 166 167 168 172 175 177 179 182 183 186 187 190 192 194 198 200
18 21 22 23 24 25 26 27 29 31 32 33 37 38 41 42 47 48 49 50 51 52 54 55 56 57 59 60 63 64 65 69 70 71 72 74 75 76 77 80 81 82 83 84 87 89 93 94 95 98 99 101 102 105 109 110 111 112 113 114 115 117 119 121 123 124 125 129 130 131 132 135 136 137 138 140 141 142 144 145 146 147 148 149 150 151 155 158 160 162 163 166 167 170 172 173 174 175 177 178 180 181 182 184 185 187 188 189 191 192 193 194 195 196 199
7 22 23 24 25 26 29 31 34 38 39 41 44 45 46 47 48 49 50 53 54 55 57 58 59 60 61 63 70 71 74 76 78 84 86 87 88 89 92 94 97 98 99 103 104 105 106 107 110 112 113 117 118 121 122 123 124 126 127 128 129 133 134 135 137 139 141 142 143 145 147 148 149 150 151 153 154 155 157 158 159 160 161 162 163 164 166 167 168 169 173 174 175 178 179 180 182 183 184 187 188 189 192 193 194 197 198 199 200
16 22 23 25 26 27 28 29 31 33 35 40 42 43 46 50 51 53 58 59 60 62 63 64 67 68 70 71 72 73 74 75 77 80 81 83 84 87 89 91 92 94 99 100 102 103 105 106 107 108 109 111 112 113 114 115 116 117 118 119 121 122 123 124 128 131 133 135 136 139 140 141 144 145 146 150 151 152 153 154 155 160 161 162 163 164 165 166 167 168 172 173 174 175 176 177 183 186 189 190 191 192 195 196 198 199
16 24 25 26 27 28 31 33 34 35 36 37 40 41 42 44 45 46 47 49 52 53 55 56 57 59 61 62 63 64 65 66 70 71 72 73 74 75 76 77 78 80 81 87 92 93 94 95 96 97 98 99 101 102 103 104 105 106 107 108 110 111 113 115 118 121 122 125 126 128 129 130 131 132 133 135 138 140 141 143 145 148 150 151 152 153 155 156 157 158 161 164 166 169 171 173 177 179 180 181 185 186 187 188 189 192 193 195 196 197 198 199
12 25 26 27 28 29 34 35 37 38 44 46 48 51 52 53 54 56 57 58 61 64 66 67 68 69 70 73 74 75 76 77 78 83 84 85 90 92 94 96 98 99 102 103 106 107 111 112 113 114 117 118 119 120 121 122 124 126 128 129 130 131 133 134 135 136 138 139 142 143 145 146 147 148 149 152 153 154 155 156 158 159 161 163 165 166 167 169 170 173 174 175 177 179 180 181 184 186 187 188 189 190 191 192 194 196 198 199
19 25 27 29 30 33 34 35 36 39 41 42 43 44 47 48 49 51 52 53 54 57 58 59 60 61 62 63 64 65 66 69 70 71 73 74 75 77 78 80 81 82 84 87 89 91 93 96 97 100 103 105 107 108 110 112 113 114 116 118 119 120 122 123 124 125 126 128 136 138 139 141 142 143 144 146 147 148 149 151 152 153 154 155 158 160 161 163 164 165 167 168 169 170 171 173 174 176 177 178 180 181 182 183 184 187 191 192 196 198
8 27 30 31 32 33 35 36 38 41 43 45 46 48 50 51 55 57 58 60 61 63 65 66 68 69 71 72 73 74 75 76 77 78 79 80 81 85 86 87 88 89 90 91 93 95 96 97 98 102 103 104 106 108 113 114 117 118 119 120 121 122 123 124 127 129 132 135 136 137 139 140 142 145 146 148 150 151 152 153 154 155 156 159 160 163 165 167 168 171 172 174 175 176 179 181 182 183 184 187 189 190 191 192 196 197 199 200
14 28 29 30 31 32 33 35 36 38 39 40 43 44 46 48 50 51 53 54 56 57 59 60 65 68 69 70 72 73 75 77 78 79 80 82 84 85 86 91 93 94 96 97 98 100 102 103 107 108 109 111 113 114 116 117 118 120 121 122 123 125 128 130 133 136 137 138 139 144 145 146 147 148 149 151 152 153 154 155 157 159 160 162 163 164 165 167 169 170 172 173 174 175 182 183 184 186 189 191 192 193 194 195 196 198 199
7 28 29 30 32 33 34 35 37 41 46 47 49 51 52 53 54 55 59 61 63 65 66 67 68 69 71 72 75 78 79 81 85 87 88 91 93 94 96 97 100 103 104 106 107 108 109 110 111 113 115 116 117 118 119 122 123 126 127 128 130 131 132 134 135 136 137 138 140 143 146 148 150 153 157 160 161 162 164 165 166 171 172 174 175 176 177 178 179 182 183 184 186 188 190 191 192 193 194 195 199 200
17 30 32 33 34 35 37 40 41 44 46 47 49 51 52 53 55 58 59 60 61 62 63 64 65 66 68 69 71 72 73 78 80 81 85 88 89 91 92 93 94 96 97 98 99 100 102 104 105 107 111 112 114 115 117 118 119 120 124 128 129 130 131 134 136 137 139 140 141 142 145 147 149 151 152 154 155 156 158 159 160 162 163 164 165 168 169 170 171 172 173 174 177 182 183 185 186 189 190 192 194 196
18 32 33 34 35 36 39 40 41 42 45 46 47 51 53 55 56 57 58 61 63 64 67 68 69 70 71 72 73 74 76 77 81 83 84 86 87 88 90 93 96 100 101 102 103 105 108 109 115 117 118 119 120 123 127 129 130 131 132 133 134 135 136 139 142 143 145 146 148 149 152 153 155 157 159 163 166 169 172 173 175 176 177 180 186 187 188 192 193 194 197 198 200
2 31 32 33 34 35 37 38 39 41 42 43 44 48 51 52 54 55 56 57 62 63 64 65 67 68 72 73 74 76 77 78 79 80 82 84 85 86 88 89 91 94 95 96 98 99 100 101 102 103 106 109 110 111 112 113 117 118 122 123 125 126 127 128 130 136 137 138 140 141 143 144 146 148 149 150 151 152 153 155 158 159 161 162 163 164 166 169 170 171 173 175 176 177 178 179 180 186 187 188 189 190 191 194 195 197 199 200
10 33 34 37 39 40 44 45 49 50 53 61 62 64 65 66 67 68 70 71 75 76 78 80 82 83 84 85 86 87 88 91 92 93 94 97 98 99 101 102 104 105 106 108 112 113 115 116 117 118 119 123 124 127 129 130 134 135 137 138 139 140 141 142 143 144 146 147 149 150 151 153 154 155 156 157 158 162 164 165 166 167 169 170 171 172 173 174 175 177 178 180 182 183 184 185 186 187 191 192 194 197 200
3 36 38 39 40 42 43 44 45 47 49 55 58 59 60 61 62 63 65 66 69 70 71 73 74 75 79 80 81 82 83 84 85 88 93 94 95 96 97 98 99 100 102 103 104 108 109 110 112 114 115 117 118 119 121 122 123 124 125 128 130 131 133 136 139 140 141 142 145 146 149 151 153 155 156 158 159 160 161 163 165 166 167 175 176 179 181 182 184 185 186 187 189 193 194 195 196 197 199 200
8 35 36 37 38 39 42 44 46 47 48 49 50 51 52 54 55 56 57 58 59 60 62 63 66 69 70 71 72 73 74 76 77 79 82 83 86 87 89 90 91 93 94 97 98 99 101 102 103 104 105 107 110 112 113 114 115 116 117 118 120 123 126 128 130 133 134 136 137 139 140 141 142 145 149 152 153 154 155 157 163 164 165 167 169 171 172 173 174 175 177 179 182 184 186 187 188 189 191 192 193 194 195 196 197 198 199 200
12 35 36 38 41 43 44 49 50 51 52 53 54 55 56 57 59 60 62 63 64 67 70 71 72 75 76 77 79 81 82 86 87 88 89 93 95 96 98 99 100 102 103 105 107 108 111 113 114 116 117 118 119 121 123 127 129 130 131 132 134 138 139 140 141 142 143 146 147 149 151 155 156 157 160 162 164 166 168 169 172 173 174 178 180 181 183 184 186 188 191 192 194 197 198
10 36 37 38 41 44 45 46 47 49 51 52 53 55 56 57 58 59 60 67 68 70 71 72 77 81 83 84 86 87 89 90 91 92 94 96 98 99 100 101 102 104 105 106 109 111 114 115 117 118 119 122 123 125 126 127 128 129 130 132 133 137 138 139 140 142 143 147 148 149 150 151 152 154 155 157 159 160 161 162 165 167 168 171 173 175 178 179 180 182 183 184 185 186 192 193 195 197 198
11 37 38 41 42 43 45 47 48 53 54 55 57 61 63 65 66 68 71 73 75 76 77 78 79 80 82 84 86 87 88 89 90 93 94 96 97 100 101 102 103 105 108 109 110 111 113 114 116 118 121 123 125 130 132 133 134 135 138 139 140 141 142 144 145 146 147 148 149 151 152 153 155 156 158 161 162 164 165 167 169 171 172 174 175 176 178 182 183 185 187 188 190 191 193 196 199 200
11 39 40 42 43 44 45 48 49 52 55 56 57 59 60 61 62 63 64 67 68 69 70 73 74 76 77 78 79 80 81 83 84 85 86 87 88 89 90 92 93 94 95 96 97 99 102 103 104 105 107 108 109 110 111 113 114 118 119 120 121 122 124 125 126 127 128 130 133 134 135 136 137 138 139 140 142 144 146 147 150 152 153 156 157 159 160 161 166 167 168 169 170 171 172 174 175 176 179 187 189 191 192 193 194 197 199
5 40 41 42 43 44 45 46 51 52 54 55 56 58 59 60 61 64 65 67 68 71 72 73 74 77 78 79 80 83 84 85 86 88 91 92 93 94 97 99 100 102 103 105 106 109 111 115 116 117 118 119 121 124 125 127 128 129 132 133 136 137 138 139 140 141 142 143 145 148 149 152 153 154 156 157 160 161 162 166 168 170 171 172 174 178 179 180 181 184 185 186 187 188 190 191 192 193 194 195 196 197 198 199 200
11 40 41 42 44 46 48 49 50 52 54 60 61 62 64 67 69 72 73 75 76 77 78 79 80 83 84 85 87 89 91 94 95 97 100 101 102 104 105 107 108 110 111 113 114 115 116 117 120 121 123 124 125 126 127 129 130 132 133 134 136 141 143 144 146 147 149 150 151 152 153 155 157 159 160 162 163 164 166 169 170 172 173 174 175 178 180 183 184 185 189 190 191 193 195 196 197 198 199 200
4 41 43 45 46 47 48 49 51 54 55 58 60 61 62 66 67 70 71 73 74 76 81 83 86 89 90 91 92 93 94 95 96 99 101 105 109 110 111 112 113 114 115 117 121 123 124 125 126 128 129 131 133 135 136 139 141 143 144 145 148 152 154 155 156 157 158 159 160 161 162 163 164 165 166 167 168 169 170 173 174 175 176 177 179 182 183 188 189 190 191 192 193 194 195 196 197 198 199 200
14 42 43 44 45 46 48 53 56 57 58 59 63 65 68 69 70 71 72 73 75 79 83 84 85 86 88 90 91 96 98 101 103 104 105 106 110 113 114 115 116 117 118 120 121 122 123 127 128 129 132 133 134 135 136 137 138 139 140 141 142 143 144 146 147 151 152 154 157 161 162 164 165 166 167 168 170 171 172 173 176 177 179 182 183 185 186 188 190 192 196 197 200
5 44 47 49 50 52 53 54 55 56 59 60 61 62 64 65 67 68 70 71 72 73 74 76 77 78 81 83 84 87 88 89 90 93 95 96 98 100 101 103 104 106 107 110 112 114 116 118 120 121 122 125 126 130 131 132 136 137 138 140 142 143 145 146 147 148 149 150 154 155 156 158 159 161 162 165 167 170 171 174 175 177 179 180 181 182 183 184 185 187 189 190 191 193 194 195 198 199
4 44 46 47 48 49 50 51 52 53 54 55 56 58 60 63 64 66 72 77 79 80 83 84 89 90 91 95 98 99 101 102 104 106 107 108 110 113 115 116 118 119 123 124 125 126 127 128 129 130 132 134 136 137 138 142 145 146 147 152 153 154 156 157 159 160 162 163 164 165 167 171 174 175 177 178 180 181 182 184 186 187 188 189 190 191 192 193 196 199 200
18 46 47 51 57 58 59 60 61 63 64 65 68 70 71 73 74 76 77 78 80 82 83 86 87 90 92 93 95 96 97 99 100 101 103 106 107 108 109 111 112 115 118 119 120 124 125 127 128 129 130 131 133 135 136 138 139 140 141 142 144 145 146 148 149 152 153 156 157 158 160 161 164 165 166 168 170 175 176 178 179 180 181 183 184 185 187 190 193 194 195 197 198 199
17 46 47 48 49 50 52 53 56 57 59 60 63 64 66 69 71 72 73 74 77 78 79 83 85 86 90 91 92 95 96 97 99 100 101 102 104 107 109 110 111 115 116 120 121 125 127 129 130 131 132 134 136 137 138 140 141 142 143 145 148 150 155 156 160 161 163 164 165 166 168 171 172 173 174 178 179 180 181 183 185 186 188 190 191 193 194 196 198 199 200
20 47 48 49 50 51 52 53 54 56 57 59 60 62 63 65 66 69 70 73 75 76 78 81 82 83 84 86 87 90 92 95 96 97 98 102 103 104 105 108 109 111 113 115 116 118 120 123 124 125 127 128 130 131 132 133 134 135 136 137 139 140 141 143 144 146 149 152 153 154 161 162 164 165 166 167 168 173 174 177 180 183 185 186 187 188 190 191 193 194 195 196 199 200
9 48 50 52 54 56 62 63 64 65 66 67 72 75 77 79 82 86 88 91 92 95 97 99 100 101 102 104 108 109 112 113 117 119 121 123 125 126 128 130 132 133 134 135 136 138 139 140 141 142 143 145 146 147 148 149 150 153 154 155 157 160 163 165 166 168 169 171 172 176 177 178 180 182 184 185 186 187 188 191 192 193 194 195 196 197 198 200
19 50 51 52 53 54 55 57 58 62 65 66 67 70 73 76 77 78 80 82 83 84 87 89 90 92 95 97 98 99 100 101 105 107 108 109 112 115 119 121 122 124 128 129 131 133 134 135 137 138 139 140 144 145 147 148 149 150 151 153 154 155 156 157 158 159 160 161 162 163 164 167 168 169 172 173 174 175 178 179 184 186 188 189 190 195 196 197 198 199
19 50 51 52 53 54 57 58 59 60 65 66 68 69 70 72 75 76 77 78 79 80 83 84 85 87 89 90 91 92 94 95 96 98 102 103 104 105 106 107 108 110 116 119 123 124 126 129 130 132 137 138 139 140 141 142 143 145 147 148 154 155 158 161 162 163 164 167 168 171 173 174 175 177 178 180 185 186 188 189 190 191 192 193 196 197 198 199 200
11 51 53 54 56 60 64 65 67 68 69 70 73 74 79 80 81 84 85 87 90 91 93 94 96 97 100 102 103 105 106 108 110 114 115 116 120 121 122 123 124 125 127 128 129 131 132 133 136 137 141 142 146 148 150 151 153 155 156 161 164 166 167 168 170 171 172 173 175 176 178 179 180 182 183 184 185 187 188 190 195 197 198 200
8 52 53 58 59 60 62 63 64 69 70 73 76 77 79 80 81 82 83 84 85 86 87 89 91 92 96 99 102 103 107 109 111 113 114 117 118 119 124 125 126 131 132 134 135 136 138 140 142 144 147 148 149 150 151 153 155 157 158 159 160 163 164 165 166 167 168 169 170 171 172 173 174 175 176 177 178 179 180 181 182 183 184 187 192 193 194 195 196 197 198 199 200
3 54 55 56 58 61 62 63 66 69 72 73 74 76 77 81 84 85 87 88 90 92 93 95 96 97 98 101 102 103 104 106 107 108 111 112 113 114 117 119 121 122 124 126 128 129 130 131 132 133 137 140 141 145 146 147 149 150 151 152 153 155 159 160 161 162 167 168 169 171 173 175 176 177 178 179 180 181 182 186 189 190 191 192 194 196 197 199
3 55 57 58 59 61 63 64 65 66 67 68 69 70 71 72 73 74 76 77 79 81 82 85 87 88 89 90 96 98 99 100 102 103 104 106 110 111 112 118 120 121 122 123 124 125 126 127 128 130 132 135 136 137 138 141 142 143 144 146 147 148 149 152 153 154 155 157 158 160 163 167 168 169 172 173 174 175 177 178 180 181 183 184 185 187 189 193 196 197 200
8 58 59 62 63 64 65 67 69 70 71 72 73 74 75 76 79 81 83 86 87 92 94 95 96 99 101 102 106 108 111 112 113 115 116 117 118 119 120 121 123 124 125 126 127 128 132 133 134 137 138 139 140 141 143 144 147 148 149 152 154 156 157 159 160 161 164 165 166 167 168 169 170 171 174 178 181 185 186 187 189 191 193 194 196 197 198 200
2 57 58 59 60 61 63 64 65 66 67 70 72 73 74 75 79 80 83 84 85 87 88 89 90 92 96 98 100 104 105 106 107 108 109 112 113 114 115 116 119 120 121 122 123 125 127 128 131 132 133 134 135 136 137 140 141 142 143 144 146 149 150 151 152 153 156 157 158 160 162 163 164 165 167 168 169 171 172 173 174 177 179 182 184 185 186 188 189 192 193 194 196 197 198 199
13 57 58 60 61 62 63 64 65 71 72 75 77 80 81 83 87 88 89 90 96 99 101 102 105 107 108 109 111 112 115 116 117 119 120 122 124 125 127 129 130 131 132 133 135 136 138 140 142 143 144 145 146 147 148 150 151 152 153 156 157 159 161 163 164 168 172 175 176 178 179 180 181 182 183 185 186 187 189 191 192 199 200
12 58 60 62 63 67 68 69 70 72 74 75 76 77 78 79 80 81 82 83 85 87 89 90 91 92 93 94 97 99 101 102 103 105 108 109 110 111 113 114 115 120 121 122 123 124 125 126 128 129 130 131 132 136 137 138 140 145 146 149 152 154 156 157 158 159 160 161 163 165 167 168 169 170 171 173 174 175 176 178 179 180 183 184 185 186 187 189 190 191 192 194 198 199 200
3 60 61 65 68 70 71 72 75 77 80 81 82 85 89 90 91 95 96 100 102 103 105 107 108 109 110 111 112 114 115 116 118 122 125 126 127 131 133 134 136 137 139 141 142 143 145 146 148 150 151 152 153 154 155 156 159 160 161 163 164 165 167 172 174 175 177 179 180 181 183 184 190 192 194 195 196 199
20 60 61 64 65 67 68 69 70 71 76 77 80 81 83 84 85 88 89 90 91 94 95 96 97 99 100 103 106 107 108 109 110 114 115 116 118 122 123 125 126 127 128 130 131 133 136 140 144 145 146 149 150 151 152 153 154 156 158 159 160 161 162 163 165 166 168 169 171 172 173 174 175 177 180 182 183 184 186 187 188 191 192 195 197 198 199 200
7 61 62 63 64 65 66 69 70 72 74 77 78 80 84 85 86 87 88 89 90 91 92 94 95 96 98 99 101 102 104 107 108 111 112 114 115 116 117 118 119 120 121 122 123 124 131 133 134 137 140 141 142 143 146 148 149 150 151 153 154 155 158 160 161 162 164 165 166 167 168 169 172 173 174 175 176 177 179 180 181 182 183 186 188 189 190 191 192 193 194 196 198
3 62 63 66 67 69 70 76 77 79 81 83 85 86 89 90 94 100 102 104 105 108 110 111 112 115 116 118 120 123 126 127 128 129 130 131 133 134 137 138 139 141 142 146 147 148 149 150 151 153 157 160 161 162 163 164 166 169 170 173 174 181 183 184 185 186 187 189 193 195 199 200
4 63 65 67 69 70 71 72 75 77 78 80 82 83 84 85 88 93 96 98 99 100 101 104 105 109 110 111 113 116 117 120 123 125 126 128 129 130 132 133 134 136 137 140 141 142 143 144 145 147 148 150 151 152 153 154 155 156 158 159 161 164 165 167 168 169 170 174 176 178 182 184 187 188 193 194 195 196 198 199 200
8 66 67 69 70 75 76 77 78 82 83 87 93 94 95 96 98 100 102 104 105 107 108 109 110 111 112 114 115 117 119 120 122 123 124 125 127 128 129 130 131 134 136 139 140 141 144 146 147 148 150 155 157 158 160 162 164 165 166 167 168 170 171 172 173 177 178 179 180 182 183 184 185 187 188 189 191 193 196 197 198 199
12 66 67 68 69 70 71 73 75 80 81 82 83 86 87 88 91 94 95 97 99 100 101 102 103 104 105 106 107 108 109 111 112 113 116 119 120 121 122 126 129 130 131 134 135 136 137 138 139 140 142 144 145 146 149 150 151 152 154 155 156 157 158 160 161 162 163 164 166 168 169 173 174 175 176 177 178 179 181 182 183 188 189 190 191 192 193 195 196 198 200
2 66 67 68 69 70 72 73 77 78 79 80 81 82 85 86 87 89 90 91 92 93 94 95 96 98 99 100 107 108 109 110 115 116 117 119 120 121 122 124 125 126 127 128 131 132 134 136 137 139 140 143 144 146 147 148 152 153 154 155 156 158 160 162 165 166 169 170 171 172 173 175 176 177 179 180 182 183 184 185 187 190 191 192 193 194 197 198 199 200
19 67 70 71 72 74 75 76 81 83 84 85 86 87 88 91 93 98 99 100 101 102 103 104 108 109 110 115 118 120 122 123 124 128 129 130 131 132 136 138 144 146 147 148 149 150 153 155 156 157 158 159 160 162 163 165 166 167 168 169 171 173 175 176 177 178 179 182 186 187 190 191 193 196 198 199 200
17 69 71 72 74 75 76 77 78 81 84 85 88 92 94 95 97 98 99 102 103 104 110 111 112 113 117 119 120 123 124 125 127 128 129 130 132 136 137 138 139 141 143 146 147 148 149 151 152 154 155 159 160 165 167 169 171 173 174 175 178 179 180 182 184 186 187 188 189 191 193 194 195 196 198 199 200
9 71 72 73 74 75 76 77 80 81 82 83 84 85 86 87 88 91 92 94 95 97 98 99 100 102 106 107 109 111 113 115 116 119 121 124 125 127 128 129 130 131 138 140 142 143 145 147 151 153 155 156 157 158 159 160 161 163 165 166 170 171 172 173 174 175 177 181 183 184 185 187 190 191 193 195 196 197 200
2 71 72 74 76 77 78 79 80 81 82 83 84 85 86 88 90 92 93 97 99 101 102 103 105 106 107 109 111 113 115 116 121 122 123 124 127 128 130 132 134 135 141 146 148 150 152 153 154 156 157 160 162 164 166 167 168 169 171 172 173 174 175 177 178 182 184 187 188 189 190 195 196 197 198 199 200
2 71 73 74 76 77 79 80 81 82 83 84 85 86 88 90 92 95 98 102 103 104 105 107 108 109 110 112 113 114 115 118 119 121 122 123 126 127 128 129 130 132 133 134 138 139 140 142 143 144 145 146 149 150 152 154 156 157 159 163 164 166 169 173 175 176 177 180 183 185 188 189 193 194 196 197 198 199 200
5 73 74 76 77 78 79 80 81 84 85 88 91 92 93 96 98 99 102 103 106 109 110 111 113 114 115 116 120 124 125 126 128 131 132 133 135 136 138 139 140 141 142 144 145 146 148 149 151 154 156 157 159 161 166 169 170 171 173 175 176 177 178 179 182 185 186 187 188 190 192 193 195 196 198 200
5 73 74 76 78 79 80 82 84 86 87 89 91 92 93 94 95 96 99 100 103 104 106 107 108 109 113 115 118 119 120 125 126 132 133 134 136 137 140 141 142 143 144 145 147 148 152 154 156 157 158 159 162 164 165 168 169 170 172 173 175 178 179 180 182 183 187 189 190 191 195 196 197 198 199 200
18 76 78 79 80 82 87 88 89 91 92 94 96 97 98 99 101 102 104 105 106 107 108 109 114 115 119 120 121 123 126 127 129 130 131 132 135 137 139 141 142 144 145 146 147 150 151 153 155 157 161 163 164 165 166 168 169 170 171 172 173 174 179 182 184 185 188 189 190 192 195 199
10 76 77 78 79 80 81 82 83 84 85 87 93 95 96 97 98 99 100 102 104 105 106 107 109 112 113 115 116 117 120 122 123 125 126 127 128 129 130 131 133 137 143 145 146 147 148 149 151 152 154 157 158 159 162 163 167 168 170 171 173 174 175 177 178 180 183 186 188 189 190 191 195 196 198
8 76 78 79 81 82 83 86 87 89 91 92 93 95 97 98 100 101 103 104 105 106 111 112 115 116 119 121 122 123 126 127 128 129 131 133 137 138 139 142 143 146 147 150 152 154 156 159 160 161 162 163 164 165 167 168 170 171 173 174 175 176 177 178 181 182 185 186 188 190 194 195 196 197 198 200
6 78 80 81 82 83 84 85 86 88 89 92 93 98 100 103 107 108 109 110 114 115 116 118 119 121 123 125 126 128 129 130 132 135 138 143 146 147 148 149 153 155 156 158 159 160 162 164 165 166 167 168 171 172 174 175 177 179 181 182 183 184 185 186 189 193 194 195 196 197 198
6 79 80 81 83 84 86 87 88 94 95 96 98 99 102 103 104 105 107 108 109 110 111 112 115 117 118 120 121 122 124 128 129 131 132 134 136 137 139 140 143 144 146 147 148 150 152 155 156 157 160 161 162 163 166 167 168 169 171 174 178 179 180 184 185 187 193 194 195 198
18 83 85 86 87 91 92 97 98 99 101 105 107 108 109 110 111 112 114 115 116 118 119 122 124 125 126 129 130 131 134 135 136 137 138 140 143 145 146 148 149 150 151 155 156 157 158 159 160 161 163 164 165 166 167 170 171 173 174 175 176 182 183 184 187 192 193 195 197 198 200
20 80 81 82 83 85 86 87 88 90 92 96 97 98 99 100 102 103 104 105 106 107 108 111 112 113 114 116 117 119 121 122 125 126 128 129 130 132 133 135 136 138 139 140 142 143 147 148 150 151 152 153 157 158 159 160 161 162 164 167 168 174 175 176 177 178 179 182 185 186 188 192 193 196 197 198 200
9 81 82 83 85 86 88 89 96 97 99 100 101 102 105 106 109 110 111 114 115 116 119 121 125 127 129 131 132 134 135 136 137 138 139 141 142 143 146 149 150 153 154 155 156 157 158 160 161 163 164 167 168 170 171 173 174 180 184 186 187 189 190 191 199 200
15 82 84 86 87 88 89 91 93 94 96 99 100 102 103 104 105 106 107 108 112 113 114 115 116 118 119 120 122 123 124 126 127 128 129 130 133 135 139 143 145 146 149 150 152 154 157 158 160 161 164 165 166 167 169 170 171 173 181 182 183 184 187 188 189 190 191 192 193 194 196 197 198
13 83 84 85 86 88 90 91 92 93 94 95 96 97 99 100 101 102 103 104 106 108 110 113 114 115 116 117 118 119 120 122 123 124 125 126 131 133 135 136 139 140 141 142 143 144 145 146 149 150 151 152 153 155 157 161 162 164 165 167 169 171 173 176 177 179 181 182 187 188 190 192 193 194 195 197 199 200
3 84 88 90 91 94 95 98 99 100 104 105 106 107 109 110 112 115 117 119 121 123 126 127 129 130 131 132 133 137 138 139 140 143 144 148 149 150 151 152 155 156 158 159 160 161 162 164 166 168 169 170 171 172 173 174 178 179 180 181 182 183 184 187 188 189 190 191 192 195 197 198
6 85 86 87 88 89 93 94 95 97 98 100 101 102 103 107 109 110 112 113 114 115 117 120 121 127 129 130 131 136 139 140 143 144 145 146 150 151 152 155 156 158 159 160 162 164 166 169 170 171 172 173 176 179 181 182 187 188 189 190 193 194 195 197
5 88 90 91 92 95 97 98 99 101 102 105 106 109 110 111 113 114 115 117 123 124 126 127 128 130 132 133 134 135 136 137 139 141 144 145 146 147 148 149 151 154 155 157 159 160 161 162 167 169 170 171 172 173 174 175 178 181 182 183 184 185 188 190 191 192 196 197 199 200
3 87 89 90 91 92 93 94 95 96 97 100 102 103 104 105 107 108 110 112 113 114 115 116 117 119 120 121 123 125 126 127 128 129 130 131 132 133 134 135 137 140 143 144 145 146 147 148 149 150 152 153 156 158 159 160 161 162 164 165 166 169 170 171 173 174 175 176 177 178 180 181 182 183 184 185 186 187 188 191 193 196 197 198 200
9 89 91 92 95 96 97 98 99 101 102 103 104 106 111 113 114 117 118 119 120 122 126 127 128 130 131 132 133 134 136 137 138 139 140 142 143 144 145 147 148 149 151 152 153 154 156 157 159 161 162 164 165 166 167 169 170 175 176 178 180 181 184 185 186 187 189 193 194 195 197 198 200
4 89 91 94 95 97 98 99 100 101 104 105 106 112 113 116 117 121 124 125 127 128 129 131 132 133 135 137 138 139 140 141 146 148 149 151 152 156 157 159 160 161 162 164 167 168 171 172 173 175 178 179 182 184 186 188 189 190 191 192 194 196 197 200
19 93 94 96 97 98 100 101 102 104 105 106 107 109 113 114 115 121 122 123 124 125 126 127 128 129 130 131 132 133 134 135 138 139 140 141 146 147 148 149 150 151 152 153 154 156 159 163 164 167 169 170 171 172 175 178 179 181 183 188 189 191 192 193 194 195 197 199 200
20 91 95 97 98 99 100 102 103 105 106 107 113 114 115 116 118 119 120 121 122 123 124 125 127 128 129 130 132 133 136 137 139 141 142 147 148 150 154 156 157 158 160 161 163 168 169 171 172 173 175 177 180 181 182 183 184 185 186 187 188 189 190 191 192 194 195 196 197 198 200
18 92 93 94 96 98 100 102 104 105 108 110 112 113 117 119 121 122 124 129 130 131 132 134 138 139 140 141 143 144 145 146 147 148 150 151 152 153 156 157 158 161 164 165 166 167 168 170 171 176 178 179 180 181 184 185 188 191 193 194 195 196 197 198 199 200
4 93 96 98 99 100 102 106 107 109 110 115 116 117 119 120 123 124 127 128 129 130 131 132 133 134 142 147 148 149 150 151 153 160 161 162 163 166 170 171 172 173 178 180 181 183 184 185 186 187 189 190 191 194 195 196 198 200
5 94 95 96 97 98 101 103 104 105 106 107 108 111 116 118 120 121 122 123 124 126 129 131 133 135 136 139 140 141 142 143 144 146 147 148 149 150 151 152 156 157 158 160 163 165 166 168 169 171 172 173 175 178 179 180 184 185 187 189 196 198
8 95 96 98 103 104 107 109 110 112 115 118 119 120 121 123 127 128 129 131 132 133 136 140 141 142 143 144 148 150 151 152 157 158 160 163 164 165 166 167 169 170 172 173 175 176 179 180 182 183 184 186 187 190 195 196 197 198 199 200
5 96 97 98 99 100 103 104 107 108 109 110 111 113 116 118 119 121 122 123 124 125 126 127 131 133 134 136 137 140 141 142 145 146 147 148 149 152 154 156 157 158 160 161 162 163 165 167 168 169 174 175 176 178 180 181 183 184 185 186 187 188 189 190 191 192 193 194 195 196 197 198 200
4 97 101 104 106 107 108 109 111 112 114 118 121 123 126 127 129 130 131 132 133 134 137 139 140 141 142 144 146 147 149 152 156 158 159 160 161 164 165 166 169 170 177 178 179 180 181 183 184 185 186 187 188 189 190 192 196 197 198 200
13 99 100 101 102 103 104 107 108 109 110 111 114 115 117 118 119 121 123 125 126 127 128 129 131 132 133 134 139 140 141 143 146 151 153 154 157 159 162 164 166 169 171 172 173 175 176 180 181 186 187 188 189 192 193 196 197 198 199
13 99 102 105 106 109 110 112 114 116 117 118 119 120 124 126 128 129 130 131 132 135 136 139 143 145 149 150 151 154 156 157 158 163 164 165 166 167 168 169 171 172 174 175 176 177 179 180 183 184 186 187 188 189 190 191 192 195 198 199 200
13 100 101 102 103 106 107 108 109 110 111 112 115 116 118 119 122 123 126 127 128 129 130 131 132 134 135 136 137 142 143 145 147 148 149 154 156 158 159 160 162 163 164 165 166 168 169 170 171 172 174 175 177 180 182 186 187 188 190 191 192 193 194 195 198 200
6 109 110 112 113 114 115 116 118 121 122 124 125 126 127 128 130 131 132 133 135 137 140 142 143 145 146 151 154 155 156 157 159 161 162 163 164 165 167 168 170 173 176 177 179 180 181 182 183 184 186 189 190 191 193 195 196 198 199 200
11 105 106 107 108 109 111 113 114 117 118 119 120 121 122 124 128 129 131 132 133 134 136 137 140 141 144 149 153 155 156 157 163 165 166 168 169 172 173 174 175 177 181 182 183 184 185 186 187 191 193 196 199
20 103 104 105 106 108 112 114 115 116 117 118 119 120 121 122 124 126 127 131 133 135 136 142 143 145 146 147 149 150 151 152 153 154 155 156 158 159 161 164 165 166 167 168 170 171 172 173 175 176 178 179 180 181 182 183 188 189 191 192 194 196 197 198 200
14 104 106 109 111 112 113 114 115 117 120 122 127 128 130 131 133 136 138 143 144 145 146 151 152 153 155 156 157 158 160 162 164 166 167 168 169 172 173 174 175 176 177 178 179 180 182 183 184 185 186 187 189 190 191 192 194 196
7 105 107 108 110 111 112 114 115 116 117 118 120 124 125 126 127 129 130 131 132 135 136 137 139 140 141 142 144 145 146 147 148 149 151 152 154 155 156 157 158 160 161 162 166 167 168 170 171 172 173 175 176 177 181 183 184 187 190 191 195 196 197 198
7 106 109 110 111 113 114 116 118 120 123 125 127 128 130 131 132 133 134 135 137 139 140 141 142 143 144 145 148 149 150 153 154 155 156 157 161 162 163 166 169 170 171 173 174 175 176 177 182 183 185 186 188 189 191 193 194 195
11 107 108 109 110 113 114 116 117 118 119 120 121 125 126 127 129 130 131 132 134 135 136 137 139 141 142 143 144 147 148 152 154 156 157 159 160 161 162 163 164 165 172 173 176 177 180 183 184 185 187 191 192 193 195 197 198 200
2 110 111 113 114 115 116 120 121 123 126 127 128 129 130 131 132 133 134 135 137 139 140 141 142 143 144 146 147 148 149 151 154 155 157 159 160 161 164 166 168 170 171 173 174 175 176 178 179 180 181 183 185 187 188 189 190 192 193 194 195 196 197 200
10 109 111 112 113 114 116 118 120 123 125 126 127 128 129 131 134 136 139 140 141 142 144 147 148 149 150 152 155 156 157 158 160 161 162 163 164 166 169 172 173 175 176 178 179 181 183 184 186 187 188 189 190 192 193 194 196 197 198
16 110 112 113 121 122 123 125 127 128 130 134 136 138 139 141 144 149 150 153 155 156 157 159 164 169 170 172 173 174 175 177 178 181 182 184 186 187 189 190 191 195 196 198 200
5 112 115 116 117 118 119 120 121 122 123 124 125 128 129 130 133 134 136 138 139 141 142 143 144 146 147 150 154 156 157 158 160 161 164 165 168 169 170 173 174 178 179 180 181 183 184 185 186 189 190 191 192 193 194 196 197 199
19 114 115 117 121 122 123 124 129 130 131 132 133 134 136 138 140 141 142 143 145 146 147 149 150 152 154 157 158 159 160 161 162 164 165 166 167 168 172 174 175 179 184 185 186 188 192 194 195 197 198 199 200
13 114 115 116 117 118 119 120 121 122 123 125 126 127 129 130 131 133 135 136 138 139 140 141 143 144 147 150 151 152 153 155 159 160 161 162 163 164 165 166 168 169 170 171 172 173 174 176 177 178 181 182 183 185 186 187 188 189 191 193 194 196 197 198
19 114 117 124 125 126 130 131 132 134 137 138 139 140 142 144 147 148 151 152 153 154 155 156 157 159 163 164 166 167 168 170 176 177 178 181 188 189 193 194 196 199
2 115 116 117 120 121 124 126 127 129 130 131 134 135 140 143 144 145 146 147 148 149 153 154 155 156 158 159 161 162 163 164 165 166 167 172 173 174 175 176 178 179 181 183 184 187 188 192 193 196 197 198 199 200
12 117 119 121 123 124 125 126 127 128 129 130 131 132 133 134 135 138 142 143 144 145 146 148 150 151 153 155 157 158 160 161 162 163 164 166 167 169 170 174 176 177 178 179 185 188 189 190 192 193 195 196 197 198 199
13 117 118 120 122 123 127 128 130 131 135 138 139 140 141 142 144 145 150 151 152 153 155 157 159 161 162 164 166 170 171 173 175 177 181 183 184 186 188 189 190 191 193 194 195 198 200
14 118 119 121 124 125 126 127 130 131 132 134 138 140 141 142 144 147 148 149 150 152 154 155 159 161 164 166 168 169 170 171 173 174 175 176 180 181 182 183 184 186 187 190 192 193 194 195 198 200
5 119 120 121 122 123 125 126 129 130 131 132 133 134 135 136 138 142 143 145 146 147 150 152 155 156 159 161 162 164 166 168 169 170 173 174 177 181 182 186 187 189 190 192 194 196 197 199 200
15 120 121 125 126 128 131 134 136 138 139 140 141 143 146 153 157 158 161 165 166 167 168 169 171 172 174 175 177 179 180 181 184 186 187 192 193 195 196 197 199
5 122 123 124 125 127 128 129 132 133 135 136 139 142 143 144 145 146 147 148 149 150 151 152 153 157 158 159 160 167 170 171 172 174 175 176 177 178 180 184 185 186 187 191 193 194 196 197 198 199 200
6 122 125 126 127 128 130 133 134 135 137 138 139 141 142 143 144 147 148 150 154 155 156 160 161 163 164 165 167 168 169 170 171 172 173 174 175 176 177 178 179 181 184 185 186 187 190 192 193 194 196 200
9 123 125 126 127 128 129 130 131 132 134 135 136 137 139 140 142 143 144 146 147 148 151 154 159 161 162 163 165 167 168 171 172 173 174 175 176 177 178 179 180 182 183 184 188 189 191 192 193 194 196 198
20 125 128 130 133 134 135 136 138 143 147 149 151 152 153 155 156 157 160 162 163 165 166 167 168 169 170 171 173 174 176 177 178 179 181 182 183 185 192 193 194 195 196 197 200
15 125 126 127 128 131 132 134 135 136 137 138 139 140 141 142 143 144 145 146 147 149 150 151 152 154 155 156 159 160 161 162 163 165 166 167 168 171 172 174 175 176 180 182 184 186 187 189 190 194 197 198 199
11 126 127 128 129 134 135 138 139 140 141 144 145 149 150 151 152 155 156 158 159 160 161 162 163 164 165 167 168 171 175 176 177 179 180 181 183 184 185 186 188 189 190 191 193 197 198 199
13 128 131 133 134 135 137 139 140 146 147 148 149 153 155 157 158 159 160 165 166 168 173 176 178 179 180 181 182 186 189 190 191 192 193 194 195 196 197
19 133 134 136 137 138 139 145 146 152 153 157 158 159 160 161 162 165 166 168 169 170 171 173 176 177 180 181 182 186 189 190 191 193 195 199 200
12 129 130 131 133 135 136 137 138 139 140 142 146 148 149 150 151 152 153 155 156 157 158 159 160 161 162 163 166 171 172 175 176 177 178 179 182 183 184 185 186 188 190 192 194 196 197 199 200
18 133 134 136 137 141 145 146 147 148 149 150 151 152 154 156 157 161 165 166 167 168 169 170 171 172 173 176 177 178 179 180 182 183 184 185 187 188 190 191 194 196
4 133 134 135 136 137 141 143 144 145 147 148 149 150 152 153 154 155 158 159 161 162 163 166 172 173 174 176 178 180 181 182 184 186 188 189 190 191 192 193 194 195 197 198 199 200
4 132 137 138 141 142 144 145 146 147 149 150 153 158 159 160 162 165 166 168 169 171 173 174 175 178 180 182 185 186 188 189 190 192 194 195 196 198
4 133 135 137 138 140 143 144 145 147 150 151 152 153 154 155 158 159 160 162 163 164 165 167 169 170 171 172 173 174 176 177 178 179 182 183 184 185 186 187 190 192 193 194 195 198
18 135 136 138 141 143 146 147 148 151 152 153 155 156 158 161 162 164 165 167 168 170 171 172 175 178 179 182 183 184 185 186 187 190 192 193 194 195 196 197 198 199 200
17 135 136 137 140 142 144 147 151 153 154 155 156 157 158 159 162 163 165 167 171 172 173 175 176 177 178 180 181 182 184 185 186 187 188 189 190 193 195 199
20 136 137 138 139 140 141 143 144 145 146 147 149 151 154 155 156 157 161 163 164 166 167 169 170 172 173 174 176 178 179 180 181 182 183 185 186 189 192 193 194 195 196 198 199 200
3 137 138 142 143 146 148 149 151 153 159 162 163 164 166 167 169 171 174 175 176 177 178 179 180 182 184 186 187 188 190 192 193 194 196 197
5 138 139 140 141 142 144 145 148 149 151 152 154 155 156 157 158 159 162 163 165 166 168 170 175 176 181 183 185 186 187 189 190 192 193 194 195 196 199
7 140 141 142 144 146 147 150 151 152 153 156 157 158 159 162 163 165 166 167 168 169 170 171 177 179 180 181 182 185 186 189 192 193 194 195 196 197 199
3 143 145 147 148 150 151 152 155 157 159 164 165 166 167 168 169 170 174 175 176 178 179 181 182 184 187 189 190 192 199
8 141 142 143 144 145 146 147 149 151 153 158 162 163 167 168 170 171 174 175 178 181 182 183 185 186 190 194 196 197 198 199
20 143 146 147 149 150 154 157 158 160 161 163 166 169 170 171 172 173 174 175 176 177 180 181 184 186 188 191 193 194 195 196 197 198 199
15 145 146 147 148 149 151 152 153 155 157 158 160 161 163 164 166 169 172 174 175 177 178 179 180 182 184 185 186 187 188 190 191 193 194 195 197 198 199
10 149 151 152 157 158 160 161 162 165 166 167 170 172 175 177 178 180 181 182 183 185 189 191 193 194 196 198 200
4 145 146 147 148 150 151 152 153 154 156 159 160 162 164 167 168 171 172 174 176 178 179 180 181 182 184 185 186 187 189 190 191 192 193 197 200
14 147 148 149 150 151 152 153 154 156 157 158 160 161 162 163 164 165 167 168 169 170 171 172 173 174 175 176 178 179 181 184 186 187 188 193 194 200
4 149 150 151 153 154 155 156 157 158 159 160 161 162 163 165 166 167 169 170 171 172 173 174 176 177 179 182 184 189 191 192 196 197 198 199
18 148 149 150 151 153 157 158 159 160 161 162 163 165 169 171 172 173 174 178 179 182 183 187 192 193 194 195 196 197 200
19 153 154 155 156 158 159 160 164 165 167 168 170 173 177 179 180 183 185 186 188 190 192 193 194 196 197 199 200
3 152 154 156 157 158 160 163 164 166 167 168 170 172 173 175 176 178 179 183 184 185 186 191 192 193 195 196 197 199 200
8 153 154 155 160 162 163 165 166 167 175 176 178 179 180 181 183 184 187 188 189 190 191 192 193 195 196 197 199 200
15 152 155 156 157 158 160 161 163 164 165 167 168 170 172 174 177 178 181 182 185 187 189 196 198 199
14 153 156 159 161 162 163 168 171 172 173 176 177 178 179 180 181 185 186 187 188 190 192 193 194 199
15 155 156 157 158 162 164 166 167 168 169 170 172 173 175 180 181 182 183 184 185 186 187 188 189 190 191 194 195 197 198 199
20 155 156 157 160 162 167 169 172 173 174 175 179 181 182 183 187 188 191 192 195 196 197 200
9 156 157 158 159 160 162 163 164 167 168 171 173 174 175 176 178 179 180 181 182 184 186 187 188 189 190 191 193 194 195 198 200
12 157 160 161 162 166 170 171 172 173 174 177 178 181 182 183 184 185 186 187 188 189 192 193 194 195 196 197 198 200
12 158 162 166 167 168 169 172 173 174 175 176 177 178 182 183 184 185 187 188 189 190 193 194 196 199
5 159 161 162 163 166 168 169 170 171 176 179 180 181 182 183 184 185 188 189 192 193 194 195 198 199 200
15 160 162 164 169 172 176 177 178 179 180 182 183 185 186 187 188 189 190 191 192 193 195 196 197 198 199
4 161 162 165 168 169 170 171 177 178 180 181 182 183 184 185 187 188 189 190 191 192 195 197 198
19 162 163 165 166 167 168 170 172 173 175 176 177 180 181 182 183 185 186 189 192 193 194 195 198 199 200
17 164 165 166 168 170 171 172 173 174 177 178 182 188 189 190 191 193 194 195 200
4 166 167 168 169 172 176 177 179 181 182 183 185 186 187 188 189 190 191 192 193 194 196 197 198 199
8 165 167 168 170 171 172 174 175 176 177 178 180 181 182 184 185 186 187 188 191 193 195 196 197 198 200
10 167 168 169 170 172 173 174 176 177 178 181 182 183 184 185 187 188 189 191 192 193 194 195 196 198 199 200
17 168 169 170 171 173 174 176 182 185 186 187 188 190 191 192 193 198
8 168 170 172 173 174 175 176 179 181 183 187 188 189 193 194 195 199 200
6 169 173 174 175 176 178 180 181 183 185 186 187 188 191 193 195 197 198 199 200
6 170 172 174 175 179 180 184 185 186 187 190 191 194 197 198
8 171 175 176 177 178 180 182 183 184 185 188 191 195 196 198
17 172 173 174 175 176 177 178 179 180 184 185 187 188 189 190 191 193 197 198 199 200
2 173 174 175 176 177 179 180 181 182 183 184 185 187 189 190 192 193 194 197 199 200
17 175 176 178 179 183 184 187 189 191 192 193 194 195 197 199
11 175 177 178 179 182 185 186 188 189 190 191 193 194 196 197 198 199
11 178 180 184 185 187 188 189 190 193 195 196 197 199
14 177 182 183 184 185 186 187 188 190 196 197 198 199 200
10 180 181 182 183 184 185 186 187 191 194 195 199
15 180 181 183 184 186 188 192 194 195 198 199
10 180 183 184 185 186 187 188 193 194 195 197 198 199 200
19 181 182 184 187 190 191 193 194 195 196 197 198 200
4 182 184 186 187 188 189 190 192 196 197 199 200
2 184 188 191 192 193 194 196 198
5 186 192 194 197 198 199
10 185 188 190 191 197 199 200
18 189 190 191 192 193 195 196 198
6 188 189 190 195 200
15 188 192 193 196 198 199 200
15 189 190 191 193 195 196 198 199
2 192 194 195 196 197 198 199 200
4 192 193 195 196 197 198
5 194 195 197 198 199
8 194 196 198 199 200
3 195 196 200
17 195 196 197 198 199
3 198 199
11 197 198 200
6 198 199 200
17 199
11
8
