100	5	10000	10
-4	506	24
-5	249	18
-4	136	15
-5	836	21
-2	264	22
1929 2 3 4 6 7 8 11 12 15 16 18 19 20 24 25 27 28 29 30 31 34 36 38 39 40 41 42 44 45 47 49 51 52 53 54 56 57 58 59 62 63 64 65 66 68 69 72 73 74 75 79 80 83 84 85 86 87 90 92 93 96 99
2499 3 4 5 6 10 11 14 18 19 20 23 25 28 29 30 32 36 38 41 43 44 45 49 50 51 52 54 55 56 57 58 59 60 68 69 72 75 76 77 78 79 81 82 83 84 89 90 91 94 95 98 99 100
2744 8 10 15 19 21 22 23 24 25 27 29 30 32 33 34 36 38 40 41 42 43 45 46 48 50 51 52 53 54 55 57 58 59 61 62 65 66 67 68 69 77 78 79 82 86 87 88 89 92 94 95 96 97 98 100
2710 5 6 8 9 11 12 13 14 15 16 17 18 20 21 24 25 26 30 31 32 33 34 35 36 37 38 40 41 43 44 46 47 48 49 52 54 55 56 57 58 59 63 67 68 69 71 73 74 75 79 81 82 83 84 85 87 89 91 92 93 94 95 96 99 100
2150 8 10 11 13 14 15 16 17 19 20 23 24 26 27 28 30 32 35 36 38 41 43 44 45 46 47 49 50 56 57 59 62 63 64 65 68 70 71 74 75 79 80 83 84 85 87 89 91 94 96 98 99
1545 9 10 11 13 14 15 16 17 18 19 20 24 25 26 28 30 31 33 34 36 38 39 40 41 43 44 47 49 52 54 55 56 58 60 61 62 64 65 66 67 68 70 74 75 77 79 82 83 84 87 91 93 96 97 99 100
2364 10 12 13 14 15 17 18 19 20 21 22 23 24 26 27 28 30 31 32 33 35 36 37 38 39 40 42 44 46 47 49 52 53 54 56 58 60 61 63 64 66 68 71 72 74 75 76 77 80 81 82 83 85 86 87 89 90 93 96 97 98 100
2639 10 11 12 15 19 20 21 22 27 28 30 32 33 35 36 37 39 40 42 43 44 45 47 48 49 52 53 55 56 62 64 66 67 69 71 72 73 75 76 77 78 79 80 81 82 83 84 86 87 88 91 92 94 95 97 98 99 100
2706 10 12 14 15 16 19 24 26 27 30 31 32 34 35 36 37 40 41 42 43 44 45 47 50 51 53 55 57 58 59 60 61 64 65 70 72 73 76 78 80 81 82 83 84 85 90 93 96 99 100
3000 14 16 18 19 21 22 23 24 25 26 28 29 30 31 32 34 35 37 38 39 40 41 43 44 45 46 47 50 51 54 56 61 62 64 66 67 69 70 71 72 73 75 76 78 81 82 83 84 85 86 87 88 92 93 95
2461 13 14 15 16 17 18 20 24 25 26 27 28 29 30 32 33 34 35 37 38 40 43 44 48 49 51 52 55 58 60 61 62 63 66 67 68 70 77 80 81 82 83 84 86 87 89 90 92 96 97 98
1964 13 15 16 18 21 24 25 26 27 29 31 32 33 38 39 40 41 42 43 44 45 48 50 54 57 60 61 63 64 65 67 68 70 72 73 75 77 78 79 80 81 82 85 88 89 90 91 92 93 94 98
2747 14 15 16 17 18 20 22 23 26 28 30 33 34 35 37 38 39 41 43 44 46 52 53 56 61 62 63 66 67 68 69 73 74 78 80 81 82 84 85 86 87 88 89 90 91 92 93 94 96 97 99 100
2372 16 17 19 20 22 24 25 28 30 31 32 35 36 37 38 39 41 42 44 47 49 51 52 56 57 59 60 61 62 67 68 70 73 75 77 78 79 80 81 84 85 86 88 90 91 92 93 94 98 99 100
2208 18 19 20 21 22 23 27 28 30 31 33 35 36 37 38 43 45 46 47 49 50 51 55 57 59 61 62 63 64 67 68 69 70 71 72 73 75 76 79 80 84 85 87 88 89 90 92 93 95 97 99
2728 19 21 22 23 24 25 26 27 29 30 31 35 40 41 42 45 47 48 49 53 56 57 58 62 63 64 66 67 68 69 72 73 77 78 79 80 81 84 86 87 89 90 91 92 93 94 98 99
1870 18 21 23 24 25 27 28 30 37 39 40 41 43 46 47 52 53 54 55 56 57 59 60 61 64 66 68 69 72 73 74 76 77 78 80 81 82 83 84 86 90 91 92 95 96 98 100
1566 25 26 29 34 35 36 37 39 41 42 43 45 46 53 54 57 58 59 60 62 64 65 66 67 69 70 71 72 73 78 80 82 83 84 85 87 90 92 98
1670 20 21 22 24 27 28 29 30 31 37 40 41 42 44 45 46 47 52 53 54 56 57 58 59 60 61 62 63 64 65 66 68 69 71 73 75 77 78 79 81 83 84 85 86 88 91 93 94
2427 21 22 23 24 25 26 27 31 33 36 37 38 42 44 45 46 47 49 52 54 55 58 62 65 66 67 68 72 73 74 76 77 78 79 80 84 85 86 88 91 92 93 98 100
2050 22 25 27 29 31 34 37 38 42 43 45 46 47 49 50 52 53 55 57 63 65 67 68 69 70 72 73 74 76 77 79 80 84 86 87 93 94 96 99 100
1733 23 24 28 31 34 36 37 39 40 41 42 43 44 48 49 50 51 52 53 54 55 58 59 60 61 62 63 65 66 68 69 72 73 74 75 76 77 78 79 80 81 82 83 84 85 86 87 88 89 90 91 93 94 97 98 99 100
2384 26 27 28 30 32 33 34 35 37 38 39 41 42 43 44 45 49 50 51 54 55 56 58 59 62 63 65 66 67 69 71 73 74 77 81 82 83 84 87 88 90 93 95 96 97
1961 25 30 31 32 33 34 35 37 38 40 41 42 45 47 48 49 50 52 53 55 58 59 61 63 66 67 68 70 72 75 79 81 83 84 85 87 88 91 92 93 94 95 97 98 99 100
2045 26 29 31 32 33 34 36 38 40 42 43 44 45 46 47 49 51 52 55 56 57 58 59 61 62 64 65 66 68 69 70 71 74 75 77 78 79 80 81 82 83 84 85 86 88 89 90 91 93 95 96 98 100
2905 28 29 30 31 34 36 38 41 42 43 44 46 47 48 49 50 51 52 53 55 56 57 59 60 61 62 63 65 70 71 73 75 76 79 82 83 84 86 88 89 91 93 95 98 99 100
2580 28 30 31 32 33 34 37 40 43 45 46 49 50 51 53 55 57 61 64 66 68 69 71 72 75 76 78 79 80 81 82 83 84 88 91 96 97 100
2632 31 33 34 36 38 39 40 42 43 45 46 47 49 50 51 52 53 54 56 59 60 65 66 67 70 71 72 73 74 75 76 79 81 82 86 88 89 90 93 95 96 97 98 100
2207 32 34 35 36 40 42 43 46 48 50 52 53 55 56 58 59 61 62 63 64 65 67 68 72 73 77 78 82 83 84 85 86 88 89 90 91 93 95 96 99
2886 31 32 34 36 37 39 40 41 42 43 47 48 49 52 53 54 56 57 59 60 63 65 66 67 69 70 72 73 74 76 78 82 83 84 88 91 92 93 94 95 97 98 100
2872 32 33 34 35 39 41 43 44 45 47 48 49 50 51 53 54 55 56 57 59 61 63 65 66 67 68 69 70 71 72 74 75 76 78 80 82 83 85 86 87 88 90 93 94 96 99 100
2483 34 35 36 37 38 39 40 41 42 43 46 48 49 51 52 53 54 55 56 57 58 59 60 61 62 65 66 67 69 71 72 73 74 75 76 77 79 80 81 82 86 87 89 90 93 94 95 97 99 100
2861 34 36 39 40 41 42 44 46 48 49 51 54 57 59 61 62 63 66 67 68 71 73 79 80 84 85 86 89 90 91 92 93 94 96 97
1721 37 38 40 41 42 43 44 48 52 53 54 55 57 60 62 65 66 67 68 69 70 72 76 77 79 82 83 86 87 90 92 93 94 95 97 98
2306 36 37 38 39 40 41 42 43 45 48 49 50 51 55 56 58 59 60 61 62 64 65 66 67 68 69 70 72 73 74 75 80 82 84 85 86 87 88 89 90 91 93 94 96 98 99 100
2622 37 38 39 40 43 44 45 46 47 53 57 60 61 63 67 68 70 71 72 73 74 75 76 77 78 80 81 83 86 87 88 89 90 91 94 95 96 97 98 99 100
2649 39 40 41 43 45 47 48 49 50 51 53 54 55 56 59 60 62 63 64 66 67 68 71 75 76 77 78 79 80 81 83 84 85 86 87 88 90 92 95 97 98
1970 39 40 42 43 44 46 47 48 49 50 55 57 58 59 60 61 62 65 66 68 70 73 74 76 78 79 80 82 84 86 88 90 95 97 98 100
2075 40 41 42 43 47 48 49 50 51 52 53 55 58 62 67 68 71 72 75 76 79 80 81 82 83 84 86 89 91 92 93 95 96 97 98 99 100
2779 41 44 45 49 50 54 57 61 63 64 66 67 69 70 71 75 76 77 78 79 81 83 84 89 90 93 94 95 98 99
1642 42 44 46 48 50 52 53 55 56 58 59 60 61 62 65 67 68 69 74 75 80 81 82 83 88 89 90 91 93 97 99 100
2580 43 48 49 50 53 54 55 57 58 59 60 61 63 65 66 67 68 71 72 74 75 76 78 82 84 85 86 87 88 89 91 93 98
1629 45 48 49 50 51 54 55 56 57 59 61 63 65 70 71 72 73 76 78 79 81 82 84 85 90 91 92 93 94 95 99
2441 46 47 48 49 50 52 53 54 55 56 58 62 63 64 65 66 68 69 71 73 75 76 77 78 80 81 82 84 85 87 88 89 91 93 94 96 97
1880 46 47 48 49 51 52 53 54 57 59 61 64 67 68 69 70 71 72 75 78 79 81 86 89 90 91 92 93 97 98 99
1747 49 50 51 53 54 56 57 60 61 63 64 66 70 71 72 73 75 76 77 78 79 80 81 83 84 86 87 88 90 92 93 94 96 98 99 100
2121 48 50 51 52 53 54 56 58 59 60 61 65 66 68 69 71 72 73 74 75 77 79 83 90 92 94 95 96
2939 49 51 53 54 55 56 57 58 62 64 69 70 71 72 73 75 76 77 78 80 81 82 85 86 88 90 92 93 94 96 97 98 99 100
2485 51 54 55 56 57 59 62 63 67 68 69 70 71 72 73 74 76 78 79 80 81 82 83 84 85 86 88 90 92 95 96 97 99 100
2628 51 54 55 56 60 61 62 63 64 65 66 67 69 71 72 73 74 77 80 81 82 84 85 86 87 88 91 92 93 95 96 98 99 100
2205 53 54 56 57 59 60 61 62 64 65 66 67 68 69 71 72 75 77 79 80 83 84 86 87 88 89 91 92 96 97
1826 54 56 57 58 59 60 64 67 68 71 72 73 75 79 80 81 82 85 89 90 92 93 96 99 100
2844 55 56 58 59 60 62 63 64 70 71 72 74 75 76 79 80 83 85 86 88 89 90 92 94 95 97 98 99
2827 55 56 58 59 60 62 63 67 68 70 71 72 73 74 77 78 79 80 81 82 83 84 85 87 88 89 90 91 92 93 96 97 99 100
2431 56 61 66 68 69 72 74 75 76 77 78 79 80 81 82 83 84 85 90 92 95 96 97 99
1885 57 58 62 63 66 67 68 71 74 78 79 81 82 83 84 86 87 88 94 95 98 99 100
1722 59 62 64 65 67 69 70 73 75 79 81 82 83 85 88 89 94 95 98
1741 61 62 64 65 66 67 68 70 71 72 74 77 78 79 81 82 83 84 86 87 89 91 92 94 95 97 98 99
2420 60 61 62 63 64 65 67 68 70 72 74 75 76 77 78 81 82 83 85 86 87 88 93 94 95 96 98 99 100
2834 62 64 65 67 70 71 73 77 80 81 82 84 85 86 87 88 90 92 93 94 99
2298 63 65 67 69 70 71 72 74 75 76 77 80 81 83 85 90 92 95 96 98 100
2925 63 64 65 67 69 71 72 73 74 75 77 78 79 80 81 82 83 84 85 86 92 93 95 98 100
1518 64 65 66 68 69 70 71 74 75 76 77 78 80 81 83 87 89 90 92 93 94 95 96 97 98 100
2396 65 68 70 71 72 76 78 79 80 81 88 89 90 93 95 98 99 100
1544 67 69 70 71 74 75 76 80 85 87 90 91 94 98 100
2703 68 69 71 74 79 80 81 82 84 86 87 88 90 91 93 94 96 97 99 100
2534 68 70 71 72 73 74 75 76 80 81 83 84 87 88 89 91 92 94 95 96 99 100
2327 71 73 76 78 79 80 82 84 85 86 87 90 91 93 94 95 96 98 99 100
1677 72 74 76 77 78 81 82 83 85 86 91 92 99 100
2566 72 73 74 75 76 78 80 82 84 87 88 89 92 93 94 100
2258 72 73 75 78 79 80 81 82 85 88 91 93 94 95 99 100
2223 73 75 76 78 80 81 83 85 86 92 94 95 96 99 100
2346 74 75 77 79 80 84 85 86 87 88 90 91 93 94 98 99
2230 75 77 78 80 82 83 84 85 86 87 88 89 91 92 93 95 96 99
2178 76 79 81 82 84 85 86 88 89 91 93 94 95 96 99
2516 78 80 81 82 83 86 87 89 90 91 92 93 95 96 97 98 100
2138 80 81 82 84 85 87 88 89 90 91 92 95 96 97 98 100
2203 79 80 81 84 85 90 92 94 98 99
1775 80 81 87 88 89 90 91 92 93 94 95 96 97 99
2830 84 85 87 88 90 92 93 94 95 96 97 98 100
2977 83 84 86 91 92 93 94 96 97 98 99 100
2364 84 86 87 88 89 90 91 92 97 98 100
2251 84 85 88 89 90 91 92 93 94 97 99
2859 85 86 87 89 90 91 92 93 95 96 97 100
2131 86 88 89 90 91 92 93 94 95 96 97 98 99
2714 87 88 90 92 93 95 96 97
1845 88 89 90 92 93 94 96 97 98
1908 89 90 92 94 95 96 97 98
2328 90 92 95 99
2204 91 92 93 96 97 98 99 100
2051 92 93 99 100
2285 93 94 97 98 99 100
1764 94 97 100
2667 96 98 99
1909 96 98 99
2602 99 100
2776
2627 99
2995 100
1928
