50	10	200	1
0	36	3
0	28	5
0	36	6
0	27	5
0	26	4
0	38	6
0	33	3
0	38	6
0	28	6
0	34	6
18 2 5 7 8 10 11 12 13 15 17 18 20 21 22 23 31 32 33 34 35 36 37 38 39 42 43 44 45 46 48 50
27 3 4 5 6 7 8 9 11 12 13 14 15 17 18 19 22 24 27 28 30 31 32 33 34 36 37 38 41 45 46 47 48 49
30 4 7 8 11 12 13 15 16 18 21 24 25 28 29 31 33 34 38 39 40 41 42 43 44 45 46 48 49
19 6 7 11 13 14 15 21 22 23 25 26 27 28 29 31 32 33 34 35 36 38 42 44 45 46 47 48 49
20 7 11 13 17 19 21 23 25 26 28 29 30 33 34 35 36 37 38 39 42 43 45 46 48 49
24 7 8 10 11 12 13 14 15 16 19 21 24 25 26 31 32 40 41 43 44 45 46 47
12 8 9 10 13 15 16 17 22 23 24 25 26 27 30 31 32 33 34 35 36 38 39 41 43 48 49
11 9 12 14 15 23 25 27 29 30 31 32 33 36 37 39 42 43 44 45 47
26 10 11 14 15 20 24 31 33 35 36 37 38 39 40 41 42 43 45 46 50
19 11 12 13 14 17 18 19 23 25 26 27 29 30 31 33 35 39 41 44 45 46 48 49 50
29 13 16 18 21 22 23 25 26 27 29 30 33 34 35 37 38 42 43 44 45 46 47 48
19 13 17 20 22 23 27 28 33 34 35 37 38 40 42 43 44 45 46 47 48 50
16 15 16 17 18 19 20 21 22 23 24 26 27 28 29 31 32 33 34 35 36 37 38 39 40 43 45 46 49
14 15 16 17 18 19 22 23 24 25 27 28 29 30 31 32 33 34 35 37 38 40 42 43 44 46 47 49 50
28 19 20 21 22 23 24 26 27 28 30 31 32 33 35 36 37 38 39 40 42 43 44 46 48
29 17 22 23 24 26 29 30 31 32 33 35 37 42 43 44 47 48 49 50
20 18 19 20 21 22 24 25 26 27 28 29 30 31 32 33 34 35 38 39 41 42 43 44 46 49
17 19 20 22 23 27 28 29 32 34 35 36 37 38 39 40 41 42 44 45 46 47 50
28 20 21 22 24 25 26 27 29 31 32 33 34 37 40 41 49 50
11 23 24 25 26 27 28 30 31 32 33 34 36 37 38 43 47 48 49
22 23 24 26 27 29 30 32 33 34 35 36 37 38 39 40 41 43 44 46 48 49 50
13 26 27 28 29 30 31 32 33 34 35 37 38 41 44 48 49 50
27 24 26 27 31 33 36 40 41 42 44 45 46 47 48 50
25 25 29 30 31 32 33 34 35 36 37 38 39 40 42 43 46 49 50
12 26 28 29 30 31 32 33 34 36 37 38 39 43 45 47 48 49
13 28 29 30 31 32 33 34 35 37 40 42 44 45 46 47 49
23 28 29 30 31 32 33 34 35 37 38 40 41 44 45 46 48 49 50
12 29 32 34 35 38 39 40 41 42 44 47
22 31 33 34 35 36 40 41 43 45 46
22 32 33 35 36 38 39 40 42 43 44 46 47 48 49 50
12 33 34 35 37 39 41 46 47 48
27 34 35 36 38 39 40 41 44 45 47
26 36 37 38 42 44 45 47 48
27 35 36 37 38 40 41 42 43 44 45 46 49
29 37 40 41 44 45 46 47 48 49
26 37 39 40 44
19 38 39 41 45 47 49 50
18 39 42 43 44 47 48 49 50
18 41 43 44 45 48 49
25 42 44 45 46 47 48 49
24 42 43 45 48
14 43 47 49 50
13 44 46 47 49 50
20 45 46 47 49 50
13 46 47 48 49 50
16 47 50
16 48 50
27 49
12
11
