50	10	200	10
-4	34	3
-4	35	7
-1	40	3
-3	31	5
-5	22	6
-4	30	2
-4	39	3
-3	23	6
-4	35	5
-3	38	10
57 2 3 4 6 9 10 12 13 16 19 21 22 24 28 29 32 33 35 38 39 41 42 43 45 47 48 49
42 3 5 6 7 9 10 12 15 17 19 21 23 24 25 26 27 28 29 35 38 39 40 42 46 47 48 49
59 4 6 7 9 10 11 13 15 16 18 19 21 23 24 25 27 28 29 30 33 34 36 37 40 41 43 44 45 46 48 49 50
59 5 7 8 10 11 12 14 15 17 19 20 21 23 24 25 26 27 30 32 34 35 38 39 41 42 43 44 46 47 49 50
50 7 8 9 11 13 15 17 18 19 20 21 22 23 26 27 30 31 32 34 36 37 38 40 41 42 46 47 48 49
51 9 10 11 12 17 18 20 24 25 26 27 28 30 32 34 35 36 37 38 39 42 43 44 47 48 50
46 13 14 17 19 20 21 22 23 24 25 26 28 29 30 31 32 34 36 37 38 40 41 42 45 46 47 50
42 9 10 12 13 15 17 21 22 23 24 25 27 28 29 30 32 34 36 37 39 40 41 42 44 45 47 48 49
44 11 12 13 14 15 16 17 18 20 25 29 31 33 35 37 40 41 42 43 44 45 46 47 48 50
57 11 12 13 14 15 16 18 20 23 27 29 30 31 32 33 35 36 39 40 41 43 46 48 49
46 12 13 14 15 18 19 20 23 24 26 28 29 31 34 35 36 37 38 39 41 42 45 48 49 50
41 17 19 20 21 22 23 24 27 29 33 35 36 37 38 39 41 43 44 47 48 49
41 14 16 17 20 23 24 25 27 28 30 32 34 37 38 39 41 42 43 46 48 50
57 15 16 17 18 19 20 21 22 27 28 29 30 31 35 36 38 39 40 42 44 45 46 48
50 16 17 20 21 22 24 25 27 28 29 30 31 33 34 36 37 39 41 43 44 47 48 49 50
44 17 18 19 21 22 23 26 27 29 32 34 36 37 38 39 41 42 44 47 48 49 50
49 18 20 21 22 23 26 29 30 33 34 35 38 39 40 42 45 48 50
46 19 21 23 26 28 30 31 33 36 37 38 39 41 42 43 44 45 46 47 48 50
44 21 22 24 27 31 34 36 37 40 42 44 46 47 49 50
57 22 24 27 28 29 31 33 34 36 40 41 42 43 44 45 49 50
43 22 23 24 25 26 28 29 31 33 34 35 37 39 40 41 43 44 46 47 49
57 23 24 25 26 29 30 31 32 33 34 35 36 38 39 41 43 44 45 46 48
43 24 25 26 27 28 29 30 31 33 34 35 39 40 42 43 45 47 48
56 28 30 31 32 33 35 36 38 39 42 43 44 45 47 48 49
56 27 28 33 35 38 39 40 41 46 47 50
58 27 28 29 31 32 36 37 38 40 41 43 46 48 49 50
50 28 31 33 34 35 36 38 39 40 41 42 43 44 45 46 48 49
60 29 30 31 33 36 37 38 39 40 41 42 43 46 47
56 30 31 32 33 34 35 36 37 41 42 45 46 48 50
57 31 32 35 39 42 43 44 45 47 48 50
54 32 33 34 35 37 40 43 44 45 46 47 48 49 50
50 33 34 35 36 37 38 39 40 41 44 46 50
43 34 35 36 37 38 39 41 42 43 45 49
42 37 38 39 40 41 42 43 45 46 47 49
42 38 39 40 41 44 45 46 47 48 49
44 38 39 40 42 44 45 47 48
48 39 42 43 44 46 47 48 49 50
54 43 45 46 47 50
50 40 41 42 43 45 46 48
46 41 44 47 48 50
46 42 46 47 50
44 43 45 48 49 50
60 44 46 50
47 45 46 49 50
57 46 47 49
49 47 48 49 50
52 48 49 50
48 50
53 50
48
