100	10	200	10
-3	40	13
-4	29	7
-2	34	7
-3	30	11
-1	35	8
-3	35	8
-5	23	8
-2	20	12
-5	29	16
-4	32	10
54 2 3 4 6 7 8 9 10 11 12 14 15 16 17 19 20 25 27 29 31 35 36 37 41 42 43 44 45 46 47 50 52 53 54 55 56 58 62 63 64 65 66 67 71 72 74 75 76 80 81 82 83 84 86 90 92 93 94 95 96 97 98 99
30 4 5 6 7 8 10 12 13 14 16 18 19 20 21 22 23 27 30 31 39 40 42 43 44 45 46 49 50 51 52 53 54 57 58 61 62 63 64 65 67 70 71 74 78 81 82 83 84 85 87 88 91 92 93 94 95 96 97 98 99
43 4 7 10 11 12 14 15 17 18 19 20 21 24 25 26 27 34 35 37 38 39 41 42 43 44 45 46 47 48 49 52 53 54 55 56 59 60 61 63 66 67 68 69 71 72 73 74 76 77 78 80 81 86 88 91 93 94 95 97 100
59 7 8 11 13 14 18 19 21 22 25 26 27 28 29 30 31 33 35 38 39 41 44 45 46 48 49 51 52 53 55 56 57 58 59 60 62 63 64 65 67 68 69 70 71 73 75 76 77 78 80 81 83 86 89 90 91 92 95 97 98 99 100
57 10 11 13 15 17 21 23 25 28 30 31 32 34 38 40 44 45 46 47 48 49 51 52 53 56 57 58 59 60 61 63 64 65 66 69 71 74 75 76 78 79 81 82 85 86 87 89 92 93 94 96 97 99 100
53 7 9 13 17 19 22 26 28 30 33 39 40 41 43 44 46 47 48 49 50 53 54 55 56 58 59 60 61 62 63 69 70 71 72 73 74 76 77 78 79 80 81 82 83 85 86 87 93 94 96 99 100
45 8 9 12 14 15 16 17 18 21 22 23 24 27 28 29 31 32 35 37 38 39 44 45 46 47 49 50 52 54 55 56 57 59 65 67 68 69 73 74 75 76 77 80 81 82 83 84 86 87 90 91 93 95 96 97 100
37 9 10 11 12 14 15 18 19 20 22 23 24 26 27 28 30 31 32 33 34 35 36 38 44 45 48 49 51 52 53 55 57 58 59 61 62 65 66 68 69 72 73 74 75 76 77 79 80 82 84 86 88 89 90 91 93 94 97 100
49 10 11 14 15 16 19 21 24 25 26 27 30 33 36 37 38 39 40 43 44 46 48 50 51 56 59 60 61 64 65 70 71 72 73 75 76 77 82 84 91 92 93 94 95 96 97 98 99 100
60 11 13 15 16 19 20 21 23 25 26 27 28 30 31 33 34 37 38 39 43 44 45 47 48 50 51 52 53 54 55 56 57 59 60 62 64 65 67 71 74 76 77 80 81 83 84 86 87 88 89 93 94 95 98 99 100
49 14 15 16 20 23 24 25 29 30 34 35 36 38 39 40 42 43 45 46 47 48 49 50 53 54 55 56 57 58 59 61 64 66 68 69 70 73 74 75 77 78 80 82 83 84 85 87 94 95 97 98 100
32 14 15 16 18 19 25 26 27 29 32 33 34 35 36 37 40 41 42 43 44 45 46 50 53 54 55 59 60 61 62 64 68 69 70 71 72 73 74 75 76 79 81 82 85 86 89 92 94 95 96 98 99 100
44 14 15 16 17 20 21 23 25 26 29 31 33 35 37 40 41 43 44 45 46 47 50 51 52 53 55 56 61 62 64 65 66 68 69 70 72 74 75 76 77 78 79 80 81 83 84 85 86 90 91 92 96 97 99 100
57 16 18 22 23 27 28 29 32 34 35 36 39 41 44 48 49 50 53 55 57 58 60 65 66 70 71 72 73 77 78 79 83 84 86 87 88 89 92 94 97 98
38 16 18 19 20 21 22 23 25 28 31 34 35 36 37 39 40 41 42 43 48 49 51 52 53 56 57 58 59 61 64 65 66 67 68 69 70 71 72 74 75 76 78 80 83 84 85 88 90 91 92 96 97 99
48 17 19 21 23 24 25 27 28 29 30 31 32 34 35 37 39 42 45 48 49 57 58 61 63 64 66 67 68 69 70 72 73 74 75 76 78 79 81 86 87 90 93 94 95 96 99 100
59 20 22 23 25 26 28 29 30 34 36 37 38 39 41 43 44 45 46 51 53 54 55 56 59 60 61 62 63 64 66 67 70 71 72 74 76 77 78 80 82 85 87 88 93 95 97 98 99
35 20 21 23 24 25 26 27 29 30 33 35 36 37 38 39 40 42 43 44 48 53 54 55 56 58 59 60 62 64 65 66 67 68 70 72 73 75 76 77 78 81 83 85 86 88 90 91 95 99
31 20 22 24 26 28 29 31 32 33 34 36 37 38 41 44 46 48 49 50 51 52 56 57 58 59 62 63 66 67 75 76 77 78 79 82 83 84 86 87 88 89 90 92 93 94 98 99 100
39 21 24 26 32 33 34 37 38 39 40 41 42 43 47 48 49 52 53 58 59 60 66 68 69 70 71 74 79 81 83 84 85 87 90 91 94 96 97 98 99
43 22 24 26 27 31 32 33 35 37 38 39 40 42 43 45 46 47 48 49 50 51 52 53 54 56 58 61 63 64 67 68 69 70 73 77 78 79 80 82 83 84 86 87 90 92 95 97 100
33 24 27 28 29 30 32 33 34 38 39 40 41 42 43 44 46 52 55 56 58 61 62 63 64 66 67 68 70 72 73 74 77 80 84 85 86 88 89 90 91 92 93 96 97 100
42 24 25 26 27 28 29 32 33 38 39 40 41 44 45 47 48 49 50 51 53 55 56 57 58 59 60 61 63 65 66 67 69 70 71 79 80 82 83 84 87 89 91 95 97 99
55 26 28 31 32 34 35 36 37 38 39 40 42 43 44 45 47 48 49 51 52 53 55 56 57 60 62 66 67 70 71 74 77 78 80 81 82 83 84 85 87 88 89 91 92 93 96 98 99 100
50 29 30 32 34 35 36 37 38 39 41 42 43 45 46 47 48 49 53 54 55 56 59 60 63 66 67 69 71 72 73 75 77 79 80 82 86 89 90 91 93 95 96 98 100
35 27 29 30 32 34 35 36 38 39 42 44 45 46 48 49 50 53 54 55 56 57 60 62 64 65 66 67 71 72 74 75 79 81 86 88 89 90 92 93 94 95 96 99 100
60 28 29 30 31 32 33 35 36 39 42 44 46 47 48 49 50 52 53 56 59 60 62 63 64 66 67 73 74 75 76 77 78 79 80 81 82 83 84 85 86 92 93 96 99
55 30 31 32 33 34 38 39 40 41 43 44 46 50 51 52 55 56 57 58 59 61 62 63 67 70 72 73 78 83 85 87 89 90 91 92 93 94 95 97 99 100
38 30 31 32 35 36 38 39 41 42 44 45 46 48 49 50 53 54 57 58 59 60 61 62 64 66 68 69 70 71 72 73 76 79 83 84 85 87 89 92 93 94 95 96 97 98 100
51 31 35 37 38 39 40 41 42 44 46 49 50 51 52 53 54 57 58 59 62 63 65 70 71 72 74 76 78 79 80 81 82 86 87 88 89 90 91 94 98 99
46 32 33 34 35 38 39 40 41 42 43 44 47 48 50 53 56 57 58 60 62 63 69 70 72 73 74 76 80 81 82 84 85 86 87 90 93 94 95 98 100
47 34 36 39 40 41 42 43 45 46 49 53 56 59 62 63 65 66 68 72 76 77 80 82 85 86 88 90 91 92 94 96 97 98 99 100
41 34 35 36 38 39 41 42 43 46 47 48 50 53 54 55 57 60 62 63 64 65 66 67 68 69 70 71 73 74 76 79 80 82 83 84 85 86 88 89 92 93 95 97
51 37 38 39 40 42 43 48 49 53 54 55 60 61 62 64 65 66 67 69 71 72 73 74 75 77 79 82 83 84 85 87 89 90 91 92 94 95 100
46 38 39 41 42 43 44 45 46 47 49 50 51 52 56 60 61 62 65 66 69 70 72 73 75 76 78 79 80 83 85 86 88 93 96 97 100
45 39 41 42 43 45 47 48 50 51 52 53 54 55 56 57 59 61 62 64 65 67 68 69 71 72 78 79 80 83 84 85 86 88 91 92 93 94 96 97 98 99 100
54 38 39 40 41 42 43 46 48 49 50 51 52 53 55 58 61 63 64 65 66 67 69 70 72 78 79 80 83 86 89 94 95 97 98 99
55 39 41 42 45 47 48 52 55 56 57 58 59 60 62 66 71 73 75 76 77 78 80 83 84 86 87 88 91 93 94 98 99 100
60 40 41 43 45 46 51 54 57 59 61 64 65 68 69 70 71 72 75 76 77 78 80 81 82 83 84 85 86 88 90 91 93 94 99
35 43 46 47 48 49 52 54 55 56 57 58 60 62 64 65 67 68 69 70 71 72 73 76 77 80 81 83 84 86 87 89 94 95
39 42 43 44 47 48 49 50 53 54 56 57 58 59 61 63 64 66 68 69 70 71 72 73 74 75 78 80 81 85 88 89 90 94 98
59 44 45 48 50 53 54 55 56 57 59 60 63 64 65 69 76 77 78 81 83 86 87 88 89 90 92 95 97 98 99 100
55 44 46 47 49 50 51 52 54 55 56 57 61 62 65 66 68 69 70 72 75 77 78 81 82 83 84 86 87 88 89 91 92 94 95 96 97 98
54 45 46 47 50 51 52 56 57 58 62 64 66 68 69 71 73 75 76 77 78 79 81 82 85 86 87 88 89 91 92 93 94 96 98 100
37 46 48 49 50 51 52 53 55 56 58 60 61 62 63 64 65 66 69 71 72 73 74 75 76 77 78 79 80 83 85 86 88 90 94 96 98 99 100
51 48 50 51 52 53 56 60 63 64 65 66 67 68 69 73 76 77 79 80 81 85 86 87 88 89 94 95 96 97 98 100
58 49 50 52 53 54 55 58 62 63 66 71 72 75 81 82 83 85 86 87 90 91 92 93 96 97 99 100
33 52 53 54 55 56 57 61 64 65 68 69 71 72 73 74 76 78 79 80 83 84 85 87 91 93 94 95 96 99
58 50 54 55 56 57 58 62 64 65 66 68 70 71 76 77 78 79 80 82 83 84 86 87 88 89 90 92 93 94 95 96 97 99
46 51 53 54 56 57 59 60 61 62 66 67 70 71 73 74 75 76 77 81 82 83 84 85 86 87 88 89 90 91 92 94 95 97 98 99
45 52 56 58 59 60 62 65 66 67 68 69 74 75 76 79 80 82 83 84 85 88 89 91 92 93 95 97 98 99 100
56 53 54 56 58 60 61 62 64 66 67 68 69 71 72 75 76 79 81 85 86 87 91 92 94 95 97 98 99
43 55 58 60 62 63 64 66 67 69 70 71 73 76 77 79 80 81 82 83 84 85 86 87 88 89 90 91 93 94 95 96 97 98 99
35 55 56 58 59 60 61 64 67 69 71 72 77 78 79 80 82 85 86 87 88 89 90 94 95 96 97 99 100
45 56 59 60 61 62 63 65 66 67 68 69 70 71 73 74 77 78 79 85 86 87 88 89 90 91 92 93 95 96 99
30 57 61 64 65 69 70 72 75 76 77 78 80 81 83 85 86 87 88 89 90 91 92 93 95 96 99 100
30 58 61 62 64 65 66 67 68 69 70 72 73 77 78 81 82 83 86 88 89 91 93 96 97 98 100
59 61 62 63 67 68 70 72 73 78 79 80 81 82 83 84 85 86 91 93 94 97 98 99 100
53 60 63 64 69 71 72 75 78 81 82 84 86 87 88 89 91 92 93 98 100
46 61 62 63 64 65 67 68 70 71 75 77 79 80 82 83 85 86 89 90 91 92 95 96 98 99 100
37 62 64 67 68 69 70 72 73 74 75 77 79 82 84 85 87 89 91 97 98
36 65 68 73 75 76 77 79 80 81 83 84 86 87 88 89 91 93 95 96 99 100
45 64 65 66 68 70 71 72 75 77 83 84 85 87 90 91 92 93 95 97 98 99 100
33 65 66 68 71 73 79 80 82 83 84 86 88 90 91 92 95 96 97 98 99 100
52 67 68 69 70 71 72 73 76 77 81 83 84 85 87 88 90 91 93 95 97 98 99
54 67 71 72 75 76 77 79 80 86 87 89 91 92 93 94 95 96 98 99 100
60 69 70 71 72 74 75 76 77 79 83 84 85 86 89 91 93 95 96 97 98
54 71 76 77 78 79 80 81 84 88 90 92 94 95 96 100
48 70 71 72 74 75 79 81 82 86 89 91 93 94 95 97 98 99
32 71 74 75 79 83 84 87 88 90 92 93 94 95 96 97 98 99 100
41 72 75 76 77 78 83 84 86 87 88 89 91 94 96 97
41 73 74 75 76 78 79 80 81 82 83 84 85 86 87 89 90 91 92 93 94 98 99
43 74 75 77 78 79 80 81 82 83 88 89 90 92 93 94 97 98 99 100
40 77 83 84 85 86 89 90 91 92 94 95 96 100
30 76 77 78 79 80 81 82 83 84 85 87 88 90 92 93 94 95 96
43 77 79 83 85 86 87 89 90 92 93 96 97 99 100
58 78 79 80 87 91 92 95 97 98 100
57 79 81 82 83 85 86 87 88 89 90 91 93 94 96 97
41 80 81 82 83 85 86 88 92 95 96 97 98 99 100
51 81 82 83 84 85 86 87 89 92 93 94 96 97 98 99
35 82 83 84 85 86 88 89 90 92 94 95 96 97 98 99 100
47 84 87 88 89 90 91 92 93 94 97 98
51 84 85 87 88 89 90 91 95 96 97 99 100
42 86 89 92 93 95 96 98
46 87 88 90 91 92 94 95 96 97 98 100
48 90 94 95 96 98 99 100
36 89 91 95 96 99 100
30 90 91 92 93 94 97 98 100
55 91 94 95 96 98 99 100
38 92 93 95 97 99 100
34 92 93 94 96 97 98
43 93 94 95 96 99
42 94 96 98 100
39 98 99
48 96 98 100
60 98 99 100
47 98
55 100
47 100
33
