100	10	10000	1
0	762	6
0	408	15
0	458	8
0	546	13
0	284	9
0	162	12
0	615	9
0	578	5
0	140	11
0	710	12
924 2 3 4 7 8 9 11 13 16 19 20 21 22 24 25 26 27 28 31 32 33 34 35 36 37 38 40 41 42 43 44 45 46 47 48 50 52 54 55 56 57 58 59 60 61 63 64 65 71 72 73 74 75 76 77 78 79 80 81 82 85 87 89 91 92 97
726 6 7 8 10 12 13 14 16 17 22 24 26 27 28 29 31 32 33 36 39 42 44 45 47 48 49 51 55 56 57 60 62 64 65 70 71 73 80 82 84 85 86 87 88 89 90 92 93 94 97 98 99 100
849 4 5 7 8 11 14 15 16 17 19 21 22 23 24 26 27 30 31 33 35 36 37 40 41 42 43 44 50 51 52 54 55 56 57 58 59 60 61 62 63 64 66 68 70 71 72 73 75 76 79 83 86 89 90 91 93 94 95 96 97 98 99
203 7 8 10 11 12 13 14 15 17 18 19 20 21 22 24 25 26 28 29 30 31 32 34 36 38 41 42 45 46 48 49 50 52 53 54 57 58 59 60 61 64 65 66 67 69 70 71 72 73 76 81 82 84 86 87 88 89 90 91 94 96 97
795 9 10 14 16 18 20 21 22 25 27 28 32 33 37 39 40 41 42 43 44 46 50 51 52 53 55 58 59 61 64 67 68 70 73 74 75 76 78 79 81 87 90 91 92 98 99 100
657 8 9 11 15 16 19 21 22 23 24 25 27 29 31 33 34 38 39 40 41 42 43 45 46 47 48 49 52 53 55 56 57 58 60 62 64 65 67 68 69 72 74 78 79 80 82 84 85 86 87 88 90 92 95 96 97 98 99 100
733 8 9 11 12 13 15 17 19 20 21 22 24 25 28 30 31 33 34 35 36 38 39 41 42 43 44 45 46 47 48 49 50 53 54 55 57 58 59 61 62 63 65 69 71 72 73 80 81 83 86 87 89 90 93 94 96 97 99 100
970 10 12 13 14 15 21 22 27 28 29 30 31 35 36 37 38 39 41 42 43 44 45 46 47 48 49 50 52 54 56 57 58 60 61 63 64 65 66 67 68 69 70 71 72 75 76 78 79 80 82 84 85 87 88 91 92 93 94 97 98
836 10 11 12 14 15 16 17 20 21 23 24 27 28 29 31 32 33 34 35 37 38 40 41 42 44 45 46 47 48 49 50 51 52 54 55 56 58 59 60 61 64 65 66 67 68 69 72 73 74 75 76 77 78 79 80 82 83 84 86 87 91 92 94 96 98 100
295 12 13 14 15 17 20 21 22 23 25 26 27 29 30 31 32 35 36 37 38 39 41 42 45 47 48 50 51 54 56 57 58 59 60 62 65 66 67 69 72 74 75 80 86 87 90 91 93 94 95 96 98
182 12 13 14 18 19 22 24 26 27 29 30 31 32 33 38 41 44 45 50 51 53 55 56 58 59 60 61 62 66 67 68 69 71 72 73 74 76 77 78 79 81 83 84 85 86 87 88 89 90 91 92 94 95 98 100
408 13 14 16 17 19 20 23 24 25 27 29 30 33 34 35 36 40 43 44 47 48 49 50 51 52 53 54 55 56 57 61 62 64 66 67 68 69 70 71 72 75 76 77 78 79 82 86 87 90 91 92 93 95 97 99 100
660 14 15 16 22 23 25 26 27 29 30 31 32 35 36 37 38 41 43 45 47 48 49 50 51 52 53 55 57 60 61 62 63 64 65 67 69 71 72 73 77 78 81 84 85 87 88 90 91 94 95 96 97 100
191 15 18 21 22 23 24 30 32 33 34 35 37 38 40 43 44 45 46 47 48 51 52 53 54 55 58 60 61 62 63 64 65 66 68 71 73 75 76 79 80 82 83 84 91 92 93 95 96 97 98 100
816 18 19 20 23 24 26 27 28 29 30 33 35 37 38 39 41 42 43 45 46 48 49 50 51 52 53 57 58 59 60 64 65 66 67 68 71 72 73 74 76 77 79 81 83 85 88 90 91 92 93 95 96 98 99
598 19 20 21 25 28 30 33 36 38 41 43 44 45 47 48 51 52 53 54 55 56 57 58 62 63 65 68 69 70 72 74 75 76 78 83 84 85 86 88 93 94 97 100
127 18 19 21 22 25 27 29 31 34 37 39 40 41 42 43 45 48 49 50 51 54 55 58 59 60 62 63 64 65 66 68 70 71 78 79 81 82 88 89 91 92 93 94 95 96 98 99
750 19 20 22 23 24 25 26 27 28 29 31 33 39 41 42 43 44 47 49 50 53 55 56 57 58 60 62 63 64 65 67 69 70 73 74 75 78 82 83 84 85 87 90 91 92 93 95 96 97 98
137 20 22 23 24 25 27 30 31 32 33 34 36 37 39 41 42 44 46 47 48 49 51 53 54 55 56 57 58 59 60 61 65 66 67 68 69 70 72 73 74 76 78 79 80 84 85 86 87 88 89 91 95 96 99 100
590 22 23 25 27 28 31 32 33 35 36 37 38 39 40 46 47 51 54 55 56 60 62 63 64 67 68 69 70 71 72 73 75 77 78 79 81 83 84 86 89 91 92 94 95 96 97 98 100
955 22 23 25 26 27 28 30 31 33 34 35 36 37 38 41 42 46 47 48 49 50 52 53 56 57 58 59 61 62 63 64 68 69 70 72 73 74 77 78 79 80 81 82 84 85 88 89 92 94 97 100
388 23 24 26 28 32 33 34 35 37 38 39 42 43 47 48 49 50 52 53 56 57 58 59 60 62 63 64 66 67 71 72 73 74 75 76 78 81 82 84 85 86 87 89 90 95 96 98 99 100
873 27 29 30 32 33 34 35 36 37 38 39 40 41 42 44 45 47 48 49 50 51 53 55 56 59 61 62 63 65 66 67 68 69 70 71 73 74 75 76 77 78 80 82 83 84 85 86 87 90 93 94 97 99 100
922 25 26 28 30 31 32 33 35 36 38 40 41 42 43 44 47 48 50 51 53 55 59 60 63 65 67 68 70 72 73 75 78 82 83 84 88 90 91 92 93 94 96 97 98 99
133 27 28 29 31 32 36 37 38 39 41 48 50 51 52 55 58 60 63 64 66 67 71 72 74 75 76 78 79 80 81 82 83 84 85 87 89 90 91 93 95 97 98 99 100
997 33 34 36 37 40 49 50 55 56 57 58 60 61 62 63 64 67 68 69 71 74 76 77 83 84 85 86 87 88 89 91 93 94 99 100
139 28 34 35 37 38 39 40 41 45 48 50 54 55 56 57 59 60 61 62 63 64 66 68 70 71 72 73 74 75 77 78 80 81 82 83 84 85 86 87 88 90 93 94 96 98 99 100
440 32 33 34 37 38 41 42 46 48 50 52 53 54 55 56 57 58 59 61 62 63 66 67 69 71 72 73 75 76 78 81 82 83 85 88 89 90 91 94 95 96 99 100
975 32 36 37 41 42 43 44 45 46 47 48 51 52 54 56 58 60 61 62 63 65 66 67 68 69 70 71 73 74 75 76 79 80 81 82 84 85 86 89 91 96 97 98 99 100
616 32 33 34 35 36 38 39 40 41 45 46 48 50 52 53 54 55 56 58 60 62 63 67 68 70 71 72 73 74 75 77 78 80 81 83 85 86 87 89 90 91 92 93 95 97 98
665 32 38 39 41 43 44 45 46 47 49 52 53 54 55 58 59 61 62 63 64 65 68 69 70 71 73 74 76 80 82 83 86 88 91 93 94 99 100
922 34 41 42 43 45 48 53 55 57 58 59 62 65 67 68 70 71 73 74 75 77 81 85 87 88 91 93 96 97 98 99 100
941 34 35 36 37 38 39 41 42 44 45 46 48 50 51 54 56 57 59 60 61 64 65 66 67 70 72 73 75 76 77 78 80 81 83 84 85 86 89 90 94 96 97 99
969 35 36 39 41 42 43 45 46 47 49 51 52 57 59 60 61 62 63 64 65 66 67 70 71 72 73 75 76 77 78 80 81 82 83 85 86 87 88 89 90 91 93 96 97 98 99 100
795 36 38 39 40 41 43 45 47 48 49 52 53 54 55 58 59 60 62 65 66 69 71 72 73 74 75 76 80 83 84 86 90 91 92 93 94 96 97 98 99 100
348 38 39 43 44 45 46 47 48 50 51 52 54 55 61 62 64 65 66 67 69 73 74 75 76 78 79 80 81 83 84 85 89 90 95 96 97 98 100
480 39 40 41 42 47 48 49 50 51 53 54 55 56 57 58 59 60 61 62 64 66 71 72 74 75 77 78 81 82 84 85 87 88 89 90 91 93 97 98 100
146 40 41 42 43 46 48 49 50 53 55 63 64 65 66 67 68 77 80 81 82 83 86 87 93 96 97
720 41 42 43 44 45 46 47 50 52 53 54 55 57 62 63 64 65 66 68 69 71 72 73 74 76 79 80 81 82 83 84 85 86 89 90 91 94 97 98 99 100
289 44 46 47 49 51 53 54 55 56 57 60 63 65 66 67 69 71 72 73 74 76 79 81 85 86 87 88 90 91 92 97 98
844 42 43 44 45 46 47 50 51 55 56 57 58 59 61 63 65 66 67 69 70 72 73 76 77 80 81 82 83 84 85 86 90 94 95 98 100
173 44 47 48 50 51 52 55 56 57 58 59 61 62 64 65 66 67 68 72 73 74 77 80 81 82 83 86 87 89 91 93 94 95 96 97 99 100
623 44 45 48 52 53 55 57 58 59 60 62 65 66 69 71 72 73 74 75 77 78 80 82 85 87 90 92 93 94 95 97 98 100
588 45 46 47 48 51 52 53 54 55 56 57 59 61 62 63 64 65 66 68 70 71 72 73 77 80 83 87 88 89 92 93 94 97 98 99
645 46 47 48 49 51 52 53 55 57 58 61 63 64 65 67 68 69 70 71 73 74 75 77 78 79 81 82 84 86 88 90 92 94 95 96 97 98 99 100
201 48 50 51 52 54 55 56 57 58 59 60 61 62 63 65 66 67 69 70 72 73 75 76 77 80 82 83 87 90 91 93 96 97 98
288 48 50 52 53 54 55 57 58 61 63 65 69 71 72 74 75 76 77 78 80 83 85 92 95 97 99 100
587 50 51 52 53 54 58 59 61 62 63 64 65 66 67 69 70 71 72 73 75 76 78 79 83 84 85 87 88 89 90 91 92 93 94 96 98 99 100
561 50 51 52 56 57 58 62 63 65 67 68 70 72 74 76 77 79 80 82 90 93 95 100
219 51 55 56 58 59 60 61 65 67 71 72 74 75 76 78 80 82 83 84 85 86 87 88 91 92 93 94 95 96 98 100
171 52 53 55 56 58 60 61 62 63 64 65 66 67 68 69 70 72 74 76 77 79 80 81 84 85 87 88 89 90 91 93 94 97 100
697 53 55 56 57 60 62 66 68 73 74 76 77 81 83 84 85 86 87 88 90 91 92 95 96 97 98 99
583 54 55 56 59 61 62 63 64 65 66 67 70 72 74 79 80 81 82 84 88 89 91 92 93 94 95 96 97 98 99
544 55 56 59 60 61 62 65 66 68 69 71 72 74 76 77 78 79 80 82 85 87 88 91 93 94 95 97 99 100
725 58 59 60 61 62 63 64 66 67 69 70 71 72 73 74 75 79 80 81 82 84 86 88 89 92 94 95 98 99 100
349 58 59 60 61 62 64 65 67 69 70 71 73 74 76 78 79 83 84 85 88 90 91 93 94 95 96 97 98 100
820 58 60 63 64 66 67 68 69 70 71 72 74 76 77 81 82 83 84 86 88 89 90 93 95 96 97
996 59 60 64 66 67 71 72 73 74 75 77 78 79 81 83 85 87 88 90 91 95 98 99 100
934 61 62 63 65 66 69 71 72 73 74 75 76 77 79 81 83 84 85 90 91 93 94 96
184 61 64 68 69 70 71 72 75 77 78 79 81 82 85 86 87 90 91 93 95 97 99 100
727 62 63 64 65 66 67 68 69 70 71 73 74 75 76 78 79 82 83 86 87 89 90 91 92 94 96
965 65 66 68 69 72 73 74 75 76 77 78 80 81 83 84 85 87 88 89 91 92 93 95 97 99 100
953 64 65 68 70 71 72 73 74 77 78 81 83 85 86 87 90 91 92 93 96 98 99 100
876 66 67 70 71 72 76 77 78 80 81 84 86 88 89 90 91 93 94 97 98
141 67 69 70 72 74 77 78 82 83 85 86 87 88 90 92 96 98 100
827 67 68 71 72 73 74 75 76 78 81 82 83 85 87 89 91 95 96 98 99
424 68 70 72 75 77 81 82 84 88 89 90 91 92 93 94 95 96 99 100
957 69 70 71 73 74 75 77 78 85 88 89 90 92 94 96 97 98 99 100
693 70 72 73 74 76 77 78 79 81 82 83 89 90 91 92 93 94 95 96 97 100
935 72 73 74 76 77 78 79 81 82 84 85 87 88 90 92 93 95 97 98 99
193 72 73 76 79 82 83 84 85 86 87 88 89 90 91 96 98
735 74 75 76 79 80 81 83 86 87 89 90 91 92 93 94 95 96 99 100
514 75 76 80 81 82 83 84 85 88 89 91 92 93 94 95 96 97 98 99 100
553 75 77 79 80 81 84 87 89 90 91 96 97 98 99 100
947 77 81 82 84 86 87 88 92 93 94 95 96 97 99
193 77 78 79 80 81 82 83 86 88 92 93 97 98 100
776 82 85 87 88 89 92 94 95 96 97 98 100
203 79 81 83 84 85 88 89 90 92 93 94 96 97 98
366 80 81 82 83 84 85 91 92 94 99
114 81 82 83 84 86 90 91 95 96 97 98
558 82 84 86 87 90 91 92 93 94 95 97 98 100
601 83 90 92 93 94 95 96 98
398 84 86 88 89 91 92 93 94 95 96 97 98 99 100
308 85 86 87 88 91 93 94 96 97 98 99 100
799 86 88 89 91 92 95 97 98 99
382 87 88 89 90 91 92 93 94 95 96 97 98 99 100
931 90 91 94 95 96
716 90 92 93 97 98 100
250 90 92 93 95 98 99
327 91 93 94 95 96 98 100
660 92 94 95 96 97
394 93 95 97 100
917 94 95 96 97
347 95 97 98 100
772 96 97 98 99 100
945 98 100
745 98 100
749
222
122
