50	10	1000	10
-2	127	7
-5	78	3
-1	178	3
-3	150	9
-1	165	4
-4	196	2
-4	11	7
-4	108	6
-4	199	6
-2	141	3
59 2 3 5 7 10 11 14 15 17 19 21 23 24 25 29 30 31 34 37 38 39 40 42 44 46 47 48 49 50
99 3 5 6 7 11 12 13 14 15 17 19 21 22 23 24 25 26 27 30 31 32 33 34 36 37 38 40 44 45 46 49 50
12 6 7 8 9 11 12 13 18 19 20 21 22 24 26 28 29 30 31 32 34 35 36 37 39 41 43 44 48 49 50
93 8 12 15 17 18 22 24 27 31 32 33 34 37 42 43 44 45 46 48 49
77 6 7 8 10 15 17 20 23 25 30 31 33 34 35 36 37 38 39 41 42 43 44 47
71 7 8 9 10 12 13 14 15 16 17 19 22 24 25 26 27 28 30 31 32 33 38 40 44 45 46 47 49 50
35 12 14 18 19 24 25 26 27 28 29 32 33 35 37 40 41 43 44 45 46 47 48 49 50
72 9 10 11 12 13 14 16 17 19 20 23 24 25 29 30 32 37 38 39 40 41 42 43 47 48
50 10 13 14 15 16 17 18 19 20 22 23 25 26 27 28 29 31 32 33 37 38 41 43 45 46 47 50
33 11 13 16 17 21 24 25 26 27 28 29 32 36 37 40 41 42 43 45 48 50
56 12 13 17 18 19 20 21 22 25 26 28 30 34 35 37 39 41 42 43 44 45 46 47 49
76 13 14 15 16 17 18 22 24 25 26 27 29 31 36 37 38 40 42 43 45 46 47 48 49
31 14 15 16 17 18 19 20 21 22 24 25 27 28 31 34 36 37 38 39 41 42 43 45 46 48 49
85 15 17 18 19 20 23 24 26 27 32 33 34 36 37 41 42 44 45 46 47 48
64 17 21 23 24 25 26 27 28 29 30 32 33 34 35 36 40 41 42 43 44 46 48 49
66 17 19 20 21 22 25 27 28 29 30 31 32 33 36 37 41 44 45 46 48
54 18 19 20 21 22 26 27 29 31 34 35 36 38 40 42 43 45 47 48
96 19 21 22 23 26 27 31 32 34 35 36 38 40 42 43 44 45 46 47 50
68 20 22 23 24 25 26 27 28 30 32 33 35 36 39 40 45 46
48 22 24 25 29 31 32 33 34 36 38 40 42 43 44 46 47 49 50
61 22 23 24 27 28 29 30 31 33 34 35 36 39 40 41 42 44 48 49 50
61 23 24 26 28 30 32 33 34 35 36 37 38 39 41 42 44 46 47 48 49 50
12 25 28 29 30 31 34 35 36 37 38 41 42 44 45 46 47 49 50
25 25 26 27 31 32 33 35 36 38 39 41 43 45 47 49 50
85 29 30 31 32 35 36 37 38 39 40 42 43 48 49 50
100 27 28 29 30 34 35 40 41 44 47 48 49 50
74 29 30 31 32 33 34 35 36 38 39 41 42 43 44 45 46 48 49 50
21 29 30 32 33 35 36 38 39 40 41 42 43 44 45 46 49 50
87 31 33 37 39 40 41 46 49
97 32 33 35 36 37 41 44 45 47 48 49 50
81 35 39 41 43 44 46 48 49 50
74 33 36 37 39 40 41 42 43 46 50
85 37 38 43 44 46 47 48 49 50
95 35 36 38 39 40 42 45 46 47 48 49
57 36 38 40 42 45 46 48 49 50
44 37 38 40 41 43 44 45 47 48 49 50
80 38 39 40 41 42 43 44 45 47 48 49
74 39 40 41 44 45 48 49
94 40 42 45 47 48 49
13 41 45 47 50
15 45 46 47 48 49
11 44 45 47 49
99 44 47 50
23 45 46 47 48
39 46 49 50
80 48 49 50
54 49
85 49 50
60 50
55
