75	5	10000	1
0	1193	17
0	1620	11
0	1850	18
0	1589	11
0	1122	18
2030 2 5 7 8 10 11 12 13 14 15 16 19 20 21 22 23 27 28 30 31 32 33 34 36 37 39 40 42 44 45 47 48 49 51 52 53 54 55 58 59 63 65 67 68 69 71 72 74
2766 3 4 7 8 9 10 11 12 14 17 19 22 24 25 26 28 29 30 32 35 37 38 39 40 42 43 44 47 49 50 53 54 57 59 62 63 66 67 69 70 71 72 73 74 75
2900 5 6 8 9 10 11 15 16 17 18 22 23 25 28 30 31 32 33 34 36 37 40 41 44 45 46 47 48 50 51 52 53 54 58 60 61 62 63 64 66 67 68 69 70 71 72 73
2623 6 7 9 11 13 14 15 17 18 23 29 30 32 35 37 39 40 41 42 43 44 46 47 51 53 54 59 62 63 65 68 70 71 72 75
1691 8 13 15 16 17 19 20 21 24 25 29 30 31 33 34 35 36 37 38 39 40 42 43 48 50 51 52 53 55 56 58 59 60 61 65 68 70 71 72 74 75
2753 7 8 9 12 13 14 17 22 23 24 27 30 31 32 37 38 40 41 43 45 46 52 53 55 56 60 61 62 64 66 67 72 74 75
1891 8 9 10 11 12 13 14 18 19 21 24 25 26 32 33 34 38 41 44 46 47 48 49 50 51 52 53 54 55 58 60 62 63 66 69 70 71 73 74 75
1664 9 11 12 13 15 16 18 19 20 22 23 24 25 26 27 28 30 31 33 35 40 41 45 46 47 48 49 50 52 53 54 56 57 58 59 60 63 64 65 66 67 71 74
2621 10 11 13 14 15 17 18 19 21 24 25 26 27 29 32 33 34 36 37 40 41 42 43 44 46 47 48 49 50 56 57 58 59 60 62 64 66 68
2721 11 12 13 14 17 18 20 22 24 25 26 27 28 30 32 34 35 38 39 41 46 48 50 53 54 55 56 57 58 60 61 62 64 66 71 72 74 75
2754 12 15 16 17 18 19 21 22 26 28 33 35 40 41 42 43 46 49 50 51 53 54 55 57 58 59 61 62 63 64 66 67 69 70 73 74 75
1683 17 18 19 20 21 22 26 27 28 29 30 31 32 33 34 35 36 39 40 43 44 50 51 52 53 54 56 58 60 61 62 64 65 66 68 69 71 74
1664 14 18 19 20 21 22 23 24 25 28 29 30 31 32 33 35 36 37 38 40 42 44 47 48 50 51 53 56 57 58 62 63 65 66 69 70 71 72 74 75
2496 15 16 18 19 20 21 22 23 25 27 28 29 32 34 35 36 37 38 42 43 46 47 48 49 50 51 55 59 60 61 62 63 64 66 68 70
1799 18 19 20 23 25 26 28 32 34 35 39 42 43 44 45 46 48 49 50 51 53 55 56 58 60 61 64 65 68 70 72 73 75
1554 21 23 24 26 31 32 33 35 37 39 40 42 43 44 45 46 47 50 51 52 53 54 59 60 63 64 65 66 67 69 70 71 75
2800 18 20 22 25 27 28 30 31 32 34 35 39 40 41 42 47 48 49 52 53 54 55 56 57 58 60 61 62 65 66 71 72 73 74 75
2631 22 23 25 28 30 31 32 33 36 37 38 41 43 44 49 51 53 54 55 56 57 58 59 62 63 64 65 66 67 70 71 73 74
2995 22 24 25 27 28 30 31 33 34 35 37 38 39 40 41 42 43 46 50 52 55 57 60 61 63 65 67 69 70 73 75
1791 21 23 26 27 28 29 31 32 33 38 41 42 43 44 47 48 49 50 51 53 55 56 57 59 60 61 62 63 65 66 68 69 71 72 74 75
2735 23 26 27 28 29 30 33 34 35 36 37 40 42 44 46 49 51 52 54 55 56 58 59 61 63 66 67 69 70 71 73 74 75
1882 23 24 26 27 28 31 32 36 38 40 42 43 46 49 51 54 55 57 61 62 63 65 68 70 71 72 73
1806 24 25 27 30 31 34 36 37 38 40 43 44 45 47 48 49 50 52 53 54 58 59 60 61 63 65 66 67 68 72 73
2891 25 27 28 29 31 32 33 34 35 36 37 39 40 42 43 44 46 47 49 52 53 54 56 58 59 61 62 66 67 68 69 70 71 72 73 74
1533 26 27 32 34 35 37 40 42 44 45 46 47 48 50 53 54 58 59 63 64 65 67 71 73
2261 27 30 34 35 38 39 40 43 44 46 47 48 51 53 54 55 56 58 59 61 62 64 65 66 67 72 73 75
2181 29 30 31 34 35 36 37 38 39 40 41 42 46 48 49 50 52 53 55 56 59 60 62 66 68 71 72 74 75
1592 29 30 31 34 37 38 39 40 43 44 48 51 54 56 57 58 59 60 62 63 66 67 69
1786 32 34 36 38 40 43 46 47 49 50 51 52 56 57 58 59 60 62 63 64 65 67 68 72 74
2590 31 32 33 34 35 36 39 41 42 44 45 47 48 49 50 53 54 55 56 57 59 61 62 64 65 66 67 68 69 70 71 74 75
1702 32 33 36 38 39 41 42 43 44 47 49 51 53 54 55 57 59 61 63 64 67 71 72 73 74
2466 33 34 35 36 37 38 41 43 44 45 46 47 51 52 53 55 56 59 62 66 71 72 74 75
2389 35 38 40 44 46 47 48 49 50 51 54 55 56 57 59 60 63 64 65 66 68 70 71 75
2751 37 40 47 48 49 51 52 54 55 56 57 58 59 61 63 64 66 67 68 69 71 72 73 74
2941 37 38 39 41 42 43 44 47 48 51 52 53 55 56 58 59 62 64 66 67 68 70 75
2540 37 38 41 42 43 44 46 49 52 53 54 57 61 63 68 69 70 71 72 73 75
2628 38 39 41 43 44 46 47 49 50 51 55 56 57 58 63 65 66 67 72 73 75
2947 39 40 42 44 45 46 47 48 50 51 52 53 55 56 58 59 61 62 63 65 68 69 70 72 74
2606 40 41 42 43 44 47 49 50 51 52 53 54 55 56 57 58 59 60 61 62 65 67 68 69 71 72 73 74 75
2411 44 45 46 47 49 52 53 55 56 57 58 60 61 62 64 65 66 67 68 70 72 73 74 75
1876 43 44 45 47 49 51 52 53 55 58 59 61 63 64 66 67 68 70 73 74
2475 45 47 49 52 57 58 59 60 62 64 67 68 69 71 72 74
1668 45 46 47 50 51 52 55 57 58 59 60 65 67 69 70 71 73 74
2754 46 48 49 50 55 56 57 62 63 64 65 68 70 72 74
1889 47 48 49 50 51 52 54 59 60 63 64 66 67 69 70 71 73 74 75
1739 47 48 50 51 52 54 55 56 57 60 61 63 64 65 66 69
2361 48 50 52 55 56 57 58 59 60 62 63 66 67 68 69 70 71 72 74
2121 49 51 53 57 58 60 61 63 64 67 68 69 74 75
2233 50 51 52 53 54 55 56 57 58 61 62 66 68 69 70 75
2406 52 54 55 56 59 61 64 65 66 68 69 70 75
2954 52 54 55 57 62 63 64 65 66 67 68 69 72 73 74
2182 54 55 56 57 58 61 63 65 66 67 69 72 74
1723 55 56 57 58 59 60 61 63 64 65 66 67 73 75
2149 55 56 57 58 60 61 63 64 66 67 68 69 70 72 73
2944 56 57 60 62 63 66 67 68 71 72 73 75
2508 60 63 64 65 67 70 72 75
1627 59 62 63 68 74
2495 59 60 61 62 64 65 66 67 69 72 73 74 75
1947 60 61 64 66 67 69 71 73 74
1785 63 66 67 71 74 75
1800 62 63 64 65 66 67 68 69 70 71 73 74
1706 66 68 71 72 73 75
2033 64 65 68 70 71 73 74 75
1954 65 66 69 70 71 72 73 74
2417 67 70 74 75
2703 68 69 70 71 72 73 75
1995 68 69 70 73 74 75
2899 70 72 73 74
2064 70
1982 72 73 74
2358 73 74 75
2063 73 74
2790 74 75
2798 75
2733
