200	5	200	10
-5	31	43
-3	37	34
-1	25	39
-2	26	40
-2	32	44
54 4 5 7 8 9 11 12 13 14 17 18 20 21 23 24 25 27 28 29 34 35 36 39 42 43 44 45 49 51 55 56 58 59 60 61 62 64 65 69 72 73 74 75 78 79 81 83 84 86 87 88 89 90 93 94 95 96 98 101 105 108 109 111 112 113 117 118 121 122 123 125 126 128 131 133 134 136 138 140 141 143 144 145 146 148 150 151 152 154 156 158 160 162 163 164 165 166 167 168 169 171 172 175 177 179 181 185 188 189 190 191 192 193 194 196 197 198 200
39 3 4 5 6 7 8 10 11 16 17 18 21 24 26 27 29 32 34 37 38 39 41 44 46 48 49 52 53 55 59 60 61 62 63 66 68 70 72 75 77 79 80 81 82 85 86 88 89 91 92 93 96 97 98 99 100 101 102 103 104 105 106 107 110 112 113 114 117 118 122 124 128 129 130 131 134 135 136 143 145 148 149 150 151 152 154 155 156 160 163 164 165 166 167 171 173 174 175 178 180 181 184 185 188 189 190 192 194 196 198 200
53 4 8 9 10 11 12 13 14 15 16 17 18 20 21 22 23 24 25 26 28 30 36 37 38 39 41 44 47 48 49 51 52 53 54 55 58 59 60 62 63 64 66 67 68 72 73 74 75 76 77 78 80 81 82 83 84 87 89 90 91 93 96 97 102 104 105 106 108 110 111 113 115 117 118 119 122 123 125 127 129 133 134 137 139 140 142 143 144 146 147 148 150 153 154 155 157 158 159 160 162 164 168 171 174 175 176 178 180 181 182 183 185 186 188 191 192 195 196 200
38 5 6 7 10 12 13 14 16 17 18 22 23 25 26 27 28 30 32 33 34 35 36 37 39 40 41 42 46 49 51 54 56 58 61 65 66 70 71 72 74 75 76 78 79 80 83 84 85 86 87 88 89 91 93 94 95 98 101 103 105 106 107 109 110 111 112 113 117 121 122 125 127 128 129 131 132 135 136 137 138 139 141 144 145 149 154 155 156 159 161 162 166 167 168 170 171 172 175 176 177 178 180 182 186 187 192 194 196 198 199 200
59 6 11 12 14 15 16 21 22 23 24 25 27 28 29 30 31 33 34 35 39 41 43 44 47 48 52 53 55 56 57 58 59 62 63 67 69 71 73 74 75 79 80 81 83 88 91 92 96 97 100 103 104 105 106 107 109 111 113 114 116 117 119 121 122 130 133 134 135 136 137 139 140 141 143 146 147 148 151 154 155 158 159 161 162 164 165 167 168 169 170 171 172 176 179 181 182 184 185 187 190 191 192 193 194 199 200
52 7 8 11 12 15 16 17 19 22 23 24 26 27 28 29 31 35 36 37 39 41 42 44 48 49 50 51 52 53 55 57 58 59 60 63 66 68 70 71 72 74 75 76 78 83 85 87 88 93 94 100 101 106 107 109 113 114 115 118 122 123 124 126 128 130 131 132 134 135 137 138 139 140 141 142 143 144 145 147 148 149 150 151 153 154 156 157 158 161 162 164 165 168 169 171 172 174 175 179 182 184 185 187 188 189 190 192 195 196 197 198 199 200
52 9 10 12 13 15 16 17 18 19 20 26 27 31 36 39 40 41 42 43 46 47 49 50 51 55 57 58 59 60 62 63 65 68 71 72 73 76 77 78 79 80 81 82 84 85 86 88 90 91 92 96 98 99 100 102 103 104 106 107 108 109 110 111 112 116 117 118 119 120 121 122 123 124 125 126 127 128 129 132 134 135 138 139 140 141 143 144 147 150 153 155 157 159 167 169 170 173 175 177 183 185 186 189 191 193 194 197 198 200
44 9 11 12 13 16 17 18 19 28 29 30 31 32 38 39 41 42 43 46 47 49 50 56 57 58 60 61 62 63 67 68 69 74 75 81 84 85 86 87 88 90 91 94 96 98 99 100 101 102 104 107 109 110 111 117 118 120 121 123 125 126 127 129 132 135 138 139 140 142 145 146 147 150 152 153 154 157 158 164 165 166 169 171 177 178 180 182 183 184 186 189 190 193 194 195 196 198 199 200
52 10 12 16 17 20 21 24 33 35 37 38 39 40 41 43 44 45 46 48 50 51 52 54 55 57 59 61 63 64 66 69 70 73 74 75 76 78 79 80 81 83 87 88 90 91 92 95 96 97 98 100 102 104 105 106 107 109 111 112 113 116 117 118 119 121 123 126 128 130 131 134 137 139 140 143 144 146 147 148 149 154 157 158 159 161 162 166 168 169 170 172 173 174 175 176 177 183 184 187 188 191 192 193 194 195 196 199 200
45 11 14 15 16 19 20 21 22 24 25 26 27 30 31 32 33 36 37 38 39 41 44 45 46 47 50 51 52 53 54 58 61 62 65 66 67 68 69 71 72 73 74 75 76 77 81 82 83 87 88 90 91 93 94 95 96 97 98 99 102 103 105 106 108 109 111 112 113 115 117 118 120 121 122 124 126 127 129 130 131 133 135 140 142 143 145 148 149 152 153 154 156 157 159 160 161 162 163 165 166 167 172 173 174 176 178 179 180 181 182 183 184 185 186 189 190 191 192 193 194 195 196 197 198 199 200
59 12 13 14 15 17 19 21 22 23 24 25 27 28 29 30 31 32 33 35 41 42 43 44 45 47 49 50 53 55 57 59 61 65 67 68 69 70 72 74 75 76 78 80 82 83 86 88 89 90 91 95 97 99 100 104 106 107 109 110 111 112 113 114 115 118 120 121 122 123 124 125 126 127 129 130 132 133 135 136 139 140 141 144 145 146 147 148 149 151 152 153 154 155 156 157 159 160 163 164 166 167 168 170 172 173 174 175 180 184 185 186 188 189 190 191 192 193 194 195 196 197 198 199 200
56 13 14 15 16 17 18 19 20 23 24 30 32 33 36 38 40 42 43 44 47 48 50 51 52 53 54 55 57 58 59 60 62 63 70 72 75 76 79 81 83 84 85 86 87 88 89 90 91 93 94 95 97 98 100 101 102 103 104 107 108 109 110 111 112 113 116 117 126 127 128 130 131 132 133 134 135 138 141 142 143 146 147 151 152 153 154 157 158 159 160 161 163 164 165 166 167 168 170 171 172 176 177 178 180 183 185 186 187 189 190 191 192 194 195 196 197 199
49 14 15 16 19 20 21 22 23 24 27 28 31 34 35 36 38 39 41 43 44 45 46 47 48 49 50 51 52 55 56 57 58 59 61 64 66 68 70 71 72 73 74 75 76 77 81 83 84 85 86 87 88 89 90 91 92 95 96 99 100 101 102 104 106 109 111 112 114 115 116 117 118 120 121 123 124 128 129 131 132 133 134 135 137 138 139 142 143 145 146 148 149 150 151 152 154 155 156 158 159 161 162 163 164 165 167 168 171 172 174 177 178 179 181 182 183 184 185 186 187 188 191 194 195 197 199 200
37 16 17 21 22 23 24 25 26 30 31 32 33 34 35 37 38 39 42 43 47 48 50 51 53 54 55 56 58 59 60 61 62 64 66 68 70 71 72 73 75 77 78 86 87 89 90 91 92 94 96 97 100 101 103 107 108 109 110 116 118 121 122 123 124 126 127 129 132 134 137 138 139 141 143 146 149 151 152 153 155 157 159 160 163 164 165 166 167 169 170 175 176 178 179 180 182 183 185 190 191 194 196 197 199 200
56 16 17 18 20 21 22 23 25 26 27 28 33 36 37 38 40 42 45 47 49 51 52 53 56 57 58 60 65 66 68 69 71 74 75 76 77 79 80 85 87 88 89 90 93 95 96 97 100 101 103 105 107 110 117 118 119 126 127 128 131 132 133 134 138 139 142 143 149 150 151 153 154 157 159 160 164 165 166 169 170 171 172 177 179 180 181 182 184 185 186 187 188 190 191 192 196 197 198 199
49 17 18 19 21 23 24 25 27 28 29 33 34 36 37 38 39 41 44 45 46 47 48 49 53 56 59 61 62 64 65 66 67 68 72 74 75 76 77 82 83 84 85 87 88 89 90 91 92 93 94 100 103 104 105 106 108 109 111 112 114 115 117 118 119 121 122 123 126 128 129 131 132 134 136 138 139 140 141 142 146 147 149 155 157 158 159 161 162 163 165 167 168 169 170 172 173 175 178 179 181 186 187 189 192 194 196 197 198 199
30 19 20 21 22 23 24 29 31 33 36 39 40 41 42 44 45 47 48 49 50 51 53 57 58 59 60 61 63 65 66 67 68 69 70 71 72 73 74 75 77 78 79 81 83 84 89 90 91 92 93 95 96 97 100 102 103 105 111 113 117 118 119 120 121 122 124 126 127 128 130 133 138 139 142 146 147 148 152 153 155 156 157 159 160 161 162 164 166 167 169 170 171 174 176 177 179 181 184 185 186 187 188 189 193 196 198 199
56 19 20 22 23 28 30 35 37 38 41 42 43 44 45 46 49 50 51 53 54 56 59 60 62 63 64 65 66 69 71 73 74 76 78 80 82 84 85 86 89 91 92 98 99 100 102 103 104 107 109 110 111 112 116 118 119 120 121 123 125 130 131 133 135 136 137 140 141 143 145 151 155 156 157 162 164 166 167 169 170 171 172 173 174 176 178 180 182 183 186 187 188 190 191 198 199 200
52 20 21 23 24 25 29 31 32 35 36 37 38 40 42 44 46 48 49 55 56 59 60 61 62 68 69 70 71 73 74 76 78 79 81 84 89 90 93 94 97 100 101 103 104 105 106 107 108 112 114 115 117 121 123 124 125 128 130 131 132 134 135 136 138 139 140 142 144 147 148 150 152 153 154 155 156 158 159 160 161 162 163 165 167 168 171 173 174 175 177 178 179 181 182 183 184 186 187 188 190 191 193 195 196 198 200
53 25 26 29 30 31 34 35 36 40 41 42 45 47 48 49 50 51 54 55 56 57 60 61 63 64 65 66 69 70 71 72 74 75 76 82 84 87 90 93 94 96 97 98 100 102 106 107 108 109 110 111 113 114 115 117 119 123 124 125 126 127 128 130 131 132 133 135 137 138 140 142 143 144 147 148 149 150 151 153 155 156 157 159 160 161 162 163 164 165 166 167 169 170 171 172 175 176 177 178 179 182 190 191 192 193 196 199 200
59 22 24 25 27 28 29 30 31 33 35 36 37 38 39 40 41 42 43 46 47 49 50 51 52 53 54 55 58 61 62 65 66 67 69 70 72 73 77 79 81 82 84 85 86 87 88 89 91 92 93 94 98 99 100 103 104 105 108 109 111 113 116 118 120 122 123 124 125 126 127 131 132 133 136 138 139 141 142 143 144 145 147 149 151 152 153 156 159 161 162 164 167 168 169 170 171 172 173 175 176 178 179 180 181 183 185 186 187 188 189 193 195 199
49 24 27 28 30 32 34 35 36 37 38 39 40 41 42 43 45 48 51 52 54 55 56 57 58 61 62 63 64 65 66 72 74 77 78 79 81 82 83 84 86 87 90 91 93 94 95 96 97 98 99 100 102 103 104 105 107 108 109 111 113 114 116 117 118 119 120 122 124 125 126 128 129 130 132 135 136 137 138 139 140 141 143 144 145 146 148 149 151 152 154 156 159 162 163 165 166 167 169 170 174 175 177 178 179 182 183 186 187 190 191 192 195 196 197 198 199
35 25 27 29 30 31 32 33 35 36 38 39 40 41 42 44 45 47 48 49 50 51 53 55 56 59 61 63 64 66 69 70 73 74 78 79 82 83 85 86 87 88 89 90 91 93 96 98 99 103 104 107 108 109 111 112 115 118 119 120 121 123 124 128 129 133 135 136 138 139 143 144 147 149 150 153 160 164 166 167 169 173 174 177 178 180 182 183 184 185 189 192 194 196 197 199 200
60 25 26 29 31 32 33 34 36 38 39 40 42 43 44 45 47 49 52 53 56 57 59 60 62 63 64 66 67 69 70 71 73 74 78 81 83 84 87 92 93 96 97 98 99 101 102 103 104 105 106 107 110 111 112 113 114 115 117 119 122 123 124 126 128 129 130 131 132 134 137 138 139 140 141 142 143 145 146 147 148 150 152 153 154 156 158 160 162 163 164 167 175 176 180 181 182 183 184 187 189 190 191 193 195 196 197 198 200
38 29 32 34 35 38 39 40 41 42 43 45 48 49 51 52 53 54 55 58 59 60 61 62 64 66 67 69 70 73 74 75 77 78 82 83 86 88 89 90 91 92 96 97 106 110 111 112 113 114 115 119 120 122 123 124 125 126 127 128 129 130 133 134 135 136 142 143 144 148 152 153 154 156 157 158 160 161 162 164 165 166 167 168 169 170 171 172 173 175 176 177 178 179 180 181 182 183 185 186 187 189 190 192 194 196 197 198 199
52 27 28 30 31 32 34 38 43 45 47 52 53 54 55 57 58 62 65 66 67 70 71 72 73 74 76 79 80 82 85 87 92 94 95 98 99 101 103 106 110 113 114 117 119 121 122 123 126 127 128 129 131 135 137 140 141 142 143 144 145 146 147 149 150 153 155 156 157 158 161 162 163 166 168 170 172 173 175 176 177 179 181 183 185 186 187 189 192 194 195 196 197 198 199 200
44 28 30 31 35 37 38 40 41 43 44 46 47 48 49 50 52 53 54 56 58 59 60 61 62 63 64 66 68 70 72 74 75 76 77 78 80 81 82 83 84 85 86 87 88 89 93 96 97 98 99 103 104 109 110 111 112 113 118 121 122 123 124 125 126 127 129 130 131 132 134 138 139 141 142 145 146 148 149 152 153 154 158 160 161 162 163 164 165 166 168 172 173 174 175 176 177 178 180 181 182 183 184 186 187 191 192 193 194 195 196 197 199 200
40 29 31 33 34 37 40 41 44 45 46 47 49 52 53 54 56 57 58 59 61 62 63 64 66 67 70 71 72 75 77 78 79 80 81 82 83 84 86 90 92 93 94 96 98 99 101 102 103 104 105 108 110 111 117 120 122 124 128 129 130 131 132 133 134 135 136 139 143 144 145 146 150 152 153 155 156 158 159 160 161 164 166 168 169 170 171 172 175 178 179 180 182 185 188 189 191 192 193 195 196 198 199 200
56 30 32 33 34 35 36 38 39 40 43 45 46 47 48 50 51 55 56 57 58 59 60 61 63 66 67 68 71 73 74 75 78 79 81 82 86 87 88 89 93 95 96 97 98 103 105 106 107 108 109 112 113 114 115 116 119 120 121 122 123 125 130 131 134 135 136 137 141 142 143 145 146 149 150 151 152 158 159 161 162 165 167 169 170 171 172 174 175 177 178 179 180 183 184 186 189 190 191 192 193 195 198 199 200
43 32 33 35 37 40 41 42 43 46 48 52 56 57 59 61 62 63 65 66 67 68 70 73 75 77 79 80 82 83 84 85 89 90 91 94 96 97 98 100 102 103 105 106 107 108 109 110 111 113 114 115 116 119 121 124 125 127 128 133 134 135 138 140 141 142 147 148 149 153 154 156 157 158 159 160 161 163 165 166 168 169 171 172 173 174 175 176 181 182 184 185 186 188 190 191 193 194 196 199 200
49 32 33 35 36 37 38 39 40 41 42 43 44 45 46 47 48 50 51 52 55 56 57 58 59 62 63 66 68 69 70 71 73 76 78 79 80 82 83 85 86 87 89 90 94 95 97 98 99 100 101 103 106 108 114 120 122 125 126 127 129 133 134 135 136 137 141 142 143 144 146 147 149 150 151 154 156 157 158 159 160 161 162 163 164 165 166 167 168 169 172 173 174 176 177 184 185 186 187 188 190 191 192 193 194 196 197 198 199
58 33 34 35 38 41 43 44 45 47 48 49 50 54 55 58 61 62 63 64 67 69 70 72 73 78 80 84 85 86 87 89 90 91 93 94 96 97 100 101 103 105 106 107 109 112 113 114 117 119 121 122 123 125 128 129 130 134 135 137 140 141 142 143 144 145 147 148 149 150 151 152 154 158 159 160 161 162 163 166 167 169 172 173 175 176 180 181 185 186 187 188 190 192 193 196 200
60 34 36 37 39 40 41 42 43 47 50 51 52 54 55 58 59 60 62 63 64 65 67 71 72 73 76 77 79 80 84 85 87 90 93 94 95 96 97 98 100 101 103 106 111 114 116 117 118 122 123 125 126 127 128 129 130 132 135 137 139 140 141 142 144 145 146 148 149 150 151 152 155 157 158 161 162 163 164 167 168 170 173 175 177 178 179 180 182 183 185 186 189 190 191 192 199 200
40 36 37 40 41 42 44 45 49 51 52 56 57 58 59 60 61 62 63 67 71 72 74 76 77 80 83 85 86 87 88 90 93 94 101 102 103 104 105 106 109 110 112 113 114 116 118 119 120 122 123 131 132 134 135 136 139 142 143 144 148 149 152 154 159 161 163 164 165 166 167 168 170 171 174 175 176 178 182 184 185 186 187 188 190 192 193 196 198 199
36 37 38 39 40 42 45 46 48 50 52 53 54 56 62 65 67 73 76 80 81 82 84 85 87 88 89 90 91 92 93 94 95 96 97 98 100 102 103 104 105 106 107 109 110 111 114 116 118 123 125 126 127 128 129 132 133 134 135 136 137 138 139 142 144 145 146 147 148 149 150 152 153 154 158 162 163 164 165 167 168 169 170 171 172 174 175 178 179 180 182 183 184 185 186 187 188 189 191 192 193 197 198 200
52 37 38 39 41 42 45 48 50 53 55 57 66 69 70 71 72 73 74 75 76 80 84 85 87 89 90 92 93 94 96 98 104 105 106 108 109 113 115 116 117 118 119 120 121 125 126 127 128 129 130 133 135 137 141 143 144 145 148 149 150 151 153 163 165 167 169 170 171 174 177 181 182 183 185 187 188 189 190 191 192 197 198 199
49 38 46 47 48 49 50 51 53 54 55 56 58 60 62 65 68 69 70 71 72 74 81 84 86 89 90 91 93 94 95 97 98 99 100 102 103 105 106 107 108 112 114 115 116 118 120 122 124 126 129 130 131 132 133 134 135 136 138 140 141 142 143 144 145 147 149 151 152 153 154 155 157 158 160 162 163 164 168 169 170 171 172 174 175 176 177 178 179 182 184 185 186 187 189 191 193 197 200
36 41 43 44 45 46 47 50 51 52 54 55 56 57 58 59 60 63 66 67 71 75 78 80 81 83 84 85 87 88 91 92 93 96 99 100 105 106 107 108 114 116 117 118 120 122 123 125 126 128 129 131 132 135 136 138 139 142 143 144 146 148 149 151 152 154 155 156 158 160 163 165 166 169 171 172 173 174 175 178 181 182 184 185 186 187 189 190 191 193 194 197 198 199 200
50 41 42 45 47 48 50 51 52 54 55 57 58 62 63 64 65 66 67 68 71 72 73 74 75 77 78 79 83 84 85 88 90 92 93 95 97 98 100 103 104 106 110 111 112 113 114 116 117 118 121 122 124 125 126 127 129 130 132 133 134 139 140 142 144 147 149 150 151 155 157 158 159 161 162 163 165 166 170 171 172 174 175 178 179 181 182 185 187 189 190 193 194 195 196 197 198 199 200
55 41 42 43 45 47 49 52 53 56 57 60 61 63 67 68 73 74 75 76 78 80 81 82 83 85 86 87 88 89 91 92 93 94 95 96 98 100 103 104 105 107 109 111 112 113 114 115 116 120 124 125 126 127 128 131 132 133 134 136 137 140 141 142 147 148 152 156 158 159 161 163 165 167 168 169 170 172 173 174 175 176 177 178 179 180 181 182 183 185 187 189 191 192 194 195 197 198 199
38 43 44 45 46 47 48 49 50 52 53 56 58 59 60 61 62 64 66 68 69 70 71 72 73 74 80 82 83 84 86 88 89 90 91 92 95 97 99 100 103 104 105 106 107 108 109 111 112 115 116 117 119 123 124 125 126 127 128 131 132 133 135 136 137 138 139 140 141 142 143 144 145 147 148 150 152 153 155 156 157 159 160 161 162 163 164 166 167 168 169 170 173 174 176 177 178 179 183 186 187 189 190 191 192 195 196 197 198 199 200
31 43 46 50 52 53 54 56 57 58 61 63 64 65 69 71 72 73 74 75 78 80 82 84 86 87 88 89 90 92 93 97 99 100 102 104 106 107 108 110 111 115 118 121 122 123 124 126 128 130 133 136 137 138 139 141 142 144 145 146 152 155 157 158 159 164 166 167 169 170 171 173 174 176 178 179 181 182 183 185 186 188 189 191 192 195 196 199 200
59 44 48 49 53 55 57 60 62 63 66 67 69 73 74 75 76 79 81 83 85 86 87 88 89 91 92 94 96 98 99 106 108 110 111 114 115 116 118 119 120 121 122 124 125 127 128 131 132 133 137 138 139 140 141 143 146 147 149 150 151 152 154 157 160 161 162 164 165 166 168 169 170 171 174 175 179 182 186 187 188 190 191 193 194 195 196 197 200
58 46 47 48 51 52 54 59 60 61 64 66 67 69 70 71 72 75 76 77 78 79 80 84 86 87 88 89 90 91 92 93 94 95 97 98 99 100 102 103 104 109 110 111 113 115 116 117 118 119 121 123 124 126 127 128 132 133 135 136 138 139 142 143 145 147 149 151 153 154 155 156 157 158 159 161 164 166 167 168 169 170 171 172 174 177 178 179 180 181 182 183 184 185 186 192 194 196 198 200
46 47 49 50 51 53 55 59 61 62 63 64 66 68 69 73 74 75 78 79 81 82 84 86 87 88 91 93 96 97 98 101 102 103 104 105 106 108 110 111 113 115 116 117 118 120 121 122 126 127 129 130 131 132 133 135 138 140 141 142 143 144 145 146 147 153 154 158 160 161 163 164 165 167 168 169 170 171 176 178 180 181 182 184 185 188 191 192 195 196 199 200
39 47 48 49 50 51 53 54 55 56 57 58 59 61 62 63 66 67 69 70 76 77 78 79 81 83 86 87 91 92 95 98 99 100 101 102 107 108 109 110 111 112 114 115 116 118 119 122 124 125 127 128 131 132 135 137 139 142 143 144 145 147 150 154 156 157 158 161 163 165 166 167 168 169 170 172 173 174 175 176 178 181 185 188 190 193 195 196 198 200
58 48 49 50 51 53 55 56 59 62 64 65 66 67 70 77 79 80 82 83 84 87 88 89 91 92 94 99 101 102 103 105 108 112 113 114 116 121 122 123 126 128 129 131 132 133 137 139 140 145 147 148 149 150 151 152 153 159 160 162 164 165 166 169 170 172 173 174 175 176 177 178 179 180 181 183 184 187 190 192 193 195 196 197 199 200
49 51 54 56 58 59 61 62 63 65 67 68 69 73 74 75 76 78 79 80 81 82 84 85 86 90 91 92 93 95 97 98 99 100 102 103 104 105 106 109 110 113 114 116 117 119 120 121 124 125 127 128 130 132 135 136 137 138 139 144 145 147 150 152 153 154 157 160 163 164 169 172 173 177 179 180 191 194 196 197 198 199 200
37 50 52 54 55 56 57 60 61 62 63 65 66 67 71 73 79 80 82 83 86 88 89 90 91 93 95 96 98 100 101 102 103 105 110 114 119 122 123 125 126 127 128 130 131 132 133 134 137 138 139 140 142 144 145 146 149 150 151 153 154 157 160 162 164 165 166 167 168 169 170 171 172 179 180 183 184 185 186 187 188 189 196 197 198 200
55 53 54 55 56 57 59 61 62 63 65 66 67 68 69 70 71 72 73 74 76 77 78 79 80 81 83 84 85 86 87 88 89 90 92 95 96 98 99 101 102 104 107 108 109 111 112 114 116 117 119 120 121 124 125 126 127 128 129 131 133 134 135 137 138 140 141 143 144 147 148 149 150 151 152 153 156 157 161 162 163 164 165 168 169 172 175 176 178 179 182 185 187 188 189 191 192 193 197 198
35 52 53 56 58 59 61 62 63 64 65 67 68 69 70 73 75 76 79 80 81 82 83 84 86 87 88 89 90 91 92 93 97 98 99 100 103 105 106 107 109 110 111 113 115 117 120 121 122 124 126 127 128 129 130 131 132 133 135 136 137 138 140 142 144 145 146 147 149 151 154 155 156 157 158 159 160 161 162 163 165 166 167 169 170 171 172 174 175 176 179 180 182 184 185 186 187 189 190 192 193 194 196 197 198 199
56 54 55 56 57 58 59 62 66 72 73 74 75 77 81 82 83 84 85 86 87 88 89 90 93 96 97 99 100 101 103 105 106 107 108 109 110 111 113 115 116 117 119 120 121 122 123 124 125 127 131 133 134 135 136 138 141 144 145 146 150 151 152 153 155 159 160 161 162 164 165 167 169 170 175 177 179 182 183 187 189 190 191 192 193 195 197 198
32 54 59 60 62 63 65 66 67 71 73 74 76 77 78 81 83 84 85 88 89 90 93 94 96 97 98 99 104 107 108 109 111 112 113 120 121 122 125 126 127 129 130 131 133 136 137 139 140 141 142 143 145 147 148 151 154 156 157 158 159 160 162 163 164 165 166 167 168 169 171 172 173 174 178 179 180 181 182 183 185 187 190 191 192 195 197 199
58 55 56 57 59 60 62 63 64 68 69 70 71 75 76 77 78 80 82 84 86 87 90 91 93 94 96 97 99 101 102 103 105 106 108 109 110 112 115 116 117 118 119 121 122 124 125 127 129 130 132 133 134 135 136 137 140 141 142 143 147 148 149 151 152 154 155 156 157 158 159 161 164 165 167 168 169 170 172 174 176 177 180 182 183 186 187 188 190 191 194 195 197 198 199 200
55 56 57 58 60 65 66 68 69 70 71 72 75 76 78 79 80 81 83 84 85 86 88 89 91 92 94 95 96 97 98 99 100 102 103 104 105 107 108 110 112 116 118 119 121 122 123 124 125 126 127 129 134 135 137 138 140 142 143 145 146 147 148 150 151 152 153 154 156 157 158 159 160 162 163 164 165 166 168 170 171 175 176 177 178 179 183 184 186 190 191 192 194 197 198
57 57 58 60 61 62 64 66 67 68 70 71 73 74 76 77 78 80 84 85 86 88 89 92 93 94 96 98 100 101 102 105 106 107 110 111 112 113 114 116 118 119 122 123 124 127 129 130 131 132 134 135 136 137 138 139 140 141 143 146 148 149 155 156 157 158 163 164 166 167 168 170 174 176 177 179 181 182 185 187 190 191 192 193 195 197 199
57 59 60 62 63 64 65 67 68 69 70 72 74 76 77 78 80 82 83 84 85 87 90 91 94 95 96 97 99 101 103 104 106 107 108 109 110 112 114 115 116 117 118 119 122 124 125 126 129 130 132 133 134 137 138 139 140 141 142 144 146 147 150 153 154 155 156 159 160 161 162 164 169 170 171 172 173 174 175 176 177 178 179 180 181 183 184 186 189 192 195 196 197 200
33 59 60 61 62 63 64 65 72 73 77 79 80 81 82 83 84 86 87 88 89 93 95 96 97 101 102 103 104 105 106 108 109 110 112 113 115 116 118 121 124 125 127 128 129 135 136 137 138 139 140 141 143 144 145 155 156 157 158 159 161 163 164 165 168 169 170 172 173 176 178 179 180 183 187 190 191 192 193 194 195 196 199 200
41 60 62 63 65 66 67 68 69 70 72 73 76 77 79 80 81 82 83 84 85 86 87 88 92 93 94 96 98 100 103 106 110 112 113 115 117 118 120 121 122 124 125 126 127 129 133 134 135 141 142 143 145 146 147 153 154 157 158 160 161 162 163 165 166 167 168 171 173 174 175 177 179 180 182 183 185 196 199 200
33 62 63 64 65 66 71 72 73 74 75 77 78 80 82 84 85 86 88 90 91 92 94 95 96 98 99 102 105 107 111 112 116 117 119 120 123 124 125 126 128 129 132 134 135 137 140 142 143 145 149 150 153 157 159 160 161 162 163 164 166 167 168 173 174 178 179 180 181 182 185 188 189 191 192 193 195 196 197 198 199 200
57 64 66 68 69 70 71 73 74 75 76 78 79 80 81 82 83 85 88 89 91 92 93 96 97 98 99 100 101 103 105 110 112 114 115 119 121 122 123 124 125 130 132 134 136 137 142 143 144 145 146 147 148 150 151 152 153 155 156 157 159 160 163 166 169 172 174 175 176 177 178 179 180 182 183 184 185 186 187 188 191 194 196 197 198
50 63 66 67 68 70 75 78 79 81 85 87 88 89 94 95 96 97 98 99 102 103 105 108 109 113 114 117 118 120 121 124 126 127 128 129 131 132 133 134 135 136 137 138 139 140 141 142 143 144 145 147 149 150 152 153 156 159 161 162 164 165 167 168 171 172 176 179 180 181 182 183 184 187 189 190 192 194 196 198 199 200
30 64 65 66 68 69 70 71 72 76 78 80 82 83 86 88 89 91 92 94 96 101 102 103 105 106 108 109 110 112 115 116 118 120 122 123 124 125 126 128 129 130 132 135 136 137 138 139 141 142 143 145 146 147 149 150 154 156 158 159 160 161 165 168 170 171 172 176 177 179 180 181 182 183 184 186 187 188 193 194 196 199 200
60 66 69 71 75 77 80 81 82 83 84 85 86 87 88 91 92 94 95 96 98 99 102 103 104 106 111 113 118 120 122 123 125 127 128 129 130 138 139 142 146 148 149 151 153 155 157 161 162 163 164 168 171 176 177 180 181 182 186 188 190 191 197 200
45 68 69 71 72 75 76 79 81 82 83 84 85 89 91 92 93 94 95 97 99 100 101 102 106 107 108 109 111 114 115 116 119 121 122 125 126 127 128 129 130 131 133 137 140 142 146 147 148 149 151 153 154 155 158 159 160 161 164 165 166 167 168 170 171 174 175 176 178 179 180 182 183 185 186 187 188 191 192 193 196 197 198 200
32 67 68 69 74 77 79 80 83 84 85 86 87 88 90 91 92 93 95 96 97 98 99 100 101 102 104 105 109 111 112 113 115 116 117 118 119 121 122 123 124 125 127 130 131 132 133 134 136 137 139 140 141 142 143 145 146 148 149 150 151 152 153 155 156 159 162 163 165 167 168 169 172 174 176 177 179 181 182 183 186 187 188 189 190 191 192 193 195 196 198 199 200
35 68 71 73 74 75 77 78 79 80 81 82 83 84 86 87 90 91 93 94 96 100 101 102 106 108 109 111 113 114 115 116 118 121 122 123 126 127 128 129 130 131 132 133 134 137 139 140 141 145 146 147 150 151 152 153 154 155 157 158 159 160 163 166 167 172 173 176 177 178 179 180 181 182 183 184 185 187 188 189 191 192 193 194 197 198 199
55 69 70 71 75 78 79 82 83 86 90 91 92 93 94 95 104 106 107 109 110 111 113 115 117 120 121 127 128 130 131 132 133 136 139 140 141 142 144 145 146 147 148 151 152 153 154 158 160 161 162 165 166 167 168 169 170 171 174 177 179 180 181 183 186 188 190 191 192 193 194 198 199
57 71 72 73 74 75 79 80 82 83 85 86 87 88 91 92 93 94 95 97 98 100 101 102 108 109 110 111 112 115 116 118 120 121 122 123 125 126 127 130 131 132 134 135 136 137 138 139 141 145 146 148 150 151 153 154 155 157 159 161 164 166 167 168 169 170 171 172 173 174 175 177 178 179 182 183 185 186 188 189 191 192 193 194 199 200
51 71 73 74 75 77 80 83 84 85 87 88 89 90 91 92 93 94 95 96 97 98 101 102 104 105 107 110 111 112 113 115 117 118 119 120 122 123 125 126 127 128 129 131 132 140 143 147 148 149 151 153 154 155 157 158 163 166 167 170 171 173 174 175 176 177 178 180 183 184 185 187 190 191 194 195 199 200
34 73 74 75 77 78 79 80 81 83 87 89 91 93 96 97 98 99 100 102 104 105 108 109 110 111 112 113 114 115 117 119 120 121 123 127 128 131 133 135 137 138 140 141 142 143 145 146 149 150 152 154 156 157 158 159 162 163 164 165 168 169 170 171 176 179 180 181 182 184 186 187 191 192 193 195 197 200
35 75 76 79 80 81 82 84 86 89 90 91 92 94 96 97 98 99 100 101 102 103 104 105 106 107 109 110 111 112 114 117 118 120 121 122 123 124 125 126 129 134 135 136 140 142 143 145 146 147 148 150 153 154 155 156 159 161 162 163 164 165 168 169 171 172 175 176 177 178 179 181 185 186 187 189 190 191 192 193 194 195 196 197 199
52 75 76 77 78 80 81 82 83 85 86 87 89 90 94 97 101 102 103 104 105 112 114 116 118 119 120 121 122 123 124 125 127 130 131 133 135 137 138 139 140 141 142 143 144 145 146 149 150 152 153 154 156 157 161 163 164 165 166 167 168 169 170 173 175 177 178 179 180 181 182 190 191 194 195 196 197 200
56 75 76 77 78 80 81 82 83 84 87 88 89 90 92 97 100 104 106 107 108 109 110 111 116 118 119 121 122 123 125 130 131 132 135 137 140 142 143 144 146 147 148 149 151 152 153 154 155 156 158 160 161 162 165 166 168 169 175 177 178 181 182 183 184 186 188 189 190 191 194 196 197 198 200
49 79 82 83 84 86 87 92 95 99 100 101 102 103 104 105 106 107 109 111 113 116 117 118 119 122 125 126 129 131 132 133 134 135 137 139 141 142 143 147 150 151 153 155 156 157 159 160 161 162 165 166 167 169 170 172 174 175 177 178 179 181 182 183 186 188 190 191 192 195 197 199 200
38 80 82 83 85 88 89 90 91 92 93 94 95 97 99 100 103 104 105 106 107 108 109 110 112 113 116 117 118 119 120 122 123 124 126 127 131 132 134 135 139 140 141 142 143 145 146 147 148 151 152 153 155 156 157 160 161 162 163 164 166 167 168 169 170 172 174 175 176 177 178 180 181 182 183 185 189 192 193 195 196 198 199 200
33 79 80 81 86 94 95 96 99 100 102 103 104 105 106 107 108 110 112 113 114 116 119 120 121 123 124 125 126 129 130 131 135 142 143 144 146 147 149 151 155 156 157 159 161 162 166 167 169 170 171 173 175 176 179 181 183 186 188 189 191 194 197 198
31 79 80 81 82 83 85 86 89 91 93 95 98 99 100 104 105 106 108 110 112 113 114 115 116 117 118 119 122 123 124 126 127 128 129 130 132 133 135 136 139 141 143 144 145 148 149 150 151 154 162 164 165 166 167 168 169 170 173 176 179 180 182 183 184 185 187 191 194 195 196 197 198 199 200
59 80 81 82 83 84 85 88 90 93 95 96 97 98 104 105 106 108 110 111 114 115 116 117 118 120 122 123 124 125 126 128 129 132 133 134 136 138 139 141 142 144 145 146 147 148 150 151 153 154 159 160 162 163 164 170 171 172 174 175 176 179 181 182 184 185 188 189 190 191 194 195 196 198 199 200
49 81 82 83 84 89 90 91 92 93 98 101 104 105 107 108 110 111 112 113 114 115 116 117 118 122 123 125 127 132 133 135 136 137 139 140 141 142 143 144 145 146 147 148 152 153 154 155 158 160 163 166 167 171 172 173 175 185 186 190 191 192 194 195 196 199 200
58 85 87 88 89 90 94 96 97 98 99 101 103 104 105 106 107 109 110 111 113 114 115 116 117 118 120 121 125 126 127 128 129 130 131 133 134 135 138 139 141 145 146 149 152 153 154 155 156 158 159 160 161 162 165 166 167 168 169 171 172 175 176 178 179 180 181 182 184 185 190 191 192 195 198
33 83 85 86 87 88 90 91 93 94 95 99 101 102 104 105 106 108 109 110 115 117 119 121 122 123 124 126 127 129 133 137 138 139 140 141 142 143 144 145 149 151 152 154 157 160 161 163 164 165 166 170 171 172 176 177 178 180 182 183 186 187 195 196 198 199
43 87 89 96 97 98 99 100 101 107 108 109 110 112 113 114 116 117 118 119 123 125 126 127 129 130 131 133 135 136 137 138 139 141 143 146 147 148 150 151 152 155 156 160 161 162 165 166 168 171 173 174 175 176 180 181 184 185 186 188 189 191 192 194 195 197 198 199 200
56 86 87 88 90 92 93 94 95 98 99 101 103 104 105 106 108 109 110 111 112 113 114 115 117 118 119 120 123 125 126 129 130 132 133 136 138 140 141 144 149 150 154 155 156 159 161 162 163 166 170 171 176 177 178 181 186 187 188 189 190 193 194 197
37 86 90 91 92 93 95 96 98 101 102 104 105 108 109 110 113 114 116 117 119 120 122 124 125 126 127 128 129 130 131 132 133 134 135 136 139 140 142 144 145 146 147 148 150 152 153 160 161 162 163 166 167 169 173 174 176 178 179 180 181 183 185 186 187 188 190 191 193 195 196 198 199
32 88 92 94 96 100 103 104 105 106 107 108 109 113 115 117 118 120 121 123 126 128 130 131 134 135 136 140 142 143 144 146 148 150 152 153 154 155 157 158 160 161 162 163 164 166 167 168 171 172 177 178 179 180 184 185 186 187 189 190 192 193 194 196 199 200
33 88 92 95 96 97 99 100 101 102 103 105 106 107 109 110 112 113 116 117 118 121 126 127 129 131 132 133 135 137 139 140 143 144 145 149 150 151 153 154 156 157 159 160 161 164 165 170 171 173 174 175 176 178 179 180 182 183 184 185 186 188 193 195 196 197 199
47 89 92 95 98 99 100 101 102 103 104 107 108 109 110 111 114 117 118 122 124 125 127 128 130 131 133 134 135 136 139 141 142 143 144 147 148 149 150 151 152 153 156 157 159 160 162 163 164 166 167 168 169 171 172 173 174 176 177 181 183 184 185 187 188 190 191 192 193 194 195 197 198 200
47 90 92 94 96 97 98 99 100 101 104 105 108 109 110 111 112 114 115 116 117 118 120 121 122 124 125 126 127 129 130 131 133 137 140 141 143 145 146 147 148 150 151 155 156 158 161 163 165 167 169 170 172 173 174 175 176 177 178 179 182 184 186 187 188 190 192 194 197 198 200
37 91 92 93 95 97 98 99 100 101 102 103 106 107 108 109 110 111 112 113 114 115 118 119 120 121 122 124 125 126 127 132 133 135 136 138 142 148 149 151 152 153 154 155 158 159 160 162 163 165 166 169 171 174 176 177 180 181 182 184 185 187 188 190 192 193 194 200
51 93 94 95 99 100 103 104 105 106 109 112 115 117 118 119 120 123 124 125 127 128 129 131 133 136 138 139 140 141 142 144 147 148 151 152 153 155 159 160 162 163 165 167 172 173 174 175 176 177 179 180 181 183 184 186 188 190 191 192 193 195 196 197 198
48 93 96 97 98 102 103 104 105 108 109 111 112 114 116 119 120 122 124 125 126 129 131 132 137 141 143 145 148 149 151 152 154 155 156 157 160 165 166 169 171 172 173 174 176 179 180 181 183 184 187 188 189 191 192 196 198 200
51 94 95 97 98 102 104 105 106 109 110 112 113 115 116 117 120 121 123 124 128 129 131 134 136 137 141 142 143 145 146 148 149 150 151 152 155 157 158 159 161 162 163 164 165 167 172 175 176 178 180 181 183 184 186 187 188 189 191 192 194 196 198
32 95 96 99 100 102 103 105 106 107 109 110 113 114 115 116 117 118 119 121 122 124 125 127 128 129 130 133 134 135 138 139 141 144 145 147 148 152 153 154 155 156 157 159 160 161 163 164 165 166 169 172 175 176 177 179 180 182 183 186 188 189 191 192 193 196 199 200
50 97 98 99 100 102 103 105 106 108 109 111 112 113 114 115 116 117 118 120 123 124 125 128 129 131 132 135 137 138 139 140 148 149 150 151 153 156 157 158 160 161 163 164 165 166 167 168 169 170 172 173 174 178 182 187 188 191 192 193 194 195 197 199
53 97 98 102 104 108 109 110 113 114 117 118 119 121 123 124 128 129 130 131 132 134 135 136 140 141 142 143 144 146 147 148 150 151 152 153 155 156 157 158 159 161 162 163 165 166 167 168 169 170 173 174 175 179 183 189 191 192 194 195 199 200
32 98 100 103 105 106 109 113 115 116 118 120 122 126 127 129 130 132 133 135 137 138 139 140 143 144 145 146 147 148 149 151 152 153 156 158 159 160 161 163 166 168 172 173 174 175 178 179 181 182 184 186 187 188 189 190 195 196 197 199
56 100 101 102 104 106 107 109 110 112 114 118 119 120 121 122 125 126 127 128 130 134 135 137 139 140 141 142 144 145 146 147 148 149 150 151 152 153 154 155 158 159 160 161 163 166 168 169 170 171 172 173 176 179 181 182 183 184 188 191 193 194 195 196 198
32 100 103 104 105 106 107 108 109 110 111 114 117 118 120 121 122 123 126 127 129 130 131 133 135 139 140 142 143 145 147 148 149 151 152 153 154 157 159 161 162 163 164 166 167 169 170 171 172 173 174 175 180 182 185 186 187 188 189 191 192 193 195 196 200
36 101 102 105 107 108 109 111 112 113 117 118 119 120 121 122 123 124 125 128 130 131 133 134 135 137 138 143 146 147 148 149 150 154 155 156 157 159 160 161 162 163 166 168 169 170 171 172 173 174 175 176 178 179 181 183 184 185 186 189 190 192 193 195 196 198 199
59 102 103 104 107 109 110 111 112 113 114 115 116 118 119 121 123 125 126 127 129 133 134 135 137 138 139 142 143 145 146 148 150 151 152 153 154 155 156 158 160 161 165 167 168 169 170 173 174 177 179 182 184 187 188 189 190 191 193 194 197 198 199 200
50 105 106 108 111 112 114 115 117 118 120 121 123 125 126 129 130 131 136 137 138 140 141 142 143 144 146 147 148 149 150 152 154 155 156 157 158 159 163 164 165 168 169 171 173 175 176 177 179 180 181 183 185 190 192 193 195 196 199
42 104 108 110 111 112 113 114 116 119 122 125 128 131 132 133 134 136 139 144 145 147 149 150 152 154 155 156 157 158 159 160 162 163 164 168 169 171 173 175 176 178 180 181 182 183 184 185 187 188 189 192 193 194 195 200
47 105 108 109 110 111 113 114 115 118 119 120 122 123 124 125 127 128 129 131 133 134 135 136 137 138 139 143 144 145 146 147 148 149 153 154 156 157 158 159 160 161 163 164 165 166 168 170 171 173 174 175 176 177 178 179 181 182 183 186 187 188 191 192 193 194 195 196 197 200
39 106 107 108 109 111 113 115 117 119 120 123 127 128 129 130 131 132 134 135 136 138 140 141 142 143 144 145 146 148 150 154 155 156 157 158 159 160 163 164 165 167 168 169 171 173 174 175 177 178 180 181 184 185 188 190 193 194 196 197 198 199 200
34 107 109 110 111 112 113 117 118 120 121 122 123 125 126 128 129 130 131 132 133 134 135 137 141 143 145 146 148 149 151 155 159 160 163 164 168 170 172 173 175 176 179 180 181 183 184 186 187 189 192 193 194 195 196 198 199 200
36 108 110 112 115 116 117 119 122 123 124 125 127 128 131 132 133 134 135 136 137 142 147 148 149 152 153 155 158 160 162 163 165 166 167 170 172 174 176 178 180 182 183 184 187 188 189 191 192 195 196 198 199 200
32 109 111 112 115 116 117 118 119 120 124 125 127 128 129 130 131 132 133 134 135 136 138 140 141 142 143 145 146 147 148 149 150 151 152 154 157 158 159 160 161 162 163 164 165 166 170 171 172 174 176 178 180 181 182 183 184 190 194 195 196 197 198 199 200
45 110 111 114 118 120 121 125 127 128 129 132 134 135 136 145 147 148 149 152 154 155 157 159 163 165 167 168 172 173 175 176 177 179 180 181 182 183 184 187 188 190 191 192 194 196
57 112 113 114 115 116 117 118 121 123 124 126 127 128 130 131 132 134 135 136 138 139 140 142 145 146 147 151 152 154 155 156 157 159 160 162 163 164 165 166 167 170 171 174 175 176 177 178 179 180 182 184 185 186 188 192 197 198
30 112 115 117 118 119 120 122 123 125 127 129 130 131 133 134 135 137 138 139 141 144 146 147 148 150 152 154 155 156 157 158 159 161 162 165 166 167 168 169 174 175 176 177 178 179 180 181 182 184 185 186 187 188 189 190 191 193 194 195 197 199 200
57 115 116 118 120 123 124 126 127 129 130 132 133 134 136 137 138 139 140 141 143 144 146 147 148 149 150 152 153 154 155 156 157 161 163 164 167 169 172 173 174 177 178 182 185 186 187 190 191 193 196 198 199 200
56 114 115 117 118 119 120 122 123 124 125 126 128 129 130 131 133 134 135 138 139 140 141 142 143 144 146 147 149 150 152 154 159 160 163 164 165 167 168 169 170 172 175 176 179 180 181 182 183 186 187 188 193 194 196 197 199 200
36 116 117 120 121 122 124 127 128 129 130 132 134 135 136 137 139 140 141 146 149 150 151 152 153 157 159 162 164 167 170 171 175 176 177 181 182 183 184 185 187 188 189 190 191 192 193 195 197 198 199
47 116 117 120 122 123 125 126 128 133 135 136 137 138 139 141 142 143 146 147 148 149 151 152 153 154 155 156 160 164 165 167 168 169 171 175 176 177 178 180 182 183 188 192 193 195 196 199 200
60 117 118 120 121 122 123 125 128 129 130 133 134 140 142 144 145 147 149 150 152 153 155 156 157 159 160 162 166 170 173 174 175 176 179 181 182 185 187 189 191 192 194 195 196 197 198 199 200
57 121 123 124 125 127 129 130 136 138 139 141 142 143 144 145 146 147 149 150 155 157 158 160 161 162 165 166 167 169 170 171 173 177 178 179 181 182 183 184 186 187 188 190 191 192 193 194 195 196 197 200
54 125 127 130 132 134 138 141 143 145 146 147 148 149 151 153 154 155 156 157 158 159 160 161 163 165 166 169 171 172 173 175 176 177 178 179 180 181 182 184 187 188 189 191 192 194 195 196 197 198 200
45 120 121 124 126 127 128 129 131 132 136 140 141 143 146 147 148 149 151 152 153 155 159 160 161 162 163 166 167 169 170 171 174 177 178 181 182 185 186 188 191 192 193 195 197 199
60 121 124 126 127 128 130 131 132 133 135 137 138 141 142 145 148 152 153 155 156 157 159 161 162 163 165 166 167 170 172 175 176 177 178 179 181 182 184 185 186 189 192 193 194 195 197 200
45 123 125 129 130 131 134 135 136 137 138 139 140 141 142 143 144 147 151 152 153 154 158 159 160 161 162 163 165 167 170 172 173 174 175 178 179 180 183 184 187 188 189 190 191 192 193 194 195 196 197
32 123 124 129 130 131 132 136 139 140 141 142 144 146 147 149 150 151 152 154 155 157 159 162 163 166 167 168 169 170 171 172 174 175 177 179 180 182 184 185 186 187 189 191 192 194 196 197
49 124 126 127 128 129 135 138 139 140 141 142 143 144 146 149 150 153 154 157 158 159 160 161 163 164 165 169 172 174 175 176 177 178 179 182 183 184 186 190 191 195 196 199 200
59 127 130 131 135 138 139 140 141 143 146 147 151 152 155 156 157 158 160 161 162 164 166 170 172 173 174 176 177 179 181 183 184 186 189 190 192 193 195 196 197 198 200
39 128 129 131 134 135 136 138 139 140 142 143 148 149 150 153 154 155 157 159 162 163 164 166 167 168 171 172 174 177 179 180 184 186 187 188 189 190 191 192 193 194 196 200
55 127 128 129 130 132 136 137 139 143 144 145 149 150 151 152 153 155 157 158 161 163 164 166 167 168 169 171 172 174 175 176 177 178 182 183 184 185 187 189 190 193 194 195 196 198 199 200
51 128 129 130 131 133 134 135 137 138 139 140 141 142 144 145 146 147 148 149 151 152 156 159 161 162 163 164 165 166 168 169 170 173 175 179 180 182 183 184 185 186 187 189 190 192 193 194 195 197 200
56 131 134 135 137 138 141 142 143 144 147 148 149 150 151 152 153 154 155 157 159 161 164 167 168 169 170 174 175 177 179 180 181 183 184 186 187 189 190 191 195 197 198 199 200
44 132 133 135 136 137 138 139 140 142 143 146 148 150 151 152 154 155 156 157 158 159 160 162 163 164 167 168 169 170 171 172 174 180 182 183 184 185 186 187 188 189 190 191 193 195 196 197 198 199 200
40 131 132 133 134 135 137 139 140 141 143 145 146 147 148 149 150 151 153 155 156 157 158 160 161 162 164 165 167 168 169 171 172 173 179 184 185 186 188 189 190 193 194 195 196 199 200
33 133 134 137 139 140 141 143 144 145 147 151 154 161 162 164 165 166 167 168 169 170 172 177 178 179 180 181 183 185 186 187 189 191 193 194 197
47 133 136 137 138 141 142 143 144 147 148 150 151 153 154 155 156 157 159 161 163 165 168 170 171 172 173 174 175 176 180 181 183 185 186 189 190 191 192 193 196 198 199
41 134 136 138 140 141 142 148 149 150 151 152 153 154 156 159 161 164 165 167 168 170 172 174 176 178 179 180 183 185 186 188 190 191 192 193 194 198 199 200
46 137 140 142 143 145 146 147 150 151 152 154 155 158 159 160 161 162 163 164 165 166 167 169 170 171 172 175 176 177 178 179 180 181 184 185 186 188 192 194 199 200
33 136 141 142 144 146 148 150 154 157 158 160 161 163 164 166 167 168 169 171 172 173 174 175 178 179 181 183 184 188 189 192 193 194 195 196 198 199
41 138 139 140 143 147 148 149 150 152 153 154 157 158 160 162 163 165 167 168 171 172 177 179 180 183 187 189 190 191 192 194 199 200
49 139 141 143 144 145 146 147 150 151 153 155 157 158 159 160 161 162 166 167 171 173 174 175 179 182 184 185 186 188 189 190 191 193 195 198 199
30 139 140 145 146 147 148 150 152 153 154 156 157 158 159 165 167 168 169 171 172 173 174 176 177 178 180 181 183 184 186 187 188 189 190 191 192 193 194 195 198 199
51 141 142 147 150 151 152 153 155 158 159 161 163 166 170 171 172 174 175 177 178 179 180 186 187 188 191 192 193 194 198 199 200
54 142 143 144 145 146 147 148 153 154 156 157 158 160 162 163 164 165 166 167 170 171 172 173 177 178 181 183 184 188 189 192 193 195 196 197 198
42 142 144 145 146 148 151 152 153 154 156 158 160 161 162 163 164 165 167 168 169 171 175 176 177 179 182 183 185 190 191 193 194 195 198 199 200
37 143 144 146 147 149 151 152 153 155 156 157 158 159 162 164 165 167 168 170 171 172 173 174 175 178 181 182 184 185 187 188 189 191 192 193 194 195 196 197 198 199
57 144 146 148 149 151 152 153 154 158 160 162 163 166 167 168 172 174 175 176 178 179 180 186 187 188 189 191 193 196 198 200
31 147 149 151 152 153 156 157 159 160 162 163 165 166 167 169 170 171 174 175 176 177 179 181 185 189 191 196 199
35 146 147 149 151 154 155 157 158 159 160 163 165 169 170 172 173 174 175 176 177 178 180 181 182 183 184 185 186 189 191 194 195 196 197 198
58 147 148 151 152 153 156 157 158 159 161 163 165 166 167 168 169 171 175 177 179 180 181 182 183 185 188 190 191 192 195 198 199 200
39 148 149 150 153 154 158 160 161 162 163 164 166 167 169 171 172 173 174 175 176 177 180 182 183 184 185 186 187 188 190 191 193 200
31 152 154 157 158 159 163 164 165 166 169 170 172 173 175 180 181 183 184 185 186 187 191 192 193 194 195 196 198 199 200
30 150 151 152 154 155 156 157 158 159 161 162 163 165 166 167 168 169 170 171 174 177 178 179 181 182 184 185 186 190 194 196 198 199 200
60 152 153 156 158 159 163 166 167 168 169 170 173 174 175 176 178 179 182 183 185 186 187 189 190 192 193 194 196 197 200
33 152 154 156 157 158 159 160 162 165 166 167 168 169 172 173 174 175 176 177 179 180 181 183 186 191 193 194 197 198 199 200
57 156 157 163 164 165 169 170 171 172 173 174 175 176 177 178 179 182 183 184 189 190 193 194 195 196 199
59 154 155 157 158 160 161 162 165 167 168 169 170 171 172 175 177 179 180 181 182 184 185 189 190 192 193 194 198 199 200
50 155 157 158 159 160 161 162 163 164 166 167 170 172 175 177 178 179 181 182 183 186 189 190 192 193 194 197 199 200
52 157 158 161 166 167 168 172 173 176 177 178 179 181 182 183 185 186 187 189 190 192 194 196 197 199
50 157 159 161 162 163 165 167 169 172 173 175 176 178 180 184 185 186 187 188 189 190 191 193 194 195 196 198 199 200
60 158 159 162 163 165 166 170 171 173 178 180 181 182 183 184 187 190 192 193 194 195 196 197 200
41 159 160 161 163 164 167 169 170 172 173 175 176 177 178 179 180 182 183 184 185 188 189 191 192 193 194 195
59 160 162 163 165 171 172 173 174 175 177 178 182 183 185 186 190 191 192 193 195 197 198 199
52 161 162 163 166 169 171 172 173 174 175 178 179 182 183 184 185 187 188 192 193 194 196 200
45 162 163 164 165 167 171 172 173 175 176 179 180 181 182 184 186 188 190 191 192 193 195 197 198 200
60 163 166 167 169 170 171 172 173 174 176 177 179 181 182 183 185 187 189 190 192 193 197 198 199 200
57 165 167 170 171 172 174 175 176 179 181 182 185 186 187 188 190 191 192 193 194 200
55 166 168 172 173 174 175 181 183 184 185 186 188 189 190 193 194 195 197 199
36 167 169 171 173 175 177 180 182 184 186 189 190 191 192 195 196 197 199
55 167 170 171 173 174 175 176 177 180 181 182 185 186 188 189 190 192 194 196 198 199
58 168 170 173 178 179 181 183 185 186 187 188 189 190 192 193 197 198 200
56 170 171 173 177 179 183 185 186 188 192 196 198 199
36 171 174 175 177 178 179 180 182 185 186 187 189 192 194 195 196 197 198 199 200
47 171 172 173 174 175 176 177 178 180 181 182 184 186 187 188 190 191 192 195 197 198 199
32 176 177 178 179 180 182 185 186 187 189 190 191 193 194 196 197 198 199 200
40 174 176 178 179 180 181 184 185 186 188 190 191 196 197 198 200
31 175 182 185 187 188 189 191 192 193 194 195 197 198 200
58 175 176 177 178 180 181 182 183 184 186 187 189 190 191 192 194 196 198 200
56 178 179 181 182 184 189 191 193 195 196 198
38 179 180 182 184 185 186 187 188 191 192 195 197 199
58 179 181 183 186 187 190 191 192 194 196 197 199 200
45 179 180 181 183 187 188 189 190 191 192 193 194 196 198 199 200
31 180 181 182 183 184 187 188 189 191 193 194 195 196 198 200
50 181 184 185 186 188 189 191 194 196 198 199 200
49 182 183 184 187 191 192 193 194 195 197 198 199
31 185 186 187 188 191 194 195 196 197 199
31 184 185 186 187 189 190 191 192 193 194 195 196 197 198
56 185 186 187 188 189 192 194 196 198
40 186 187 188 189 191 192 193 196 197 198 200
58 187 190 191 192 195 196
57 188 190 193 194 197 198 200
34 189 190 192 193 194 197 198 199
41 191 192 194 195 196 197 198 199
48 191 192 194 197 199 200
30 193 194 195 196 197 200
42 193 194 195 197 199 200
57 194 199 200
44 195 196 197 198 199 200
59 196 197 199
36 197 198 200
56 198 200
34
60
57
