100	5	1000	10
-4	116	23
-4	176	18
-1	30	26
-3	10	18
-5	162	15
138 3 5 6 7 8 9 12 13 17 18 22 24 28 29 30 32 33 36 37 41 42 44 45 47 48 49 51 53 54 55 56 58 60 62 63 66 67 68 69 71 73 74 76 77 80 81 82 84 86 87 88 89 92 94 95 96 97 98 100
179 3 4 6 7 10 11 15 16 17 18 19 21 23 24 25 26 28 30 31 33 35 36 37 40 42 45 47 48 49 50 53 54 56 57 58 61 63 64 65 67 68 70 71 72 74 75 76 77 78 80 81 83 85 86 88 89 90 92 93 94 96 100
191 7 8 9 10 12 13 14 16 17 18 19 20 21 22 23 24 27 30 31 32 34 35 36 37 38 39 41 42 43 45 46 48 49 50 52 53 54 56 58 59 61 63 64 66 67 75 77 78 79 80 81 83 85 86 87 88 89 90 91 92 93 94 98 99 100
214 5 7 8 9 10 11 12 13 14 15 16 17 18 21 24 25 27 28 30 31 34 35 36 38 40 41 42 43 45 48 50 51 52 53 54 56 57 58 59 61 62 63 64 65 67 68 69 70 71 72 73 74 77 78 79 80 81 82 84 85 86 87 88 90 91 96 99 100
262 7 8 9 10 11 13 14 17 18 19 21 23 24 25 26 27 32 33 34 35 36 37 38 39 40 41 43 44 45 46 47 49 50 52 54 55 56 58 59 62 65 67 68 69 70 73 74 75 76 78 80 81 82 85 87 89 90 91 93 94 95 96 97 98
173 9 11 12 13 14 15 16 17 19 21 24 25 27 29 32 33 34 35 36 38 40 41 42 44 45 49 51 52 53 55 56 59 60 62 68 69 70 71 72 73 75 79 80 85 88 89 90 91 93 94 95 98 99
164 10 11 12 13 14 16 17 18 19 21 22 23 26 27 30 31 33 34 35 37 38 41 42 43 47 48 49 50 52 53 54 55 56 57 58 60 62 63 64 66 73 74 75 77 78 82 83 84 85 86 87 88 92 93 94 97 98
290 10 11 12 17 20 21 22 23 24 27 28 29 30 31 32 34 35 38 39 41 42 43 44 45 49 50 51 55 56 57 59 62 63 65 66 67 68 69 70 71 76 78 79 80 81 83 85 87 89 91 92 93 98 100
143 10 12 13 14 15 16 17 21 23 24 27 28 29 30 31 33 34 35 36 37 39 41 43 45 46 47 49 50 52 53 56 57 59 60 61 63 66 68 69 70 71 72 77 78 79 83 86 88 89 91 92 94 97
76 13 15 16 21 22 23 24 25 26 27 28 31 33 36 37 38 39 40 41 43 47 48 51 53 54 55 57 59 60 68 69 71 73 76 77 79 80 82 84 85 86 88 89 90 91 92 94 97 98 99 100
286 16 18 19 20 21 23 24 26 29 31 33 34 35 36 37 39 41 44 45 46 48 49 50 51 52 56 57 62 63 65 66 67 68 69 70 71 72 73 74 75 77 78 79 80 82 84 86 87 90 92 94 98 99 100
148 13 14 15 17 20 21 22 23 24 25 26 28 30 31 32 35 36 39 40 41 43 44 45 46 48 51 54 55 56 57 58 59 61 62 63 64 65 66 69 70 72 73 74 75 76 78 79 80 81 84 86 89 90 91 92 93 95 97 98 99
122 15 16 17 18 19 25 26 28 29 32 33 35 38 41 46 47 48 49 51 52 53 54 55 57 59 61 64 66 67 68 71 72 73 76 77 78 79 80 81 84 85 86 88 89 90 91 92 93 94 99
61 15 17 18 19 20 22 24 25 27 28 34 37 38 39 40 42 43 44 45 47 48 49 50 51 54 59 61 63 66 67 68 70 72 73 74 75 76 77 79 80 81 83 84 85 86 87 88 91 92 95 98 100
283 16 17 23 24 25 27 28 29 30 35 36 38 41 42 43 45 46 48 51 52 54 56 57 59 60 61 62 65 68 69 70 71 72 73 74 76 77 78 81 84 86 89 90 91 93 96 100
73 17 18 19 21 22 23 24 26 28 32 33 34 36 37 38 39 40 41 43 44 47 48 50 52 53 54 57 58 59 60 62 64 65 66 69 72 74 75 77 78 79 81 82 83 84 85 86 89 91 92 93 94 95 96 97 98 99 100
21 19 20 21 22 23 24 26 28 31 33 35 36 37 38 40 41 45 46 49 50 51 52 56 57 59 60 62 63 64 65 68 69 72 74 78 80 82 83 84 85 86 88 89 90 91 92 96 98 99
255 20 21 22 25 26 28 29 31 33 34 35 36 37 38 39 40 42 43 44 45 46 47 49 50 51 53 55 56 57 59 62 63 65 70 72 74 76 77 78 81 82 84 85 86 87 88 89 90 92 93 96 97 99 100
288 20 24 25 27 28 29 34 37 38 39 44 47 48 49 50 53 54 55 57 58 59 60 61 63 66 68 69 71 74 75 76 77 78 80 81 84 85 89 92 93 94 96 99 100
267 21 22 23 24 25 28 31 32 33 35 40 42 45 47 48 51 52 53 54 55 56 57 58 59 60 62 63 64 66 68 69 72 73 75 76 80 82 84 85 87 88 89 90 91 93 95 98 99 100
244 22 28 34 35 36 37 41 44 45 47 50 51 54 55 56 58 60 61 62 64 66 67 68 69 70 71 72 73 74 75 76 77 78 79 80 81 82 85 87 88 89 90 91 92 94 98 99 100
181 23 25 26 27 29 30 31 32 35 36 37 41 42 44 45 46 48 49 51 52 53 54 55 56 58 60 62 63 64 67 68 70 71 74 75 78 81 83 84 85 87 89 90 91 94 95 96 97 99
288 27 28 29 31 32 33 35 36 38 39 40 43 44 45 48 51 52 54 56 58 59 60 61 63 65 66 67 68 69 70 71 72 73 74 75 76 78 79 86 87 88 89 90 92 93 94 96
300 25 26 28 29 31 33 34 36 39 41 44 46 48 49 53 54 55 56 57 58 60 61 62 63 65 66 67 69 70 73 74 75 76 77 78 79 80 83 86 88 89 91 93 94 96 97 98
132 28 30 31 32 33 34 35 36 38 39 40 41 42 43 44 46 47 51 54 57 59 60 61 62 63 66 67 68 69 71 72 73 74 76 78 80 82 86 93 94 95 96 97 98 100
288 35 36 38 42 43 44 46 47 48 49 50 51 52 53 55 56 58 62 63 64 65 68 69 70 71 72 73 74 76 78 79 81 83 85 86 87 88 89 92 94 98
290 28 30 31 32 33 34 36 37 38 39 41 42 44 45 46 47 48 49 50 52 53 55 56 59 64 65 66 68 69 70 72 73 76 79 80 81 82 84 85 88 98 99
105 31 32 33 35 38 39 40 41 42 43 46 47 48 49 50 51 53 56 57 58 59 60 61 64 65 67 69 70 71 72 75 76 79 80 82 83 85 86 87 89 91 92 94 95 99 100
29 30 31 41 43 45 47 48 50 51 54 58 60 62 65 67 71 72 75 76 77 78 79 80 84 86 87 89 91 93 94 97 98 100
120 31 32 33 34 35 36 38 40 41 42 44 45 47 48 50 51 53 54 55 56 57 58 61 62 64 65 67 70 71 76 79 80 81 85 86 88 90 92 94 95 99
134 33 35 37 40 42 43 44 45 46 50 51 52 53 54 55 56 58 59 60 62 66 67 68 69 71 72 74 78 80 85 88 92 94 95 97 99 100
122 34 37 39 41 42 43 44 45 46 47 49 52 53 55 56 57 58 59 61 62 64 67 68 69 75 77 80 82 83 85 86 87 88 90 92 93 94 95 96 97 98 99 100
71 34 35 36 38 39 41 42 43 44 45 46 47 52 53 56 59 62 67 68 69 70 71 72 78 79 80 82 85 86 88 91 92 93 94 95 96 99
104 35 36 37 38 39 40 41 45 48 49 51 53 54 55 56 59 60 61 66 68 75 76 80 81 82 83 86 87 89 92 96 97 98
41 37 38 39 40 43 44 48 52 53 55 58 59 60 61 62 63 64 65 66 67 68 71 73 77 78 80 82 84 85 86 87 88 89 92 95 96 97 100
46 37 38 40 41 45 47 50 51 52 53 55 57 58 59 61 62 63 64 65 66 69 71 72 73 74 75 76 78 79 80 83 85 87 89 90 91 92 93 94 95 96 98
39 38 39 40 41 44 45 48 50 51 52 53 54 55 58 59 61 62 63 65 69 70 72 73 76 77 78 80 81 82 84 85 89 91 92 93 95 96 97
92 39 40 41 46 47 48 49 50 52 56 58 59 60 62 63 65 66 67 68 69 70 71 72 73 74 76 77 78 80 81 85 86 87 89 90 91 95 96 99
16 40 41 45 46 48 50 53 54 57 59 60 61 65 66 68 69 71 73 77 78 79 80 82 85 90 91 92 93 94 96 99 100
297 43 45 47 48 50 52 53 55 56 57 58 59 60 61 62 64 65 67 69 70 71 72 76 77 79 80 81 83 86 89 94 95 96 98 99 100
256 43 44 47 48 49 50 51 56 57 58 62 64 65 67 68 74 75 83 84 86 88 89 91 92 93 95 96 98
254 43 44 45 48 50 51 52 54 56 58 60 61 62 63 64 66 68 70 72 74 77 78 79 80 81 83 84 85 86 89 91 93 95 96 97 99
121 49 50 51 52 54 55 57 58 59 60 62 63 65 66 69 70 71 72 76 77 78 79 80 81 84 86 88 90 91 93 95 96 97 99
81 46 48 50 51 52 53 54 55 59 60 67 69 71 72 73 76 77 78 80 82 84 85 86 87 88 95 97 100
60 46 47 50 52 54 55 56 58 59 61 62 64 67 69 70 72 74 75 78 79 83 85 86 89 92 93 94 95 97 98 99 100
41 47 48 49 50 51 53 56 57 59 61 62 64 65 66 67 68 71 74 78 79 80 81 83 84 85 91 95 97 98
134 50 52 53 54 55 57 58 60 61 64 66 68 69 70 71 72 73 74 76 80 82 87 89 92 94 95 97
42 50 53 54 56 58 59 60 61 62 63 64 65 66 67 69 73 74 75 77 78 80 82 83 85 86 87 89 90 91 92 96 97 98 99 100
286 50 52 54 59 60 61 63 66 67 68 69 72 76 78 79 80 85 86 87 88 94 95 96 99 100
133 51 52 54 58 60 62 63 64 65 67 68 71 72 75 76 77 79 82 85 87 90 91 92 93 95 96 99
104 54 55 56 58 60 62 64 65 66 67 71 72 73 76 77 80 81 82 83 84 88 89 91 92 94 96 98 99 100
277 54 57 58 60 61 62 63 65 69 70 72 75 77 78 82 84 85 86 89 90 91 92 93 94 96 97 100
52 54 55 56 57 60 63 64 67 68 71 72 74 75 76 78 79 80 81 82 83 91 92 94 98 99 100
69 55 56 57 59 60 64 65 70 71 72 74 77 79 81 82 83 86 88 94 95 96 98
97 56 57 58 59 61 64 66 68 72 73 76 77 80 84 86 87 89 92 95 96 97 98 99 100
228 58 62 63 66 67 68 69 70 71 72 73 74 76 77 79 80 81 86 89 90 91 92 94 96 97 99
69 58 64 65 66 69 70 71 72 75 76 77 78 80 81 84 87 88 89 91 93 95 96 97 98 100
45 59 60 62 64 66 67 68 69 70 74 76 77 79 81 82 83 85 87 88 89 90 93 94 96 97 98 99 100
189 62 64 66 67 69 70 73 74 75 76 77 78 79 80 84 85 86 87 88 89 90 92 94 95 96 97 99
193 61 62 63 65 67 68 70 71 72 73 74 75 76 78 80 81 83 84 86 87 88 89 90 91 92 94 96 98 99 100
281 62 65 66 67 68 69 71 73 74 76 78 84 87 89 91 92 94 96 97 98 99 100
70 64 65 68 69 71 72 73 75 77 79 82 83 85 86 90 91 92 93 94 95 96 99 100
192 64 65 68 69 70 73 74 76 78 79 81 82 84 86 87 88 91 92 93 94 95 96
79 65 66 69 70 75 76 78 79 81 83 84 85 87 90 92 94 96 97 98 99
157 67 70 71 73 75 76 77 79 80 85 86 87 88 90 93 94 95 96 97 98
77 67 68 70 72 73 75 79 81 82 84 85 87 90 91 93 95 96 97 98 99 100
208 68 70 71 72 75 76 78 79 81 82 83 85 86 87 88 89 90 91 92 94 95 96 98 100
217 71 72 75 77 78 79 80 82 83 84 85 87 90 91 92 93 94 95 96
296 70 72 75 77 78 81 82 83 84 85 88 89 91 92 93 96 97 98 99 100
171 71 72 74 76 78 79 81 82 83 86 87 90 92 93 95 97 98 99 100
276 72 73 76 77 78 82 84 87 89 90 92 93 94 96 97 98 99
56 73 75 76 77 78 79 80 82 88 89 90 92 93 94 97 100
56 74 76 77 78 79 83 86 87 89 90 91 94 95 97 98 100
45 75 77 78 79 80 81 82 83 85 86 87 88 89 90 91 96 97 98 99 100
278 76 78 79 81 82 83 85 86 87 88 89 90 92 93 94 95 97 98 99
262 77 78 79 81 83 85 86 87 90 91 92 93 96 97 99
181 78 79 80 81 82 83 84 87 89 94 95 99 100
56 80 83 84 85 86 87 88 90 91 93 94 95 97 98 99 100
61 80 81 83 84 86 87 90 92 93 94 95 96 98
102 81 82 83 84 86 87 93 94 96 97 99
30 82 83 84 85 86 87 89 90 93 94 98 99
112 85 86 87 88 90 91 92 93 94 98 100
96 87 88 90 91 92 94 95 96 97 99 100
219 86 87 88 91 92 97 100
138 86 87 88 91 92 95 96 98 100
81 88 89 90 92 93 94 95 96 97 100
85 91 94 95 97 98 99
114 90 92 93 94 96 97 98 100
254 90 93 94 96 98 99 100
17 91 93 94 95 96 97 98
260 95 96 97 98 99 100
159 93 94 97 98 99 100
157 96 97 99
207 95 96 99
224 96 98 99
150 97 98 99
47 98 99 100
61 99 100
236 100
270
