25	5	200	10
-4	9	5
-4	6	6
-1	19	5
-3	16	4
-5	4	5
22 4 5 7 9 10 12 14 15 17 20 22 23 24
37 4 6 10 13 16 18 19 21 25
22 4 5 6 7 8 10 11 12 13 15 16 18 19 22 23 24 25
39 6 8 9 10 11 12 13 14 16 17 19 20 22 23 24 25
26 6 7 12 13 16 17 18 19 20 21 22 23 24
36 8 9 11 12 13 14 16 18 19 20 22 24 25
29 8 9 12 13 14 17 18 19 20 21 22 24 25
23 9 10 12 13 16 18 20 21 23 24 25
29 10 11 13 14 15 16 17 18 19 20 22 24 25
37 14 15 18 19 21 22 24
30 13 15 17 18 19 22 23 25
35 14 16 17 22 23 24 25
38 14 18 19 20 21 22 23 25
35 15 16 18 21 25
33 17 18 24 25
39 18 19 22 23 24 25
32 18 20 22 23
34 19 20 21 22
40 20 21 22 24
30 21 22 23 25
28 22 24 25
39 23
23 24 25
28 25
27
