50	5	200	1
0	32	11
0	36	7
0	28	7
0	36	11
0	27	14
48 2 5 8 9 11 12 13 14 15 16 17 18 20 21 23 24 25 26 27 28 30 31 32 33 34 35 36 37 39 44 45 46 49 50
59 3 5 7 9 13 14 15 18 20 23 25 28 33 35 39 40 41 43 44 46 49 50
50 4 6 7 9 11 16 17 18 20 21 23 24 25 28 30 33 34 37 39 42 47 48 49
51 7 8 13 14 15 17 18 19 20 22 23 24 27 29 32 34 35 36 39 40 43 44 46 49 50
57 8 9 10 13 14 15 16 19 20 21 22 24 26 28 29 30 31 33 35 36 37 38 42 44 45 47 48 50
42 8 10 11 12 14 15 16 18 19 20 21 22 23 25 26 31 33 37 38 40 41 45 46 47 48 49
59 8 9 12 13 14 19 22 25 28 29 30 35 36 37 38 39 40 41 42 43 44 47
46 9 10 12 13 14 15 17 18 19 20 22 23 24 25 29 32 33 34 41 43 44 45 47 48
42 10 11 12 13 15 16 17 18 19 20 21 23 26 32 33 34 35 37 38 39 41 42 43 44 45 46 48 50
44 11 13 15 16 17 18 20 21 22 24 25 27 31 33 34 35 36 37 39 47 48
57 15 16 17 18 19 21 22 28 30 33 34 35 36 37 38 39 41 43 44 45 47 50
57 13 14 15 16 17 18 19 21 22 25 26 27 28 29 30 31 32 33 34 35 38 40 41 42 48 49 50
50 14 16 17 18 19 22 23 26 27 28 29 30 31 34 35 36 38 39 42 43 45 46 47 48 49
44 15 17 19 22 25 26 27 28 29 31 35 37 39 41 42 43 44 47 48 50
49 16 17 19 20 22 24 25 26 29 32 33 34 35 37 38 39 40 45 46 47 48 49 50
46 17 20 21 22 23 24 25 27 28 30 31 35 36 41 43 47 48
41 18 20 21 23 24 26 27 30 31 33 34 35 36 37 38 39 40 41 42 43 44 45 47 48
41 19 20 23 24 25 26 29 31 34 36 38 39 41 42 44 45 46 47 49 50
44 21 22 23 24 26 27 28 30 31 32 34 37 38 39 40 41 42 43 45 48 50
57 22 23 24 26 28 29 31 32 33 34 36 37 39 40 41 42 43 45 46 47 48 49 50
43 23 24 25 26 27 28 37 38 39 40 41 42 44 45 46 47
56 23 25 27 28 29 30 32 34 38 40 42 44 45 47 48 49 50
57 24 25 28 29 30 32 33 34 36 37 38 39 41 42 43 46 48 49 50
43 25 26 27 28 29 33 35 36 37 38 39 40 45 48 50
58 26 27 30 31 32 33 34 35 37 38 39 40 41 42 44 45 46 48 49 50
53 27 28 31 32 34 35 36 37 38 39 40 41 43 44 46 47 48 50
49 32 33 34 35 36 37 38 39 42 43 45 47 49 50
51 29 30 31 32 33 36 37 42 43 44 45 48 49 50
57 30 33 35 37 38 39 41 43 44 46 48 49 50
50 31 32 33 38 40 41 42 43 47 50
54 32 35 36 37 38 41 42 43 45 48 49
60 36 38 39 40 41 42 44 46 48 50
50 35 36 39 40 43 44 45 46 48
43 35 37 38 39 40 41 44 46 47 48 49 50
42 39 41 42 43 45 46 47 48 49 50
42 38 40 41 42 44 45 48
55 39 41 42 43 44 48 50
46 39 40 41 43 50
44 40 43 45 46
44 41 43 44 45 47 49 50
60 42 43 44 45 47 48 50
48 43 44 46 47 48
47 44 45 47 48 49
54 46 48
50 46 47 49
46 48 50
57 48 49 50
49
52 50
48
