200	10	10000	1
0	1892	21
0	1550	22
0	1182	17
0	1212	17
0	1384	21
0	1601	18
0	1298	21
0	1009	19
0	1141	21
0	1154	23
1824 2 4 6 7 8 10 18 19 20 21 22 23 24 25 30 32 33 36 37 38 41 44 46 47 48 49 51 54 55 56 57 58 60 61 63 64 65 69 71 73 77 78 79 81 83 86 87 89 92 94 96 97 98 100 101 102 103 104 107 110 111 113 114 118 120 121 124 125 126 128 130 131 132 134 137 138 139 141 143 144 145 146 147 148 149 150 157 158 160 161 162 163 165 166 168 170 171 174 175 176 177 183 184 185 186 187 188 191 193 196
1095 3 7 8 9 12 13 14 15 17 18 22 23 26 27 28 29 35 36 39 40 42 44 45 46 47 48 51 52 53 54 55 57 58 59 60 63 64 65 71 72 73 75 76 81 82 83 85 90 91 95 97 98 99 100 101 102 103 104 105 106 108 110 111 112 113 115 118 119 120 122 124 126 127 129 130 131 134 136 137 140 142 143 146 147 149 150 153 155 156 158 159 160 162 163 164 165 166 168 170 171 172 173 176 178 179 180 181 184 185 186 187 188 190 193 195 196 197 199
1626 4 7 9 10 11 14 16 17 18 22 24 25 26 28 29 30 32 35 36 37 38 39 41 42 44 46 49 50 51 53 56 57 61 62 64 65 66 67 70 72 73 78 79 83 87 88 90 91 92 95 98 100 101 103 104 105 106 109 112 113 114 115 117 120 121 122 123 126 129 131 132 133 135 137 139 140 141 142 144 145 147 148 149 150 154 155 156 157 159 162 163 164 166 167 168 169 172 174 175 176 179 181 182 185 187 190 192 193 194 196 199
1862 5 6 7 8 9 11 12 13 17 18 19 20 22 25 27 28 29 30 32 34 35 36 39 40 42 43 44 47 48 52 53 54 56 58 59 60 61 62 68 70 72 73 74 76 77 81 82 83 84 85 87 88 89 90 91 93 94 97 98 100 103 104 105 106 107 108 109 111 112 115 117 118 119 122 123 124 125 126 127 130 131 132 133 137 138 140 143 146 147 149 152 156 157 158 159 160 161 165 167 168 170 173 175 178 180 181 183 185 186 187 188 190 192 195 197 198 199 200
1749 6 8 11 12 14 15 16 17 19 20 23 25 30 32 33 37 38 39 40 42 44 47 48 49 52 53 55 57 59 62 63 65 66 69 71 75 76 77 78 81 86 89 90 93 96 98 100 101 102 103 104 105 106 107 108 109 110 111 113 117 119 120 121 122 126 129 137 140 143 144 145 147 148 149 150 153 154 158 159 160 161 164 165 166 168 169 172 173 174 175 176 177 179 184 185 186 187 189 190 192 194 195 197 198 199 200
1103 7 8 9 12 15 17 18 20 21 22 23 24 25 27 28 29 30 31 32 33 34 35 36 37 39 40 41 42 43 45 46 48 49 50 54 56 60 63 64 65 67 69 71 75 77 78 80 81 83 85 90 92 97 98 99 100 101 102 105 108 110 112 113 115 116 121 122 124 127 130 131 132 133 136 137 138 140 143 144 146 148 149 150 152 153 155 156 158 159 160 161 166 167 170 171 172 173 176 177 178 179 180 181 182 183 185 186 189 193 198
1959 8 9 11 12 13 17 20 21 22 23 26 27 28 31 32 33 35 36 37 38 40 41 42 44 45 49 51 52 53 54 55 59 62 63 65 66 67 69 70 73 74 75 76 78 81 82 84 87 88 91 93 94 95 96 99 100 102 105 106 107 111 112 113 114 116 117 118 122 123 126 130 132 133 134 138 139 140 141 143 145 146 147 148 151 152 153 154 156 157 158 159 161 163 164 165 166 170 171 172 173 174 176 177 179 182 184 186 187 192 193 199 200
1557 10 11 12 14 15 17 18 20 22 23 24 26 27 28 29 30 31 33 34 36 37 39 40 43 44 45 46 48 49 52 53 54 55 56 60 61 62 64 66 68 69 72 73 74 75 77 80 83 84 85 86 88 89 95 97 98 100 101 104 106 107 110 111 112 113 115 116 120 123 124 126 129 130 131 132 133 136 138 145 148 152 155 156 158 159 160 162 165 166 168 170 171 172 173 174 176 179 180 181 183 186 188 190 192 194 195 196 197 198 199 200
1515 10 11 12 13 14 17 18 23 25 26 27 29 30 31 32 33 34 36 37 38 39 41 44 45 46 47 49 50 51 52 54 55 57 59 60 61 62 63 64 66 67 69 71 76 77 81 84 86 91 92 93 94 96 98 101 102 103 104 105 106 107 114 116 117 118 119 120 121 122 123 125 128 129 130 132 133 134 137 139 140 143 144 146 147 149 151 153 154 155 159 160 166 167 170 173 174 177 178 179 181 182 184 186 188 190 191 193 195 198 200
1807 11 13 14 16 18 19 24 32 33 35 37 38 39 41 42 45 49 51 54 55 57 58 60 61 65 66 67 69 70 72 74 76 77 78 79 80 81 82 83 85 87 88 89 90 92 97 98 101 103 104 106 107 108 110 111 113 114 116 120 121 122 123 125 126 128 130 139 142 144 145 146 147 148 149 150 151 155 158 161 162 163 165 166 167 168 171 173 174 175 178 179 181 182 183 186 187 191 192 193 194 195 197 200
1468 12 13 15 17 18 21 23 25 26 27 29 32 33 38 39 40 41 42 43 45 49 51 53 54 55 57 59 61 62 63 65 67 68 69 70 71 75 77 78 82 84 85 86 87 88 90 91 94 95 96 97 98 100 101 102 103 104 105 107 110 111 112 113 114 115 116 118 119 120 121 122 123 125 127 129 133 135 136 138 139 141 142 144 146 148 150 151 155 156 157 159 160 161 162 165 166 167 168 169 170 176 177 178 179 180 181 182 183 184 185 186 187 188 190 193 195 196 197 199
1557 13 16 17 18 19 21 22 23 24 27 29 30 35 36 37 39 40 41 43 44 45 48 49 50 54 55 57 59 61 63 64 65 67 70 73 75 76 77 78 80 81 84 86 88 90 91 93 94 95 98 99 102 104 106 108 110 111 112 113 114 117 118 119 120 122 123 124 125 128 129 130 131 132 134 135 138 139 141 145 146 147 148 149 150 152 153 154 157 158 161 162 163 164 166 167 169 170 171 173 174 175 177 178 179 180 182 184 186 188 189 192 196 197 198 200
1169 14 15 16 19 20 21 22 25 26 27 28 29 32 33 34 35 40 41 42 43 45 46 47 48 49 50 51 54 55 58 59 60 61 62 63 64 68 69 70 71 74 75 76 77 79 85 86 88 89 91 92 93 94 96 97 98 101 102 105 106 107 110 111 113 114 116 117 118 120 121 123 124 125 127 128 130 131 132 133 134 136 137 138 141 144 145 147 151 152 154 156 157 158 160 161 166 170 172 173 174 175 176 178 181 182 183 184 186 187 188 190 191 192 193 195 197 199
1905 16 18 20 21 22 23 26 28 30 34 35 36 37 40 43 45 46 47 48 49 50 51 52 54 57 60 63 64 66 68 69 71 77 79 82 83 84 85 86 88 89 90 91 95 97 98 99 100 101 103 104 105 106 108 110 112 114 115 116 117 119 120 122 125 128 129 130 132 136 139 142 144 145 146 148 152 153 154 155 158 159 160 162 165 169 170 171 175 177 178 181 183 184 185 186 187 188 190 192 193 195 196 197 198 199
1506 16 17 19 23 25 27 28 30 32 33 34 37 38 39 40 41 42 43 44 46 47 48 49 50 53 54 58 59 60 61 62 64 65 66 67 69 73 74 75 76 77 78 79 80 82 83 85 86 88 89 90 91 92 93 94 95 98 99 102 103 104 105 108 109 111 114 115 116 118 120 121 122 126 127 129 130 131 132 134 135 137 139 141 142 143 145 153 154 155 156 157 158 159 161 163 167 168 170 175 176 178 179 180 183 184 185 186 187 188 191 194 196 198 199 200
1218 19 20 21 22 23 26 27 30 31 36 38 39 41 42 44 47 48 51 53 54 57 58 59 61 64 68 69 71 72 73 75 78 80 81 86 87 88 89 90 91 92 95 96 97 99 100 101 102 104 107 108 109 110 111 114 115 116 121 124 126 128 129 131 132 135 138 139 140 141 142 143 145 146 148 149 150 154 158 161 162 163 164 165 169 170 171 172 173 174 175 179 181 183 184 185 186 187 190 192 193 197 198 200
1734 19 20 23 24 25 27 28 29 33 34 36 39 41 43 44 45 46 48 50 51 54 55 56 57 58 60 61 65 66 68 69 70 71 72 74 75 76 78 80 82 86 88 89 90 91 92 95 96 97 98 99 102 103 110 111 114 116 118 121 122 124 125 127 128 131 135 136 139 140 141 142 145 146 150 151 153 154 157 160 162 163 164 165 166 167 171 172 173 175 176 177 178 181 182 183 184 185 186 187 188 189 191 192 194 196 199
1842 21 23 24 25 26 27 29 30 33 34 42 43 45 46 49 50 51 53 54 56 57 59 61 64 65 67 68 71 73 76 79 80 81 82 83 87 94 95 96 97 101 102 103 104 105 109 110 111 112 113 117 121 123 124 125 126 127 128 129 130 131 135 136 137 138 142 144 146 147 148 150 151 153 154 155 156 158 159 164 165 166 168 169 170 172 174 175 176 177 178 179 180 181 182 183 186 187 188 189 190 191 193 195 196 198 199 200
1043 21 27 28 30 35 38 39 40 41 42 44 49 51 52 55 56 57 58 59 60 61 62 63 64 65 67 68 71 76 81 82 84 85 86 88 89 93 95 96 98 99 100 101 104 106 107 108 110 111 114 116 117 118 120 121 122 127 128 130 131 133 134 135 136 137 141 142 143 146 147 148 150 152 156 157 160 162 163 165 167 171 173 174 175 176 178 179 180 182 183 185 186 187 188 189 190 191 195 197
1210 21 24 25 27 28 32 35 37 38 40 41 42 43 44 47 48 49 50 51 52 53 54 55 56 59 61 63 65 66 70 71 72 73 74 75 76 77 78 79 80 82 83 89 90 91 92 94 95 97 100 102 103 104 105 106 108 110 111 112 113 114 115 119 122 124 125 127 129 130 131 132 133 139 141 142 143 144 145 146 148 149 150 152 153 154 155 156 157 158 159 160 163 165 167 169 170 171 172 173 174 176 177 181 184 185 186 187 189 190 192 194 197 198 199 200
1866 22 23 26 29 31 33 34 35 36 38 39 40 43 44 45 47 49 51 52 53 54 56 57 61 64 65 66 68 69 73 74 76 77 79 80 81 85 86 87 89 90 91 92 94 95 96 97 98 102 103 104 105 107 108 110 112 113 116 117 118 119 120 121 128 131 134 137 139 142 143 146 147 149 150 151 153 155 157 160 162 163 165 168 172 173 174 175 176 177 178 179 181 182 183 184 186 187 188 189 190 191 193 194 197 198 200
1633 24 25 26 27 32 33 34 35 36 37 39 42 49 52 53 54 57 61 63 64 65 66 67 68 69 71 73 74 80 81 83 85 86 87 88 90 96 97 98 99 100 103 104 105 107 114 115 117 118 119 121 122 123 124 126 127 128 129 131 134 137 141 143 144 145 146 147 149 152 153 154 157 158 159 160 162 163 164 165 166 167 168 169 170 172 173 176 177 178 179 180 181 182 183 185 186 189 190 191 192 194 195 197 198
1747 24 26 29 30 31 33 34 35 36 37 38 39 41 43 44 45 46 51 52 53 54 55 57 58 59 61 62 65 68 69 70 72 73 74 75 76 77 79 80 81 82 83 84 88 90 91 93 94 95 96 97 99 101 102 103 104 105 107 109 110 111 112 114 115 116 117 120 121 122 123 124 125 129 130 134 137 138 139 142 144 146 147 149 150 151 153 157 158 159 160 162 163 165 166 167 168 169 170 172 173 175 176 177 179 180 181 182 185 186 187 188 189 190 191 192 194 195 196 197 198 199
1920 25 26 27 30 34 35 36 37 38 39 41 42 44 45 48 49 50 53 54 55 57 58 60 61 62 63 64 65 66 68 69 70 72 73 74 75 76 77 78 79 81 82 84 85 87 88 89 91 92 94 96 98 100 101 102 103 105 106 107 112 113 116 117 118 119 120 121 123 124 125 127 128 129 131 132 135 139 140 141 143 145 147 148 149 150 151 153 155 157 158 159 160 163 165 166 167 168 169 170 172 174 177 179 180 183 185 186 188 189 190 191 194 196 197 199
1195 26 27 31 32 34 35 36 37 38 40 43 44 45 47 49 50 51 52 53 59 60 62 64 67 68 70 73 75 76 77 78 81 82 85 86 87 88 89 91 93 94 95 97 99 100 101 105 109 110 111 113 115 116 117 118 119 120 121 123 124 126 127 130 132 133 134 135 137 138 143 144 146 147 149 150 151 153 155 156 157 158 160 161 165 166 170 172 173 174 175 177 179 180 181 182 183 185 186 189 190 193 194 195 196 197 198 199 200
1082 27 28 29 30 31 32 35 38 39 40 43 45 52 53 57 59 64 65 66 67 68 69 70 72 75 78 81 83 84 86 87 89 90 91 93 94 97 98 99 100 103 108 109 110 111 114 116 117 118 119 120 123 126 128 129 131 132 133 134 135 136 137 140 141 142 144 146 147 148 149 150 153 154 155 156 158 160 161 162 163 164 166 168 177 178 182 183 186 187 189 190 191 194 195 196 197 200
1560 31 32 33 34 38 39 40 41 42 43 47 48 51 52 53 54 56 57 58 59 60 62 63 64 67 68 70 71 74 76 77 78 79 80 85 86 87 90 91 92 96 97 100 103 104 107 108 109 110 114 116 117 118 119 122 124 127 130 132 133 134 135 136 137 139 140 143 145 147 148 149 151 152 154 155 159 160 161 162 163 164 167 168 170 171 173 175 176 177 178 179 180 181 182 183 185 186 187 188 192 193 194 196 197 198 199 200
1091 30 34 37 38 39 41 42 43 44 46 48 51 53 55 57 58 59 60 63 64 65 66 67 68 69 70 71 72 73 74 75 76 77 79 80 81 83 85 86 87 91 92 94 96 97 99 100 101 102 103 104 105 106 107 108 109 112 116 118 119 120 123 125 127 132 133 138 141 142 143 144 146 147 150 151 153 154 155 158 160 161 162 163 165 167 168 169 170 173 175 176 178 180 183 184 186 188 190 191 192 193 194 195 197 198 200
1919 32 33 34 35 37 41 42 44 46 47 49 51 52 53 55 57 58 61 62 63 65 68 70 71 72 74 75 77 79 80 81 82 84 85 91 93 96 97 98 99 100 101 102 103 105 110 111 112 113 114 115 116 119 125 127 130 131 132 136 138 139 140 141 143 144 145 146 147 148 150 152 153 154 155 157 158 160 161 162 163 164 167 168 170 172 173 175 176 177 178 179 181 182 185 186 187 188 189 191 194 196 197 198 199 200
1498 31 32 34 36 37 38 39 40 41 42 44 45 46 49 50 53 55 59 60 61 62 65 66 68 69 70 71 73 74 75 77 79 80 81 82 83 84 87 90 91 92 93 94 98 100 103 105 106 108 110 112 114 115 117 118 119 120 122 123 125 126 127 128 129 130 132 133 134 137 138 140 141 142 143 144 145 146 147 149 150 151 153 154 155 158 161 164 166 167 168 170 173 175 176 178 179 181 184 185 187 188 189 190 191 193 198 199
1027 33 34 35 36 39 40 42 44 46 47 48 50 51 55 56 57 58 59 60 63 64 66 69 71 72 73 74 77 82 83 85 86 88 90 91 92 93 94 95 97 98 99 100 102 103 104 105 106 109 110 114 115 118 120 123 124 125 130 134 137 138 139 140 141 142 143 144 146 148 149 151 154 155 157 158 161 163 165 167 169 170 175 176 177 179 181 183 184 186 187 188 189 190 192 193 195 197 198 199 200
1650 33 35 36 38 40 41 42 43 44 46 50 51 56 57 58 60 61 62 63 64 65 66 69 70 71 72 73 74 76 77 78 79 80 81 82 87 88 91 92 93 94 95 96 97 98 99 102 103 104 105 106 108 110 113 115 116 117 118 119 120 121 125 126 128 130 131 133 134 135 136 138 139 140 141 143 145 146 147 148 150 151 152 153 154 156 157 159 160 162 163 164 168 169 171 172 174 176 177 178 179 180 183 184 186 188 190 191 193 194 195 196 197 198
1037 34 37 38 40 41 42 43 47 49 50 51 56 57 58 59 60 62 66 68 69 70 73 74 75 76 78 79 80 83 85 87 89 90 91 94 98 99 100 101 102 104 106 108 110 111 113 114 115 117 119 120 121 122 123 125 126 127 131 132 134 137 139 141 143 144 146 147 148 150 153 154 155 156 157 159 161 164 165 167 171 172 173 174 175 176 177 178 182 187 188 189 191 192 193 194 195 197 198 199
1490 36 37 39 40 41 45 51 52 55 56 57 58 60 62 63 64 65 67 70 71 73 74 75 79 80 81 82 84 86 87 90 91 92 93 95 96 100 101 102 104 105 107 108 115 116 119 120 122 123 124 127 131 132 133 135 136 137 140 142 143 144 145 146 147 150 151 153 156 157 158 161 162 163 166 167 168 169 171 175 177 178 180 181 183 184 186 187 190 191 192 193
1855 39 40 41 42 43 45 46 50 58 59 62 68 69 70 73 74 75 76 78 79 83 84 85 86 88 89 90 91 95 98 99 100 102 104 105 107 112 114 118 120 121 122 124 125 128 129 134 135 136 137 138 139 141 142 145 146 147 148 152 153 154 155 156 159 160 161 164 165 166 169 170 173 174 175 178 182 183 184 185 186 188 189 191 192 193 194 198 199 200
1611 38 39 40 41 42 43 44 45 46 47 50 51 53 54 56 57 58 59 60 61 64 70 74 75 76 78 80 81 82 84 85 86 88 89 90 91 92 93 94 96 97 99 101 102 103 104 107 110 111 114 115 117 119 123 124 125 127 129 130 131 132 135 136 137 138 139 140 141 142 143 144 146 147 148 150 151 152 153 155 156 157 158 159 164 165 166 167 168 170 173 175 176 177 178 179 181 182 183 184 186 187 188 189 191 193 194 195 197 198 199
1343 38 39 40 44 45 46 47 48 49 50 51 52 53 55 56 58 59 61 62 63 64 66 67 68 69 70 71 72 73 77 78 79 81 84 85 86 88 91 92 93 94 97 98 100 101 103 106 108 110 112 114 115 119 121 127 128 129 130 131 132 135 136 140 141 143 144 146 149 151 152 155 157 158 160 163 166 168 170 171 173 174 175 176 177 179 180 181 186 187 188 189 190 191 194 195 196 197 199 200
1001 39 41 44 48 52 53 54 55 57 59 61 62 69 70 72 73 74 76 77 79 82 84 87 88 89 90 91 92 94 95 98 99 100 101 102 103 107 108 111 112 114 115 116 119 120 123 125 126 127 129 131 132 137 139 140 142 143 146 147 150 151 153 154 155 156 157 158 162 165 166 167 169 172 175 176 177 179 182 183 186 187 190 192 194 196 197 199
1857 40 42 43 44 47 50 51 52 57 58 59 60 61 62 71 72 74 76 77 78 79 80 81 82 86 87 89 95 96 98 99 102 104 110 111 112 115 117 118 120 121 122 123 127 128 129 131 132 133 134 135 136 139 142 144 148 149 151 152 153 155 156 157 160 161 164 167 168 173 174 176 177 178 179 181 182 183 184 185 186 190 191 192 194 197 198 199 200
1195 41 42 43 45 49 50 52 55 56 60 61 62 63 64 66 68 74 76 77 78 80 81 84 87 89 91 93 94 97 98 99 102 103 105 108 109 111 112 113 115 116 118 119 121 122 124 127 128 130 133 136 138 139 141 146 154 155 156 160 161 162 163 167 170 173 174 176 177 178 181 184 187 188 189 193 194 195 197 198 199 200
1622 42 44 47 53 56 57 58 65 66 69 71 75 76 77 78 79 80 82 83 84 85 86 87 88 89 90 91 93 95 96 98 99 102 103 104 105 107 108 113 114 115 117 122 123 127 131 133 135 136 137 138 139 142 145 147 150 153 155 157 159 160 161 162 165 166 167 168 169 170 172 173 174 175 176 177 178 180 181 182 183 184 189 190 191 194 195 196 197 198 199 200
1022 43 45 46 48 51 52 54 56 57 58 59 61 64 65 68 70 71 72 73 74 75 76 78 80 82 84 85 86 87 89 90 91 93 94 95 96 97 99 100 101 104 106 107 108 109 110 111 113 116 121 122 125 127 128 129 131 134 136 137 141 142 143 144 148 149 152 154 155 157 158 159 160 162 163 165 167 170 171 173 174 175 178 179 180 183 184 185 186 188 189 191 192 193 195 196 197 198
1882 44 45 48 49 51 55 57 61 62 64 65 66 67 68 69 77 78 79 83 84 85 88 89 90 91 94 95 96 97 100 101 103 105 106 107 108 109 110 111 112 113 114 116 118 119 120 121 123 124 125 127 128 129 131 132 133 135 140 142 143 145 146 149 150 152 156 159 162 165 167 168 169 172 174 180 181 182 183 184 185 188 189 190 191 192 193 199 200
1288 45 46 47 48 50 52 54 56 57 60 61 64 65 66 67 69 70 72 74 75 76 78 79 81 82 83 84 85 86 87 88 91 94 95 98 99 100 101 102 103 104 106 107 108 109 111 112 114 116 117 120 123 124 125 128 129 130 131 133 135 137 138 139 142 143 144 145 146 147 148 149 151 156 157 158 159 160 162 163 165 166 169 170 172 174 176 177 179 180 181 182 183 184 185 188 190 192 194 196 197 199 200
1773 47 48 49 50 51 53 54 55 56 58 60 62 64 65 66 67 68 71 73 75 77 78 80 81 83 85 86 87 89 90 91 92 94 95 96 98 99 100 101 103 108 109 110 113 114 115 117 118 119 121 122 123 128 129 130 131 132 133 136 137 138 141 143 144 145 146 148 151 153 154 157 158 159 162 164 166 167 168 170 173 175 177 178 179 180 181 184 185 187 189 190 191 192 193 194 195 196 198
1317 47 48 49 50 52 53 54 55 56 58 59 60 62 63 64 65 67 68 69 70 72 75 77 78 81 82 85 88 89 90 92 93 95 98 105 106 107 108 109 110 112 115 116 117 119 121 125 127 130 132 134 137 138 142 145 147 149 150 152 154 155 156 157 158 159 160 161 163 164 166 168 169 170 171 173 174 176 178 179 180 181 182 183 184 185 187 189 190 191 192 195 196 197 200
1822 49 51 52 53 54 57 58 61 63 64 65 66 67 71 72 76 77 78 79 80 82 83 84 86 87 88 89 90 91 92 94 95 97 98 99 100 101 104 105 109 110 111 112 113 115 116 119 120 121 122 123 125 127 128 129 134 135 136 141 142 143 144 145 150 152 153 154 157 159 163 165 167 168 169 171 174 175 177 178 179 180 181 182 186 187 189 191 195 196 197 198 200
1033 49 50 51 53 54 55 57 58 59 63 64 65 67 68 70 71 72 75 78 82 84 85 86 89 96 97 100 103 106 107 108 111 114 118 119 120 121 122 123 130 132 135 136 140 141 143 144 145 146 147 148 149 153 154 156 157 161 162 163 164 165 166 167 171 172 174 175 176 177 180 181 182 183 184 186 187 188 189 190 191 192 195 199
1897 50 52 53 54 56 58 59 60 61 62 63 64 65 66 67 69 70 75 77 79 81 84 85 86 87 88 89 91 93 97 100 101 102 104 105 106 107 108 109 110 112 115 116 118 120 122 123 124 131 132 134 135 137 139 140 142 144 145 146 148 149 151 153 156 157 159 160 162 163 166 167 168 171 172 173 176 178 181 183 184 186 189 190 191 192 193 195 197 199
1945 51 55 57 62 63 66 67 71 72 74 75 76 77 78 79 80 82 86 87 89 90 92 93 94 95 96 99 101 102 103 104 105 106 109 112 116 118 119 120 122 123 125 126 127 128 131 132 133 135 136 137 139 140 141 144 148 150 151 152 153 154 155 156 157 159 160 164 165 166 171 174 175 176 177 178 181 183 185 186 187 189 190 191 192 194 200
1340 52 53 54 56 58 59 61 62 63 66 67 68 69 70 71 72 74 75 78 80 82 83 85 87 90 93 94 95 97 98 99 100 101 102 104 105 107 109 110 111 112 113 114 115 117 118 119 120 121 123 125 126 127 128 129 131 133 134 135 136 138 140 142 146 149 152 153 155 158 159 160 161 162 163 165 166 168 170 171 175 176 178 179 180 181 182 184 185 186 188 189 190 191 192 193 194 196 197 198 199 200
1875 53 59 60 62 63 65 68 69 71 72 73 75 80 82 83 85 87 88 90 93 94 95 96 97 98 100 101 102 105 107 108 109 110 114 117 118 122 123 124 125 128 129 131 134 137 140 143 145 146 147 149 150 151 152 153 154 155 157 158 159 160 162 163 164 169 170 172 173 174 176 177 179 182 183 184 186 187 188 195 196 198 199 200
1735 56 59 60 62 63 64 65 66 67 71 73 74 75 77 78 80 81 82 83 84 87 88 91 92 93 96 97 99 101 102 103 104 105 107 108 109 111 112 113 115 116 119 120 122 123 126 129 130 132 135 138 139 140 142 143 144 145 146 147 149 151 152 153 154 157 158 159 160 162 164 166 168 169 170 173 175 177 178 179 180 181 182 183 185 187 189 191 193 197 198
1865 56 57 58 59 66 69 70 71 72 73 74 75 78 79 84 85 86 92 93 95 96 98 99 100 105 108 111 112 113 115 116 118 122 123 124 125 126 127 128 129 132 133 134 135 136 137 140 141 143 144 145 146 147 149 150 151 153 154 155 159 160 162 163 165 169 170 171 172 173 174 176 177 178 179 182 183 184 185 186 187 188 191 192 194 195 196 197 200
1350 56 63 65 66 68 69 70 71 72 73 75 76 77 78 79 80 83 84 88 89 91 92 93 95 96 99 100 101 104 105 108 109 110 111 112 113 115 116 117 118 119 121 122 123 124 125 126 127 128 129 130 131 132 134 135 136 137 139 141 142 145 148 149 150 151 152 154 155 156 157 158 160 162 167 168 169 170 172 173 175 176 177 178 179 180 182 183 184 185 186 190 191 192 193 194 195 196 198 200
1013 59 60 65 66 67 68 69 70 71 72 73 74 75 78 80 83 86 88 89 91 92 93 95 97 99 100 101 102 103 104 105 106 108 109 111 114 115 117 118 119 120 124 126 127 128 129 131 132 133 138 139 141 142 144 149 150 151 152 158 159 160 162 164 167 168 169 170 172 174 177 178 179 181 182 183 184 186 189 191 195 196 197 198 199
1457 58 59 60 63 65 66 69 70 71 72 73 74 78 79 81 82 83 84 91 92 93 95 96 97 98 100 102 104 107 109 110 111 115 118 121 122 123 124 125 126 127 128 132 134 136 137 139 140 141 144 145 146 147 148 149 151 155 156 157 158 159 165 167 169 170 171 172 175 176 179 182 183 184 186 187 188 189 192 193 194 195 196 198 199
1015 61 62 64 65 69 70 72 74 77 78 79 80 81 82 84 90 94 95 96 97 98 100 102 104 105 106 108 113 115 118 120 121 123 124 127 128 129 130 131 132 133 134 136 137 139 141 142 145 146 147 149 152 153 156 157 159 160 164 165 168 169 170 171 172 175 176 177 178 179 180 183 184 187 189 190 192 193 194 195 196 197 200
1102 60 61 66 67 69 71 73 74 83 84 85 87 89 90 93 97 98 99 104 105 106 107 108 109 110 112 114 115 121 122 124 125 126 128 129 130 131 132 133 134 135 136 137 138 140 145 146 147 148 149 150 151 152 153 154 155 158 160 162 164 165 166 168 170 171 172 173 175 176 178 179 180 181 183 184 186 188 189 192 193 194 195 197 198 199 200
1285 61 62 63 64 65 67 68 70 71 72 73 74 75 76 77 78 79 82 83 85 88 90 91 97 98 99 103 104 106 109 111 112 113 115 116 117 118 119 121 122 123 124 127 130 131 135 138 139 140 142 143 144 145 146 147 148 149 152 154 157 158 160 162 163 164 165 169 170 171 172 173 174 175 176 179 181 182 183 184 186 190 194 195 196 197 198 199 200
1516 65 66 69 72 74 75 77 78 79 80 81 82 83 85 86 87 89 93 96 97 98 101 102 103 104 105 106 108 109 110 111 112 113 115 117 119 122 123 127 129 130 132 134 135 141 143 144 145 146 147 148 152 153 157 158 159 160 161 163 166 167 168 171 172 176 177 178 179 183 184 185 186 187 188 189 191 193 197 198 199
1989 64 66 67 68 69 70 72 73 74 75 76 77 79 80 82 83 84 87 89 91 93 94 95 96 97 98 101 102 104 105 107 108 109 112 120 124 126 127 128 129 131 132 133 134 135 137 139 141 142 143 144 146 148 149 150 151 152 153 156 157 158 159 160 162 164 165 166 167 172 175 176 177 178 179 180 181 183 185 186 189 190 191 192 193 194 195 197 199
1822 69 70 73 74 75 76 77 78 79 82 83 84 85 88 89 90 91 93 96 98 99 100 101 103 104 105 106 107 108 109 110 112 113 114 115 116 117 118 119 121 123 124 125 127 129 130 131 133 134 136 137 139 140 141 143 144 145 146 147 149 150 151 152 154 158 160 161 163 165 166 167 168 172 173 175 178 182 184 185 186 187 188 189 193 197 198 199
1841 67 68 70 72 73 74 75 76 78 79 81 82 84 85 87 89 92 94 95 98 100 102 104 106 108 109 110 111 113 115 116 117 118 119 120 123 124 127 130 131 132 133 134 137 138 143 145 146 148 149 150 151 152 153 154 156 157 158 161 162 163 166 167 168 171 175 176 179 180 181 182 183 188 190 191 194 195 196 197 198 199 200
1869 66 67 68 70 72 74 75 76 77 78 79 81 85 89 90 91 93 96 98 99 100 101 102 103 104 105 107 109 111 112 115 116 118 119 122 123 124 125 127 128 129 133 135 136 138 139 140 141 146 147 148 150 151 152 153 154 155 159 160 161 162 163 164 165 167 171 172 174 176 177 182 183 186 187 189 190 191 192 194 195 197 198 199
1916 70 71 72 74 78 79 81 85 87 89 90 94 95 97 99 100 101 102 104 109 110 111 112 114 116 117 119 120 122 123 124 125 126 128 130 133 134 135 136 139 140 141 143 144 146 148 151 152 154 156 158 159 160 163 164 166 167 169 171 172 174 177 178 179 180 181 182 183 184 185 186 187 188 189 190 193 197 198 200
1248 69 70 71 74 77 78 79 82 85 88 89 90 91 92 93 94 96 97 100 101 103 104 105 106 107 108 109 110 112 113 115 116 120 122 123 124 125 126 127 128 130 131 134 135 137 139 140 143 144 148 150 151 154 156 157 159 160 161 162 164 165 169 171 172 173 174 175 177 178 179 180 181 184 185 188 190 191 195 198
1380 69 70 71 72 75 76 77 78 81 82 86 88 92 93 94 95 96 98 99 100 101 102 103 105 114 115 117 118 120 121 122 124 125 126 128 129 130 133 134 135 136 138 139 141 142 143 144 145 146 147 149 151 154 158 159 161 163 164 166 167 168 169 171 172 173 174 175 179 180 181 183 185 188 189 190 191 192 193 194 196 198 200
1046 71 73 74 75 77 79 80 81 82 83 84 86 87 89 93 94 95 99 100 101 105 106 108 109 113 114 115 117 118 119 123 124 125 126 131 132 134 135 136 137 138 139 140 141 142 143 145 150 151 152 153 154 157 158 160 161 163 164 165 166 167 169 170 172 173 176 177 178 180 181 182 183 186 189 194 195
1620 71 73 75 76 77 78 79 80 84 87 89 90 91 93 94 95 98 99 102 103 104 105 106 108 110 111 116 117 118 119 121 125 126 127 129 131 132 134 135 137 139 140 143 144 148 149 150 151 152 153 155 156 159 161 163 164 165 166 168 170 173 174 175 177 178 181 182 184 187 190 191 192 195 197 198 200
1984 72 73 74 76 80 82 83 84 85 86 88 89 90 92 94 95 96 97 98 99 100 102 103 105 107 109 111 112 114 115 116 118 119 123 124 125 126 127 130 131 132 135 137 139 140 141 145 146 147 148 149 150 151 152 154 156 159 161 162 163 164 165 167 169 173 175 177 180 183 184 185 187 188 189 191 192 193 194 195 197
1744 73 75 76 81 83 87 88 89 90 91 92 93 94 96 97 99 104 106 107 111 112 113 115 117 118 119 121 122 123 126 127 130 131 135 136 137 140 141 144 146 147 148 150 151 155 156 157 159 162 163 164 166 167 168 170 171 173 174 175 179 183 184 185 186 187 188 189 191 192 193 194 195 197 200
1073 77 78 79 81 82 85 87 88 89 91 92 93 94 97 99 100 101 102 105 108 110 112 113 115 116 117 118 120 121 122 123 125 127 132 134 136 137 138 139 140 141 142 145 147 149 150 151 155 156 157 158 159 160 161 162 163 164 165 167 168 170 171 172 174 176 180 182 183 185 186 187 191 193 194 195 196 198 199
1989 75 76 79 80 82 83 85 86 87 88 89 90 93 96 98 99 100 101 102 104 106 109 117 119 120 121 123 130 131 132 134 135 138 141 142 144 145 146 147 148 149 150 152 153 154 155 156 159 162 164 166 167 171 177 178 179 182 183 188 189 193 195 198 199 200
1780 77 78 79 80 82 84 86 87 88 90 91 92 95 97 98 99 101 103 104 106 107 108 109 110 111 112 113 115 116 117 118 119 122 123 126 127 128 131 133 134 135 137 138 140 141 142 143 144 146 147 148 149 150 151 152 153 154 155 157 158 162 163 164 165 167 168 169 171 172 174 175 177 179 181 182 183 184 188 189 190 195 197 199 200
1228 77 78 79 80 81 82 84 86 87 89 90 93 95 96 98 99 100 103 104 105 106 107 108 109 110 113 114 115 116 119 120 121 122 124 126 128 129 130 131 133 135 136 137 138 139 141 142 144 145 147 149 151 153 154 155 158 159 160 162 163 164 165 167 168 169 172 177 178 179 180 182 183 184 185 186 187 190 191 193 194 195 196 198
1894 78 79 80 82 83 85 89 90 91 92 93 94 96 97 99 100 101 102 104 105 106 108 109 110 113 115 117 118 119 123 124 127 128 129 130 131 133 135 138 139 140 141 142 143 144 148 149 151 152 154 155 156 157 160 161 162 163 164 165 170 171 172 173 174 177 180 182 183 184 188 190 191 193 194 195 198 199 200
1988 79 80 82 84 86 87 89 90 91 92 93 94 95 98 101 102 103 104 109 111 114 119 120 121 123 124 126 128 129 130 131 132 134 135 138 139 140 143 144 145 148 149 150 152 155 157 159 161 162 165 166 167 168 169 170 171 172 173 174 175 176 181 182 184 185 186 187 189 190 191 194 195 196 197 198 199
1991 81 82 83 84 86 88 90 91 93 94 95 96 97 100 101 107 108 109 110 111 112 114 115 116 121 123 124 128 130 131 132 133 135 136 137 138 139 140 141 143 144 146 147 150 154 155 156 157 159 160 161 162 164 166 167 168 169 170 171 173 174 177 179 184 185 186 187 188 191 193 194 195 196 197 199 200
1931 81 83 88 93 95 96 97 98 100 101 102 105 106 107 108 109 110 111 112 114 115 116 119 120 121 122 123 125 127 130 133 136 137 138 139 143 144 146 147 151 154 156 158 166 169 173 175 176 178 179 180 181 182 183 184 185 186 187 189 190 191 196 200
1564 82 83 84 88 89 90 94 97 99 100 101 103 105 106 108 109 112 113 115 117 118 119 121 123 125 126 127 133 135 136 137 139 140 141 142 143 144 145 148 149 151 153 154 155 156 161 162 164 166 168 170 171 172 174 175 176 177 178 181 182 183 185 186 187 188 189 194 195 196 198 199 200
1723 83 84 85 90 91 92 96 100 101 103 104 105 107 109 110 111 113 114 115 116 118 122 123 124 125 126 132 133 134 135 136 137 138 140 141 143 146 147 148 149 150 151 153 157 158 159 161 164 166 168 169 170 171 174 176 177 178 179 181 185 186 187 188 189 190 191 192 193 194 196 197 198 199 200
1188 87 89 93 94 95 97 101 104 105 106 109 111 112 115 116 119 123 124 125 126 129 131 132 134 135 136 138 139 141 142 147 148 149 150 151 152 153 154 155 156 159 162 164 165 166 168 169 170 177 178 179 181 182 184 185 187 188 189 190 191 192 193 194 195 197 198 199 200
1487 85 86 88 89 90 91 93 95 96 97 98 105 109 110 112 114 116 117 118 119 121 122 123 124 127 128 130 131 132 135 137 138 139 140 144 146 147 149 150 151 153 156 159 161 162 163 164 166 167 168 171 174 175 177 178 179 183 186 187 190 191 192 193 194 195 196 197 198 199 200
1461 88 89 90 93 95 96 98 99 100 101 103 105 108 109 110 112 113 115 117 118 119 120 121 122 123 124 126 128 131 132 133 135 136 137 138 143 145 146 151 152 153 154 157 158 160 161 162 164 169 170 171 174 176 177 181 182 183 185 186 189 190 191 192 193 195 197 199 200
1119 87 91 92 93 94 96 97 98 99 101 102 104 107 111 112 114 115 117 120 123 126 127 128 130 131 132 133 134 136 137 139 141 142 143 144 145 147 148 152 153 156 158 159 160 162 163 165 166 169 173 174 175 177 178 179 181 182 184 185 187 188 189 190 191 192 194 195 198 199
1071 88 89 90 92 96 97 99 101 102 106 107 108 112 115 116 117 121 125 126 127 129 130 132 133 134 135 136 137 142 144 146 147 148 153 158 159 160 164 166 168 169 172 174 175 177 180 181 182 183 184 185 187 188 190 193 195 196 198 199 200
1358 91 92 93 95 97 98 99 102 104 106 107 108 109 110 111 112 113 114 117 118 119 127 133 134 136 137 139 140 141 142 144 145 146 148 150 151 152 153 154 159 160 162 163 164 166 167 168 171 174 175 177 179 180 181 182 184 185 186 187 188 189 190 191 192 193 194 195 197 199 200
1367 90 91 92 94 95 96 97 98 99 100 101 102 104 105 106 107 108 109 113 114 115 117 120 121 124 125 126 128 130 132 137 138 140 141 142 144 145 146 147 150 151 152 153 155 159 164 165 166 168 171 173 174 176 178 179 180 181 183 185 186 189 191 193 194 196 197 198 199
1664 91 94 95 98 101 102 103 106 107 110 111 116 117 118 119 120 122 123 124 125 126 127 128 129 130 131 134 135 136 137 139 140 141 142 145 147 148 149 152 155 156 157 159 160 161 162 163 164 165 166 168 169 170 171 173 176 178 179 180 182 183 184 188 190 191 192 193 194 195 198
1157 92 94 96 97 100 101 102 103 104 106 107 109 110 112 115 116 118 120 121 124 125 126 129 130 135 136 137 138 139 143 147 148 149 151 152 154 155 157 159 160 161 162 165 166 167 169 171 173 174 175 177 178 179 180 182 183 187 188 189 191 194 197 199 200
1138 95 96 97 100 103 106 108 111 112 115 116 118 120 121 122 123 124 126 127 128 129 137 138 139 140 141 142 143 144 145 146 147 149 150 154 155 156 157 160 161 162 164 165 167 169 173 174 182 183 185 186 187 189 190 191 192 194 198 199 200
1397 94 95 96 97 98 100 104 105 108 110 111 113 115 116 118 119 120 121 123 125 126 127 130 131 132 133 135 136 137 138 139 142 147 149 150 151 154 156 158 159 160 161 163 166 168 170 171 172 173 174 176 177 179 181 182 183 184 185 186 187 191 193 194 196 197 199
1718 95 96 97 101 102 103 108 110 111 114 116 119 120 121 123 124 127 129 130 132 133 135 139 140 141 143 144 145 147 148 150 151 155 157 158 159 160 161 162 163 165 166 167 168 169 172 174 176 178 180 183 184 185 186 189 191 193 194 195 198 199 200
1286 96 97 98 99 101 103 106 108 109 110 111 112 114 115 116 118 120 122 124 126 127 130 131 132 133 134 135 136 137 140 141 143 144 151 152 153 154 157 159 160 161 162 165 166 167 168 169 170 171 174 176 177 180 181 183 184 185 186 187 189 192 193 194 198 200
1935 97 98 99 100 101 102 103 105 108 109 111 112 117 120 122 124 125 126 128 129 131 133 134 135 137 138 140 141 143 145 148 149 151 153 154 155 157 158 159 160 162 164 165 168 169 171 172 173 176 177 182 184 187 188 190 191 192 195
1136 98 99 100 101 102 103 107 108 112 119 120 123 124 125 126 128 130 131 133 134 135 137 138 140 141 142 143 144 146 147 149 151 153 154 156 157 158 164 165 167 169 172 174 177 179 180 182 184 187 189 190 191 194 195 196 197 199
1571 99 101 103 104 107 110 111 113 114 115 116 119 120 121 122 124 125 127 129 130 131 133 134 136 137 138 140 143 146 147 148 149 151 152 154 155 156 157 158 159 160 162 163 165 166 169 171 172 173 174 175 176 178 179 180 181 186 187 189 190 191 193 194 195 196 200
1483 100 101 102 103 104 106 107 109 111 113 114 117 119 122 124 129 130 131 134 135 136 137 139 140 142 143 146 148 150 151 152 154 155 160 162 164 165 170 172 173 174 175 176 177 179 181 182 183 186 187 190 191 193 194 197 198 199
1444 103 106 107 108 109 111 112 113 115 116 118 121 125 127 128 129 130 131 134 135 136 138 140 142 143 144 145 146 147 151 152 154 155 156 157 159 160 161 162 163 164 166 168 169 170 172 173 174 177 178 179 180 182 183 185 186 187 188 190 193 194 197 198 199
1625 102 105 106 107 110 113 117 119 122 123 126 127 128 129 130 131 132 135 137 140 145 147 148 149 150 151 152 153 154 155 156 157 158 159 160 162 164 165 166 167 168 169 170 171 173 174 176 178 179 187 188 191 193 194 195 197 198
1249 104 105 107 108 109 110 111 114 115 116 119 121 122 128 131 132 133 134 135 136 139 140 143 146 147 149 151 152 153 154 157 158 159 160 161 166 168 169 170 171 177 178 179 180 181 182 184 185 186 187 191 193 194 195 196 198 199 200
1720 104 106 107 109 110 112 115 118 120 122 123 124 125 126 127 128 130 131 133 134 135 136 137 138 139 140 142 143 146 147 148 149 150 153 154 156 157 160 161 163 164 165 166 168 169 172 173 174 175 177 178 180 182 183 184 185 186 187 189 190 191 193 196 198 199 200
1896 106 107 110 111 112 113 115 116 118 119 122 124 125 127 133 135 136 137 138 139 142 143 145 148 150 151 152 153 154 155 156 158 159 160 161 162 166 170 171 172 173 175 176 178 179 181 182 184 185 186 190 194 195 197 198 199 200
1834 108 109 112 114 115 116 119 120 121 122 123 127 131 134 136 137 138 139 141 142 144 146 147 148 150 151 152 157 158 159 160 162 164 166 168 172 173 174 175 176 177 178 180 181 183 184 185 186 187 188 189 192 195 197 198 199
1084 107 108 109 110 111 112 116 118 119 120 121 122 123 125 126 128 129 131 132 134 138 139 142 144 147 149 151 152 153 155 157 159 161 162 163 168 169 172 174 175 176 177 178 179 180 181 182 185 187 192 193 196 197 199
1627 108 109 110 111 114 115 118 120 123 124 125 127 128 129 130 133 134 135 136 137 138 139 140 141 145 147 150 151 152 153 154 155 156 158 159 164 165 166 168 170 174 176 178 179 180 181 182 183 184 185 188 191 192 194 196 198 199 200
1865 112 113 115 116 117 118 119 120 121 127 128 129 130 131 133 135 136 138 139 140 144 145 146 148 150 151 153 155 156 159 160 164 165 168 171 172 174 175 176 177 178 179 182 183 186 187 189 191 194 195 199 200
1853 110 114 115 116 117 118 119 120 122 126 128 129 130 131 133 135 136 137 138 140 141 143 144 145 146 148 150 152 153 156 158 159 160 162 164 165 166 167 174 176 177 178 179 182 183 186 187 188 189 190 191 192 193 196 199
1397 113 114 118 119 120 121 122 125 127 129 130 131 133 134 135 136 137 138 139 141 142 146 147 148 149 151 157 161 163 164 165 166 168 171 172 173 174 176 177 178 179 183 185 186 188 189 191 192 193 194 196 198 199 200
1604 112 114 115 116 117 118 120 121 122 123 124 126 127 129 135 137 142 143 144 145 146 148 151 157 161 162 163 165 166 167 169 171 175 177 178 180 181 183 184 185 188 191 193 195 196 199 200
1163 114 117 120 125 126 127 128 130 132 133 134 135 136 137 139 144 145 147 148 149 150 153 154 155 157 159 160 163 165 166 168 169 171 172 176 177 178 179 183 186 187 188 189 190 192 193 195 196 197 199
1319 116 117 118 119 120 125 126 129 130 131 132 133 134 135 137 139 142 144 147 148 149 150 151 154 155 156 157 158 159 162 164 166 169 173 174 175 176 178 179 182 183 184 186 187 191 192 194 195 197 198 199
1117 115 118 119 124 125 126 127 129 131 132 133 134 138 143 144 145 147 149 150 151 153 159 161 162 164 165 166 167 169 171 174 175 176 177 178 179 180 183 184 185 186 187 188 189 190 191 193 194 195 197 199
1969 116 119 120 121 123 124 125 126 127 130 131 132 133 136 137 138 143 144 147 149 150 151 152 153 154 155 156 157 158 160 162 164 165 166 170 171 172 173 174 175 177 179 180 181 182 183 184 185 186 188 190 191 193 194 195 196 198 200
1960 118 120 123 124 125 126 129 130 132 133 134 135 136 137 138 139 140 142 143 145 146 147 148 153 154 155 156 158 159 160 162 163 165 166 167 168 169 172 173 174 176 178 179 180 181 182 183 185 187 189 193 194 195 196 197 198 199
1776 119 120 121 122 125 129 130 131 132 133 135 136 137 138 139 140 141 143 144 145 146 150 152 153 154 155 159 165 167 169 172 173 175 177 178 180 181 182 185 189 192 199 200
1041 119 120 121 122 125 126 129 130 131 133 135 136 138 142 144 145 148 149 152 154 155 156 159 160 163 166 167 168 170 172 173 175 177 179 182 185 186 187 190 193 195 196 198 199
1940 120 121 122 123 124 126 130 133 135 137 138 140 141 144 145 147 150 151 153 155 156 159 160 161 163 167 168 172 173 176 178 179 181 182 183 184 188 189 190 193 195 196 199
1727 121 123 125 126 127 128 129 130 131 132 133 136 138 140 143 144 145 150 151 153 154 155 156 157 158 159 162 164 165 167 168 169 170 171 173 174 176 177 178 179 180 181 184 186 187 191 192 193 194 197 198
1324 123 127 129 130 133 134 135 136 137 138 140 143 144 146 150 151 152 153 154 155 157 159 161 162 163 164 165 166 167 168 171 172 175 178 179 180 181 183 184 185 186 187 190 193 194 195 196 197 198
1857 123 124 126 130 131 132 133 134 135 136 137 139 140 142 143 144 154 156 158 159 161 165 168 169 170 171 172 174 175 176 177 179 183 184 185 188 189 190 192 193 194 196 197 198 199
1593 126 128 129 131 132 134 136 137 138 139 140 141 145 148 149 150 152 153 154 156 160 166 167 172 173 174 177 179 180 181 182 183 184 185 187 189 190 191 192 195 197 198 200
1835 125 126 128 129 130 132 135 136 137 138 139 140 141 143 146 147 148 149 150 152 155 158 159 160 161 162 163 165 166 167 170 171 173 176 179 180 181 182 184 186 188 189 190 191 193 194 195 198 199 200
1093 127 128 130 131 132 135 136 141 148 149 151 155 158 161 162 163 164 165 166 167 168 169 172 176 178 179 181 182 183 184 186 187 188 189 191 192 193 194 195 197 198 200
1635 127 128 129 130 131 132 135 139 143 144 145 151 152 154 156 158 160 162 163 165 167 170 171 172 173 174 176 178 179 181 182 183 184 185 186 187 188 189 190 191 192 193 194 195 196 198 200
1184 129 131 133 134 135 137 138 141 142 144 146 149 150 152 153 154 155 158 159 160 163 164 166 171 172 177 178 180 182 185 186 188 190 191 194 195 197 198 199
1204 129 130 132 133 134 135 136 139 140 141 143 144 148 150 151 161 162 163 164 166 167 168 170 172 174 175 176 179 180 181 182 183 184 185 186 187 189 191 192 195 196 198 199
1921 134 135 136 137 138 140 142 143 148 151 153 154 155 156 157 159 160 163 165 166 167 168 170 171 174 175 176 177 179 181 183 184 185 186 187 188 192 193 194 197 199
1848 131 132 135 136 137 138 139 141 143 144 145 146 148 149 150 153 154 156 159 160 161 164 167 168 171 172 174 177 180 182 183 184 185 186 188 190 191 192 193 195
1032 133 135 136 137 140 143 144 145 146 147 154 155 156 158 159 160 162 163 164 165 166 167 168 169 170 171 174 177 178 179 182 184 185 186 188 192 195 197 198
1892 133 134 135 136 137 138 139 141 142 144 145 146 147 150 151 152 154 155 158 160 163 164 166 167 169 175 178 180 181 182 183 185 188 189 190 191 192 193 194 195 197
1192 136 137 139 141 142 145 148 155 157 160 161 162 163 164 167 169 171 173 174 175 179 180 181 182 186 187 188 189 190 194 196 198 199
1972 136 137 143 145 146 147 148 149 150 151 153 154 155 156 163 164 167 168 170 171 175 176 177 178 179 180 181 182 183 184 185 186 187 189 190 191 192 193 197 198 199
1323 142 143 144 146 147 148 150 153 154 155 157 158 159 164 166 167 170 172 173 174 177 181 186 187 192 194 197 198 200
1642 137 139 141 142 143 147 148 149 150 153 154 155 156 157 158 165 166 167 168 170 172 175 176 177 178 184 185 188 189 191 192 193 195 196 197 199 200
1381 138 140 143 144 145 146 147 148 149 150 152 153 154 156 158 159 160 162 164 165 166 169 170 172 173 176 177 178 179 182 184 185 186 187 189 191 192 193 195 199
1366 139 140 145 148 150 153 155 156 157 159 160 165 166 168 169 170 172 174 176 177 178 179 183 185 186 188 190 192 193 194 195 196 197 200
1886 140 141 143 145 147 148 153 154 160 162 164 165 166 169 170 172 173 175 176 177 179 180 182 183 185 186 187 189 193 194 197 198 199 200
1847 141 142 144 145 146 148 150 154 155 156 157 158 161 163 164 166 168 173 175 177 179 180 181 182 187 188 189 190 193 195 196 198 199 200
1111 142 144 146 148 152 155 156 158 159 160 162 163 164 167 169 172 173 175 177 178 179 181 182 185 186 188 189 190 191 193 194 196 198 199 200
1093 145 146 148 149 150 151 152 153 154 155 156 157 158 159 160 161 163 165 166 167 169 170 171 173 176 177 178 179 185 187 188 189 190 191 192 193 197 198 199 200
1676 145 146 148 149 150 152 155 156 157 160 161 162 163 166 169 171 173 174 175 176 178 181 182 184 185 186 188 189 196 197 200
1040 145 147 149 150 151 154 157 158 159 160 161 162 163 164 165 166 167 169 170 172 173 174 175 176 178 179 180 188 189 190 193 194 195 198 199 200
1858 146 148 150 152 153 155 156 157 158 159 161 163 164 166 167 168 171 172 174 175 176 177 181 183 184 185 186 187 188 189 190 191 193 195 196 198 199 200
1681 147 148 149 150 151 152 153 154 156 157 160 162 164 167 168 169 170 171 173 176 183 185 187 189 190 191 192 195 196 197 199 200
1697 148 149 150 151 152 153 154 157 158 161 162 163 164 165 166 167 168 169 172 175 176 177 179 182 184 185 187 189 192 193 194 195 196 197 199
1360 150 156 158 159 163 164 168 169 170 171 173 174 177 178 181 182 183 184 186 187 189 190 192 194 198 199 200
1387 152 153 155 156 157 159 161 162 164 166 169 170 171 172 173 175 176 178 181 184 185 189 190 191 192 194 195 196 197 199 200
1065 151 152 153 154 156 157 158 159 160 161 165 166 167 168 169 173 174 175 176 179 180 181 185 186 187 188 189 190 191 195 197 198 199 200
1929 154 156 157 159 160 162 164 166 167 168 169 176 180 182 183 185 187 188 189 191 192 193 195 196 197 199
1051 154 156 159 160 161 166 167 169 170 171 172 173 176 177 178 179 180 181 182 185 188 191 193 194 195 199 200
1874 154 155 158 159 161 163 164 165 166 168 169 170 174 175 176 177 178 179 181 183 184 185 188 189 190 191 192 196 197 199
1819 155 156 157 158 160 162 165 166 167 168 171 172 173 174 175 176 180 181 182 185 186 187 188 191 192 193 194 195 197 198
1729 157 158 160 161 162 163 164 166 167 170 171 172 177 179 180 182 183 184 185 188 189 190 192 193 194 195 197 198 199
1655 159 160 161 162 163 164 165 167 169 170 171 172 173 174 175 176 177 178 179 181 182 184 185 188 189 191 192 195 198 199
1497 159 163 164 166 167 168 169 170 171 173 175 176 177 179 180 181 183 184 186 189 191 192 193 194 195 196 197 199 200
1722 159 161 164 165 169 170 173 174 178 180 181 182 183 187 188 190 192 193 195 196 197 199 200
1103 160 162 164 166 168 173 177 178 180 181 182 183 184 185 187 188 190 194 195 196 198 199 200
1488 161 162 163 164 165 166 168 169 173 174 176 177 178 180 181 182 183 184 186 187 188 189 190 191 193 194 195 196 197 198
1266 162 163 164 165 166 167 169 170 174 175 176 178 179 181 183 185 187 188 189 190 195 196 197 198 199 200
1937 164 165 166 169 170 171 172 177 179 183 184 185 189 190 191 192 193 194 198 200
1458 164 165 167 169 170 171 172 173 175 177 178 179 181 182 183 184 186 187 191 192 194 195 196 197 198 199
1955 165 166 168 169 170 172 173 175 176 177 178 179 180 182 183 184 185 187 188 191 192 193 194 196 197 199 200
1208 166 167 168 169 172 173 174 177 178 181 184 185 186 188 189 192 193 194 196 198
1699 170 172 174 177 183 186 187 188 190 191 192 193 195 198 200
1282 168 169 171 174 175 176 177 180 181 182 183 184 185 186 189 190 191 192 194 195 199
1831 169 170 171 172 174 175 176 179 180 182 186 188 189 190 194 197 199
1616 171 172 173 176 177 179 180 181 182 185 186 187 188 189 190 191 192 193 194 195 197 198
1256 171 172 173 176 177 178 179 180 181 185 186 188 189 190 193 194 196 197 198 199 200
1939 172 173 174 175 176 179 180 181 182 183 184 185 187 188 191 192 194 196 199
1707 173 174 176 177 178 180 181 184 190 191 192 196 198 199 200
1906 174 175 179 180 181 182 184 186 187 189 190 191 193 196 197 198 200
1618 176 177 178 182 183 185 187 189 193 194 196 198 200
1986 178 180 183 184 185 188 189 194 195 196 197 198 199 200
1626 177 178 179 180 181 183 184 185 187 188 190 191 192 193 194 195 196 198
1836 179 180 181 183 184 185 187 188 189 190 191 193 194 195 197 199
1913 179 181 182 183 185 187 188 189 191 192 193 194 196 197 199
1923 181 182 184 185 190 191 192 193 195 198
1227 182 183 184 185 186 188 191 192 195 196 197 198 199 200
1560 182 183 184 185 186 187 190 193 194 196 197 200
1294 184 186 187 188 190 191 192 193 194 195 196 197
1817 185 191 192 193 194 196 197 198 199 200
1247 185 186 187 188 189 191 192 193 196 197 198 199 200
1672 187 188 189 192 193 194 196 197
1845 187 188 189 190 191 193 194 198 199 200
1645 188 190 193 194 197 198 200
1649 189 191 192 193 197 198
1122 192 193 195 199
1022 193 195 198 199 200
1103 193 194 195 198 200
1173 193 194 195 197 199
1895 196 197 198 200
1294 195 197 198 199
1135 196 198 199
1196 200
1895 199 200
1428 199 200
1931
1671
