200	10	200	10
-4	25	22
-4	27	24
-1	37	18
-3	10	18
-5	20	17
-4	9	19
-4	32	18
-3	17	17
-4	5	21
-3	21	26
53 2 3 4 5 6 7 9 11 12 14 15 16 18 19 22 27 28 31 32 33 37 38 39 40 41 44 45 46 47 49 50 51 52 54 57 60 61 62 63 66 69 72 75 77 78 79 81 82 83 84 85 87 88 89 90 91 92 93 94 97 98 101 102 105 106 110 111 113 114 121 122 124 125 126 128 129 130 131 132 133 135 136 138 139 141 143 144 146 148 149 151 152 153 156 158 159 160 161 162 163 168 169 170 173 174 175 177 179 180 181 186 187 188 190 193 195 196 197 199 200
7 3 4 5 7 8 9 10 12 13 14 15 16 17 18 20 21 22 24 27 28 29 30 31 36 37 38 42 43 44 45 46 47 48 49 50 53 57 58 59 60 61 64 65 67 68 74 75 76 77 78 79 83 84 85 87 88 89 95 101 103 104 106 107 110 111 112 114 121 122 125 127 129 130 131 132 134 136 137 138 139 141 145 146 147 149 150 151 152 155 159 162 165 166 167 169 171 173 176 177 179 181 183 185 186 187 188 191 195 197 198 199 200
41 4 5 9 10 13 16 17 18 19 22 27 30 31 33 34 35 36 37 38 39 43 44 45 47 48 49 51 54 55 56 57 59 61 65 67 68 71 74 75 77 78 79 80 81 82 83 86 87 88 89 90 91 93 94 95 96 97 98 99 101 102 103 106 109 110 113 115 116 117 118 120 123 124 125 127 130 133 134 135 136 137 138 139 141 142 144 148 149 150 151 152 153 154 156 157 159 161 165 166 167 169 170 171 173 176 178 179 180 181 184 185 188 189 192 195 196 198 200
48 6 9 10 11 13 15 16 17 18 19 20 21 22 23 27 28 30 32 34 37 38 40 43 45 47 49 50 51 52 53 54 55 57 58 59 62 63 64 65 66 68 72 75 76 77 78 80 83 84 85 87 88 91 94 98 102 103 104 105 106 107 112 114 116 118 119 120 121 122 127 128 129 132 135 136 138 139 140 141 142 143 144 147 148 153 154 160 161 163 165 170 173 174 175 177 179 180 183 186 187 188 189 191 193 194 195 197 198 199
8 7 9 11 15 16 17 18 20 22 26 28 32 35 36 37 38 39 40 41 42 43 44 47 49 50 51 52 53 55 56 59 60 61 64 66 69 71 72 73 74 76 79 83 85 86 87 89 90 92 93 94 95 96 97 98 99 101 103 104 105 106 107 108 111 112 113 116 118 122 123 126 127 128 130 134 135 137 138 139 141 146 148 152 153 155 156 157 159 160 161 162 164 167 168 169 171 172 173 174 175 177 180 181 186 187 188 189 190 191 192 193 194 195 196 198 199
45 7 8 9 11 13 14 16 19 21 23 25 27 31 32 33 34 35 36 37 39 41 42 43 44 45 46 48 52 53 54 55 58 60 63 65 66 70 71 72 75 76 80 81 88 90 92 93 94 97 98 101 102 103 104 106 107 111 112 113 115 116 117 119 120 121 124 125 126 128 129 133 134 136 137 138 139 140 141 143 145 146 147 148 149 150 152 153 157 159 162 164 167 169 170 172 176 177 178 181 184 186 187 189 192 196 197 198 200
36 8 9 10 11 12 13 19 21 22 24 25 26 29 30 31 32 36 37 39 41 42 43 44 46 48 50 51 52 56 57 58 60 61 62 63 64 67 68 69 70 72 73 76 77 79 80 81 82 83 84 85 87 90 91 93 95 96 97 99 100 101 102 109 110 111 112 114 116 118 121 122 124 125 127 129 130 131 134 137 138 139 142 143 146 149 152 153 154 155 156 158 159 164 165 170 171 172 175 176 181 183 184 185 186 188 192 193 196 198 199
34 9 11 14 15 16 18 19 20 22 24 25 26 27 29 32 33 37 38 39 41 42 43 44 47 48 49 50 51 52 55 56 58 59 60 61 62 63 68 69 72 73 74 75 76 77 78 79 80 81 83 84 85 86 88 90 93 96 97 98 99 102 103 104 105 106 107 108 109 110 111 112 118 119 120 122 123 124 125 127 130 132 136 138 143 145 148 149 150 151 152 155 156 158 159 160 161 164 165 166 168 169 170 171 172 174 175 177 180 181 182 183 184 185 186 187 191 192 193 195 196 198 199
52 10 11 14 15 16 17 18 19 20 21 22 23 24 25 28 29 30 31 32 34 35 37 41 43 44 45 46 47 48 49 50 51 52 54 59 60 61 62 63 64 65 66 67 69 70 72 74 78 81 82 84 85 89 90 91 92 98 100 101 104 106 108 109 110 111 115 116 117 120 121 122 123 124 126 127 129 132 133 134 135 137 138 139 140 143 145 146 149 153 154 155 156 157 158 159 161 162 163 165 169 170 171 172 173 175 176 178 179 183 184 186 187 189 191 195 196 197 198 199
31 12 13 15 17 18 19 21 22 23 24 25 27 30 32 33 35 36 39 41 44 45 46 49 51 53 57 58 59 61 62 63 65 67 68 70 73 76 77 79 81 84 85 86 87 89 90 91 94 95 96 99 100 102 104 106 108 109 110 111 112 116 117 118 119 122 123 125 126 128 131 132 133 134 135 136 140 141 142 144 145 146 148 149 152 154 155 156 157 158 159 160 161 163 164 165 166 169 171 172 175 176 188 189 190 191 194 195 196 197 199
36 12 14 16 17 19 20 21 23 24 27 28 30 31 33 34 35 36 37 39 42 43 51 52 53 54 56 57 58 59 62 63 65 69 70 71 72 74 75 78 79 80 82 83 84 85 87 90 91 92 94 95 96 98 100 101 102 103 107 108 110 113 114 115 116 118 121 123 124 129 130 132 134 135 136 137 140 141 143 144 146 147 149 150 154 156 157 158 159 162 163 164 165 166 168 169 170 172 173 174 176 177 178 181 182 183 184 185 187 188 189 190 191 194 195 196 197 198 199 200
12 13 16 18 19 20 23 24 25 27 28 29 30 32 33 34 36 37 38 39 40 42 43 44 46 47 50 51 52 53 55 60 62 63 65 66 67 68 69 70 72 74 76 77 78 79 85 86 88 91 92 93 95 96 97 99 101 103 105 106 107 108 110 111 112 113 114 117 120 123 124 125 126 127 129 131 132 133 135 136 137 138 139 141 143 144 146 147 148 149 150 151 152 153 155 157 163 165 166 167 168 169 170 173 177 178 181 183 184 185 186 187 189 190 191 192 193 196 197 198 199 200
58 14 15 17 18 20 21 23 24 26 27 32 36 38 43 46 47 48 49 50 54 55 56 57 58 59 61 62 63 65 66 67 69 70 71 72 74 75 76 77 79 80 81 82 85 87 89 90 92 93 96 97 98 99 100 102 103 104 106 108 109 110 111 113 114 116 117 120 122 124 125 126 127 129 130 131 133 135 138 140 142 143 144 147 148 150 151 153 154 155 156 157 159 160 162 163 164 165 166 167 169 170 171 173 174 175 177 178 180 183 184 186 189 191 193 194 197 198 199 200
33 16 17 21 22 23 24 25 26 29 30 32 33 35 36 39 41 44 45 46 47 48 49 52 53 54 56 59 66 67 68 69 72 73 77 78 80 82 83 84 85 86 89 91 93 96 97 99 100 101 104 105 106 111 113 114 115 117 118 119 120 121 123 124 125 127 129 130 132 133 134 139 140 141 143 144 146 148 150 151 152 153 157 158 161 163 165 166 167 174 176 177 179 182 183 184 185 188 190 192 194 195 197 200
15 16 18 20 24 26 27 29 30 35 36 37 38 39 44 48 50 52 55 56 59 60 61 62 63 66 67 70 71 73 75 76 77 78 79 80 81 82 84 85 86 88 91 92 94 95 96 97 98 100 101 102 103 104 105 106 108 109 111 112 113 115 117 119 120 122 124 129 130 132 133 134 135 136 137 138 140 144 146 147 149 150 151 154 156 157 158 159 160 161 163 164 167 170 171 172 175 176 177 179 182 183 184 186 190 191 192 194 195 196 198 199 200
47 18 21 22 23 24 25 26 27 29 30 31 32 39 40 42 44 45 46 47 51 52 55 56 57 58 59 60 61 62 63 64 66 69 71 73 74 75 85 86 88 89 90 92 93 94 95 96 98 99 100 102 105 106 107 108 109 110 111 113 114 115 116 117 118 120 121 122 123 125 129 130 132 133 134 135 140 142 145 147 148 151 154 155 159 160 162 164 167 168 172 176 177 180 182 183 185 186 187 189 190 192 193 194 195 196 197 198 200
54 18 22 23 24 27 33 36 37 38 39 40 41 42 44 45 46 47 48 49 51 52 53 56 57 59 60 61 64 68 70 71 72 73 75 76 77 78 79 80 81 82 83 84 87 89 90 92 93 94 95 96 98 102 103 106 107 110 111 112 113 114 115 117 118 119 121 122 123 124 127 129 130 131 133 136 137 138 140 144 146 148 149 154 157 159 161 162 163 164 165 168 173 174 175 178 180 181 182 183 184 185 187 189 191 193 195 196 197
4 20 22 23 25 26 27 28 29 30 31 33 35 36 39 41 42 43 44 45 48 49 52 53 56 57 58 63 64 70 71 72 76 77 78 79 80 81 83 86 88 90 91 92 95 96 100 102 108 109 110 111 112 115 117 118 119 120 122 123 124 125 126 128 129 130 133 135 137 138 139 140 142 144 145 147 148 149 152 153 154 155 156 157 158 161 162 164 165 167 169 170 171 172 173 174 175 180 183 185 188 189 191 192 193 195 197
15 20 22 24 25 29 31 32 33 35 36 37 38 39 41 42 43 44 45 48 49 51 52 53 54 55 57 58 61 63 64 65 66 67 68 69 70 72 74 77 78 80 84 85 86 87 88 89 93 96 97 102 103 106 107 108 109 110 111 112 114 115 117 118 121 122 123 128 129 130 132 133 134 136 137 138 139 143 145 147 148 150 151 153 154 155 156 157 159 160 161 162 167 168 169 170 171 172 176 177 178 180 181 182 183 184 186 191 192 193 194 195 196 197 200
56 22 23 24 25 26 28 29 30 33 37 38 39 40 43 44 47 48 54 57 58 59 60 61 62 63 64 65 66 68 70 71 73 74 76 77 79 80 81 82 83 84 89 90 91 93 96 98 99 103 105 107 108 109 111 112 113 115 116 117 119 120 125 126 127 128 131 132 133 134 135 138 140 141 142 143 144 146 147 149 151 153 154 155 156 157 160 162 163 164 166 167 168 170 171 177 179 180 182 183 185 189 191 192 193 194 195 196 198 199
10 22 23 24 26 27 28 29 31 33 34 37 38 39 40 41 43 44 47 48 49 50 51 53 54 58 62 64 66 67 68 70 71 72 73 75 76 77 79 80 81 82 83 85 95 96 97 98 100 101 102 103 104 105 106 107 108 109 111 112 116 118 119 120 121 122 123 125 126 127 128 129 132 133 134 135 136 137 140 142 143 144 146 147 148 149 152 153 154 157 158 159 160 162 163 165 166 172 173 174 175 176 177 178 179 180 183 184 185 186 188 190 192 195 196 197 198
19 23 24 25 27 29 30 32 33 34 37 38 39 40 41 43 44 45 48 49 50 51 55 57 60 61 62 64 66 67 68 69 70 72 73 75 76 77 79 80 81 82 83 84 85 90 93 96 97 102 103 104 106 107 108 116 117 118 120 121 122 123 124 126 127 128 129 130 132 138 140 141 142 146 147 154 155 157 159 161 162 164 165 166 167 169 171 172 173 175 176 178 179 180 181 182 184 185 186 187 189 190 191 192 193 195 199 200
41 24 26 29 31 32 33 34 35 37 38 39 40 41 42 43 45 47 48 49 50 52 53 57 58 59 62 63 65 68 69 71 72 74 75 76 77 78 80 83 85 86 90 91 92 93 94 96 98 99 103 106 107 108 110 111 113 118 119 120 121 122 123 124 125 127 128 129 130 132 133 134 136 137 140 141 143 145 146 150 151 152 153 155 157 159 160 161 163 164 168 169 170 171 172 173 175 178 180 181 182 183 184 185 186 187 188 189 191 192 193 195 196 198 199 200
48 26 28 35 39 42 45 46 47 48 49 50 52 53 56 57 59 60 61 62 66 67 68 69 71 72 74 75 77 79 80 81 82 83 84 87 88 90 91 92 93 99 102 104 105 106 107 108 109 110 113 115 116 117 119 120 122 124 126 127 130 131 132 135 136 137 138 139 140 141 142 143 144 145 146 147 150 151 155 156 157 158 159 160 161 162 163 165 167 169 170 171 172 174 179 181 182 185 186 187 188 189 192 193 194 195 198
59 26 28 29 31 33 34 41 42 43 45 46 47 51 52 54 56 60 61 63 64 65 68 70 73 75 78 79 80 82 85 86 88 89 90 92 93 96 97 98 100 101 102 104 105 107 108 109 110 111 113 114 116 118 120 121 123 125 128 130 131 132 133 134 136 137 138 139 141 145 146 147 148 149 150 152 153 154 162 163 164 165 166 167 168 171 172 173 174 176 180 181 182 183 184 185 189 190 191 192 194 195 196 197 198 199 200
14 27 28 32 33 35 36 39 40 42 44 48 50 51 52 53 54 56 58 59 61 64 65 67 68 70 73 74 75 76 77 79 81 82 84 86 87 90 91 92 93 94 95 96 97 99 100 101 102 103 104 106 108 109 111 113 114 115 116 117 118 119 120 125 126 127 128 129 132 134 135 138 144 145 146 147 148 149 151 154 155 157 158 160 163 164 165 166 167 168 171 173 174 176 178 181 183 186 187 190 192 193 194 195 196 197 198
7 28 29 30 31 32 33 34 36 37 40 41 42 43 44 45 48 49 54 55 56 57 58 60 61 62 63 65 66 68 69 70 71 72 73 75 81 82 83 84 90 91 92 94 96 97 98 99 100 101 103 104 105 106 108 109 110 111 112 113 114 115 116 117 119 121 122 123 125 126 127 128 131 132 137 138 139 142 143 146 148 150 151 153 155 156 157 161 164 166 167 169 170 171 172 173 174 175 176 178 179 180 182 183 184 185 188 190 191 193 194 195 196 200
21 30 31 32 36 37 38 39 40 42 44 45 47 51 52 56 58 61 62 63 64 65 66 67 68 69 71 72 74 75 76 77 78 82 83 84 85 87 88 89 90 91 94 95 96 97 98 99 100 102 103 104 106 107 109 110 111 112 113 114 115 117 118 119 120 121 123 125 126 128 129 131 132 135 136 137 139 140 141 142 144 145 146 148 149 151 153 154 155 157 159 160 161 162 163 166 167 168 169 175 176 179 180 183 184 185 186 190 191 194 196 197 198 199
37 31 34 44 45 47 49 50 52 53 55 56 57 58 60 61 64 66 67 69 72 73 74 75 76 77 78 83 84 85 86 88 89 91 92 93 94 96 97 99 101 102 104 105 106 107 110 113 114 115 117 118 120 121 122 124 126 127 129 130 131 133 135 137 138 140 144 145 146 148 149 150 151 154 158 159 160 162 163 164 166 167 171 172 173 174 175 176 177 180 181 183 184 187 188 189 192 193 194 195 196 197 198
7 33 35 36 37 39 40 41 42 44 45 46 48 49 50 52 54 55 56 58 59 61 62 65 67 68 69 70 74 77 78 79 83 86 87 89 90 92 93 94 96 99 101 102 103 104 105 106 107 109 111 112 113 114 115 117 118 120 123 124 127 131 133 137 140 141 144 145 146 149 150 151 152 153 154 157 158 160 161 164 165 166 167 168 169 170 171 172 174 177 178 179 180 181 182 183 185 186 187 189 192 193 194 195 196 197 198 200
59 32 33 37 40 43 44 45 48 50 51 53 59 61 66 67 68 71 74 75 76 77 78 79 80 81 84 85 86 88 89 90 91 92 93 94 96 102 103 104 105 106 108 109 112 113 116 118 121 123 124 126 127 128 129 130 131 133 135 137 138 139 141 143 144 147 148 149 150 151 152 155 157 158 165 166 167 169 170 172 173 175 178 180 181 183 187 188 191 192 196 197 198 199 200
33 34 37 39 40 44 46 47 48 49 50 51 53 54 55 56 57 58 60 61 62 64 69 70 72 73 74 76 77 78 80 82 83 84 85 86 88 89 91 92 93 97 98 99 100 101 103 105 107 109 110 117 118 121 123 124 125 127 131 134 135 137 138 139 145 148 150 151 152 153 154 156 158 159 160 161 164 166 168 169 170 175 176 179 180 181 183 186 191 192 195 196 198 199
3 35 36 38 39 40 41 42 43 45 46 47 48 49 52 53 54 55 57 60 61 63 66 73 74 76 77 78 83 87 88 89 92 93 95 96 100 101 102 105 106 107 109 110 112 113 114 117 118 120 121 123 124 125 126 127 128 129 130 131 132 133 137 138 141 142 143 145 149 150 151 152 157 158 159 160 162 163 164 165 166 168 171 172 173 174 176 177 178 180 181 183 184 185 188 190 193 194 195 199 200
42 36 38 40 41 47 48 49 50 51 53 54 55 58 60 61 62 63 65 66 67 68 69 70 71 72 74 75 76 78 82 83 84 85 86 88 89 90 94 98 100 103 104 106 108 109 110 111 113 114 116 117 118 121 122 123 124 125 127 129 130 131 132 134 135 136 138 139 140 141 142 148 152 155 157 158 159 160 161 162 163 168 169 171 172 173 175 179 180 181 184 186 187 190 191 193 195 198
4 38 41 44 45 46 49 50 52 53 54 55 56 57 62 63 64 66 67 68 69 71 72 73 74 75 79 81 82 85 88 91 92 93 96 97 98 99 100 102 104 106 107 109 110 113 115 117 119 120 121 122 123 124 125 128 129 130 131 132 133 138 139 140 141 142 144 147 148 149 151 153 154 155 156 157 158 159 160 161 162 165 166 167 169 170 171 172 173 174 176 177 180 183 187 191 192 194 195 196 197 198 199 200
32 37 38 39 41 42 43 44 45 46 47 49 50 52 53 54 57 58 60 61 62 64 65 67 70 71 72 73 74 75 77 80 83 86 88 89 90 91 92 95 96 97 98 99 105 106 107 109 113 114 117 119 120 121 122 125 126 130 131 132 134 135 136 137 138 139 140 142 143 144 145 146 148 149 151 153 155 156 157 160 161 164 165 166 167 168 170 174 177 178 179 180 181 182 183 184 185 189 190 191 192 193 194 195 196 197 198
55 41 43 44 45 46 48 49 53 55 56 58 59 61 62 64 66 67 69 73 75 78 80 84 87 88 91 93 97 99 102 103 105 106 107 108 109 110 111 112 113 114 117 118 119 120 121 123 124 125 126 128 129 130 133 136 137 138 139 141 142 143 144 147 148 150 151 153 154 155 158 159 164 165 168 169 172 173 174 175 176 179 180 181 182 184 188 190 192 194 195 196 197 199 200
40 43 44 45 47 49 54 58 59 62 63 64 65 70 71 72 73 74 75 80 81 84 85 86 87 88 89 92 93 97 100 101 103 104 106 107 108 109 110 112 113 115 116 117 119 120 122 123 125 127 129 130 131 132 133 134 135 137 138 142 143 144 145 147 150 151 153 155 159 164 166 167 168 171 172 173 177 178 179 180 181 182 184 185 186 188 191 194 195 197 198 200
23 40 41 42 43 45 46 48 49 50 52 53 54 55 56 57 59 62 64 67 69 70 73 74 75 79 80 87 89 91 93 95 97 98 99 100 107 108 109 110 111 113 114 115 117 119 120 122 123 124 125 126 127 129 131 132 133 134 136 139 140 141 143 144 145 146 147 148 149 151 153 155 156 160 161 162 163 164 165 166 167 169 170 171 172 173 176 177 178 179 181 184 187 188 191 192 197 198 199
2 41 42 43 47 48 49 53 54 55 56 57 58 59 61 62 63 65 66 67 69 74 75 76 79 82 84 87 88 90 91 92 93 95 96 97 99 106 107 109 112 113 116 117 118 119 120 122 124 125 126 127 128 129 131 132 133 135 137 138 139 140 141 142 145 147 148 149 150 156 157 158 159 160 161 166 167 168 170 171 172 173 174 176 177 180 181 182 184 189 191 194 196 197 198 199 200
55 45 46 48 49 50 54 55 58 59 60 61 68 69 70 71 72 73 74 75 76 77 80 81 83 87 88 90 91 92 93 94 95 96 97 98 99 101 103 104 108 112 113 114 117 121 122 124 125 126 127 128 129 131 132 133 134 135 136 137 138 139 140 141 142 143 146 149 150 151 154 155 157 161 163 164 165 166 167 169 171 172 176 179 180 181 182 184 186 187 188 190 191 192 193 194 196 197 198 199
14 44 46 48 53 55 56 57 59 62 63 65 66 67 69 71 72 75 77 79 80 82 84 86 88 90 91 92 94 95 98 99 100 103 105 107 109 113 114 115 116 117 119 122 123 124 125 129 132 134 135 136 137 139 140 141 142 143 144 145 147 148 149 155 159 161 162 165 168 169 170 171 172 174 175 177 178 179 181 183 184 185 187 188 189 190 191 194 196 197 198
40 44 47 49 50 51 52 53 54 56 57 58 59 60 61 63 65 66 67 68 70 72 73 78 79 80 82 85 86 88 89 90 94 95 96 97 98 100 103 104 105 106 107 109 114 115 117 118 120 121 125 126 129 130 133 134 137 138 139 140 141 144 145 146 149 150 151 152 153 154 156 158 159 160 164 165 166 168 169 170 172 173 174 175 176 180 181 184 186 188 190 192 194 195 196 198 199
3 46 47 53 55 61 62 63 64 65 68 69 72 73 76 78 82 86 88 90 96 97 98 99 100 103 104 105 106 107 108 110 114 115 118 119 122 124 125 126 129 131 132 133 134 138 139 140 141 143 146 148 149 151 152 155 156 157 158 159 160 163 165 166 171 173 174 175 176 178 185 186 187 190 195 196 198 199
57 47 50 51 52 53 54 57 58 59 61 62 63 65 66 67 68 69 71 72 73 76 77 78 80 81 82 84 87 88 91 92 98 103 105 107 109 110 115 116 119 121 122 124 125 126 128 130 132 133 134 136 137 138 140 142 143 145 146 147 149 150 151 152 153 154 157 158 160 162 163 164 165 166 167 168 170 173 178 180 181 183 186 188 191 193 195 196 197 198 200
23 47 48 50 51 54 56 58 62 63 64 65 69 70 71 72 73 76 79 80 81 82 83 85 86 87 88 91 92 98 99 101 102 103 107 110 111 114 115 118 119 120 123 124 126 127 128 129 130 131 135 136 138 140 141 142 143 147 148 150 152 154 156 157 160 161 162 164 166 167 168 169 170 172 173 174 175 176 177 179 183 185 186 187 189 193 197 198 199 200
20 48 50 53 58 59 60 62 65 66 67 68 70 71 72 73 74 76 78 79 80 82 83 84 85 87 88 89 91 93 97 98 99 101 102 104 105 107 109 111 112 113 115 116 121 123 124 126 127 128 130 131 132 134 137 139 140 141 142 143 144 150 152 157 158 159 161 164 165 166 167 168 169 170 180 182 183 184 186 187 188 190 191 193 194 195 196 198
50 49 53 54 58 59 65 66 68 70 72 75 77 78 79 80 81 85 87 88 89 90 91 92 93 94 96 100 101 102 104 105 106 107 108 109 112 113 115 117 121 123 124 126 129 131 133 134 137 138 140 143 146 147 152 153 156 157 159 162 163 165 167 169 174 175 176 177 178 180 185 188 189 190 191 192 193 195 196 197 199 200
21 50 51 52 54 55 59 60 62 63 65 69 71 73 74 75 76 78 80 81 83 84 88 90 91 100 101 103 104 105 107 108 111 112 113 114 115 116 117 118 120 121 123 124 126 127 131 132 137 138 139 143 145 147 149 150 151 154 155 156 157 158 159 160 162 163 165 166 169 171 172 173 174 175 179 180 181 182 184 185 186 187 188 189 190 192 194 196 197
53 51 52 55 56 57 58 59 62 63 66 67 68 69 70 71 72 74 78 80 82 83 85 86 87 88 89 90 93 95 96 97 98 99 100 102 103 105 106 107 108 110 111 113 116 119 120 121 122 124 125 126 127 128 130 131 132 133 135 138 139 140 141 142 143 145 147 149 150 151 152 153 154 155 157 158 159 161 162 166 169 170 172 174 177 178 179 181 182 186 187 188 195 199 200
4 52 53 54 58 59 61 62 63 64 65 66 67 68 69 71 72 74 75 76 78 82 85 87 88 90 92 93 96 98 99 101 105 107 108 109 112 113 114 116 118 120 121 123 124 127 128 129 131 133 134 135 136 137 141 143 144 145 146 148 149 150 151 153 154 155 156 158 159 166 168 170 171 173 174 175 183 184 188 189 190 191 192 194 195 196 198 199 200
58 53 54 56 57 59 61 62 64 65 67 69 71 73 75 76 77 78 79 80 81 82 83 84 85 89 90 91 93 94 95 107 108 109 110 112 113 116 117 118 120 122 123 124 127 129 131 132 133 134 135 137 139 140 141 142 143 144 148 149 150 157 158 159 160 161 162 164 165 166 168 169 170 171 172 173 174 176 178 179 180 181 182 184 185 186 188 190 191 192 193 196 197 198 199
4 54 56 59 60 62 64 65 67 71 74 75 76 77 82 83 84 87 88 90 91 95 96 98 99 100 101 105 106 107 108 111 112 114 115 116 117 120 121 122 123 124 125 126 128 130 131 134 135 136 138 140 141 142 143 144 145 146 147 149 150 151 152 153 156 157 159 161 162 163 164 165 168 169 170 171 172 173 174 180 181 182 184 185 188 191 192 193 196 198
23 56 57 58 59 60 63 64 68 69 70 72 73 74 76 79 80 81 82 83 84 86 89 91 96 97 98 99 100 101 102 103 107 111 116 118 119 120 121 122 129 130 131 133 135 138 140 141 143 144 147 151 152 153 154 155 156 158 159 160 161 162 165 166 168 170 173 175 176 177 180 181 182 185 186 187 189 191 192 193 195 197 198 200
56 57 60 61 64 66 70 71 73 74 75 76 79 80 81 83 85 86 88 89 90 91 93 94 95 99 102 103 105 107 108 109 110 113 114 115 117 120 121 122 123 124 125 126 129 131 132 134 135 136 137 139 142 144 145 146 147 150 154 158 159 160 161 162 163 164 165 166 170 171 172 173 175 176 177 178 179 180 181 182 184 186 187 188 189 190 192 193 195 196 197 198 200
56 57 58 59 60 61 64 66 69 71 72 73 74 78 80 82 83 84 85 87 88 89 90 91 92 95 96 97 100 101 102 105 111 112 113 114 115 117 118 120 122 124 125 127 128 129 130 132 133 134 136 137 138 139 140 141 142 145 148 150 153 154 155 156 161 163 164 165 166 167 169 170 172 173 175 176 177 179 182 183 185 186 188 189 191 192 193 195 197 199
23 58 59 60 66 68 69 71 72 73 76 78 79 84 86 87 88 89 90 91 92 93 94 95 97 98 99 100 101 102 103 104 106 107 108 109 110 111 114 115 116 118 121 122 123 125 126 128 130 131 133 135 136 137 138 140 141 142 143 146 147 150 151 152 153 154 155 156 158 161 162 163 165 166 167 168 173 174 175 176 178 179 181 184 186 187 188 189 190 191 192 195 196 199 200
2 59 63 64 65 66 69 70 72 73 74 75 77 78 81 83 84 85 87 88 89 90 92 94 97 98 99 102 104 106 111 114 115 116 117 118 119 120 121 122 124 125 127 128 129 130 131 132 134 135 137 138 141 142 143 145 146 148 149 151 154 156 157 158 159 160 161 162 163 165 166 168 170 172 173 176 177 179 181 184 185 187 188 190 191 192 193 194 195 196 198 199 200
30 60 61 66 67 68 69 74 75 76 77 79 80 82 85 86 87 88 90 91 92 94 95 96 98 105 106 111 112 113 114 115 116 119 122 124 126 128 130 131 132 133 135 136 139 140 141 142 143 145 146 148 149 150 153 155 156 157 158 159 160 161 163 164 165 168 169 170 172 174 177 179 180 181 184 185 187 188 190 191 193 194 195 198 199 200
2 61 67 69 70 71 74 78 79 81 85 87 88 91 94 95 98 99 100 102 103 105 106 108 109 112 113 114 115 116 117 118 119 121 122 123 126 127 128 130 132 136 137 138 140 142 143 144 146 147 148 149 151 152 154 156 157 159 161 162 163 164 165 166 167 168 169 174 175 176 178 179 180 182 183 186 188 189 190 195 196 197 198 200
8 62 63 64 66 68 71 72 74 77 79 80 81 83 85 86 87 88 90 91 92 93 94 97 99 100 102 104 105 106 108 109 110 111 112 113 116 117 119 120 123 124 126 129 131 133 134 136 137 140 141 142 143 145 146 148 149 150 151 153 154 155 158 160 161 162 163 164 165 169 171 174 176 178 179 180 181 182 183 184 186 187 188 190 191 192 196 197 198 199
19 65 67 68 71 72 73 75 76 77 79 81 82 85 88 90 91 94 97 101 102 103 104 105 106 107 109 110 111 112 113 114 116 118 119 122 123 124 125 128 129 130 131 132 134 136 139 140 141 142 143 144 145 146 147 149 151 152 154 155 156 160 161 162 163 164 165 167 170 171 172 173 175 176 178 179 182 184 185 186 187 189 191 192 196 197 199 200
19 64 65 68 70 71 73 74 76 77 79 80 81 82 83 86 87 90 92 94 96 98 100 101 103 104 105 106 107 108 112 113 114 115 117 119 120 122 123 124 125 126 128 130 131 133 134 135 136 137 138 141 142 144 145 148 149 156 157 161 163 166 167 168 169 170 171 172 173 174 175 176 177 178 179 180 181 182 184 185 186 188 191 194 195 196 197 198
11 65 67 68 69 71 72 75 79 80 81 84 85 86 87 88 89 90 91 94 95 96 97 98 100 103 104 105 107 110 111 112 113 116 117 121 123 130 132 133 134 136 137 139 140 141 146 148 152 153 155 156 158 159 160 162 164 165 166 167 168 169 170 174 175 177 178 179 182 187 188 190 191 193 194 196 197 199
34 67 69 70 71 72 73 76 77 78 80 81 84 85 87 93 94 95 96 98 102 105 106 107 108 110 111 113 115 116 117 118 119 121 123 124 125 126 129 130 131 132 133 135 136 137 141 142 144 145 148 149 150 152 153 154 155 157 160 161 163 165 166 167 169 170 171 172 173 174 175 178 179 180 183 184 185 187 188 190 193 194 196 197 198 199
37 68 70 72 73 74 75 76 77 78 79 80 81 83 84 85 86 87 88 89 90 92 93 94 95 98 99 100 101 103 104 105 106 109 110 111 112 113 114 115 116 117 118 119 120 121 122 123 124 125 126 127 129 131 132 133 134 135 136 137 139 141 143 145 146 147 148 151 153 155 156 157 158 159 160 161 162 163 165 166 168 170 171 172 175 176 179 180 181 183 184 185 188 189 190 191 193 195 196 198
53 69 70 71 73 75 79 80 82 85 86 88 91 92 93 94 96 99 101 103 105 107 109 111 112 113 114 115 116 117 121 123 126 128 129 130 131 132 133 134 135 136 138 142 145 146 147 148 149 154 155 156 157 158 159 160 161 165 166 170 172 174 175 177 178 180 181 182 183 185 188 189 190 192 193 195 196 197 198 199
54 69 72 75 76 77 79 81 82 84 85 88 90 91 92 95 96 97 99 100 101 102 104 105 108 109 113 115 116 118 119 120 122 123 127 130 133 134 135 136 137 138 139 142 143 144 146 148 149 154 155 157 160 161 162 164 165 167 169 170 173 175 177 178 180 181 182 184 185 187 189 190 191 192 193 194 195 196 197 198 199
56 70 71 72 74 75 76 78 80 86 87 89 90 92 93 95 97 98 99 100 101 102 103 104 105 106 108 109 110 115 116 117 123 124 125 126 127 128 130 132 133 135 136 137 140 141 142 143 144 147 148 149 150 154 155 156 157 161 162 163 164 166 167 168 169 170 171 172 174 178 179 180 181 186 187 188 190 193 194 195
59 71 74 75 76 77 78 79 82 85 89 90 91 92 93 94 96 97 98 99 100 101 104 108 109 110 113 114 117 119 120 123 124 125 126 128 131 132 135 136 138 139 140 141 144 145 146 147 148 149 150 153 154 158 159 160 163 165 166 169 170 171 172 173 174 176 177 178 180 181 183 187 188 189 190 192 193 196 197 198
17 75 76 77 78 79 81 82 83 84 85 86 87 88 89 91 92 93 94 95 96 100 102 103 105 106 108 109 113 116 117 118 119 121 122 125 126 128 129 130 131 132 135 136 137 138 139 144 145 146 147 148 149 153 154 155 156 157 158 160 163 164 166 167 168 169 170 172 176 177 179 180 182 186 188 189 190 196 197 198 199 200
25 76 77 81 82 83 84 86 87 90 91 96 97 98 100 101 104 107 108 110 114 116 119 120 121 123 124 125 126 127 128 129 131 132 133 134 135 136 137 138 139 141 142 143 144 147 149 151 152 154 155 158 159 160 161 164 165 166 167 168 170 171 172 174 175 176 178 181 182 184 186 188 190 192 195 196 197 199 200
4 74 78 79 80 81 82 86 87 89 90 92 94 97 99 100 101 103 104 108 110 111 112 114 116 117 118 119 120 123 124 125 126 128 129 130 132 134 135 137 142 143 146 147 150 151 154 155 156 157 158 160 161 162 163 165 167 169 173 174 175 176 178 179 181 182 184 186 187 188 189 191 192 193 194 195 196 198 199
40 75 76 78 80 85 86 87 88 90 92 95 96 98 100 103 104 106 107 110 111 112 113 114 115 120 122 123 124 126 127 128 130 131 133 138 140 141 142 143 144 145 147 148 152 153 155 156 158 168 172 176 177 178 180 181 183 184 185 188 190 193 194 195 196 197 200
13 77 79 80 81 82 85 86 90 92 97 98 99 100 102 103 106 107 109 111 114 115 118 119 120 121 123 125 128 129 130 131 133 134 136 137 138 140 141 142 144 145 146 147 148 149 151 152 153 154 155 156 160 161 163 164 166 169 170 172 174 175 176 178 179 182 183 184 185 187 188 191 192 193 194 196
48 77 78 79 80 81 82 83 85 88 89 92 93 94 95 96 98 99 101 103 104 105 107 108 109 110 112 114 115 117 119 122 124 125 126 127 129 131 134 136 138 140 147 148 150 153 154 155 156 158 159 160 161 164 165 167 171 173 174 175 177 178 179 181 183 185 187 190 192 193 194 195 196 199 200
6 78 80 82 84 88 89 90 91 92 95 96 97 98 99 100 101 102 104 105 106 107 108 110 111 112 114 115 116 118 120 121 122 123 128 129 130 131 133 135 138 140 144 146 148 149 152 153 154 155 156 157 158 161 162 163 164 165 167 168 169 170 171 172 176 177 180 181 183 185 187 188 189 191 192 195 196 197 198 199 200
51 79 80 81 82 85 87 88 89 90 91 92 93 94 95 96 97 101 102 103 104 105 106 107 108 113 114 115 117 118 119 120 121 125 127 129 130 131 132 136 137 138 139 140 141 142 144 145 147 149 150 151 152 154 155 157 158 160 162 163 164 165 166 168 169 170 172 174 177 178 179 180 182 184 186 187 189 190 191 192 193 194 195 197 199
50 82 83 84 86 87 88 91 92 95 96 97 98 101 102 103 104 108 109 111 112 114 118 119 120 122 124 126 128 129 130 131 132 134 135 136 138 139 140 141 145 147 150 152 153 154 155 156 157 158 159 161 162 163 165 166 170 172 173 175 176 177 178 179 180 182 183 185 186 187 190 192 193 194 198
16 82 83 85 86 87 88 91 92 93 94 95 98 99 100 102 107 108 110 112 114 115 116 118 119 120 122 123 124 125 129 132 133 134 137 139 140 141 142 143 144 145 147 148 149 150 151 152 153 154 155 156 157 158 161 162 163 164 165 168 169 171 172 173 174 175 176 178 179 180 181 183 185 186 187 189 193 194 195 196 198 199
57 82 83 85 86 87 88 90 91 92 95 97 98 99 100 101 102 104 105 109 111 112 117 118 120 121 123 125 126 129 131 132 133 134 135 137 138 140 142 144 145 146 148 149 150 152 153 154 157 158 161 164 165 166 167 169 170 173 174 175 176 178 180 185 186 187 188 189 190 192 193 194 195 196 197 198 199 200
26 83 85 86 87 88 90 91 93 97 100 102 104 106 109 110 111 112 116 117 118 121 122 123 124 128 130 135 136 140 142 143 149 151 152 155 156 158 160 162 163 164 167 168 169 173 175 179 180 181 183 184 185 186 187 188 189 191 195 198 199 200
60 85 86 87 88 89 92 93 95 98 99 100 101 102 103 107 109 110 111 112 113 117 119 121 122 123 125 126 131 132 133 136 137 138 139 141 143 147 148 149 150 151 152 155 156 157 160 161 162 163 164 165 168 169 170 171 172 173 174 176 178 181 182 183 184 185 186 187 188 190 191 194 196 197 199 200
13 85 87 88 89 93 94 96 97 99 101 102 104 105 106 107 108 109 110 111 112 114 115 116 117 118 119 120 121 123 124 126 128 130 132 133 135 137 140 141 143 146 148 149 152 155 156 157 158 159 164 166 167 169 170 172 173 174 177 178 180 183 184 188 190 191 193 194 195 197 198
32 86 87 88 89 91 92 95 97 98 100 102 103 105 106 108 109 112 114 115 116 117 118 119 120 121 122 123 124 125 126 127 128 130 133 134 135 138 139 141 142 146 148 149 151 153 154 157 158 159 160 161 162 166 167 168 170 172 173 175 176 178 180 181 182 183 184 186 188 189 190 192 194 196 197 198 200
30 88 89 90 91 93 96 98 99 100 102 103 104 105 106 107 108 109 111 112 113 114 115 116 119 120 121 124 127 128 130 131 132 133 136 138 140 142 144 145 146 147 148 151 152 155 156 157 159 160 161 162 163 167 168 169 170 171 172 174 179 183 187 188 189 191 194 195 197 198 199 200
9 88 89 91 93 99 101 102 103 111 112 115 116 117 119 121 122 123 124 125 126 128 129 130 131 134 135 137 138 139 142 143 144 145 147 148 149 151 152 153 154 155 156 158 159 162 165 166 167 169 170 171 172 179 181 183 184 185 187 188 189 190 192 197 198 199 200
6 90 91 93 95 96 97 98 99 100 101 104 105 106 107 111 113 114 115 117 118 119 121 122 123 124 125 126 128 129 130 131 132 133 134 135 136 139 141 142 143 148 150 151 153 154 155 156 157 158 159 160 162 163 164 166 168 171 172 173 174 177 178 179 180 181 182 185 187 188 189 191 192 193 195 200
24 90 91 92 95 97 101 104 106 107 109 110 111 112 113 114 116 120 122 123 124 126 129 130 132 133 135 136 138 141 142 143 144 147 148 149 150 151 152 153 156 157 158 160 161 162 165 167 170 172 173 175 178 179 180 181 182 185 186 189 196 197 199 200
24 91 92 93 94 95 97 98 99 104 105 106 107 110 111 112 113 114 115 117 119 120 121 122 125 126 127 129 130 131 133 134 140 141 144 147 148 151 154 157 158 159 160 164 165 166 167 169 170 171 175 176 177 180 181 182 184 185 186 188 191 193 194 195 198 199
43 92 93 94 96 97 98 99 100 101 102 107 108 110 114 118 123 124 125 127 128 130 133 134 136 139 140 142 143 145 146 147 149 152 153 155 156 157 158 159 161 164 166 169 170 172 173 174 175 178 179 180 181 184 185 186 187 188 189 190 191 192 193 194 195 196 197
11 93 95 98 99 100 101 102 103 104 107 108 110 114 116 117 118 120 121 123 125 126 127 128 130 132 133 135 136 141 142 145 146 148 149 150 151 152 154 155 156 158 160 162 163 164 166 170 172 173 174 175 176 179 181 182 183 184 185 186 187 189 191 192 193 194 196 197 199
10 94 96 97 98 99 101 102 103 105 107 110 112 115 116 117 119 120 121 122 123 124 128 130 131 136 138 139 140 144 147 148 149 151 152 153 154 157 159 160 161 162 165 166 167 168 169 170 171 172 173 174 177 178 179 182 185 187 188 190 191 195 196 198 199 200
26 95 98 100 101 104 107 108 109 112 113 115 117 119 120 121 122 124 125 127 128 130 131 133 136 137 138 139 140 142 143 145 146 147 150 153 157 159 160 163 164 166 167 170 171 172 173 175 177 178 179 182 183 185 187 188 190 191 193 194 199 200
46 96 97 98 99 100 101 104 106 107 109 111 112 116 117 119 120 123 124 126 127 129 132 135 136 137 141 142 144 145 146 147 148 150 151 153 157 158 160 162 163 165 167 168 170 172 173 177 178 179 180 182 184 186 187 190 191 192 193 194 195 196 197 198 199
19 99 100 101 102 104 105 106 107 108 110 112 114 116 117 119 124 127 128 129 130 134 137 138 139 141 142 143 145 146 149 150 152 153 155 159 161 162 163 164 165 166 167 169 170 171 172 173 174 177 179 180 181 182 183 184 185 186 187 188 191 193 195 197 198 200
60 98 99 101 102 104 106 109 111 112 114 115 116 117 119 120 122 125 126 127 128 130 132 133 134 136 138 141 142 143 145 146 149 151 153 154 155 156 157 158 159 162 163 164 165 166 167 168 169 171 172 173 174 176 177 180 181 182 183 184 185 187 189 191 194 195 198 199 200
10 99 100 101 102 103 108 109 111 113 114 115 117 118 119 120 125 128 130 132 135 137 140 141 143 145 146 147 148 149 152 153 154 157 161 164 166 168 171 172 173 174 175 177 178 181 183 187 188 189 191 193 194 195 196 198
37 100 102 103 105 107 109 113 115 116 117 119 120 121 124 125 126 127 129 130 131 132 134 135 136 137 138 144 145 147 149 150 152 153 154 156 157 158 159 160 162 163 164 165 166 167 168 170 171 172 178 180 183 184 187 188 189 190 192 194 195 198 199
32 101 102 104 107 108 110 111 112 113 114 115 116 118 119 120 124 128 130 133 136 137 139 140 141 142 143 147 148 149 150 151 152 154 155 156 159 160 161 162 167 169 170 171 174 175 176 177 178 180 182 184 185 186 188 189 190 191 192 195 196
29 102 103 106 107 108 110 112 113 114 115 116 117 118 119 120 121 123 124 125 126 127 128 129 130 132 134 136 137 138 139 142 143 147 148 150 151 152 153 154 156 157 159 160 161 163 165 166 169 170 172 175 176 177 178 180 181 182 183 188 189 190 191 193 197 199
41 107 109 110 112 113 115 116 117 118 119 120 121 125 127 128 131 133 134 135 137 140 142 143 144 145 148 149 151 154 155 157 160 161 162 163 166 168 170 173 175 178 182 183 184 186 187 188 189 191 192 193 194 195 196 197 200
17 104 105 106 107 108 109 112 113 114 118 119 120 121 122 123 124 128 131 132 133 136 137 138 143 144 145 146 147 148 154 156 157 160 161 162 163 164 165 166 168 170 171 173 174 175 178 180 181 183 185 187 188 190 191 192 193 195 197 198 200
47 106 107 109 111 112 115 116 119 121 122 124 125 126 129 130 133 135 140 141 142 143 144 146 147 149 150 153 155 156 157 159 161 162 163 164 166 167 169 170 172 173 174 175 176 177 180 181 183 185 187 188 189 190 191 192 194 196 197 198 199 200
58 109 110 113 116 119 120 122 123 125 128 130 131 133 136 138 139 140 142 143 144 148 151 152 153 155 156 157 159 160 162 163 164 165 166 169 170 171 172 173 174 179 180 183 184 185 186 187 188 190 192 193 196 197 199
54 107 108 111 114 115 116 123 126 130 131 132 135 137 138 139 141 142 148 149 151 152 155 156 158 159 160 161 164 166 167 170 171 172 173 176 177 178 181 182 185 187 191 197 198 200
7 108 109 111 112 114 115 117 118 119 120 122 123 124 125 127 128 129 130 132 133 134 136 139 142 143 146 151 152 153 154 156 160 161 162 164 169 170 171 174 175 176 179 180 181 182 184 185 186 188 190 191 192 193 194 197
41 109 111 112 113 114 115 116 117 118 119 121 122 123 124 125 127 128 129 130 131 133 134 137 139 141 142 143 144 145 146 147 148 150 155 157 158 159 161 162 163 164 167 171 174 175 176 177 178 182 183 184 186 187 188 189 190 191 192 193 194 196 197 198 200
56 110 112 113 115 116 117 118 119 120 123 124 125 126 127 128 129 130 133 134 138 143 144 145 146 147 148 150 152 154 155 156 157 159 160 161 162 163 164 165 166 168 170 171 173 175 176 178 181 183 184 186 188 189 191 192 193 194 195 196 197 199 200
55 111 113 114 115 116 117 121 125 126 130 132 133 134 136 137 139 140 141 144 146 149 150 152 153 157 158 161 162 163 164 166 167 168 169 170 171 172 174 175 176 178 179 181 182 184 185 186 187 188 189 190 191 193 195 196 198 199 200
26 112 113 114 115 117 121 123 125 126 128 129 130 136 140 141 142 145 147 148 149 152 153 154 157 158 159 160 163 164 166 167 169 170 172 174 176 178 180 187 188 189 190 191 196 200
39 114 115 116 117 118 122 125 126 129 131 132 133 136 137 142 143 144 149 151 152 155 158 159 160 161 162 163 165 166 171 173 174 176 178 179 181 182 183 184 187 188 191 192 193 195 196 197 198 200
12 114 116 117 118 121 125 126 127 129 130 131 132 133 134 135 138 139 140 142 145 148 149 150 151 152 154 156 157 158 160 161 163 164 166 168 169 170 173 175 176 177 179 182 183 184 186 187 189 190 191 192 194 196 197 198 199 200
21 115 117 118 123 124 125 126 131 132 133 136 137 139 140 142 143 145 148 149 150 151 152 154 155 156 158 159 160 161 163 164 165 166 167 169 170 171 172 175 178 179 180 181 185 186 188 189 191 193 194 196 199
9 118 119 120 121 124 128 130 131 133 134 136 137 140 143 144 145 149 150 152 153 154 156 157 158 161 162 164 165 168 172 173 174 175 178 179 180 181 183 184 186 188 190 191 192 193 194 196 198
25 118 119 120 121 122 123 126 127 128 129 132 135 144 145 146 150 151 152 153 155 158 160 161 162 163 164 166 167 169 170 171 172 176 178 179 182 185 186 187 188 189 190 191 194 195 196 197 200
23 119 123 124 125 126 127 129 130 133 139 143 145 146 147 148 149 151 152 154 155 156 158 161 163 165 167 168 169 170 172 173 176 180 181 182 184 185 186 187 190 191 192 193 194 197 199
47 119 122 123 124 125 127 128 129 131 132 134 135 136 138 139 140 143 146 148 150 154 155 157 158 159 160 162 165 166 170 171 172 174 175 176 178 179 180 182 187 188 190 193 195 198 199 200
47 120 122 124 129 133 134 135 136 139 141 143 144 145 147 148 149 150 151 154 156 159 160 162 164 166 167 169 170 171 172 173 174 175 176 178 179 180 181 182 183 184 185 186 187 190 191 192 193 195 196 197 198 199
22 121 122 124 125 126 127 129 130 131 132 135 137 139 140 141 144 146 148 149 150 152 157 158 159 160 163 164 167 168 169 172 173 174 179 180 181 184 185 187 190 191 192 195 196 197 200
55 122 123 124 125 129 130 131 133 134 136 137 138 139 140 141 144 146 147 148 151 152 153 154 156 157 159 161 162 163 164 165 166 168 174 175 177 179 181 185 187 188 190 191 194 195 196 197 200
39 123 124 125 127 128 129 130 132 133 134 135 136 137 138 139 141 148 151 153 154 155 157 158 160 161 162 163 165 166 169 170 171 172 173 175 177 179 182 183 185 186 189 190 192 193 195 196 198 199
54 124 125 128 129 130 131 132 133 135 136 137 138 139 140 141 146 147 148 150 152 153 154 156 157 158 159 161 162 164 167 168 170 171 176 177 178 182 183 184 185 186 187 190 191 193 194 195 198
7 125 126 130 131 132 133 135 136 137 138 139 140 143 146 147 148 150 152 154 155 157 159 160 161 163 167 168 169 170 171 172 173 176 179 180 183 184 185 186 187 188 189 190 191 192 194 196 197 200
41 127 128 129 132 134 138 140 144 145 147 149 151 152 153 154 157 158 159 162 163 166 168 170 171 172 173 174 176 178 179 181 182 183 184 187 188 189 190 192 193 195 196
13 128 129 135 137 139 140 142 146 147 148 151 152 153 154 157 158 159 160 161 162 163 164 167 168 169 172 173 175 176 177 179 181 182 183 184 188 190 192 193 194 196 197 198 199
14 128 131 132 133 134 137 138 139 141 142 144 145 146 147 148 149 150 152 153 155 157 159 160 162 164 166 167 168 169 170 171 172 173 175 177 178 181 184 185 186 187 188 190 192 193 195 199 200
59 130 131 132 137 138 139 140 141 143 144 147 149 151 153 155 156 157 160 162 163 167 170 171 172 174 176 177 178 181 183 188 190 192 193 194 195 196 197 198 199
55 130 133 134 137 138 139 140 141 142 144 146 147 149 150 152 153 154 155 159 160 161 165 166 167 169 171 172 173 174 175 176 177 182 184 185 186 188 190 193 195 200
4 131 132 133 134 135 137 138 141 143 144 145 148 149 153 154 155 156 157 158 159 162 163 164 165 166 168 174 177 178 179 183 184 185 189 190 191 195 196 197
57 132 133 134 136 137 138 139 140 141 143 144 145 146 147 148 149 150 152 154 155 156 157 158 160 161 162 163 164 165 168 173 174 175 176 179 180 182 183 184 186 187 188 190 191 194 195 198 199 200
14 133 134 135 137 138 139 140 141 142 143 144 146 147 148 149 153 154 155 156 157 159 163 166 171 172 173 175 176 178 180 181 182 183 186 189 194 195 197 200
45 134 136 138 139 147 148 149 150 151 156 157 158 160 166 168 169 170 171 172 176 178 181 182 184 187 189 191 192 195 198 199
22 135 137 138 139 140 141 142 144 145 146 147 148 149 150 152 153 154 156 158 159 161 162 168 169 171 174 175 179 180 181 183 185 186 187 189 190 191 192 195 200
42 136 137 139 142 144 145 146 150 153 154 156 157 158 159 161 164 165 166 169 170 171 172 173 178 179 184 185 187 188 190 193 194 196 197 199 200
25 138 140 141 145 146 147 152 153 156 159 160 161 162 163 164 165 169 170 174 177 178 179 181 182 183 185 186 187 188 190 191 192 194 195 198 199 200
30 138 139 141 143 144 145 146 149 151 153 154 156 157 163 164 166 167 169 170 172 173 175 177 178 179 182 184 186 187 188 191 193 195 196 197 199 200
54 139 140 143 144 145 146 147 149 150 151 152 154 156 158 159 162 163 164 165 167 168 169 170 171 173 175 177 179 180 183 188 189 191 193 196 197 200
7 140 141 142 144 145 146 147 149 152 154 159 161 164 165 167 168 169 171 174 175 176 177 178 179 181 182 186 187 189 191 192 193 194 195 196 197 198 199 200
44 141 143 145 146 149 150 151 152 153 154 155 157 158 161 163 165 170 172 173 174 175 178 179 180 182 187 188 189 190 193 195 196 198 199
4 142 145 146 148 150 151 152 153 156 157 159 160 162 163 164 165 169 170 172 175 177 178 179 180 181 182 184 185 187 189 190 191 192 194 195 196 197 199
55 144 146 147 149 150 152 153 154 160 161 162 163 164 165 166 167 169 171 174 175 177 178 179 180 181 182 183 185 186 188 190 191 194 195 197 199 200
44 144 145 150 151 152 153 154 155 156 159 161 162 164 165 167 168 169 170 172 173 174 175 176 179 180 181 183 185 186 187 188 191 192 193 194 196 197 198 199 200
45 148 149 150 151 152 153 154 158 159 160 161 162 164 167 168 170 171 172 176 177 182 184 186 188 190 192 193 195 196 197 198 199 200
24 146 147 149 151 156 157 159 161 165 167 168 170 171 172 173 175 176 178 179 180 183 185 186 187 189 190 191 192 195 199 200
26 149 150 151 156 157 158 161 162 163 164 166 168 171 173 174 177 181 182 183 184 186 187 191 193 194 196 198 199
6 149 151 152 153 154 155 157 159 160 162 164 165 166 167 168 170 171 172 174 176 177 181 182 184 185 187 188 189 190 191 192 193 195 196 197 198 199 200
60 149 150 151 152 153 154 155 156 157 161 162 166 169 170 171 174 175 177 179 180 185 186 187 188 189 197 199 200
5 150 151 152 153 154 155 156 157 158 159 160 161 165 166 167 169 172 174 177 180 181 182 184 185 187 188 189 190 191 192 194 195 196 197
56 152 154 155 157 158 161 162 163 164 168 172 173 176 177 178 181 184 185 186 188 190 191 192 196 198 199 200
53 153 154 156 158 161 162 164 166 170 172 173 175 176 177 178 185 186 187 189 191 192 194 195 199
47 153 154 155 156 158 161 166 167 175 176 185 186 189 190 192 193 194 197 198
42 158 160 165 167 170 173 174 175 178 179 183 185 186 187 188 190 192 193 194 195 198 200
47 156 159 161 163 164 166 167 169 170 172 175 176 177 178 180 181 183 184 186 187 188 193 194 198 200
8 157 158 160 161 163 164 165 166 167 168 170 171 173 174 176 177 179 180 181 183 186 188 189 191 193 194 195 196 199 200
18 157 159 161 162 163 164 165 167 168 172 173 177 178 180 182 183 184 188 189 190 191 192 193 195 198 200
60 159 160 161 165 166 167 168 169 172 175 177 178 179 181 183 184 187 190 192 193 194 195 197 198 199 200
30 160 161 163 165 172 173 176 177 178 180 181 182 183 184 185 186 191 192 193 194 195 196 197 198 199 200
33 161 162 163 165 166 170 171 172 173 176 177 178 179 180 182 183 184 185 186 187 188 189 192 196 198 199 200
20 161 167 168 169 171 172 174 175 176 177 180 181 182 185 186 187 189 192 193 194 198
15 162 165 167 168 172 176 177 179 181 182 185 186 187 188 189 190 191 194
45 163 164 167 168 172 174 177 178 180 181 184 186 187 188 191 192 193 195 196 198 199 200
19 164 165 166 167 168 169 170 172 174 175 176 177 178 181 182 184 185 187 188 190 191 193 194 196 197 198
53 165 166 169 170 171 172 174 175 177 178 179 180 181 182 186 187 188 191 192 194 197 198 199
40 168 170 172 174 175 176 177 182 183 184 187 190 191 192 195 197 198 199
18 168 171 172 173 174 176 177 179 181 182 184 185 186 188 189 190 192 193 197 198 199
60 168 170 171 172 173 176 178 180 181 183 184 185 189 190 191 192 193 194 195 200
46 169 170 171 172 173 174 175 178 181 182 183 184 185 189 190 191 192 193 194 196 197 198 199 200
58 171 174 177 179 181 182 188 191 192 193 197 198 200
40 172 174 175 177 178 182 183 187 188 190 191 194 195 196 198 199 200
42 172 176 177 179 180 181 183 184 185 186 187 188 191 193 194 195 196 197 198
41 174 175 176 177 179 180 181 183 184 185 186 187 188 189 194 195 196 198 200
54 174 175 177 178 179 180 187 190 191 192 193 194 195 196 198 199 200
13 175 178 179 180 181 182 184 185 186 187 188 189 190 194 195 197 200
59 177 178 179 181 183 185 187 188 190 192 195 196 197 198 199
59 180 182 183 184 185 186 187 188 190 191 192 194 195 196 197 199
16 178 179 181 186 187 189 190 191 192 193 194 195 196 198 200
37 181 182 183 184 185 189 192 193 194 196 199 200
20 182 183 184 185 186 187 188 189 190 191 192 195 196 197 198 199 200
53 183 184 185 186 187 188 190 191 192 194 195 196 199 200
17 182 183 184 185 186 187 189 190 191 195 196 197 198 199 200
44 184 185 186 187 188 191 193 197 198 200
54 187 188 189 191 193 194 195 198 200
42 185 186 187 188 189 191 193 194 195 196 197 200
42 186 187 188 189 190 192 193 197 198 199 200
9 189 190 191 192 196 198 199
3 188 189 190 192 193 195 196 197 198
8 189 191 193 194 195 197 198 199
12 190 192 193 194 196 198
57 191 192 194 198 200
20 192 194 196 197 199 200
10 194 195 196 197 200
14 194 195 196 198 199
57 195 198 199 200
28 196 198 199 200
60 198 199 200
43 198 199
20 200
4
20
