100	5	10000	1
0	226	18
0	590	21
0	315	20
0	844	15
0	919	26
2633 3 5 6 7 9 10 11 12 15 16 19 20 21 31 32 34 35 36 37 38 39 40 42 44 46 47 48 50 51 52 53 54 55 59 60 61 62 64 65 66 67 69 70 71 72 73 75 78 83 85 86 87 88 89 90 91 93 94 95 96 97
2747 3 6 11 12 14 17 19 20 23 24 25 26 28 29 30 31 33 34 37 38 40 42 44 45 47 49 52 53 55 56 57 58 59 61 62 63 66 67 68 70 71 75 77 78 79 82 83 85 86 88 90 93 94 95 96 97 99
2920 4 6 7 8 9 10 11 12 13 15 16 17 18 20 21 22 23 25 26 27 32 33 36 38 39 40 43 44 45 47 48 49 50 51 54 55 56 58 60 61 62 64 65 66 67 68 69 70 72 73 75 76 77 78 80 82 83 84 86 87 89 90 91 93 95 96 98 99
2824 5 6 11 13 14 15 16 17 19 21 22 24 26 27 30 31 32 33 34 37 38 41 42 43 46 47 48 50 51 53 54 55 56 57 59 60 61 62 63 65 68 70 71 72 74 75 76 78 79 80 81 82 83 84 85 86 87 88 90 92 93 94 95
2095 8 9 12 13 14 15 16 18 21 24 25 27 28 29 30 38 39 41 42 44 45 46 47 48 50 53 54 55 56 57 58 59 61 63 64 66 67 68 69 70 71 73 74 76 79 80 81 83 84 85 86 89 90 91 95 97 99 100
2626 7 8 11 12 13 15 16 17 18 19 21 23 24 25 31 32 33 35 36 38 39 40 42 44 45 46 48 49 50 55 58 61 62 65 66 67 68 69 70 71 72 73 74 78 79 81 82 83 84 85 86 88 90 91 93 94 95 96 97 98 100
2195 8 11 15 16 17 19 20 23 24 26 32 33 35 37 39 41 44 45 46 48 49 50 51 52 55 56 57 58 59 60 61 63 65 66 68 69 70 71 74 75 76 81 83 84 85 86 87 89 90 91 97 98 100
2082 12 15 17 19 21 22 23 24 25 31 32 35 36 37 38 39 40 42 43 44 47 48 49 50 51 52 53 54 56 58 59 60 61 62 63 65 67 70 74 75 77 78 79 82 84 85 86 88 89 91 92 93 94 96 97 99
2560 11 12 13 18 21 24 26 27 30 31 33 35 38 39 40 41 44 45 46 48 49 51 53 55 56 57 59 61 62 63 64 67 69 70 72 74 76 77 79 80 81 83 86 87 90 91 93 94 95 96 100
2091 11 12 13 15 16 18 19 20 21 23 26 27 28 30 31 33 36 38 41 42 43 46 48 49 51 52 54 55 59 60 61 63 64 65 66 67 70 71 72 77 78 79 81 83 85 86 88 89 91 92 93 94 95 96 97 98 99 100
2862 12 13 17 21 24 27 28 30 31 35 36 40 41 43 44 47 48 49 50 53 56 57 58 60 62 64 65 68 70 71 72 74 75 76 78 79 80 81 86 88 92 94 95 96 97 98
2919 13 15 16 17 18 19 20 24 27 29 30 32 33 34 37 38 39 40 41 42 45 46 49 50 52 55 56 58 61 62 63 64 65 66 67 68 69 70 71 72 73 74 75 76 77 78 79 80 81 82 83 85 86 90 92 95 99 100
2498 15 16 17 18 24 27 30 31 34 35 36 38 39 42 43 44 45 46 47 48 50 51 53 54 55 57 58 59 60 62 64 65 66 68 69 71 73 74 77 78 81 86 87 88 93 95 96 97 98 100
2749 16 17 18 21 23 24 25 27 28 29 31 33 34 35 38 42 45 46 50 52 54 55 56 57 59 60 62 64 65 66 68 69 71 72 74 75 76 77 78 81 82 83 87 89 91 93 94 95 99
2103 17 18 19 21 22 27 29 35 38 39 41 43 44 45 47 48 51 52 54 55 56 57 60 61 64 65 66 67 68 71 72 73 74 75 76 77 79 82 83 86 87 88 89 91 92 94 95 96 97 100
2027 18 21 22 23 25 27 28 30 31 32 33 35 36 37 38 39 40 43 44 45 47 49 51 52 53 54 56 57 58 59 63 65 66 67 68 69 70 71 72 73 74 75 76 77 81 83 84 87 90 92 95 96 97 98 99 100
2650 19 20 21 22 26 28 30 32 33 35 37 38 40 43 46 47 48 49 50 52 53 54 56 57 58 60 62 64 65 68 70 74 75 76 78 80 84 85 86 87 88 90 91 92 93 95 98 99 100
2037 19 20 21 23 25 27 30 31 33 35 40 41 42 44 45 48 49 51 53 54 55 56 57 58 60 63 64 65 69 70 71 74 76 78 80 82 84 85 86 88 89 92 93 94 96
2516 20 21 23 24 25 27 32 33 34 35 36 37 40 41 42 47 48 50 51 54 55 57 59 60 61 63 64 66 68 69 70 71 72 73 74 76 77 78 79 80 85 86 87 90 92 93 95 96 97 98 99 100
2288 21 22 23 27 28 29 31 32 33 34 35 36 37 39 40 41 43 44 46 48 50 52 53 54 58 60 66 70 71 72 74 76 82 83 84 85 86 87 88 90 93 94 95 97 100
2773 23 24 25 26 27 29 30 31 32 33 35 37 38 42 44 45 49 50 51 53 55 56 59 61 63 65 68 69 70 72 74 75 76 77 78 79 80 81 83 90 91 92 94 95 96 97 98
2317 23 24 25 27 29 30 31 33 34 35 40 43 44 45 47 48 49 50 55 57 58 59 60 61 62 63 64 65 66 67 68 69 70 71 72 73 74 75 76 77 78 79 81 85 88 91 92 96 97 98 99
2989 24 25 27 28 35 36 37 38 43 44 46 47 48 49 53 54 55 56 57 59 60 62 64 65 66 67 68 69 70 72 74 75 78 79 80 81 82 83 85 86 88 89 91 92 93 94 95 99 100
2822 27 28 30 33 34 35 36 39 40 42 43 44 45 46 47 48 50 52 54 55 57 59 60 62 66 70 72 73 74 75 76 79 82 84 85 88 89 95 97 98 100
2822 27 28 29 30 32 34 36 37 41 42 46 47 48 50 51 53 57 58 59 61 62 63 64 65 67 68 69 71 72 73 75 77 79 80 82 83 84 85 86 89 91 92 93 94 100
2841 27 28 29 30 32 33 34 35 37 41 43 44 46 47 49 51 52 54 55 58 62 65 66 67 72 73 74 76 77 78 79 81 82 83 84 86 89 90 92 93 95 98 99
2033 29 30 32 34 35 37 38 40 41 42 43 45 46 47 49 50 51 52 53 54 55 57 59 61 63 65 69 70 72 73 75 76 77 79 81 84 85 86 90 92 93 94 95 96 97 99 100
2897 29 30 36 38 40 41 42 45 46 47 48 49 50 53 55 56 58 59 61 63 64 65 66 67 68 70 71 72 75 76 78 79 81 83 84 85 87 88 89 90 94 95 96 97 98
2945 30 31 32 34 36 37 40 41 42 43 45 46 47 49 51 52 54 55 56 58 59 62 63 65 67 71 72 73 74 76 78 80 81 84 87 88 89 91 96 98
2869 31 32 33 34 36 37 40 41 42 43 46 48 51 52 53 55 56 57 58 60 62 63 66 67 69 71 72 73 75 77 78 79 81 82 83 85 87 88 90 93 95 97 99 100
2916 33 34 35 39 41 44 46 50 51 52 53 54 55 56 59 60 61 62 63 66 69 71 73 75 77 78 79 83 84 87 89 92 93 94 95 97 98
2248 37 38 39 40 41 42 45 46 48 50 51 52 53 54 56 58 59 61 62 63 64 65 66 68 70 72 73 74 75 76 77 78 79 80 82 83 85 86 87 90 92 93 95 96 97 98 99 100
2380 38 42 44 46 47 48 51 52 53 54 55 56 57 59 60 65 68 69 70 71 73 75 76 77 78 80 82 83 84 85 86 87 88 89 91 93 94 96 98 99 100
2340 35 37 38 40 41 42 43 45 46 47 50 53 56 59 60 61 63 64 65 66 67 70 71 72 73 74 75 78 79 86 92 93 94 95 96 99 100
2875 36 40 41 42 44 45 46 47 48 49 52 53 55 56 59 61 64 65 70 71 72 73 75 76 78 79 80 83 84 86 90 91 92 93 94 96 99 100
2046 37 39 40 43 44 45 46 47 49 52 54 56 57 60 61 63 64 65 66 67 68 69 71 72 74 75 76 77 79 81 82 83 84 86 87 89 92 93 94 96 98 100
2620 40 41 46 47 48 50 51 52 53 54 55 56 57 58 62 63 64 65 66 67 69 70 72 75 76 77 78 83 85 86 87 90 91 93 94
2984 40 42 43 44 46 47 48 49 50 53 54 56 57 58 59 60 61 63 65 66 67 69 71 72 73 74 75 76 77 80 81 82 84 85 86 88 89 91 96 99 100
2735 43 44 46 51 52 53 54 55 57 59 60 61 62 63 64 67 70 73 78 79 80 81 82 83 84 85 86 89 92 93 94 95 96 98 99 100
2988 41 42 44 45 46 49 50 51 52 53 54 56 58 59 60 61 64 65 66 69 70 71 72 74 75 76 77 81 84 85 86 88 89 90 91 92 94 96 97 98 100
2991 44 45 46 47 49 51 52 56 57 58 59 61 64 65 67 70 72 73 74 75 76 79 80 82 86 87 91 92 94 95 96 98
2931 44 45 46 51 52 53 56 59 64 65 67 68 70 71 72 73 74 75 76 78 79 80 81 82 83 84 85 86 87 92 93 94 96 98 99 100
2483 45 46 49 51 52 55 56 58 59 60 61 62 63 64 66 68 69 71 75 78 81 84 85 89 91 92 94 95 97
2444 45 46 47 51 52 53 54 57 58 59 60 61 62 63 67 70 71 72 74 75 77 79 80 82 83 84 87 88 90 91 92 93 94 95 97 100
2625 46 47 48 49 50 52 53 56 57 60 61 62 64 68 73 78 79 80 81 84 85 91 94 95
2249 47 49 52 53 55 56 57 58 59 63 64 65 66 67 68 74 76 77 78 79 87 90 91 93 95 96 98 100
2720 48 49 51 52 53 55 56 58 59 60 61 63 64 67 70 71 73 74 77 78 80 81 82 83 85 86 87 88 89 91 93 96 97 99 100
2896 49 50 51 53 54 55 57 59 61 62 63 65 68 69 70 71 73 74 75 76 77 78 80 81 82 83 85 86 87 88 90 95 96 98 99
2564 51 53 55 56 57 60 62 63 65 66 67 68 69 70 71 73 74 75 76 79 80 81 82 83 84 86 87 88 90 91 92 93 96 97 98
2723 51 52 54 56 58 59 60 61 62 64 65 66 69 70 71 72 73 76 77 82 84 85 86 89 91 93 94 98
2834 53 55 56 57 61 62 64 65 67 68 70 71 73 74 78 79 80 81 82 83 87 88 89 91 93 94 95 96 97 99 100
2188 54 55 57 58 59 62 63 64 65 66 71 73 75 77 78 79 85 90 92 93 95 98 99
2487 55 57 58 59 61 62 64 66 67 68 70 74 75 76 78 79 82 91 93 94 95 96 98 99 100
2461 57 61 62 63 65 66 67 68 69 70 71 73 75 76 77 79 80 81 82 83 85 86 87 90 91 92 95 98 100
2084 56 59 60 63 64 65 67 68 72 75 76 80 83 87 88 89 91 92 96 98 99 100
2627 57 58 59 60 62 68 70 72 74 75 76 78 81 82 83 86 88 90 93 95 97
2865 58 59 60 61 62 63 65 66 68 69 70 71 73 74 76 77 78 82 83 84 85 86 93 97 98
2119 59 62 64 68 69 73 75 76 78 79 80 81 82 83 84 85 87 88 89 91 92 93 94 97 100
2853 61 62 64 65 67 68 69 71 74 75 76 78 79 80 81 82 83 84 88 90 94 95 96 97 98 100
2776 61 62 63 65 66 67 69 74 76 77 78 79 82 83 85 87 88 90 91 93 94 95 96 97
2041 63 65 66 68 69 70 72 74 75 76 77 78 79 81 82 83 84 87 88 90 91 92 93 96 97 98 99 100
2940 63 65 66 67 73 75 76 77 78 82 83 84 87 88 89 95 96 99 100
2366 64 65 68 69 70 72 73 74 75 76 78 81 83 88 89 90 91 92 95 97 98 99 100
2886 67 70 71 72 74 75 78 80 81 82 86 89 91 92 95 100
2727 67 69 70 72 74 75 76 77 78 81 83 87 88 89 90 94 96 98 99 100
2847 68 71 72 73 74 76 79 82 83 85 87 91 93 95 96 99 100
2111 68 69 72 73 74 75 76 79 80 81 82 83 86 87 89 91 93 94 96 98 100
2093 70 71 75 76 77 78 79 80 83 84 85 86 87 88 90 91 94 95 96 97 98 99 100
2324 71 74 79 81 82 83 84 86 89 90 92 93 94 95 96 98 99 100
2857 73 74 75 77 79 81 82 83 85 86 91 93 97 98
2593 73 74 75 76 78 79 80 87 90 91 93 94 96 100
2676 73 75 76 77 83 84 85 90 92 93 95 98 100
2835 76 78 80 81 82 83 85 87 91 93 97 98
2093 75 76 78 79 80 81 82 84 86 89 91 93 94 100
2497 76 77 78 80 81 87 88 89 90 91 93 94 95 99 100
2913 78 80 81 82 83 84 85 86 88 89 91 92 93 94 95 96 98 99
2722 79 80 81 83 84 86 88 89 92 93 94 95 96 100
2923 79 81 82 83 84 87 88 89 90 92 94 96 98 100
2103 80 81 82 83 85 88 89 90 92 93 95 96 98 99
2488 81 82 83 85 86 87 90 91 92 93 96 99 100
2266 82 85 86 87 88 89 91 92 95 96 98
2937 83 84 86 87 88 90 92 96 97 98 99 100
2227 85 89 91 93 94 95 96 97 98 99
2458 85 86 87 90 91 92 94 95 96
2955 88 91 93 94 95 96 97 99
2208 89 90 91 92 98 99 100
2560 88 89 90 91 92 93 95 96 98
2294 89 91 93 94 95 96 98 99
2817 90 91 92 93 100
2247 91 92 93 95
2672 92 93 96 97 98 99 100
2699 93 94 98 100
2282 94 95 98 99 100
2831 96 99 100
2845 96 97 99 100
2645 97 99
2649 99
2616
2122
2022
