25	10	1000	1
0	146	2
0	153	3
0	121	2
0	118	5
0	133	2
0	108	2
0	142	2
0	138	3
0	177	2
0	175	2
30 5 8 9 11 12 14 17 19 20 21 23 25
36 3 4 5 8 11 12 13 15 18 20 21 22 23 24 25
57 4 5 7 8 9 12 15 16 17 19 20 22 24 25
83 5 6 7 8 9 12 16 17 18 19 20 23
27 6 7 11 14 17 18 20 21 24
10 7 9 12 15 16 18 19 20 21 22 24 25
47 8 9 12 14 15 17 18 20 22 24
11 11 13 14 18 19 20 22 23 24 25
62 10 12 13 15 16 17 20 23 24 25
31 11 13 14 15 20 21 22 23 25
33 12 14 15 16 17 18 19 20 21 22 24 25
59 13 14 16 17 18 19 20 21 22 23 24
33 14 15 17 20 21 23 24 25
12 15 16 17 19 21 22 23 24
98 16 17 18 21 22 24 25
35 17 20 21 22 24 25
79 18 19 20 21 22 25
30 19 20 21 22 23 24
41 21 23
41 21 23 25
26 22 23 25
13 24 25
96 25
42 25
89
