75	10	200	1
0	30	4
0	39	8
0	23	7
0	35	6
0	38	8
0	40	8
0	30	7
0	26	6
0	27	12
0	20	9
55 4 6 9 10 12 14 15 16 19 20 21 24 25 26 27 29 30 32 33 35 37 38 39 40 41 42 43 47 48 50 53 54 55 57 58 59 60 63 64 65 69 72 73 75
32 3 4 5 7 9 10 13 14 15 16 19 20 23 24 26 28 29 30 32 34 35 36 37 38 41 43 44 45 49 52 53 54 55 57 59 62 63 64 65 66 67 70 71 72 74
49 4 5 6 7 9 12 13 19 21 22 23 25 26 27 28 30 31 33 35 36 38 41 43 44 46 47 48 49 50 51 52 53 54 56 59 60 63 66 67 68 69 70 71 72 74 75
56 5 6 10 11 15 16 17 20 21 23 24 25 28 29 30 32 33 36 37 38 39 40 43 44 46 48 49 50 52 53 54 55 56 57 58 60 61 62 63 64 65 67 69 70 72 74 75
49 6 7 9 10 11 12 13 14 15 16 17 18 19 20 22 24 26 27 29 30 31 32 34 38 39 41 43 46 48 49 57 59 61 62 63 66 67 70 72 74 75
53 9 11 12 13 14 15 16 19 20 22 23 25 27 28 29 32 33 34 36 37 38 39 40 42 43 44 46 47 50 54 55 58 59 64 67 73 74 75
58 11 12 15 17 19 20 24 26 27 29 33 34 35 36 38 39 40 42 43 45 46 49 50 53 54 55 56 59 60 61 62 63 66 67 71 72 73 75
36 9 10 13 14 15 16 18 19 20 21 22 24 25 26 27 28 29 32 33 34 36 37 40 42 43 44 45 46 47 48 49 56 57 58 60 61 63 64 65 67 68 69 70 71 73 74
32 10 11 12 13 14 16 17 19 20 21 24 28 30 31 33 35 36 37 38 40 41 43 48 49 50 55 56 57 59 60 61 62 63 65 67 70 71 72 73 74
47 11 12 14 16 17 18 20 21 22 23 24 25 28 29 35 36 38 39 41 42 45 48 49 51 54 60 61 63 64 65 67 68 69 70 72 75
32 12 13 15 19 21 24 26 27 28 30 31 36 37 38 39 40 41 43 44 45 46 47 48 49 50 51 54 57 58 59 62 64 66 68 69 70 71 72 73 75
58 14 16 17 18 20 21 22 25 26 27 28 30 32 33 35 36 37 38 39 40 44 46 51 53 54 56 58 59 60 63 64 70 71 74 75
39 14 15 17 20 24 25 26 29 30 31 34 36 39 42 44 45 46 50 51 52 53 55 56 57 61 62 65 67 69 70 72 74
54 16 17 18 21 23 25 27 28 29 31 32 34 35 36 40 42 43 44 45 46 47 50 52 58 59 60 62 63 65 66 67 68 72 73 75
39 18 20 22 23 24 25 26 27 28 29 30 32 33 35 36 38 39 40 41 43 44 46 47 49 50 51 52 53 54 55 57 58 64 67 68 70 73 74
55 17 20 21 23 24 26 27 28 29 30 31 32 33 38 39 40 43 44 46 47 48 49 50 53 54 56 57 58 59 60 62 64 66 67 68 69 70 71 74 75
31 19 20 21 22 23 27 31 33 34 35 39 40 42 43 44 47 48 49 51 53 54 55 56 57 58 59 60 61 62 64 68 70 74
58 19 21 22 24 26 29 31 34 35 37 38 39 40 41 42 43 44 45 46 49 51 52 53 54 62 63 66 69 71 73
59 20 22 24 26 27 29 30 32 33 34 35 36 37 38 39 40 41 45 46 47 48 49 52 55 56 57 58 59 60 61 62 63 64 65 66 67 68 70 71 72 73
46 25 28 29 30 31 32 34 35 36 38 39 40 42 43 44 46 47 49 50 54 56 57 58 59 60 61 63 64 65 69 70 71 72 73 75
60 23 24 26 27 28 29 30 32 34 35 36 39 41 42 46 48 49 50 52 53 54 55 56 59 60 61 62 63 64 65 69 70 71 72 73 74 75
55 23 24 25 26 27 30 31 33 35 36 37 38 39 40 45 46 49 52 54 57 61 62 63 67 68 69 71 72 74 75
56 25 28 29 30 31 32 34 35 36 38 40 41 42 44 45 46 49 50 52 56 57 58 60 62 63 64 65 66 69 71 72 73 74 75
57 26 29 32 34 36 37 38 40 41 47 48 49 50 51 52 55 56 57 60 61 62 63 64 65 66 67 68 71 72 73
58 26 28 29 30 31 32 34 35 36 37 38 40 42 44 45 46 47 48 49 51 52 53 56 58 59 60 62 63 65 66 67 69 70 71 72 73 75
60 28 31 32 34 35 36 38 39 40 42 43 45 47 48 49 51 52 53 54 56 57 60 61 62 64 65 66 67 69 71 73 75
60 30 31 32 33 35 36 38 40 41 43 48 50 54 55 60 61 63 65 67 68 69 71 72 74 75
59 29 32 34 35 39 40 41 42 43 46 48 50 51 55 56 61 65 67 69 70 71 72 73 75
47 30 31 34 39 41 43 47 49 50 51 52 54 55 56 57 60 62 63 64 65 66 67 68 70 72 74 75
52 31 32 33 35 36 39 40 41 48 49 50 52 53 55 56 57 58 59 60 62 63 66 67 68 69 71 72 73 74
35 33 34 35 36 39 40 41 42 44 45 46 47 49 50 53 54 58 59 60 61 63 65 66 69 73 74
45 35 36 37 38 40 42 43 47 49 50 53 55 56 58 59 61 63 64 65 66 71 72 74
44 34 36 37 38 39 40 41 43 46 47 49 50 52 55 58 59 60 61 62 63 66 68 69 70 72 73 74
45 35 39 40 42 44 45 46 47 48 49 50 51 52 53 54 58 62 65 67 68 69 70 73 74 75
43 37 38 41 44 50 52 53 55 56 58 60 61 62 63 66 71 73 74 75
49 39 40 41 44 45 47 48 50 51 54 55 57 58 60 61 62 63 64 65 69 72 74
37 39 43 44 45 46 47 50 51 52 53 58 59 62 66 67 70 71 73 74 75
52 39 40 41 43 44 45 46 49 50 53 54 55 57 58 63 65 66 67 68 70 71 73 75
58 41 42 43 44 45 46 47 51 52 55 56 58 59 61 63 65 67 68 69 70 72 73 75
56 41 42 45 46 47 48 51 52 53 54 55 61 62 63 64 65 66 67 70 71 72 73 74 75
32 42 43 44 45 46 47 48 49 50 51 54 56 59 60 61 63 65 66 67 70 71 72 74
54 44 46 48 50 51 53 54 58 59 62 64 65 66 73 74 75
31 44 45 46 47 48 49 50 52 53 54 55 57 59 60 64 65 66 67 69 73 74 75
59 45 50 51 52 53 56 59 60 62 63 64 67 68 70 73 74
52 46 49 51 52 53 54 55 56 57 58 59 60 61 63 70 72 73 74 75
40 47 49 50 51 54 56 58 59 62 64 65 66 69 70 73 75
56 48 51 52 53 54 55 56 57 59 60 70 71 72 73 75
48 49 52 53 54 55 56 57 59 60 61 62 65 72 73 75
41 50 51 52 53 54 55 56 57 59 60 61 62 64 65 68 69 70 73 75
57 51 54 57 58 60 61 63 64 66 68 69 71 73 75
56 52 58 59 60 61 62 65 66 67 68 69 70 73 74 75
33 53 54 57 60 61 62 63 64 65 66 67 68 71 72 73 75
32 55 57 58 61 62 63 67 68 69 72 73 75
51 56 57 59 60 61 62 63 64 65 66 67 68 69 71 72 73 74 75
45 57 58 59 60 61 62 64 66 69 70 72 73 74
52 59 61 63 65 67 68 69 70 72 73 74 75
33 58 59 63 64 67 68 69 70 72 73 74
45 59 60 62 63 65 66 67 69 74 75
38 60 61 62 63 64 65 67 68 71 72 73 75
59 62 63 64 66 68 69 70 71 73 74 75
44 63 66 67 73 74 75
59 64 67 70 71 73 74 75
36 64 65 66 68 71 72 73 74 75
51 65 68 69 70 73 74 75
38 67 68 69 72
55 67 68 69 70 74 75
58 68 72
58 69 70 71 72 73 74
37 70 72 73 74 75
47 71 72 74
39 72 73 74
55 73 75
37 74 75
51 75
56
