50	10	200	10
-2	29	3
-2	34	6
-1	22	4
-5	39	3
-3	32	5
-4	30	7
-1	38	4
-1	27	4
-2	29	9
-2	25	5
38 2 3 5 7 8 10 11 12 13 14 17 18 19 20 21 23 24 25 26 28 31 32 34 36 37 38 40 43 44 46 47 49 50
59 3 4 6 7 9 10 12 20 25 27 28 29 31 32 37 39 40 43 44 46 49 50
52 4 7 8 15 17 19 20 21 22 24 25 29 30 32 33 35 36 37 39 40 41 44 46 47 48 49 50
54 5 7 9 11 12 13 14 15 17 18 19 20 21 22 23 24 25 26 27 29 30 31 32 33 34 35 38 39 40 42 43 44 46 47
39 7 8 9 11 13 14 15 17 18 20 21 22 23 24 27 28 31 32 33 36 37 39 41 44 45 46 47 49 50
53 7 8 9 10 13 14 16 17 19 24 26 27 28 29 30 32 33 35 36 39 40 44 45 48 49 50
52 8 15 17 18 21 22 23 24 25 27 28 30 31 32 33 34 36 38 39 40 41 42 44 45 47 48 50
44 10 12 14 16 17 18 19 21 22 25 26 27 29 31 32 35 36 37 38 39 41 42 43 45 46 49 50
52 10 11 13 14 15 16 17 18 20 23 25 26 28 29 30 31 32 33 34 35 36 37 39 40 41 42 43 47 48 50
46 11 12 15 16 17 18 20 23 25 26 27 29 31 33 34 35 36 37 39 40 42 43 45 47 48 50
39 12 13 15 16 18 19 22 23 24 29 30 32 34 35 36 41 42 43 44 45 47 49
58 15 16 17 20 22 23 25 27 28 29 30 33 36 37 38 39 40 42 44 46 48 49 50
55 14 17 18 19 23 24 25 26 27 28 29 30 32 33 36 37 38 40 41 42 43 44 47 49 50
58 16 17 19 20 21 22 23 27 29 31 32 35 36 39 41 44 46 47
49 17 19 20 22 24 25 26 27 28 29 30 31 33 36 37 39 40 42 43 46 47 49 50
37 19 21 22 23 25 26 28 30 32 34 37 40 41 42 45 46 49 50
31 20 22 23 24 26 27 31 32 33 34 35 36 38 39 41 43 48 49 50
59 19 22 23 25 27 28 30 32 33 34 36 37 38 40 41 43 44 45 46 47 48
49 20 21 23 26 28 29 30 31 33 34 35 37 38 39 43 46 47 48
33 21 22 24 26 27 30 31 33 34 37 38 42 44 46 47 48 50
47 22 23 26 27 29 31 32 33 34 36 38 39 40 41 42 44 45 46 47 48 49 50
58 24 26 30 31 32 33 34 37 40 41 42 44 45 47 48 49
33 24 25 26 29 30 31 33 34 35 37 38 39 43 44 45 49 50
43 25 26 27 30 31 33 34 35 39 40 41 43 44 45 46 47 48
56 27 28 29 31 32 33 34 35 40 41 42 44 45 47 49 50
37 27 28 29 30 31 32 33 34 35 37 38 39 40 41 42 43 44 45 46 47
32 28 29 31 32 34 36 38 39 40 41 42 43 45 46 50
47 34 35 37 38 40 42 43 47 50
57 32 34 35 40 42 43 44 45 47 50
54 32 33 34 36 37 39 40 41 44 46 47
45 32 33 34 35 37 38 40 42 43 45 46 48 49 50
32 34 35 36 39 41 42 44 45 47 48 49 50
60 34 36 38 39 40 43 46 47 48 50
45 35 36 40 41 42 45 47 49 50
49 37 38 39 41 42 45 47 48 49 50
59 37 38 39 40 41 42 43 45 46 47 48 50
60 40 43 44 45 46 47 49 50
59 39 40 41 43 44 45 46 48 50
45 40 44 45 46 47 49 50
60 41 44 47 49
57 43 44 45 46 47 50
55 44 46 47 48 50
55 45 46 50
58 45 46 47 48
56 46 47 49
41 47 50
52 48
36 49 50
36
47
