200	5	200	10
-4	39	44
-4	12	35
-1	29	42
-3	14	38
-5	24	41
42 3 4 5 6 8 10 11 12 13 15 16 17 18 22 23 24 27 29 30 31 34 35 39 40 42 43 44 45 46 48 51 52 53 54 56 59 62 63 64 65 67 69 70 71 73 74 75 79 80 82 85 88 91 92 93 94 95 96 97 98 99 100 102 103 105 106 107 108 109 110 112 113 114 115 116 117 118 119 120 121 122 123 127 128 130 131 132 134 137 139 142 143 147 148 149 152 154 155 159 160 162 163 164 165 166 169 170 171 172 176 179 180 181 182 185 187 189 190 194 196 197 198
57 3 6 7 9 11 12 14 16 17 19 20 21 22 23 25 26 29 30 31 33 34 36 37 38 41 42 44 46 47 48 50 51 52 54 57 58 60 61 62 63 65 66 67 69 72 73 75 76 77 82 83 84 85 86 87 89 91 92 94 95 97 98 99 100 102 103 104 108 111 112 113 115 116 119 120 121 122 123 124 125 126 129 130 133 134 135 136 138 141 142 145 148 149 150 151 153 154 155 156 160 162 163 164 165 166 168 169 170 174 175 177 179 180 181 183 186 187 190 191 193 196 197 199
42 6 9 10 11 12 13 15 16 17 19 21 22 25 26 27 28 31 33 34 36 39 40 45 46 48 49 50 51 52 54 57 58 62 67 69 74 75 76 77 78 79 81 83 84 85 86 87 88 90 92 93 94 96 97 98 101 102 104 105 108 109 111 112 113 114 115 117 118 119 120 121 123 126 129 130 131 133 136 138 139 141 142 143 144 145 146 148 150 153 154 155 156 158 159 161 163 164 165 166 167 168 176 180 181 183 184 185 187 189 190 191 192 193 196 198 199
59 6 7 8 9 10 11 15 17 18 19 24 25 27 30 32 34 35 38 40 41 43 44 45 49 50 51 52 53 55 56 57 58 61 64 66 68 71 72 75 76 77 79 81 83 86 87 88 90 91 93 96 97 98 100 102 104 106 108 109 112 114 116 117 118 119 120 121 122 124 125 127 128 129 132 133 134 136 137 139 140 141 142 147 148 149 150 151 152 154 157 158 161 162 163 166 167 169 170 171 172 174 175 177 178 179 180 181 182 185 188 190 191 192 193 195 198 199 200
46 6 7 9 11 12 13 14 15 16 17 18 19 21 24 25 26 27 29 30 31 34 36 37 38 39 41 42 44 45 46 47 49 52 53 54 55 58 60 62 65 66 67 68 69 70 71 72 73 74 75 76 78 79 82 84 86 89 90 92 93 94 96 98 99 101 102 106 107 111 112 114 115 117 119 120 121 122 123 125 126 127 128 129 130 131 132 133 136 137 138 139 141 142 145 146 148 150 151 152 153 154 155 156 157 158 162 163 164 166 169 171 172 173 174 176 177 178 179 180 181 186 188 189 190 192 193 195 197 198 199
42 7 8 9 11 12 14 17 18 21 22 23 27 28 32 34 36 39 40 41 42 43 44 45 47 48 49 51 56 58 60 62 64 66 67 69 70 71 72 73 74 75 76 77 78 79 81 83 85 86 87 89 92 93 94 95 96 100 101 102 103 104 105 106 107 109 110 111 115 116 118 119 120 122 123 124 126 129 133 134 136 141 142 143 145 146 147 148 149 151 152 154 155 156 158 160 161 165 167 168 169 170 171 174 175 176 178 179 180 183 184 185 188 189 190 191 192 193 194 195 196 199 200
44 8 9 10 11 12 13 14 15 16 18 19 21 22 25 28 31 32 33 37 38 39 41 42 44 46 50 51 52 53 54 55 56 57 58 60 63 66 72 73 74 76 77 78 79 82 83 84 85 86 88 89 92 94 95 99 101 102 104 105 106 107 109 113 115 117 118 120 121 123 125 126 127 129 131 132 133 135 136 138 139 142 145 146 147 149 152 153 154 157 158 159 161 162 163 165 166 168 170 171 173 174 175 177 180 182 183 186 187 188 190 191 194 195 196 197 199
57 9 10 11 12 16 19 20 23 24 25 27 28 30 31 32 39 40 41 43 44 45 46 49 50 51 52 54 55 56 60 61 63 66 70 72 73 75 76 77 78 79 81 83 85 87 88 89 90 93 94 95 96 97 99 102 107 108 110 111 113 115 120 121 123 125 127 130 131 132 134 136 137 138 139 142 143 144 145 148 149 151 154 155 156 158 160 162 163 164 165 166 168 172 173 176 177 179 180 182 183 184 186 187 188 195 196 197 198 199 200
55 13 15 17 19 20 21 22 23 24 26 29 30 31 35 36 37 38 39 41 42 47 50 52 55 56 58 63 64 65 69 70 71 73 74 75 76 77 78 79 80 81 82 85 89 90 93 94 98 102 103 104 105 106 111 114 117 119 120 122 124 125 127 130 132 133 134 136 137 138 141 142 143 145 146 147 148 149 150 151 153 155 157 159 161 165 167 168 169 170 171 172 173 177 178 184 185 186 187 191 192 194 197 198
44 12 15 17 18 19 20 22 23 25 27 28 29 30 31 32 33 34 36 41 42 43 44 48 49 50 52 55 57 60 62 63 64 65 67 69 72 74 75 77 79 80 81 82 83 85 87 90 94 95 96 97 100 102 110 111 114 118 119 121 122 123 125 127 128 130 131 132 135 136 137 138 140 141 142 145 148 149 152 154 155 156 157 158 160 163 165 166 168 170 172 174 175 176 177 182 183 188 189 190 193 195 196 198 199 200
40 13 14 15 16 19 20 21 22 23 24 26 27 28 32 35 36 37 40 41 43 46 49 51 52 53 54 56 60 61 63 64 66 69 71 73 74 76 80 81 82 84 85 86 87 88 91 92 94 95 96 97 98 99 100 102 103 105 107 108 110 111 112 113 118 119 121 122 123 124 128 129 131 133 135 138 139 140 141 142 143 145 147 151 155 158 159 161 162 163 166 168 169 170 171 172 174 176 179 180 181 182 184 185 188 189 190 192 193 195 196 198 199 200
60 13 15 17 18 19 20 23 24 25 28 29 30 31 34 37 38 39 40 41 43 44 45 46 48 49 51 52 54 55 57 58 60 61 64 65 66 68 70 71 72 75 76 77 78 79 80 83 85 86 87 88 89 92 93 95 96 98 100 101 104 107 110 111 113 115 116 117 118 120 121 123 125 126 127 128 130 131 133 134 137 138 139 141 145 146 147 149 150 156 157 158 159 160 161 162 163 164 165 166 167 168 171 173 174 175 176 181 183 184 185 186 189 190 193 194 195 196 197 198
59 14 15 19 21 22 25 32 33 34 37 38 39 41 47 48 49 50 51 52 53 54 55 56 57 59 61 63 65 66 68 69 71 72 73 77 78 79 81 83 84 86 87 89 92 93 96 100 102 103 104 105 107 108 109 113 115 119 120 121 126 128 129 131 132 135 136 137 138 140 141 144 145 148 149 150 155 157 159 160 161 162 163 168 169 170 171 172 173 174 175 179 182 184 185 187 190 191 193 194 195 196 197 200
46 15 16 18 20 22 24 26 28 32 36 37 39 41 42 45 47 48 51 52 53 54 56 57 58 59 60 62 63 70 74 75 76 77 80 82 85 86 87 88 89 92 97 99 100 103 106 107 108 111 113 114 117 121 122 123 125 127 128 129 131 133 135 137 138 140 141 145 146 149 151 152 153 155 156 157 159 160 161 162 165 166 167 169 170 171 172 174 175 178 181 182 183 185 186 188 190 194 195 196 197
40 16 17 18 19 21 22 25 26 27 28 29 31 32 34 37 38 39 41 45 48 51 52 56 59 60 62 65 66 67 69 70 71 72 73 74 75 76 77 78 79 82 83 88 89 90 92 93 94 95 96 97 99 102 103 106 107 110 113 114 119 121 122 124 128 130 132 134 135 137 139 140 141 142 147 150 151 152 153 155 158 159 160 161 162 165 168 170 171 172 173 175 176 178 179 180 181 182 184 188 190 191 195 198 199
56 19 21 28 29 30 31 32 34 35 37 38 39 40 42 43 47 49 51 54 55 56 57 61 62 63 64 66 68 70 75 78 79 83 85 86 87 88 89 91 93 95 96 100 101 102 103 104 105 107 108 109 111 117 118 119 120 121 124 125 126 130 131 132 134 135 136 138 139 140 142 143 144 146 147 148 149 154 155 156 157 158 159 160 161 162 164 167 170 173 175 176 178 179 180 181 182 183 186 188 189 190 191 192 195 198 200
45 18 19 22 26 28 29 30 34 39 40 43 45 47 48 49 50 51 52 53 54 55 56 58 59 60 61 62 65 66 68 71 72 74 75 76 77 79 80 83 84 86 88 90 91 92 93 94 96 98 101 103 106 107 111 112 113 115 117 119 120 121 122 124 129 130 131 133 135 137 139 143 145 146 147 148 152 154 157 160 161 162 163 164 169 170 171 173 174 175 176 178 179 181 183 185 186 187 188 189 190 192 193 194 195 198 200
59 19 24 27 28 32 33 36 41 42 45 48 49 51 54 55 56 58 60 62 65 67 70 71 72 73 75 78 79 81 85 86 88 89 92 94 95 97 98 99 100 102 103 104 108 109 110 111 115 116 117 118 119 120 121 122 124 126 131 133 134 139 141 145 147 148 149 150 151 153 157 158 159 160 162 163 164 165 167 168 170 171 174 175 177 179 184 185 186 187 188 189 191 192 196 197 198
55 20 23 25 26 27 28 29 31 33 34 36 37 39 40 41 42 43 45 46 47 48 50 51 54 56 57 58 59 60 62 63 65 69 71 72 73 74 76 78 79 80 81 82 84 85 89 91 93 94 95 96 97 102 104 108 109 111 113 114 117 118 119 120 121 126 127 129 132 134 135 136 138 140 141 142 145 146 149 150 151 152 155 156 158 159 161 162 163 167 168 169 170 173 174 180 182 184 186 187 189 191 193 195 196 197 200
40 22 23 24 30 31 32 33 34 35 38 39 40 42 45 48 49 50 51 55 56 58 59 60 63 65 67 68 69 71 72 74 75 77 82 84 86 87 91 92 93 97 100 105 106 108 111 112 115 117 118 120 123 127 128 129 130 131 132 134 135 136 137 139 142 144 146 147 150 152 154 155 157 158 159 161 162 163 164 166 168 171 172 173 176 177 180 182 184 185 186 187 188 189 190 191 192 194 195 196 197 198 199 200
52 22 24 25 27 30 31 32 33 34 35 36 39 42 45 47 48 49 51 52 57 58 59 61 63 65 66 67 68 69 71 72 75 76 78 79 82 83 84 90 93 94 95 96 98 103 107 108 109 111 112 113 114 115 116 121 122 124 125 126 128 129 130 132 133 136 137 138 142 143 144 145 146 147 148 149 152 154 157 158 159 160 161 163 164 165 166 169 171 173 174 176 177 183 187 188 189 190 191 193 195 196 197 198 199 200
45 23 31 32 33 34 35 36 37 39 40 41 43 44 45 48 49 50 51 54 55 56 58 59 60 62 63 65 69 70 72 74 75 76 81 82 83 84 86 87 88 89 90 91 92 93 94 97 99 100 101 103 104 106 107 109 110 113 114 116 117 118 119 121 123 127 129 130 131 132 133 139 140 141 142 143 145 146 147 148 150 151 154 155 157 158 159 162 164 165 169 170 173 175 176 179 181 184 185 187 190 192 193 194 196 197 199 200
55 24 25 26 28 29 30 31 32 34 35 38 39 40 43 44 45 47 48 49 50 53 54 55 57 58 59 60 61 62 63 65 66 67 70 72 73 74 75 76 77 79 80 82 85 87 88 89 90 91 92 93 95 96 98 99 101 102 103 104 105 111 113 115 117 118 119 120 121 123 126 127 128 129 131 133 134 135 138 139 140 141 143 146 147 149 150 153 155 156 161 162 163 164 165 167 170 172 173 176 177 179 180 183 184 187 189 190 191 193 196 197 199 200
44 30 33 39 40 43 46 47 48 50 51 52 53 54 57 58 59 61 62 63 66 67 68 70 71 74 76 77 78 79 81 82 83 84 85 86 91 92 93 94 96 97 98 99 101 103 104 105 106 109 110 111 114 115 117 118 119 120 121 122 123 125 126 127 129 130 131 132 133 134 135 136 138 139 142 143 144 145 147 150 151 153 155 156 158 159 161 162 163 165 166 169 172 174 177 178 180 181 184 185 186 188 190 191 195 196 197 198 199
52 26 27 29 30 32 35 36 37 39 40 41 43 44 45 46 47 48 50 51 52 55 57 58 60 61 64 65 69 71 72 74 77 79 80 84 85 86 89 90 91 92 94 95 96 98 99 100 106 107 108 113 114 116 117 118 120 121 123 124 126 127 129 130 132 138 140 141 142 143 144 145 147 148 149 150 151 152 153 154 156 158 159 160 162 163 167 169 171 174 176 178 182 183 184 190 191 192 193 197
46 27 33 34 36 37 38 39 40 41 42 44 46 47 48 49 50 51 55 56 58 61 62 63 64 65 67 68 69 70 73 74 76 77 79 80 81 82 83 84 85 86 87 89 91 95 97 98 100 101 103 105 106 107 110 112 113 115 120 121 122 123 125 129 131 132 133 134 136 137 140 144 145 146 148 149 150 151 152 153 154 156 157 158 160 161 162 163 165 166 168 170 173 174 175 177 178 179 181 182 183 185 186 188 190 192 194 195 197 198
40 29 30 32 34 36 40 41 42 43 45 51 52 53 54 57 59 60 61 64 65 67 69 71 74 75 76 78 79 80 84 88 92 93 95 96 97 98 99 102 104 107 108 109 111 112 116 118 119 121 122 123 126 129 131 132 134 135 136 137 138 141 142 143 144 146 147 149 151 152 154 155 156 159 160 162 164 166 168 169 170 171 174 175 176 179 181 183 184 185 186 187 189 190 191 192 193 195 198 199
46 30 31 34 35 36 40 41 42 43 47 48 49 50 51 52 53 54 55 56 58 59 60 61 63 64 65 66 67 68 73 74 75 76 77 79 80 81 86 88 89 91 92 93 95 96 97 100 101 102 103 106 108 115 116 117 118 119 120 121 122 123 124 125 126 128 129 132 133 134 136 137 138 140 141 142 143 145 146 147 148 149 151 153 154 156 157 159 161 162 163 164 165 167 168 171 172 174 175 176 177 178 180 182 183 184 186 188 190 191 192 194 196 197 198 199 200
59 34 37 38 39 40 42 43 44 46 47 50 52 53 54 56 60 63 64 65 67 68 72 74 75 76 77 81 82 84 86 87 88 89 90 92 93 94 95 96 97 98 99 100 101 102 103 105 106 107 110 113 114 116 118 120 121 122 124 127 129 130 132 134 136 141 143 144 145 146 147 151 152 153 154 158 159 160 164 166 168 169 171 172 173 174 175 176 177 178 181 182 186 187 189 192 193 198 200
55 31 32 33 34 36 37 39 42 44 47 48 49 50 52 53 54 55 57 58 59 60 62 64 65 66 67 69 71 72 73 74 75 77 78 79 80 81 84 86 87 88 89 90 92 93 94 95 96 97 100 101 102 104 109 110 112 117 121 123 125 127 129 131 132 133 134 135 139 141 143 144 146 148 151 153 155 156 157 158 160 161 163 165 166 169 170 171 172 173 175 179 180 181 182 183 184 185 186 187 189 190 192 193 194 196 198 199 200
40 32 33 35 37 39 40 42 45 48 50 53 54 57 59 60 61 63 64 68 73 74 75 76 79 80 81 84 86 87 88 89 90 91 92 94 96 97 98 99 100 104 105 107 114 116 117 119 120 122 125 128 130 133 134 136 137 138 139 140 144 145 146 148 149 150 151 153 154 155 156 157 159 160 161 164 165 166 168 170 171 172 173 174 177 179 180 181 182 184 185 186 187 189 191 193 194 197 198 199
48 33 35 37 39 41 42 45 46 48 51 53 54 55 58 59 60 61 62 63 65 67 68 69 70 75 76 77 78 79 80 82 84 85 88 90 91 93 94 95 98 99 101 102 104 105 106 107 108 111 112 114 116 119 120 122 123 124 126 128 129 130 131 136 137 141 142 143 144 145 147 149 151 153 157 158 161 162 163 164 166 168 169 170 171 172 173 174 175 176 178 180 181 182 183 187 189 190 191 192 193 195 196 198
41 34 37 38 42 45 46 47 50 51 52 53 54 55 57 58 59 60 61 62 64 65 66 71 72 73 74 75 76 77 80 81 82 83 85 86 87 88 89 90 91 92 93 94 95 96 99 101 102 104 109 111 112 113 114 115 116 117 118 119 120 121 122 123 124 125 126 127 129 130 131 132 134 140 142 143 146 147 148 149 150 151 152 157 158 163 164 165 166 167 169 170 171 174 176 178 180 181 182 183 184 185 186 187 188 189 193 194 195 196 197
46 35 37 39 42 43 44 46 48 49 50 52 53 54 55 56 57 60 61 62 66 67 68 69 71 77 79 80 83 84 85 88 89 90 92 93 94 101 102 104 107 109 110 112 113 114 118 120 122 123 126 127 129 130 133 134 141 142 143 144 145 146 150 151 153 154 157 160 161 165 166 167 174 177 178 180 182 184 185 186 187 188 189 190 191 193 194 195 197 198 199 200
44 37 38 40 41 42 45 46 48 49 51 54 55 59 60 61 62 67 68 69 72 74 75 76 78 79 80 83 84 85 86 87 88 89 92 94 96 97 98 100 103 107 108 109 112 115 116 117 118 122 126 127 128 129 132 135 136 137 140 142 143 144 148 149 151 154 155 156 157 158 159 160 162 163 164 167 170 171 172 175 177 179 180 181 183 185 187 189 190 191 192 195 199
41 37 38 41 42 45 46 47 49 50 51 52 53 55 56 57 59 62 64 65 66 67 69 70 71 72 74 76 77 78 79 80 81 82 84 89 91 93 95 96 97 99 101 105 106 108 110 112 113 114 115 118 119 120 122 129 130 131 132 133 134 135 136 137 139 144 147 148 149 150 151 152 156 157 161 164 165 166 170 173 174 175 177 178 180 182 183 186 189 195 198 200
55 39 40 48 50 52 53 54 55 57 58 60 63 65 66 68 71 74 75 77 78 80 81 83 85 87 88 89 90 92 93 95 97 98 99 100 101 105 106 108 110 112 113 115 116 117 119 120 121 123 124 125 128 130 134 136 139 140 141 143 146 147 148 149 150 154 156 157 158 159 161 162 163 164 165 167 171 173 174 177 179 180 182 190 191 195 197 198 199
57 40 44 46 48 50 52 54 60 65 67 68 69 72 73 74 75 76 77 78 80 82 90 91 95 96 97 102 104 105 106 110 111 112 113 114 115 116 117 118 119 120 123 124 125 126 127 129 133 134 136 137 138 139 143 145 146 149 150 151 152 153 155 158 160 161 163 166 167 168 171 172 173 175 177 179 180 181 183 186 187 188 189 194 196 197 199 200
55 41 42 44 45 47 48 51 52 55 56 57 60 69 72 73 75 76 78 79 80 84 85 86 88 89 93 94 95 99 100 101 102 103 104 105 106 107 108 109 110 112 114 118 120 123 125 126 129 130 131 133 134 135 137 138 139 141 142 146 147 149 150 151 153 155 156 157 159 160 161 162 164 165 167 169 170 171 172 173 174 175 180 181 185 187 188 190 192 198 199
55 42 43 44 45 46 47 48 49 50 52 54 58 62 63 65 66 67 68 69 70 71 72 73 76 77 78 79 80 81 82 83 84 86 87 88 90 91 92 97 98 99 101 102 103 105 108 110 111 113 114 115 116 117 119 121 122 123 124 131 132 135 136 137 139 140 141 142 144 147 149 150 151 152 154 157 158 160 161 164 168 169 170 173 175 176 181 182 183 184 185 186 188 189 190 192 193 194 195 196 198 199 200
42 47 48 52 54 57 58 59 61 62 63 64 66 68 69 71 72 76 81 83 84 86 87 91 92 93 94 95 97 99 100 101 103 105 107 109 111 112 113 115 116 118 120 121 123 124 125 126 129 131 133 134 137 139 140 142 143 144 145 146 150 151 153 154 156 157 158 159 162 164 169 170 171 172 177 178 179 181 183 184 187 190 192 193 194 195 196 200
46 45 46 47 48 52 53 58 60 61 62 63 66 67 68 70 71 72 73 74 76 77 78 80 83 84 88 90 92 97 98 99 100 101 102 103 105 106 108 109 111 112 116 117 119 122 123 124 126 129 130 133 134 136 138 139 140 142 146 147 149 152 153 154 155 156 157 158 159 161 162 163 165 166 167 168 169 175 177 178 179 181 182 183 186 187 188 189 191 193 196 197 198 200
52 44 47 49 50 52 53 55 57 59 61 63 64 65 69 72 73 75 76 77 79 82 83 86 88 89 91 94 95 99 101 104 105 106 109 111 113 114 116 117 118 120 127 128 129 131 133 135 136 141 143 144 145 146 147 150 152 153 154 155 156 159 160 161 162 164 167 168 169 170 172 173 175 176 177 178 179 180 181 182 183 184 185 186 187 193 197 198 200
51 46 47 48 54 55 56 58 60 62 63 65 66 67 68 69 71 72 76 77 78 79 80 88 91 94 95 96 97 98 101 102 103 104 105 108 109 112 115 116 119 120 121 123 125 126 127 128 129 130 132 133 134 135 136 140 141 145 146 149 150 151 152 153 155 156 157 158 159 160 161 162 165 167 170 171 172 174 175 177 178 179 180 182 183 184 185 187 188 189 190 192 193 198 199
56 47 49 54 55 57 58 59 60 61 62 63 64 65 66 67 69 70 71 72 75 76 77 78 79 80 81 86 87 88 92 97 98 99 100 101 103 104 108 109 111 112 114 118 121 122 123 124 125 128 130 131 132 134 135 136 137 139 141 143 144 145 146 147 149 150 152 153 154 156 157 158 160 162 163 165 166 168 169 170 171 172 173 175 177 179 183 187 188 190 192 193 195 196 197 198 199 200
49 47 48 49 50 51 52 53 54 56 57 58 59 60 61 62 63 64 65 66 75 76 77 79 80 82 85 90 92 93 95 98 99 100 102 104 105 107 109 111 112 113 114 116 121 124 127 129 130 133 134 135 136 139 140 141 142 143 145 146 147 148 150 153 154 155 156 157 159 160 163 164 165 167 169 170 171 174 176 177 178 179 181 182 183 186 189 192 194 196 197 198
43 48 51 52 53 54 55 56 57 60 61 62 63 64 65 67 68 69 71 72 73 74 77 79 80 83 85 86 87 89 91 92 93 94 95 96 97 99 102 103 104 108 109 113 115 116 117 118 119 121 122 123 125 126 127 129 130 131 132 133 134 135 137 138 139 140 142 143 145 149 150 151 153 154 155 156 157 159 161 162 164 166 167 168 172 173 176 179 181 182 184 186 187 192 193 194 195 196 197 198
49 49 50 52 53 55 59 60 61 63 64 66 67 69 70 72 73 75 79 80 81 83 84 85 88 94 95 96 97 98 100 102 103 104 110 111 114 115 116 118 119 120 123 124 125 126 127 128 129 133 137 138 139 140 141 143 146 148 150 151 153 155 156 157 158 159 161 162 164 165 166 168 169 170 172 173 174 175 177 178 181 183 184 186 187 188 189 190 191 195 199
57 50 51 55 60 61 62 63 65 67 68 70 72 73 74 76 77 78 79 80 81 82 83 86 87 88 91 93 96 101 102 104 105 106 110 112 113 114 117 119 120 122 124 125 127 128 129 132 133 136 137 139 141 143 144 145 148 149 150 151 153 156 159 160 161 162 164 167 168 169 170 171 172 173 174 175 176 177 179 180 184 186 188 189 190 191 192 194 195 196 197 199 200
50 52 56 59 60 64 65 67 68 69 71 72 73 75 77 78 79 82 83 85 87 88 90 91 92 93 94 95 96 97 98 99 101 102 103 104 106 107 108 109 111 112 113 115 116 118 119 120 122 123 125 126 127 128 130 133 137 138 140 141 143 144 145 146 147 149 152 153 154 155 157 158 159 161 162 164 165 166 167 169 171 173 174 177 178 179 180 183 190 191 192 194 195 196 197 199 200
44 52 53 54 57 58 60 63 64 65 66 67 68 69 70 71 73 76 77 78 81 83 85 86 90 91 92 93 94 97 98 99 101 103 104 105 106 107 108 109 111 113 114 115 117 118 119 121 122 123 124 125 126 127 130 134 135 136 138 139 141 146 149 152 155 156 157 159 160 162 163 164 165 166 167 169 170 171 173 174 175 180 181 182 183 185 187 188 189 190 191 192 195 197 199 200
49 53 54 57 58 60 61 63 64 67 69 70 72 73 74 77 79 80 81 83 84 85 86 88 90 91 92 93 94 96 98 100 103 104 105 107 109 110 112 115 116 118 121 122 123 127 128 131 132 134 136 139 140 142 148 149 150 152 153 155 156 157 159 160 161 162 163 164 165 168 169 172 174 176 177 179 180 182 184 186 188 189 190 191 192 194 196 199
46 54 57 59 60 63 64 66 68 70 71 72 73 74 76 77 78 79 80 82 83 84 85 86 89 90 93 94 97 98 99 101 103 104 109 110 111 112 113 114 116 117 118 119 120 122 123 125 127 128 132 135 137 141 143 144 145 146 147 148 149 150 152 156 157 158 159 161 164 166 168 169 171 178 179 180 181 182 183 184 188 189 190 195 196 197 199 200
41 55 56 58 59 60 61 62 63 64 67 69 70 72 73 77 79 80 81 82 83 87 88 89 90 91 93 94 97 98 100 101 103 105 107 110 112 113 114 115 119 120 121 122 123 124 125 127 128 129 131 137 139 140 141 142 143 146 149 150 151 152 153 154 156 157 163 164 166 167 169 170 174 175 176 177 178 179 180 182 184 187 188 189 190 192 193 194 195 196
41 56 59 60 61 62 63 68 69 71 73 75 76 78 79 83 85 86 87 88 90 91 92 94 95 96 97 98 100 102 104 105 108 110 113 117 122 123 124 129 130 131 132 136 137 138 139 141 142 144 146 147 149 151 153 155 157 159 160 161 163 164 165 167 168 171 173 174 175 176 177 179 180 181 182 183 184 186 187 188 189 191 193 194 197 199 200
46 58 59 60 64 66 67 72 73 74 76 77 79 80 82 84 86 88 90 91 95 96 98 99 100 102 103 105 106 107 109 112 113 114 116 117 118 119 120 121 122 127 132 133 134 135 139 146 148 150 151 152 155 156 157 158 160 162 165 168 169 173 175 176 177 179 180 182 183 184 185 186 187 188 189 192 197 199
40 63 64 67 68 71 72 77 78 79 80 81 83 85 86 88 89 94 95 96 97 99 102 104 105 106 108 109 110 113 114 115 116 118 119 120 121 126 127 128 129 131 134 135 136 140 141 144 146 147 148 150 151 152 154 155 156 158 160 163 165 166 167 169 170 172 174 175 179 181 183 184 185 186 187 190 191 192 193 194 195 196 197 199
51 59 61 62 63 64 65 66 67 69 71 72 73 76 77 78 79 80 81 82 83 85 87 88 90 91 92 93 95 96 97 99 100 101 104 105 109 111 112 118 122 123 124 125 126 127 128 130 131 132 133 134 135 136 140 141 143 144 145 146 148 149 150 152 153 154 156 157 164 165 166 167 168 169 170 172 176 177 178 179 180 181 183 185 190 192 193 196 197 199 200
50 61 67 68 69 70 71 75 76 77 78 80 81 82 84 85 86 87 88 89 90 94 95 100 103 104 106 110 111 113 114 115 116 119 121 122 125 128 129 131 132 133 134 138 139 140 141 142 146 148 150 151 154 156 157 159 161 162 163 164 165 166 170 171 173 175 177 179 180 181 183 184 188 189 190 193 194 196 197 198 199
41 61 62 63 64 66 67 68 69 72 73 74 77 78 80 83 84 86 88 89 90 91 93 94 97 100 101 102 104 105 106 107 108 109 110 111 112 114 115 116 118 121 123 126 128 130 131 133 135 136 139 140 141 142 143 144 145 146 148 150 151 152 153 154 155 156 157 159 160 162 163 166 167 169 172 173 177 180 181 182 183 184 186 187 191 192 196 197 198
59 62 65 67 70 71 73 74 76 77 78 79 80 81 82 83 84 85 87 91 92 93 94 96 98 101 102 103 104 105 106 107 108 109 110 113 115 116 118 120 121 124 125 126 127 128 130 131 132 133 134 135 137 138 140 141 142 143 144 147 149 150 151 153 154 156 157 158 160 161 162 164 166 167 170 173 174 175 176 181 182 184 185 186 188 189 192 193 195 197 199 200
43 63 64 66 67 68 69 71 72 75 77 78 79 84 85 87 88 89 91 97 98 100 105 109 110 111 112 113 114 115 118 119 120 121 122 123 126 127 128 129 131 132 133 134 136 137 138 139 140 141 145 146 147 148 149 150 152 159 162 166 167 168 169 170 171 174 175 179 180 181 184 186 187 192 193 194 195 196
42 64 65 66 67 68 70 71 72 74 75 77 79 80 81 82 83 84 89 90 92 93 94 96 97 98 99 101 104 112 113 115 116 117 118 122 123 124 125 128 129 130 131 133 135 137 138 139 142 144 147 150 151 154 155 158 159 160 161 162 166 167 168 169 173 174 176 179 180 182 183 185 186 187 188 189 190 191 192 193 195 196 197 198
46 65 66 67 69 75 76 78 79 80 81 82 83 84 85 86 90 92 93 94 96 97 100 101 103 104 105 106 107 108 110 111 112 113 114 115 116 117 118 119 121 123 125 126 129 130 131 133 134 135 137 139 142 144 148 149 150 151 152 155 156 157 158 159 160 161 164 165 167 169 171 172 178 181 182 183 184 186 190 192 193 196 197 199
50 66 68 69 74 76 77 79 80 82 83 85 87 88 89 90 92 94 95 97 98 101 102 103 105 108 109 111 113 115 116 117 118 119 120 123 124 125 126 127 131 134 135 137 138 140 143 144 148 149 150 151 152 153 154 155 156 157 159 160 161 169 170 171 172 173 174 176 181 182 183 185 187 189 190 192 193 194 196 197 200
47 70 71 73 74 77 78 83 84 85 87 89 92 93 94 96 98 99 100 102 104 105 106 108 109 110 113 114 120 121 122 123 124 126 129 130 132 134 135 138 139 140 141 143 145 147 148 150 152 153 155 156 157 158 159 160 162 164 167 168 169 170 171 172 173 174 176 177 178 179 180 185 188 192 193 194 195 196 198 199
47 68 69 71 72 74 76 78 80 81 82 85 87 88 89 90 93 94 95 97 100 101 102 104 107 108 109 110 114 115 117 119 127 130 131 133 135 136 137 138 139 144 145 147 148 150 151 152 153 154 155 156 160 161 162 164 165 166 167 168 169 171 173 174 175 176 178 179 180 181 183 184 186 187 188 189 190 191 193 197 200
49 69 70 73 74 75 77 78 79 82 83 84 86 87 88 90 93 94 95 96 97 100 102 103 104 106 107 108 109 110 111 112 113 114 116 118 119 120 121 122 123 126 127 132 133 136 138 141 142 143 145 147 148 149 150 152 153 154 155 156 157 158 160 162 163 165 166 167 168 169 171 172 175 176 177 179 180 181 182 184 185 187 190 191 192 193 195 197 199 200
60 72 75 76 80 82 84 86 87 89 90 91 92 93 94 98 100 102 105 106 107 108 109 110 111 112 113 117 119 121 123 124 128 129 131 132 134 135 136 139 142 143 145 146 148 150 151 152 153 154 155 156 158 159 161 164 165 168 170 171 172 173 174 175 176 177 179 184 189 191 192 197 198 199
48 71 73 74 76 80 84 85 86 87 88 89 90 93 95 98 101 104 105 107 109 110 112 113 114 115 116 117 119 120 121 124 125 127 128 133 134 135 136 137 138 143 145 149 151 152 153 156 158 159 163 164 165 166 167 169 170 171 172 173 174 175 176 177 179 180 182 183 184 185 187 188 189 191 193 195 196 197 200
52 76 78 79 80 81 87 90 94 96 98 100 101 102 103 106 107 108 109 112 113 115 117 118 119 122 124 126 127 130 131 132 133 135 136 140 141 142 145 147 148 155 156 158 159 160 161 162 163 164 165 166 167 168 172 173 174 175 176 177 178 181 182 184 186 187 188 189 190 192 193 194 195 196 197 198 200
48 73 75 76 77 78 79 80 82 84 86 87 88 92 93 94 95 97 98 99 100 102 103 105 108 109 110 112 114 116 118 119 120 121 122 123 125 127 129 131 133 134 136 138 142 143 144 147 148 152 153 154 156 159 160 162 163 164 165 166 167 168 169 172 173 174 175 178 179 180 182 183 185 186 187 188 192 193 195 196 197 198 199
58 75 81 84 85 86 88 89 90 92 94 95 98 100 102 103 106 108 109 110 112 115 116 117 119 120 122 123 124 125 127 128 129 131 132 133 134 135 138 140 142 143 144 145 149 152 154 155 156 157 158 160 162 163 164 165 166 168 170 174 175 176 177 178 179 181 183 187 188 189 190 196 197 198 199 200
49 75 76 78 79 80 81 82 83 84 85 86 88 91 93 95 96 97 98 99 100 103 105 106 108 110 113 115 117 118 119 121 122 123 124 125 130 131 133 135 136 139 140 143 146 147 148 149 150 153 156 158 159 160 161 162 167 168 170 172 175 178 181 183 185 186 187 189 191 192 194 195 197 199
41 76 77 78 79 81 82 84 85 89 95 96 97 98 101 105 106 107 109 110 111 112 114 115 116 121 124 125 126 127 128 130 131 135 136 137 138 139 140 141 142 145 147 148 149 150 151 152 153 155 156 157 159 160 166 168 170 171 172 174 181 182 183 184 185 188 190 191 194 195 197 198 199
45 77 78 79 82 83 84 85 86 87 90 92 94 95 96 97 98 99 100 102 103 105 106 107 108 110 111 114 115 117 118 121 122 123 126 127 128 130 131 133 137 138 139 140 142 143 147 149 150 151 154 156 158 160 161 162 166 167 169 170 171 175 176 177 178 179 180 181 184 185 186 188 189 190 193 194 196 197 198 200
41 79 80 82 83 85 87 88 89 90 96 97 99 100 103 108 109 110 111 112 113 116 117 118 119 123 124 125 126 127 129 130 132 133 134 135 139 142 144 145 147 149 152 153 155 157 159 164 165 166 167 170 171 173 176 177 178 179 180 183 185 188 191 194 198 199 200
53 79 80 81 82 83 85 86 87 88 89 94 95 96 97 103 104 105 106 110 113 114 116 118 119 121 124 129 130 131 134 136 137 139 142 147 148 152 153 156 157 159 160 161 162 164 165 168 170 171 172 173 174 176 178 179 182 185 186 188 189 190 191 192 195 196 199
48 80 81 85 88 89 93 94 95 96 98 100 102 103 107 108 109 110 112 114 115 117 118 119 120 123 125 126 128 130 132 135 137 138 139 140 142 144 145 149 152 154 155 157 158 160 161 162 164 166 167 168 169 173 176 177 178 179 182 184 185 187 188 191 192 194 195 196 197 199 200
55 81 82 83 84 86 89 90 91 93 94 96 97 102 103 104 105 108 111 112 113 114 115 116 117 118 120 122 127 128 130 131 133 136 137 138 139 140 143 144 146 148 149 150 151 152 153 154 155 157 159 162 163 164 165 166 167 169 172 174 176 178 179 182 184 185 191 192 193 195 196 197 199
58 84 85 86 87 89 90 94 95 97 101 102 103 105 110 111 114 115 116 117 119 120 121 123 126 127 128 129 130 133 135 137 138 139 141 144 145 150 153 154 156 157 158 159 161 162 163 165 166 168 169 171 173 174 175 177 178 184 186 189 191 192 196 198 200
55 83 84 85 88 89 90 91 92 93 94 95 96 101 102 104 105 109 110 111 112 117 119 120 123 125 126 127 128 131 133 134 136 137 138 140 141 145 148 151 152 154 155 156 157 158 159 160 162 163 165 167 168 169 171 172 173 174 175 176 177 178 180 181 183 187 188 191 192 193 194 198 199 200
53 85 88 89 90 91 92 94 95 96 98 99 100 101 104 106 109 110 111 113 115 116 117 120 121 122 124 127 128 129 131 132 134 135 139 140 141 144 146 147 148 149 150 151 153 154 157 160 161 163 165 166 167 168 169 170 172 173 178 179 180 182 183 185 186 187 189 192 193 194 195 196 198 199 200
59 86 87 88 90 91 93 95 99 100 103 104 106 107 111 113 114 115 116 118 121 122 123 124 126 127 129 130 133 135 136 137 138 141 142 143 144 149 150 152 154 157 160 161 162 163 165 166 167 169 171 172 178 179 183 186 187 188 189 190 192 193 195 200
56 87 88 89 91 93 95 96 97 98 104 106 108 111 112 113 114 115 116 117 119 120 121 123 126 127 129 131 133 135 136 139 140 143 144 148 149 152 153 156 157 158 160 164 165 166 167 171 172 173 174 176 177 178 179 181 182 183 186 189 190 191 192 193 194 195 196 197 199 200
57 87 89 91 95 98 100 101 102 103 108 109 110 112 115 117 118 119 123 126 127 129 130 131 132 133 135 137 139 140 143 145 147 148 149 150 151 152 153 154 155 156 158 163 164 165 166 170 171 172 173 176 179 180 182 183 184 185 187 188 190 193 195 196 197 199
43 89 91 92 93 95 96 101 103 105 109 112 113 114 115 116 119 120 125 126 128 129 130 132 136 137 142 143 144 145 148 149 151 153 155 157 158 160 161 162 163 164 165 166 170 173 174 175 176 177 178 180 181 183 184 186 187 192 193 195 196 197 198 199 200
58 91 92 93 94 96 98 100 101 103 105 107 110 113 115 116 117 120 121 122 123 126 127 128 129 135 139 140 144 145 146 149 150 154 155 158 160 161 162 163 164 165 167 169 170 171 172 173 176 177 178 180 181 182 183 184 185 186 187 188 189 191 194 197 198 200
56 92 95 101 102 103 104 105 108 109 110 111 112 114 115 116 117 119 120 121 123 124 125 126 127 128 130 131 132 133 134 135 136 137 138 139 140 142 144 145 146 148 149 150 151 152 155 156 159 160 161 163 164 165 168 169 171 172 173 174 175 176 178 179 180 182 184 185 187 188 189 190 191 192 193 194 196 197 200
42 91 92 95 97 100 101 103 104 106 113 114 116 117 118 119 120 121 122 123 127 128 129 130 132 133 134 136 137 138 139 140 142 143 145 146 148 149 150 151 152 155 158 160 163 165 166 169 170 171 174 178 179 180 181 182 183 184 186 187 189 192 193 194 196 199 200
59 92 94 95 97 98 99 101 102 105 106 108 110 113 114 117 119 120 121 123 124 127 129 130 132 133 134 135 138 139 140 142 143 144 145 146 148 149 151 154 156 157 158 162 163 166 167 168 169 170 171 172 176 178 181 183 184 185 186 187 188 189 191 193 194 195 196 198 199
46 93 94 95 98 99 101 103 105 107 109 110 111 115 116 118 120 121 122 124 127 128 129 130 134 135 136 137 140 144 145 146 147 150 153 155 156 159 160 161 162 163 166 169 170 171 174 176 177 179 180 181 182 183 188 189 190 192 193 194 195 196 198 199 200
43 95 97 98 99 100 102 104 105 106 107 108 109 111 112 113 114 116 117 119 120 121 123 124 125 126 127 130 133 134 135 138 139 140 141 144 145 146 149 150 152 159 161 162 163 164 172 173 176 180 182 183 184 185 186 187 189 191 192 194 195 198 200
43 97 100 101 103 104 105 108 109 110 111 112 114 118 119 121 122 124 126 128 129 130 132 134 135 138 141 143 144 145 150 151 157 158 159 160 161 162 163 166 170 172 173 175 176 177 179 180 182 183 185 186 187 193 196 197 199 200
42 96 97 99 100 101 103 105 106 107 108 109 110 111 112 115 116 117 118 120 121 122 124 125 126 127 128 131 132 133 134 136 137 138 139 140 141 142 144 145 149 150 152 153 154 156 159 160 161 162 163 164 165 167 168 169 170 172 174 175 176 177 180 181 183 184 185 186 187 188 189 192 193 194 195 197
51 98 99 104 106 108 110 111 112 113 117 118 119 120 121 124 125 126 127 128 129 131 134 140 143 145 146 147 148 150 151 154 157 158 160 161 162 163 164 165 167 168 170 171 172 174 175 176 177 179 181 186 187 192 195 197 198 200
51 98 100 103 104 105 106 107 108 109 110 112 113 116 119 121 127 128 129 130 134 137 139 140 143 144 145 146 148 150 152 153 156 157 158 159 160 162 164 168 169 170 171 172 174 175 176 177 178 179 183 184 186 188 189 191 192 194 197 198 199 200
52 100 101 102 103 104 105 106 107 109 110 111 112 113 114 117 118 120 121 122 123 124 126 127 128 129 131 132 133 134 135 136 137 138 139 142 143 146 147 151 153 156 158 159 161 162 163 165 167 168 169 170 171 173 180 181 182 184 185 186 188 189 190 191 192 194 195 196 198 199 200
44 100 102 104 105 106 107 111 112 114 115 116 119 120 121 122 124 128 133 135 136 138 139 140 142 143 145 148 149 150 151 152 153 154 155 156 159 160 161 162 165 167 168 170 172 175 176 180 181 182 185 187 189 191 194 195 197 200
41 101 102 103 104 110 112 116 117 118 119 121 122 123 124 125 126 129 131 132 133 134 135 136 139 140 141 142 145 146 148 149 150 152 153 154 155 156 158 160 161 164 165 166 168 169 170 171 172 173 174 175 177 178 180 181 182 183 187 189 190 192 193 194 196 197 200
58 102 104 105 107 108 109 110 111 112 113 114 116 117 118 119 125 131 132 134 135 136 141 142 143 144 145 146 147 148 149 150 152 153 157 158 159 160 162 163 164 165 166 167 168 169 170 172 174 177 179 180 181 182 183 184 186 187 188 191 193 196 197
52 105 106 108 112 113 119 120 121 122 123 125 126 127 128 129 131 132 134 135 136 137 138 139 141 143 145 146 147 149 151 152 153 157 158 159 161 163 165 166 167 168 170 173 175 176 181 182 183 184 185 186 187 190 191 192 193 196 199 200
45 109 110 111 112 114 117 118 119 120 124 126 127 128 130 131 132 133 134 135 137 139 142 145 147 148 149 151 152 153 155 156 157 158 159 160 161 162 163 166 167 168 169 171 172 173 176 177 178 179 180 182 184 185 186 188 189 190 191 192 198 199
45 105 107 108 111 114 115 116 117 118 122 123 124 125 126 127 128 130 131 132 135 136 137 138 139 141 142 144 148 150 153 154 157 161 162 163 164 165 166 168 169 170 173 174 175 176 177 178 179 181 183 184 186 187 191 192 194 195 198 199 200
49 106 110 111 112 114 116 117 118 120 121 125 126 127 128 130 132 136 138 140 141 143 145 147 149 151 152 153 154 156 158 159 160 163 165 166 167 168 169 171 173 174 175 176 177 178 179 180 182 184 185 186 188 189 190 192 194 195 197 198 199 200
45 107 108 110 112 113 115 116 118 119 120 121 122 123 126 127 128 129 130 131 133 134 136 138 141 142 143 144 146 147 149 151 152 153 155 156 157 159 162 163 164 165 168 170 173 174 175 178 182 184 185 186 188 189 191 193 194 196 197 198 199 200
54 109 112 113 115 116 118 119 121 122 123 124 125 127 128 129 130 132 134 140 142 149 150 152 153 154 155 156 157 158 159 160 161 162 163 164 165 169 170 172 177 181 182 183 186 187 188 190 192 193 195 196 198 199
43 109 112 113 115 117 118 120 121 123 124 128 129 130 132 133 134 135 138 139 140 142 145 146 147 149 151 152 155 156 157 158 159 162 163 164 165 166 167 168 170 171 173 174 175 176 179 180 182 183 184 186 187 189 191 192 194 196 197 199
57 110 115 117 120 122 123 124 125 128 129 130 132 135 137 139 141 143 144 145 148 153 155 156 159 161 165 166 168 169 170 171 172 175 176 181 182 183 185 187 189 190 192 193 196 199
51 113 115 116 119 120 122 124 126 130 131 132 133 135 136 137 138 139 141 142 143 144 145 146 147 148 149 150 155 156 157 158 159 161 162 163 165 166 168 171 172 173 175 178 179 180 184 185 186 187 188 192 196 199 200
50 113 114 115 116 117 118 119 120 121 126 128 129 132 134 135 136 138 140 141 143 145 146 147 148 149 150 151 154 155 158 159 160 162 164 166 167 168 169 171 172 173 176 177 178 181 182 183 185 186 187 188 190 192 193 194 196 197 198
42 115 117 118 119 121 123 124 125 126 128 129 132 133 134 135 136 137 139 140 141 147 149 151 153 154 155 156 157 159 160 162 164 169 170 173 175 176 177 179 181 183 184 187 188 189 192 193 194 196 197 198 199 200
59 114 116 117 118 119 120 121 124 125 126 128 129 130 131 132 133 135 137 142 144 145 149 150 151 158 159 161 162 163 166 170 171 173 174 175 176 177 180 181 182 183 184 186 187 188 189 190 191 192 193 195 196 197 198 199
45 115 121 122 123 124 125 126 128 129 131 134 135 138 139 140 143 145 146 149 153 155 156 159 160 163 165 166 167 168 171 173 174 175 177 178 181 183 184 185 186 191 192 193 195 196 198 199
51 116 117 119 120 122 123 127 128 130 131 132 133 135 136 139 140 141 142 144 145 146 147 151 152 153 154 155 156 157 160 161 162 163 165 166 169 170 173 174 175 176 177 178 179 181 183 185 187 189 191 193 198 199 200
45 118 119 120 122 125 127 129 130 137 139 141 142 145 147 150 153 155 156 159 162 164 165 168 169 170 171 178 179 184 185 190 191 195 196 198 200
52 118 119 121 123 124 128 129 130 134 135 136 137 138 139 140 142 148 149 151 152 153 154 156 158 159 160 161 163 165 167 170 171 173 174 176 177 180 182 184 185 186 187 189 191 194 195 197 198 199 200
49 120 121 123 124 126 128 129 132 134 137 139 140 142 145 146 147 148 151 152 153 154 157 159 160 161 162 163 164 167 168 170 171 172 173 174 175 176 180 181 184 185 186 189 194 197 199
50 120 121 122 124 125 127 129 130 131 132 134 135 136 137 138 142 143 144 146 148 149 151 152 154 156 158 159 161 163 165 166 167 168 170 171 173 175 179 181 183 184 185 186 188 189 190 191 192 193 195 196 198 199
50 122 126 127 128 129 130 131 132 133 135 136 140 144 145 147 149 150 153 154 155 156 157 159 161 163 164 167 170 171 172 173 174 176 178 180 181 183 184 185 186 187 189 190 191 192 193 195 198 199
54 123 128 129 130 132 133 137 138 143 144 147 148 150 153 158 159 160 162 163 164 167 168 169 171 172 173 174 175 176 180 181 185 186 187 188 189 191 192 193 194 195 196 197 199
52 123 127 128 129 131 132 133 137 141 142 143 144 145 146 147 149 151 152 154 155 156 157 159 160 161 162 163 164 167 168 170 172 173 177 179 180 183 185 187 188 190 191 193 194 195 198 199
54 124 125 127 128 130 131 133 134 137 138 139 144 148 150 151 154 155 157 159 160 161 163 164 169 170 172 173 174 178 179 180 181 182 183 184 185 188 189 190 193 194 196 198 199 200
60 125 126 128 129 131 132 133 135 136 138 141 148 150 151 152 154 156 159 161 164 165 166 167 169 170 171 172 174 175 176 177 178 180 182 183 184 185 186 187 188 189 191 197 199
50 126 127 128 130 131 132 134 137 139 140 141 143 144 145 147 150 152 153 155 157 159 160 161 163 164 165 166 167 169 170 172 173 174 179 180 181 182 183 184 185 188 189 190 193 195 197 198 200
43 129 130 131 133 134 136 137 138 139 141 142 144 146 147 150 152 153 154 155 156 157 158 159 160 162 163 164 165 166 167 168 170 172 173 175 176 177 178 179 180 185 186 188 190 192 193 194 195 196
42 129 131 133 136 137 141 142 143 144 146 147 148 149 150 152 153 154 155 157 158 161 163 165 167 169 170 172 174 175 176 177 179 180 183 184 185 187 189 192 193 194 195 196 198 199 200
42 129 131 132 135 136 138 140 141 143 145 146 148 150 151 152 153 157 158 159 160 161 164 165 168 170 171 176 177 178 180 183 185 186 187 189 190 191 193 194 195 198 199 200
56 131 132 133 134 135 137 139 141 142 143 144 146 148 150 152 155 156 157 158 159 160 163 165 166 168 172 173 174 175 176 181 182 183 187 190 191 193 194 197 198 199
55 132 133 134 136 138 140 142 144 145 151 152 153 155 156 157 158 159 160 162 165 168 169 172 174 176 177 178 182 183 184 186 187 189 192 194 197 198 200
41 134 136 138 139 142 143 144 147 148 150 151 152 153 154 155 156 157 158 161 162 163 164 165 166 167 172 173 175 176 178 180 181 184 185 186 187 188 189 190 193 194 195 198 200
42 134 137 138 139 141 144 145 146 147 148 149 150 151 152 154 158 161 163 164 166 169 170 171 172 174 178 180 182 185 187 190 191 192 193 197 199
46 134 135 136 137 138 139 140 141 142 143 146 147 148 149 150 152 153 154 156 158 159 160 161 164 165 166 168 170 171 172 173 175 180 183 184 185 186 187 188 189 191 192 194 198 199 200
45 135 136 137 138 139 142 147 149 152 154 155 156 157 158 160 162 163 164 165 167 168 174 175 176 177 179 180 183 184 186 187 190 191 192 194 195 196 197 198 199
41 136 137 139 140 142 144 146 147 151 153 154 156 157 160 161 162 167 168 169 172 177 178 179 180 187 189 190 193 195 198 200
46 138 139 144 148 149 150 151 153 156 159 161 162 168 169 171 172 173 174 177 178 179 180 182 183 186 188 189 190 192 194 196 197 198
58 138 139 143 148 149 152 153 155 156 158 160 162 164 168 169 170 171 173 177 179 180 181 183 186 187 191 192 193 194 195 196 197 199
45 139 141 143 144 145 146 149 151 152 153 158 160 161 163 164 165 166 168 169 170 172 174 177 178 179 180 181 182 183 184 185 186 188 190 193 196 199 200
58 140 142 144 145 146 147 148 149 152 154 159 161 163 165 166 167 168 169 170 172 173 174 177 178 179 180 183 184 185 187 189 190 191 192 195 196 197 198
42 141 142 143 145 147 148 150 152 156 157 159 165 168 170 171 172 175 176 177 179 180 181 182 183 184 185 186 188 189 191 194 196
51 142 143 144 145 146 147 149 150 151 153 154 156 160 161 162 163 164 167 169 170 171 173 174 175 176 177 178 179 180 183 185 186 188 191 192 193 194 195 196 197 198
60 143 145 149 152 155 156 157 159 160 165 168 169 171 172 174 176 179 180 181 182 183 184 185 186 187 188 189 191 193 194 197 198 199 200
52 144 146 148 149 154 155 156 157 159 160 163 164 165 166 167 168 169 170 172 173 174 175 177 181 182 183 184 185 194 195 196 200
42 145 146 148 150 152 157 163 164 165 166 167 170 171 172 175 176 177 178 179 181 182 185 189 190 191 193 194 195 196 197 200
56 148 154 157 160 162 163 164 165 166 167 168 169 170 171 172 173 175 176 179 180 183 184 186 189 190 191 192 194 199 200
57 147 148 149 152 156 160 161 162 163 165 167 169 170 172 173 174 176 180 183 186 188 190 191 192 193 195 197 198 199
41 149 150 154 156 160 161 162 163 166 167 169 171 172 173 174 179 182 184 185 186 188 189 190 192 193 195 197 198 199 200
46 150 152 154 155 156 157 158 159 160 161 164 165 167 170 172 174 175 176 178 179 182 188 189 190 192 194 198 200
50 150 153 156 158 161 162 163 164 165 166 167 168 169 170 171 172 174 175 176 177 179 180 181 183 185 186 187 188 189 191 192 193 194 195 196 197 198 199 200
60 151 154 155 156 157 158 159 160 161 162 163 164 165 166 169 171 173 174 175 181 182 184 186 189 191 192 193 194 195 199
60 153 154 155 156 158 159 160 161 163 166 171 173 175 176 177 178 180 184 187 188 189 192 193 194 196 198 200
60 154 156 157 160 161 167 168 169 170 173 175 176 177 178 181 183 185 188 189 190 191 195 196 198 199 200
51 154 155 159 160 161 162 163 164 165 166 167 170 171 172 173 174 180 181 192 195 196 199 200
57 156 162 163 167 168 169 170 172 174 175 178 180 181 182 184 185 186 187 188 189 190 193 195 197 198 199 200
43 158 159 161 165 166 168 170 173 174 175 177 178 179 181 184 185 189 193 194 195 196 198 199 200
55 160 161 163 166 169 171 172 173 174 175 176 177 178 180 181 183 184 186 193 194 198 199
41 159 161 162 163 164 167 170 171 173 174 176 177 179 180 182 183 184 185 188 189 191 192 193 195 197 198 199
40 159 160 161 162 166 167 169 170 172 175 178 179 180 181 182 184 185 186 190 191 193 194 195 198 199 200
58 160 161 162 163 167 168 169 170 171 172 174 175 176 180 182 183 185 190 191 195 197 198
48 161 162 165 166 167 168 170 171 172 174 175 177 178 179 180 183 184 185 186 188 190 191 192 193 194 195 196 197 198
59 163 164 165 167 169 170 171 172 175 177 178 180 181 182 183 184 186 187 188 190 192 193 194 196 198 200
43 165 166 168 171 172 173 175 177 178 179 180 181 183 184 185 186 188 191 192 193 195 196 198
48 165 166 167 170 171 173 174 175 176 177 178 179 180 182 185 189 194 195 196 197
47 165 166 168 169 170 171 173 174 175 176 177 178 179 181 182 184 185 186 188 189 190 192 195 196 197 198 200
54 167 169 170 178 181 183 186 188 189 190 195 196 197 198
50 167 168 169 173 174 175 176 177 178 179 180 182 184 186 187 189 194 195 196 197 198 199
46 168 169 170 171 172 173 174 175 178 179 180 181 182 185 186 187 190 193 195 196 199
57 170 171 172 173 174 176 178 179 180 184 188 189 191 192 193 195 197 199 200
49 170 171 172 174 175 176 177 179 180 181 182 183 185 186 187 190 191 192 194 197 198 199
52 172 174 177 178 179 180 181 183 184 185 186 187 191 192 193 195 197 198 200
48 174 176 177 178 180 183 184 188 192 194 196 198 200
53 176 178 180 182 185 187 188 189 190 191 192 193 195 196 197 199 200
48 174 175 176 179 180 182 184 186 193 196 199 200
60 175 180 184 185 187 189 191 193 195 196 197 198 200
60 176 177 178 179 181 182 183 184 187 188 189 191 192 193 194 195 196 199
59 177 180 182 185 187 189 192 194 195 198 200
43 179 181 182 184 186 187 188 190 193 194 195 197 199 200
53 179 180 181 185 186 187 189 191 192 193 194 196 198 199 200
43 180 181 184 185 186 187 189 191 196 197 199
43 181 182 186 188 190 191 192 193 194 196 197 198 200
48 183 186 188 189 191 192 193 194 196 197 198 200
49 183 186 187 188 190 192 193 195 196 198 200
40 184 186 187 188 189 190 194 195 196 198 199
48 186 187 188 189 190 191 192 193 196 197 198 199 200
49 186 187 189 190 191 192 193 200
44 187 189 190 191 192 193 194 196 198 199
46 188 189 190 191 192 193 194 195 196 197 200
53 190 191 194 195 196 198
53 190 191 193 195 197 199 200
40 192 193 194 195 197 198 200
60 194 196 199
59 193 195 197 198 199 200
60 196 197 198 200
41 195 196 199 200
60 196 198 200
45 197 198 200
49 198 200
42 200
52 200
56
