50	10	10000	1
0	479	5
0	601	4
0	850	2
0	130	9
0	580	3
0	144	3
0	415	7
0	820	8
0	968	6
0	729	3
1280 2 3 4 5 6 7 8 9 10 12 14 15 16 17 18 24 26 28 30 31 33 35 36 41 42 44 45 46 48 49 50
531 6 7 10 11 12 14 16 17 18 19 26 27 28 30 31 32 33 34 35 37 38 43 44 45 48 49 50
1243 4 5 7 8 9 10 11 13 14 15 16 17 20 23 24 27 32 34 36 37 39 40 41 42 43 50
1448 7 9 10 11 14 15 17 20 22 23 24 25 30 32 36 37 39 40 42 43 45 49 50
1373 8 9 10 11 12 13 14 17 18 20 21 23 26 27 30 33 35 36 39 40 41 46 47 48 49 50
1367 9 10 11 12 13 14 15 16 18 19 20 26 28 29 31 32 34 35 37 38 41 42 45 48 49 50
761 8 9 10 12 13 14 18 20 22 23 24 26 27 28 29 30 35 36 37 38 39 42 43 46 47 48
1105 9 12 13 14 16 18 19 20 21 22 24 25 27 31 32 33 34 35 37 38 40 42 43 45 46 49 50
1444 10 14 15 16 17 18 20 21 22 23 24 25 27 30 31 32 33 34 35 36 37 41 42 43 44 45 46 50
924 11 12 14 15 17 18 19 20 22 23 24 25 33 35 36 37 38 39 40 41 44 46 48
610 12 15 18 19 20 21 23 26 28 29 31 33 34 35 37 38 39 40 43 44 46 48 49 50
1307 13 14 15 16 18 19 20 23 25 27 35 37 39 40 41 42 45 46 48 49 50
772 14 16 17 18 20 21 22 23 24 25 26 27 29 30 33 37 39 44 45 46 47 48 50
1202 15 16 17 18 24 25 26 28 30 32 33 34 35 39 40 45 46 47 48
1040 16 17 20 24 25 28 29 31 32 35 39 40 41 42 43 45 46 48 49 50
1066 19 21 22 26 28 29 31 33 34 35 38 43 44 45 48 49 50
853 18 20 21 22 23 26 27 28 29 30 32 34 37 38 40 41 43 44 47 48 50
1193 21 23 24 26 27 30 32 33 34 36 37 39 41 42 43 44 45 47 49
1019 24 25 26 27 29 30 31 36 37 38 39 40 42 44 46 49
991 21 23 24 28 29 30 32 33 34 35 36 39 41 43 45 48
1475 22 23 24 25 26 27 28 29 30 32 33 34 35 36 37 38 39 41 42 43 44 45 46 50
690 24 25 27 30 31 34 36 37 39 40 42 43 49 50
810 25 26 30 31 33 34 35 36 37 38 42 44 47 48 50
1423 27 29 32 33 34 35 37 38 41 42 45 46
623 27 28 29 30 31 34 35 36 37 38 39 40 43 49 50
1403 27 33 34 36 37 39 41 42 43 44 46 48 49 50
983 28 30 31 32 37 38 39 40 41 43 45 46 47 49 50
529 30 31 32 33 38 39 40 41 42 43 44 45 46 47 48
509 30 31 34 35 36 37 39 40 42 43 45 47 49 50
1492 31 32 34 35 36 37 39 41 42 44 45 49
1458 32 33 34 35 39 41 43 44 45 46 47 48 50
1261 33 36 42 45 47 48
1033 36 37 40 46 48 49 50
1007 35 36 40 41 43 44 46 47 48 50
596 39 40 41 42 43 46 49 50
1212 37 39 40 47 50
1282 38 39 40 41 42 43 44 45 46 47 48 49 50
1461 40 41 42 43 44 45 47 49
1279 42 44 50
1101 45 47 48 49 50
588 47 48 49 50
526 45 46 47 49 50
926 44 45 46 47 48 50
1417 46 49
1366 46 47 48 49 50
875 47 50
1179 48 49 50
637
943
902
