75	5	10000	10
-2	1354	12
-5	1001	14
-1	1551	10
-3	1553	21
-1	1638	18
1212 3 5 6 7 8 9 10 11 13 15 17 18 19 20 21 22 27 28 30 31 32 33 35 36 37 40 41 42 43 45 46 47 48 50 51 52 55 56 58 59 61 64 66 68 70 71 72 73 74
1423 5 6 7 8 10 12 13 18 19 20 21 22 23 24 25 26 29 31 32 33 34 37 39 40 41 44 45 48 50 51 55 57 59 63 64 65 66 67 69 70 71 72 73 74 75
526 4 7 9 11 13 14 17 18 20 21 24 27 28 30 32 35 36 37 38 39 40 44 45 46 47 49 50 52 53 54 56 57 61 63 65 67 69 70 73 74 75
1040 6 7 10 11 13 15 16 20 21 22 23 24 25 26 27 30 31 33 35 36 37 38 42 43 45 48 50 51 57 59 62 64 66 68 69 71 72 74 75
926 6 7 9 10 11 13 14 15 16 19 20 21 25 26 29 30 33 34 35 36 38 39 40 41 44 45 47 48 49 56 57 58 60 61 62 64 65 68 69 70 71 72 73 74 75
690 7 8 9 12 17 20 21 22 23 24 26 28 30 31 32 36 37 39 40 41 43 44 45 48 52 55 56 57 58 59 60 62 63 64 65 66 67 68 69 70 72 73
991 8 16 17 18 20 22 25 26 28 31 32 33 34 36 37 38 39 40 41 44 45 47 49 50 51 52 54 55 57 58 61 62 63 65 67 68 69 71 72 74
980 12 13 14 16 17 19 21 23 24 28 29 31 32 34 35 36 37 38 39 41 42 43 45 47 49 50 53 55 56 57 58 61 62 63 64 65 66 67 68 69 70 72 74 75
815 10 12 14 15 17 18 19 22 23 24 29 30 31 32 36 37 39 40 41 43 45 46 47 49 50 51 55 56 58 60 63 64 65 66 70 72 74 75
1289 11 12 13 14 15 16 18 19 20 21 22 23 24 25 26 27 28 30 32 33 34 36 38 39 40 41 43 45 47 49 50 51 54 58 59 60 61 62 63 66 67 70 71 72 75
892 16 17 18 19 21 24 28 29 30 31 34 35 39 40 41 42 43 47 48 49 50 51 53 54 55 56 57 58 61 63 65 66 67 68 71 72 73 74 75
992 14 17 19 20 21 25 30 31 32 34 36 37 38 39 42 43 44 45 46 47 48 49 50 52 54 60 62 63 64 66 67 69 70 72 73 74
596 15 16 19 21 23 24 25 29 30 31 34 35 36 38 39 40 43 44 45 46 47 49 51 52 54 55 56 57 59 60 64 66 67 70 71 72 75
1105 18 19 20 21 23 24 25 26 29 32 33 35 37 38 41 43 45 46 47 49 50 53 54 55 57 58 59 60 63 64 65 67 71 72 73 75
1492 16 17 19 21 22 24 25 26 27 28 30 31 33 34 36 37 42 43 44 48 49 50 54 55 56 58 60 61 62 65 67 68 70 71 75
1282 17 18 22 24 26 29 30 31 32 38 39 40 41 44 45 46 47 51 52 53 55 58 59 61 62 65 67 68 69 70 71 72 75
853 18 20 21 22 23 24 27 28 30 32 33 34 36 37 40 41 42 45 46 47 52 54 55 56 58 63 64 65 66 67 68 69 70 71 72 75
1193 19 20 22 24 25 27 28 29 30 31 34 37 38 41 44 46 47 52 54 55 60 61 62 63 64 65 67 70 73 75
1279 21 23 25 26 27 28 31 34 39 41 42 43 44 45 46 47 48 49 51 52 54 55 57 59 62 63 64 65 66 70 71 72 73 75
810 21 22 25 28 29 30 31 32 33 34 39 40 41 42 43 44 46 47 49 50 51 52 53 54 60 61 63 66 68 71 74 75
1261 24 25 26 27 28 29 30 31 32 35 36 38 41 42 43 44 45 46 47 48 50 51 52 55 56 57 58 59 60 61 62 65 66 67 68 69 71 72 73
875 24 26 27 28 29 30 31 32 33 38 40 41 42 49 52 53 54 55 57 60 61 62 63 64 65 66 67 68 69 71 72 73 75
1033 24 25 27 29 32 33 34 35 37 38 39 40 41 42 43 44 45 46 47 50 53 54 55 56 57 58 59 63 64 68 69 70 71 72 74
672 25 28 30 31 33 34 35 36 40 41 44 46 48 50 51 55 57 58 60 65 67 68 69 71 73 74
1052 26 27 28 32 35 37 43 44 45 46 48 49 50 53 54 55 57 59 60 64 66 68 70 71 72 73 74
1031 27 28 30 31 32 33 35 37 41 44 45 46 47 50 52 53 55 58 62 63 64 65 66 67 68 69 71 72 73
531 32 33 34 35 36 37 38 39 41 46 47 51 52 55 56 57 58 59 61 62 64 65 66 71 73 74
1448 34 35 38 40 41 43 44 45 49 52 55 56 58 60 61 62 63 65 66 67 70 72 73 74
623 31 34 35 40 41 42 43 45 46 47 49 50 51 54 55 56 58 59 60 61 63 67 68 69 70 71 72 73
1417 32 33 34 36 39 42 43 44 45 47 48 49 50 51 52 56 57 59 60 61 62 65 66 67 69 70 73 74 75
1101 33 34 36 37 39 40 41 42 43 44 45 46 47 49 53 57 62 68 71 73 74 75
588 35 36 41 42 43 44 45 47 48 49 50 52 53 56 57 58 59 60 63 64 66 68 69 72 73 74 75
1475 34 35 36 37 41 42 43 44 45 46 48 52 55 58 60 61 62 63 64 65 66 68 69 72 73 74 75
1175 35 37 38 39 40 44 49 51 52 53 58 59 60 62 63 64 66 67 69 71 72 73
1083 36 37 39 40 41 42 44 46 47 51 52 53 56 58 60 61 62 63 67 69 70 72 73 74 75
924 41 42 43 44 46 47 48 50 53 54 56 57 60 61 62 63 65 66 67 69 71 72
1279 38 41 44 45 46 47 48 49 51 53 56 57 58 60 61 62 64 65 69 70 71 72 73 75
983 39 40 41 42 46 51 53 58 59 62 64 65 66 68 69 72 73
1307 40 42 44 47 48 49 50 54 58 59 60 64 66 67 68 69 71 73 75
529 44 45 47 48 49 50 52 53 54 56 57 58 59 63 66 67 68 69 70 72 73 74 75
943 42 44 46 47 48 49 50 53 55 56 57 58 59 60 61 62 67 70 71 73 75
772 43 45 47 48 50 51 55 56 57 58 59 60 61 63 66 69 70 72 73 74 75
1202 44 46 48 49 52 53 54 56 57 58 59 60 67 68 69 72 73
1243 45 46 47 48 49 51 52 53 54 56 57 58 60 62 63 64 65 66 68 69 74
1461 46 48 50 51 53 54 55 56 57 58 59 60 62 63 64 65 66 69 70 71 72 73 74 75
1066 49 50 51 52 53 54 55 56 60 61 63 64 65 66 67 69 70 71 72 74 75
1475 49 50 51 52 55 56 57 58 61 62 65 66 69 72 73
1019 49 50 54 55 58 59 62 63 66 67 68 72 73 74 75
1366 50 51 55 56 57 58 59 63 65 67 68 69 70 71 75
924 52 53 58 63 64 65 66 67 68 69 70 72 73 74 75
1179 52 55 57 58 60 61 62 63 64 67 68 75
879 53 54 55 56 58 59 63 64 66 67 68 72 73
1250 54 55 58 59 60 61 62 65 68 70 71 72 75
1026 56 58 59 63 65 67 69 70 71 73 74
1431 60 61 62 64 67 69 70 71 72 73 75
1472 58 60 61 63 64 65 67 68 69 72 73 74
1332 59 60 62 63 64 65 68 70 71 73 75
1280 59 60 61 63 64 65 68 69 70 71 75
509 60 61 62 63 65 66 67 68 70 75
1444 62 63 65 66 69 70 71 75
1458 63 67 74 75
902 68 69 70 72
1373 67 68 69 70 71 75
1403 66 69 70 72 74
610 68 69 70 71 72 73 74 75
1107 67 68 69 70 72 73
903 72 74 75
732 69 70 72 74
737 71 72 73 74 75
861 73 74 75
1123 72 74
1328 73 75
710 74
704 75
923
