50	5	200	1
0	29	9
0	34	7
0	22	12
0	39	8
0	32	14
54 4 5 6 7 8 14 15 16 17 18 19 20 21 22 23 25 28 29 30 31 32 35 36 43 45 46 47 48 50
39 3 5 7 8 9 10 12 14 15 16 20 21 23 25 26 28 30 31 33 36 37 39 42 43 48 49 50
53 4 8 9 10 11 13 14 15 17 19 20 21 22 23 24 25 26 27 29 30 33 38 40 41 43 44 45 46 49 50
38 5 7 8 10 11 12 14 15 17 21 24 27 28 31 33 35 36 37 38 40 41 42 43 48
59 7 8 10 14 15 19 20 21 24 32 35 36 38 39 40 42 43 45 46 47 49 50
52 9 13 15 16 17 24 25 26 31 33 35 38 39 40 41 43 44 45 49 50
52 8 11 12 13 14 16 17 18 19 22 23 25 27 28 29 30 32 33 34 36 37 38 39 42 43 44 45 46 47 48 49 50
44 9 10 11 12 13 15 16 17 18 19 20 22 23 26 27 29 30 32 33 34 35 36 38 39 41 42 44 46 48 49
52 10 12 15 16 18 19 22 23 25 27 28 32 33 34 36 37 39 41 42 44 47 49 50
58 11 12 13 14 18 19 20 22 23 25 29 30 31 33 39 40 42 44 45 46 47
46 12 14 15 16 18 20 22 23 24 26 27 28 29 30 31 33 36 38 42 46 47 49 50
39 13 15 16 17 18 19 20 23 24 26 27 29 30 32 37 40 41 43 45 46 47 48
58 14 15 17 18 21 22 23 25 28 29 31 32 34 36 37 38 39 40 42 43 44 46 47 48 50
49 15 17 18 22 27 28 30 31 32 36 37 38 39 40 41 43 44 45 47 49 50
37 16 19 20 21 23 25 26 31 32 34 36 37 38 39 41 42 43 45 48 49
55 18 19 21 25 27 28 30 31 32 33 34 35 37 41 42 43 44 45 48 49
31 18 19 20 21 22 24 26 27 28 32 33 34 37 38 40 42 43 44 45 46 47 48 49
59 19 22 23 24 25 26 27 30 31 32 33 34 35 37 39 40 41 43 48 49 50
49 20 21 22 23 25 26 30 32 36 37 38 39 40 42 45 46 47 48 49 50
58 21 22 24 25 26 27 28 34 35 36 37 40 44 46 47 48 49 50
33 24 25 27 28 30 31 33 36 38 40 41 43 44 45 47 48 49
43 23 24 27 28 29 30 31 33 34 35 36 37 38 39 41 42 45 46 47 48 49 50
56 26 29 30 34 36 37 40 42 44 45 46 49
37 25 26 27 28 33 35 37 38 39 41 42 43 44 45 46 47 48
32 26 29 31 32 33 34 36 37 38 39 42 43 44 46 47 48 49 50
33 27 31 32 33 35 36 37 38 39 41 43 45 46 47 48 49
47 28 29 30 31 32 34 35 36 41 43 45 47 48 50
47 29 31 32 34 37 38 41 43 47 48 50
57 30 31 32 33 36 37 38 39 40 44 45 46 48 49
54 32 33 36 37 38 39 42 44 47 49
45 32 39 40 41 42 43 44 45 46 47 48 50
60 33 34 36 38 39 40 41 43 44 45 47 48
45 36 37 38 40 44 45 46 49 50
32 35 36 37 39 40 41 43 44 46 47 48 50
49 37 38 41 43 47 48 50
59 37 38 40 41 44 45 47 48 50
60 38 39 40 45 46 47 50
41 42 43 44 45 46 47 48
59 40 43 44 46 49
52 41 42 45 46 47 50
45 42 43 45 46 48 49 50
60 43 45 47 48 49
57 45 47 48 49 50
55 46 48 49 50
36 46
55 47 48 50
58 49 50
56 49
36 50
47
