25	10	200	10
-1	23	2
-3	39	3
-4	33	2
-2	30	2
-4	35	3
-3	31	3
-3	31	2
-5	26	2
-1	25	3
-4	20	3
26 3 4 6 8 9 12 15 18 20 21 22 24 25
40 4 5 6 9 11 12 14 15 17 18 19 20 24 25
31 4 10 11 16 21 23 25
29 5 6 7 8 9 10 12 13 15 16 19 22 23 24
32 7 9 10 11 12 14 16 17 18 20 21 22 23 24
34 7 8 11 13 15 16 17 18 21 22 23 25
33 9 11 13 14 16 17 19 20 23 25
30 12 13 14 15 17 18 19 20 23 24
30 10 11 13 15 16 17 18 20 21 23 24 25
26 11 12 13 14 18 19 20 23 24 25
22 12 15 16 17 19 21 22 25
20 13 15 16 17 19 21 22 24
20 16 17 18 19 22 23 24 25
32 15 16 17 18 19 20 21 23 24 25
35 16 17 18 20 21 24
24 17 18 19 21 24 25
37 18 21 22 24 25
40 21 22 23 25
39 20 22 23 24 25
24 21 23 24
20 22 23
23 25
35 24
23 25
33
