25	10	200	10
-3	13	3
-5	4	2
-1	30	3
-3	33	2
-4	35	2
-1	25	2
-4	37	4
-3	2	2
-5	36	3
-1	5	2
43 2 3 4 5 6 7 10 12 14 15 18 20 21 22 25
50 4 7 8 12 13 14 15 16 17 19 21 22 23
43 5 7 8 10 11 14 15 17 19 22 23 25
60 7 8 9 11 12 13 16 18 24 25
58 6 9 12 14 15 18 20 21 22 23 25
15 10 11 12 13 14 16 17 18 21 22
54 9 11 12 15 17 18 21 23 24 25
46 10 11 12 14 16 20 23
27 10 12 13 14 15 17 20 21 22 23 24 25
19 11 12 13 15 16 17 19 20 22 24 25
23 12 13 14 15 19 21 22 23 25
35 13 14 15 17 18 19 20 21 24 25
2 14 15 17 18 21 22 23 24 25
33 15 16 17 21 22 23 24
51 16 20 21 22 24 25
13 21 24 25
36 18 19 20 21 23 24
12 20 21 24 25
60 21 25
14 23 24
12 22 23 24 25
14 23
51
34 25
34
