200	10	1000	10
-5	179	20
-4	118	23
-2	113	21
-5	125	21
-4	158	21
-4	148	21
-5	146	17
-4	169	24
-3	119	10
-4	113	22
252 2 3 5 7 10 12 13 14 16 18 19 20 23 24 27 28 29 30 32 34 35 36 38 40 41 42 43 49 50 51 53 54 55 56 57 58 63 65 66 67 68 69 72 75 76 77 78 79 80 81 83 86 87 89 90 91 92 93 94 96 99 100 101 104 106 107 108 109 113 114 118 119 121 122 123 125 126 127 128 131 132 133 136 140 142 143 144 146 147 149 150 151 152 153 157 162 163 166 167 169 170 171 172 175 176 177 181 183 186 187 188 189 192 195 199 200
168 3 4 8 9 10 13 14 15 17 18 21 25 26 27 28 30 35 39 40 41 42 45 47 48 49 51 52 53 57 59 60 61 63 64 65 69 71 72 73 74 75 76 77 78 81 82 83 87 88 89 91 92 93 94 97 98 101 102 103 106 108 110 111 112 114 120 121 126 127 128 129 130 133 134 135 136 138 139 141 143 144 148 150 151 152 153 154 155 156 161 162 163 164 166 167 170 172 175 176 177 179 180 181 182 183 184 185 187 188 191 192 193 194 195 196 199 200
165 6 11 12 16 17 18 19 20 22 24 26 28 31 32 33 35 37 38 39 40 41 43 44 45 51 54 55 56 57 58 63 64 65 66 67 68 71 72 75 78 79 80 85 87 89 90 92 93 96 98 99 101 104 105 106 107 108 109 110 111 113 120 121 122 124 125 127 128 130 131 132 133 135 136 137 138 140 142 143 144 146 147 148 151 154 155 160 161 163 164 167 170 172 173 174 175 176 177 179 181 183 186 187 188 189 190 191 192 196 200
196 8 9 11 12 13 14 16 17 18 20 21 22 23 28 29 30 31 36 37 38 39 42 43 44 45 49 51 52 53 55 57 59 60 61 63 64 65 66 69 72 75 77 80 83 87 88 89 90 92 93 94 95 97 99 103 104 105 106 109 110 111 113 115 118 119 120 121 122 123 125 127 128 129 130 131 133 135 137 138 140 141 142 145 146 147 148 150 151 152 157 158 160 161 162 165 166 169 170 171 172 173 175 176 178 179 180 181 182 184 186 189 191 195 196 197 198
202 6 7 9 10 11 12 13 14 15 17 18 24 26 27 29 33 34 35 36 39 40 41 43 44 46 47 48 49 50 51 53 56 60 61 62 68 70 72 75 76 77 80 81 82 83 84 86 87 88 89 90 91 93 96 98 99 100 102 103 105 108 111 112 114 118 119 122 124 125 127 128 131 133 135 136 137 138 141 143 144 146 147 150 152 154 155 156 159 161 165 167 174 175 177 178 179 181 182 183 185 186 187 189 191 192 193 196 197 199 200
293 7 8 9 10 12 14 15 16 17 19 21 22 23 26 27 29 30 31 37 38 41 43 44 45 46 48 49 51 52 53 54 56 59 60 62 63 67 68 69 71 72 74 75 76 77 78 79 80 82 86 89 90 92 93 94 96 97 101 102 104 108 110 111 112 114 116 117 120 123 125 127 128 129 130 131 132 134 135 137 139 140 141 143 147 149 152 157 158 159 160 163 164 166 168 170 174 175 176 177 179 180 181 183 184 188 190 191 192 193 194 195 196 197 198 199
235 8 10 11 12 13 15 16 17 19 21 22 25 26 32 34 36 39 40 42 44 45 46 48 49 51 52 53 54 55 57 59 60 61 62 64 68 71 72 73 76 77 78 81 86 87 88 91 92 94 95 96 99 100 103 104 105 107 108 111 112 113 115 117 118 120 121 126 128 129 133 134 137 139 141 142 143 144 145 146 147 149 151 154 155 157 158 160 162 163 164 165 166 168 172 175 176 178 180 183 184 185 186 189 190 192 195 196 197
170 9 10 11 15 16 17 18 19 20 22 25 26 27 28 29 31 32 35 36 39 40 41 42 46 47 51 52 53 58 60 62 64 66 67 68 69 71 72 74 76 78 79 82 83 92 93 95 96 97 101 102 103 104 105 108 109 110 113 114 115 117 118 120 122 124 125 127 133 134 136 137 138 139 141 142 144 146 148 149 150 151 152 153 155 156 157 160 161 164 165 166 167 168 170 171 173 175 176 178 180 181 183 184 186 187 188 189 190 191 192 193 194 195 196 197 200
256 12 16 21 22 23 25 26 28 30 32 34 35 36 37 38 39 40 42 43 44 46 47 49 50 51 52 53 55 57 58 59 62 63 64 65 66 67 68 69 71 72 73 74 76 77 78 81 87 89 90 91 93 94 96 97 98 99 101 102 103 104 105 106 107 109 110 111 112 113 115 116 118 119 121 122 123 124 125 126 127 128 129 130 131 132 134 135 138 139 140 142 143 144 145 146 147 153 156 157 158 159 160 162 164 166 168 169 170 172 173 175 176 177 178 182 183 186 190 193 200
257 12 13 14 15 16 20 22 26 30 31 32 33 34 35 39 40 41 42 43 44 46 47 48 49 51 52 55 57 59 60 62 63 64 66 67 68 69 70 75 76 77 80 81 82 83 84 85 86 87 91 95 97 100 102 103 104 108 110 115 117 119 121 122 124 126 127 128 129 130 132 133 134 135 137 138 139 144 145 147 148 149 150 151 152 153 155 156 159 160 166 169 170 171 172 177 181 182 184 185 187 188 189 191 192 194 196 200
150 12 13 14 15 17 20 21 22 23 26 27 30 32 33 34 35 36 38 40 41 43 44 45 48 49 51 54 55 56 58 61 63 65 67 70 73 75 80 82 83 86 88 89 90 91 92 94 96 97 98 100 105 107 109 112 113 114 115 117 118 119 120 121 122 124 125 128 129 130 134 135 139 140 142 147 148 149 150 151 152 153 154 157 158 159 162 163 165 166 167 169 170 171 173 178 179 180 181 183 184 185 186 189 190 192 193 194 195 196 197 198 200
153 13 14 16 17 18 19 22 25 27 28 31 32 34 35 37 38 39 41 42 43 44 45 46 48 50 51 52 55 57 58 60 62 65 66 67 70 73 75 76 77 78 81 82 84 85 86 87 88 89 90 92 95 98 99 101 102 103 104 107 108 109 110 114 115 118 119 120 121 124 127 130 131 132 133 134 139 140 141 142 143 144 147 149 151 153 154 156 157 160 161 162 163 164 165 166 167 168 169 171 172 173 174 175 176 177 181 182 186 187 188 189 190 191 195 197 198 199
221 14 17 18 19 20 25 28 29 31 32 34 35 36 39 41 42 43 46 51 52 53 54 56 57 58 59 60 61 62 63 64 65 67 69 70 71 75 79 80 81 83 84 85 86 87 88 93 94 103 104 105 107 108 109 110 115 117 118 120 121 124 125 126 127 130 131 133 136 137 138 140 143 145 148 151 153 155 157 158 159 160 161 164 165 166 167 168 170 171 173 174 175 176 177 178 179 180 181 183 184 185 188 189 190 191 192 194 196 197 198 200
160 15 20 22 23 24 25 28 30 35 37 38 39 43 44 47 50 51 52 53 54 55 56 57 58 61 62 63 65 66 67 68 69 70 73 75 76 78 79 80 81 82 83 84 85 86 88 89 90 91 92 94 96 97 98 99 100 101 103 105 106 107 109 110 111 112 113 114 115 116 120 121 122 123 127 129 133 137 138 139 140 141 142 143 145 146 149 150 151 153 155 156 158 161 162 163 164 168 171 172 173 174 175 176 178 179 180 181 182 184 188 189 190 191 194 195 196 197 199 200
159 18 19 20 21 22 24 25 26 27 28 30 31 32 34 35 36 39 41 42 43 44 49 53 54 55 57 59 61 62 63 66 70 72 73 75 77 83 85 86 87 88 90 91 93 96 97 99 101 102 105 106 107 111 112 113 114 116 117 118 119 120 123 124 125 127 129 130 131 132 133 134 135 137 138 139 140 143 144 145 146 148 149 150 152 153 154 155 156 157 159 162 164 165 167 168 170 175 179 180 181 183 184 186 188 190 193 196 197 199 200
211 18 22 23 25 27 28 29 30 31 32 33 34 36 38 39 40 41 43 46 49 51 52 55 56 57 58 59 61 63 64 65 66 67 68 70 71 72 73 74 75 76 79 81 83 84 85 86 87 89 91 93 94 95 97 99 100 101 105 107 110 113 115 116 118 119 120 122 123 127 129 130 131 133 134 136 137 138 139 141 142 143 145 147 148 150 151 152 154 156 157 158 159 160 164 166 167 168 171 172 173 174 177 178 179 180 181 182 183 184 185 188 189 190 191 192 195 196 197 199 200
259 22 24 31 32 33 38 39 41 42 43 45 47 48 49 51 53 54 55 56 58 60 61 62 64 65 67 68 69 71 72 73 74 75 78 81 85 87 88 89 91 95 96 97 100 101 102 105 107 109 112 116 117 119 122 124 125 126 130 131 132 133 134 137 139 141 142 144 145 147 149 150 152 153 154 156 157 161 163 165 166 167 168 169 172 174 175 177 179 180 181 183 185 186 188 190 193 195 197 198 200
206 21 24 25 26 27 30 31 33 34 35 36 38 40 42 43 45 49 50 51 52 53 54 55 56 57 58 59 60 62 64 65 66 67 70 71 72 73 74 76 77 78 81 82 83 85 86 87 88 89 91 94 96 97 98 99 100 101 103 106 107 108 109 112 113 114 118 119 120 123 124 125 126 128 132 134 135 136 137 138 142 143 144 145 146 147 149 150 151 152 153 155 156 157 160 161 163 164 165 166 168 173 175 181 182 185 186 187 188 189 190 191 192 195 197 199 200
248 20 21 23 24 26 27 29 35 37 38 40 41 43 44 48 49 50 51 52 54 55 57 58 59 61 62 63 64 65 66 67 68 72 74 75 76 79 80 82 83 84 85 86 87 88 89 92 93 94 95 97 100 102 103 104 106 108 109 110 111 112 113 116 118 119 120 121 126 128 134 135 136 140 141 143 144 146 147 148 149 150 153 155 157 158 160 161 162 163 167 170 171 172 175 176 177 178 179 180 181 182 183 185 186 187 188 189 190 191 192 193 195 196 197 199
166 22 24 26 27 29 31 33 34 35 37 40 41 43 44 45 48 49 50 51 56 58 60 61 62 63 64 66 68 69 71 74 76 78 82 84 85 86 87 89 90 91 92 94 95 96 97 99 101 103 104 107 108 115 117 118 119 122 125 126 127 128 130 131 132 133 134 137 138 140 141 142 145 146 147 148 149 150 151 153 154 157 159 161 162 163 164 166 167 170 171 174 178 180 182 183 184 185 186 190 191 192 193 195 199 200
175 22 23 24 26 29 31 32 34 35 36 37 39 40 41 42 43 45 46 47 49 52 53 56 58 59 60 61 64 66 67 68 69 70 71 72 73 76 77 79 82 84 85 88 89 94 95 96 98 100 102 103 104 107 108 109 110 111 112 113 115 118 121 122 123 124 127 128 130 133 134 135 136 139 141 142 143 144 145 146 147 148 151 154 158 159 162 163 166 168 170 171 175 182 184 185 186 187 188 189 194 197 199 200
293 24 26 27 29 30 31 32 35 36 38 39 41 46 48 49 51 52 55 56 58 61 63 64 65 66 67 70 73 74 77 79 80 81 83 85 86 87 88 89 90 91 92 95 96 97 98 103 104 105 106 107 109 114 115 117 118 119 121 123 127 128 129 130 131 134 135 136 137 139 140 141 143 144 145 147 149 150 152 155 156 157 160 161 170 173 175 176 177 178 180 181 184 185 189 190 191 192 194 196 197 198 199 200
153 24 29 34 35 36 38 39 40 41 42 45 46 49 50 51 52 53 57 60 61 63 64 66 67 69 72 73 74 75 77 78 79 81 83 84 85 86 87 89 92 94 95 98 99 100 101 103 104 105 107 108 113 114 118 119 121 126 127 128 129 130 131 132 133 134 138 141 142 144 145 146 147 149 150 151 156 157 158 159 160 161 164 165 166 171 173 174 176 177 178 179 180 181 182 184 185 186 188 189 191 192 193 194 195 196 197 198 199 200
173 25 26 27 28 29 32 33 34 35 38 40 41 43 45 47 49 50 51 52 54 56 58 60 62 64 65 67 69 70 72 75 77 78 80 84 85 88 89 90 92 93 94 95 97 100 101 104 105 106 108 109 114 115 116 117 118 121 124 125 130 132 135 136 139 140 141 142 143 145 146 147 148 150 151 152 153 156 157 158 159 160 161 162 163 166 169 173 174 177 179 182 183 185 186 189 190 191 192 194 196 199 200
275 27 32 35 37 38 39 40 43 45 48 49 52 53 55 56 57 59 60 61 65 66 67 70 71 73 75 76 77 79 82 83 85 86 87 88 89 90 91 95 97 98 99 100 102 103 104 105 106 108 109 111 112 113 114 115 116 118 119 120 121 123 124 126 128 129 132 133 134 135 136 137 139 141 142 143 147 148 150 151 152 154 155 156 160 162 163 164 165 166 168 169 170 171 172 174 176 178 180 181 183 184 188 190 191 192 194 195 199 200
224 27 28 30 32 36 37 38 39 40 42 44 45 48 49 50 51 52 53 56 58 59 61 63 66 67 68 70 71 76 77 78 80 81 83 84 85 86 88 89 91 92 94 97 98 101 103 105 106 107 110 114 115 116 119 121 122 123 125 126 128 129 130 131 133 134 140 141 142 145 146 149 151 152 153 157 159 161 162 163 164 167 168 170 171 172 173 176 177 179 180 182 183 184 186 187 190 192 193 194 197 198 199
167 28 30 31 32 34 36 37 39 42 43 45 47 48 49 50 51 52 54 55 56 57 59 60 61 62 64 67 70 71 72 77 80 81 82 83 84 86 87 91 93 95 96 97 98 102 104 105 108 110 112 113 117 118 119 123 124 125 126 129 131 132 135 137 141 142 143 144 145 147 150 151 153 154 156 157 158 160 161 163 165 168 169 171 175 176 177 179 180 182 183 184 187 188 194 195 196 197 200
159 30 32 33 34 39 41 42 47 48 49 50 51 53 55 57 58 60 66 69 71 72 73 78 79 80 81 82 83 84 86 87 88 89 90 91 93 95 96 97 98 99 100 101 105 106 110 111 112 113 115 117 118 120 121 122 123 124 127 128 129 130 131 134 137 138 139 140 142 143 145 146 147 148 150 151 152 153 154 155 157 159 162 163 164 165 166 167 169 171 172 173 174 175 176 177 179 180 181 182 183 184 185 187 188 190 191 193 195 196 197 198
165 30 32 33 36 37 38 39 43 44 45 46 48 49 50 51 52 53 54 56 57 60 66 68 69 70 72 73 74 79 82 84 85 86 89 90 91 92 93 95 97 98 99 104 105 106 107 108 109 112 113 114 115 117 118 121 122 123 124 125 126 127 128 129 130 131 132 133 136 137 139 140 145 146 147 148 149 150 151 152 153 154 155 156 157 158 159 161 163 166 167 169 170 172 175 177 178 179 180 181 182 183 184 186 187 189 190 193 194 195 196 198 200
297 32 34 36 37 38 39 40 42 44 45 47 48 49 50 52 55 57 59 63 65 69 71 72 76 77 78 79 81 82 84 85 86 87 91 92 93 94 95 96 99 100 101 102 103 104 107 108 110 111 113 114 117 119 120 121 123 125 126 127 129 131 134 136 137 140 143 146 147 148 149 150 151 153 158 159 161 162 163 164 166 169 170 172 174 175 177 178 179 180 181 182 184 187 188 190 191 192 194 195 197 199 200
250 32 33 35 39 42 43 46 47 50 51 53 54 55 56 57 58 60 61 62 63 66 68 70 71 72 75 78 79 81 82 83 86 87 89 90 91 92 94 95 96 97 98 99 102 103 105 106 107 108 109 111 113 117 119 120 121 122 124 125 126 128 129 130 131 132 133 134 136 138 139 140 142 144 146 148 149 150 151 152 153 154 155 156 158 159 160 161 162 165 169 170 172 173 174 176 177 178 179 180 184 185 186 189 190 191 192 194 195 196 197 199 200
244 33 34 35 36 38 41 42 43 44 45 46 49 50 51 55 56 57 58 62 64 65 66 70 71 72 73 74 81 82 83 84 85 87 88 89 91 94 96 97 99 100 101 102 105 106 111 112 113 115 117 118 119 120 121 122 123 128 129 130 133 134 135 136 138 141 143 144 148 149 150 156 159 160 161 162 163 164 167 170 171 172 175 178 179 180 181 183 184 185 187 188 190 191 195 196 200
197 34 35 36 39 42 44 45 48 49 50 51 53 55 57 58 59 60 61 62 63 64 65 69 70 72 73 74 76 77 78 81 85 86 87 88 89 90 91 92 93 94 97 98 102 103 104 106 107 108 109 112 114 115 116 117 119 120 122 123 126 127 129 130 131 132 136 137 139 140 141 146 147 148 149 150 151 152 153 157 158 159 160 161 163 164 165 169 170 171 172 174 176 178 182 183 184 187 190 191 194 197 198 199 200
214 37 38 40 41 42 45 47 48 50 51 54 56 57 58 60 62 63 64 66 67 69 71 73 74 76 78 83 84 85 86 88 90 93 94 96 97 98 100 101 102 103 106 107 109 111 115 119 120 123 124 126 127 128 129 130 131 132 133 135 136 137 138 140 141 142 144 145 151 152 153 154 155 159 160 161 164 166 167 168 170 171 172 175 178 180 181 182 183 184 188 190 192 193 195 197 198 199
267 36 38 39 40 41 43 44 45 46 47 49 50 51 52 53 54 55 57 58 59 60 62 63 65 67 69 72 73 75 76 78 79 80 81 84 85 87 88 89 91 92 93 94 96 98 99 101 102 103 104 105 107 108 111 114 115 117 119 120 121 126 127 130 131 133 135 136 138 140 141 142 143 144 146 148 151 152 153 154 156 157 158 160 161 164 166 168 169 174 176 177 179 181 183 184 185 187 189 191 195 196 197 199 200
251 37 38 41 42 44 46 47 48 49 50 52 55 56 57 61 62 63 65 67 68 71 72 74 76 77 78 79 80 81 82 83 86 87 88 90 91 94 95 96 97 100 102 103 106 109 112 113 115 117 118 119 120 122 123 125 129 130 135 136 138 139 140 141 142 143 146 147 148 149 150 151 152 157 160 161 163 164 166 167 168 170 171 172 173 175 176 177 178 181 182 183 184 187 188 189 190 191 192 197 198 200
265 38 39 41 43 46 47 48 52 56 58 60 61 62 64 65 66 69 71 73 74 79 80 81 82 84 85 86 88 89 90 91 92 93 94 95 97 99 101 102 103 105 106 108 110 111 112 113 116 117 118 120 124 125 132 134 135 136 137 142 143 144 146 147 150 151 152 154 156 158 161 164 165 166 167 169 171 173 175 176 179 182 183 184 186 188 191 194 195 196 197 199
244 39 40 41 43 47 48 51 52 53 54 55 56 57 58 59 60 61 62 63 64 66 67 69 70 72 73 74 75 77 78 79 81 82 83 84 86 87 91 93 94 95 96 97 98 99 101 102 103 104 105 106 112 114 115 117 118 121 123 124 127 128 129 133 136 137 138 140 141 142 144 145 146 147 148 149 150 152 153 155 157 158 160 161 162 163 164 165 166 167 169 170 172 173 174 176 178 179 181 182 184 187 188 189 190 192 194 197 200
283 41 43 44 45 46 49 50 51 55 56 58 61 62 64 65 67 68 70 72 73 74 76 78 79 81 84 85 87 88 89 91 92 93 98 100 101 102 103 105 106 109 111 112 113 114 116 117 118 120 121 125 126 127 128 129 130 131 132 133 134 135 136 138 139 141 143 145 148 149 150 151 153 155 156 157 161 162 163 164 165 169 170 176 180 181 184 185 187 188 192 196 197 199 200
256 41 42 43 45 46 47 48 50 51 53 54 55 56 58 61 62 63 64 67 69 72 75 76 77 78 80 82 83 84 86 88 89 92 93 94 95 97 98 99 101 102 103 105 109 111 112 113 114 115 117 121 122 124 125 126 127 128 129 130 131 132 133 134 135 137 140 142 144 146 147 148 149 150 152 153 154 156 158 159 160 162 163 165 166 167 169 171 172 173 175 176 178 180 181 182 184 186 187 188 189 191 193 194 195 196 198 199
172 42 43 45 50 54 56 57 58 59 60 61 62 65 66 68 71 72 73 74 76 79 80 81 82 83 84 86 87 90 91 93 94 99 102 103 104 105 107 108 109 110 113 116 118 119 120 121 122 123 124 126 127 129 130 131 134 135 136 139 143 145 147 149 152 153 154 155 156 157 158 159 161 163 164 165 167 168 169 170 171 172 173 174 175 176 178 179 180 181 183 184 186 187 189 191 192 193 194 197 199 200
241 43 44 47 48 50 51 53 54 56 57 58 60 63 64 65 68 69 70 72 74 76 79 80 81 82 83 84 85 86 87 89 92 96 98 103 104 105 106 108 109 110 111 113 115 121 123 124 125 126 129 130 131 133 134 138 139 140 141 142 143 144 146 148 149 150 152 153 154 155 159 160 162 165 166 167 168 172 174 175 176 177 179 180 181 184 186 187 188 189 190 193 194 200
201 44 45 46 47 48 51 52 53 55 56 57 58 59 64 65 66 70 71 73 77 79 80 83 91 93 95 96 97 98 99 100 101 102 104 105 106 107 109 110 111 115 118 119 120 122 123 124 125 126 127 128 131 132 133 134 136 137 138 139 140 141 142 143 144 146 147 149 151 153 154 155 156 157 158 160 164 168 172 173 175 177 178 179 181 185 188 190 191 192 193 195 196 200
279 45 46 48 51 53 57 63 64 65 67 68 70 72 73 74 75 76 77 79 80 83 84 85 88 90 91 93 94 96 97 98 101 102 104 105 109 111 112 114 116 117 118 119 121 122 127 128 130 131 133 138 139 141 149 150 151 153 154 156 157 158 162 165 166 167 168 169 170 171 173 177 178 179 180 182 184 185 187 188 189 190 191 194 196
222 46 47 48 50 51 53 54 57 58 59 60 64 65 66 67 69 70 71 72 73 75 78 79 81 83 84 85 86 87 90 92 93 94 95 97 98 99 100 101 102 103 107 108 111 112 113 116 117 119 120 123 124 125 127 128 131 133 138 140 141 142 143 144 145 147 148 149 151 152 154 155 156 157 159 163 164 167 169 170 171 172 175 176 178 179 180 181 182 184 185 187 188 190 191 192 194 197 198 200
211 47 48 50 52 53 54 55 56 57 58 59 61 62 63 66 70 71 72 74 75 76 77 78 80 81 82 83 87 88 89 90 91 92 93 94 96 98 99 101 103 105 107 108 109 111 113 115 116 117 118 120 122 126 127 130 135 136 138 139 141 142 143 144 147 152 153 157 158 159 160 161 162 163 164 165 170 172 173 175 176 177 179 180 186 188 189 190 191 192 194 195 199
224 48 49 51 52 54 55 56 57 58 59 63 65 66 67 68 69 70 71 72 73 75 77 78 79 80 81 83 84 91 93 94 98 99 101 102 104 105 107 108 109 110 111 112 113 114 116 117 118 121 122 127 128 129 130 131 133 134 135 136 137 138 139 144 146 147 148 150 152 153 155 158 160 161 163 164 165 166 167 168 169 170 171 172 173 174 175 177 179 180 182 183 184 185 188 190 191 193 194 195 197 199 200
198 49 50 51 53 54 55 56 57 58 59 60 61 62 64 66 67 68 72 73 76 77 79 81 82 83 84 85 86 87 89 91 92 93 95 97 98 99 100 103 107 108 109 111 113 115 116 117 119 121 123 125 127 129 130 131 132 133 134 135 136 137 139 140 141 142 145 146 148 149 151 152 154 155 156 159 162 164 165 166 167 170 171 173 174 176 178 179 180 181 185 186 192 193 194 198 199
183 51 53 54 61 62 63 64 67 68 71 72 77 78 79 81 82 85 86 87 89 90 92 93 94 95 96 97 98 100 101 102 103 104 105 107 108 110 113 115 117 119 120 121 122 123 125 127 129 130 131 132 133 134 135 136 137 138 139 140 142 143 145 148 150 154 156 159 160 162 164 165 166 168 169 170 173 174 175 179 180 181 184 185 187 188 190 191 192 193 195 196 197 200
245 52 54 55 56 57 58 60 62 63 64 65 66 67 68 69 70 71 72 73 74 75 76 78 81 82 83 86 87 88 89 91 92 94 98 99 101 102 104 105 108 109 110 111 113 114 116 117 120 121 122 123 124 126 127 128 131 133 139 144 147 148 150 151 152 153 155 156 158 159 160 161 162 164 165 167 170 171 173 176 177 178 179 180 182 183 184 185 186 187 191 192 193 195 196 197 199 200
295 52 53 55 56 57 59 60 61 62 64 65 66 68 69 70 71 72 73 75 77 78 79 80 82 88 89 91 93 94 95 96 99 102 103 104 105 106 108 109 110 112 113 114 115 116 118 119 122 123 124 125 126 127 128 131 134 135 137 140 143 144 146 147 148 151 153 157 159 160 162 165 166 167 168 169 170 171 172 173 175 176 177 179 181 182 184 185 187 190 191 193 195 197 198 199 200
190 53 54 55 61 62 63 64 65 66 67 69 70 71 73 74 75 77 78 80 81 82 85 87 89 90 92 93 94 95 97 98 100 101 102 105 106 107 109 110 111 112 113 114 115 116 117 118 120 121 125 126 127 130 131 132 134 135 138 139 140 142 143 145 146 151 154 155 156 158 159 162 163 164 165 166 168 169 170 171 172 173 174 175 176 177 178 179 181 182 185 186 187 192 194 195 196 197 198 199
263 54 55 57 59 60 61 62 63 66 67 72 73 74 75 76 80 82 84 85 86 90 91 92 93 94 95 96 97 98 100 104 106 109 112 114 116 118 119 120 122 123 124 125 126 127 128 130 132 133 134 139 140 141 142 145 147 150 152 153 154 155 156 162 163 164 165 167 168 169 170 171 172 173 174 176 179 181 182 184 186 188 189 190 192 193 195 197 198 200
214 55 56 58 59 60 63 65 66 67 68 70 71 72 75 80 81 82 83 84 85 88 89 90 93 95 96 103 105 106 107 109 110 112 113 114 117 118 119 122 123 124 126 127 128 129 130 131 133 134 135 136 137 140 142 146 147 149 150 154 156 157 159 161 162 163 164 165 166 167 168 170 175 176 178 179 180 181 186 188 189 190 192 195 199 200
171 57 58 59 61 63 64 67 69 72 73 76 77 78 79 80 81 84 85 87 89 90 91 93 94 95 98 100 101 103 106 107 108 109 110 111 115 118 121 123 124 127 129 132 133 134 135 136 137 141 143 144 145 146 147 148 149 152 153 154 158 161 162 163 164 168 170 171 175 177 178 179 180 181 182 183 185 188 190 192 194 195 197 198
221 58 60 61 63 64 67 68 69 70 72 73 74 77 81 82 83 85 87 88 90 91 96 97 98 101 102 103 104 105 106 107 108 109 113 114 115 117 118 120 122 123 124 125 126 127 128 129 130 131 134 136 138 141 142 143 146 147 148 149 150 151 152 153 155 156 157 158 160 162 164 167 168 170 171 172 173 174 175 177 178 179 180 183 184 185 187 189 191 192 193 194 196 197 198 199 200
215 58 60 62 64 65 66 67 70 71 72 80 81 82 84 88 91 92 93 94 96 97 98 99 100 101 102 103 104 105 106 111 116 118 119 122 124 125 127 128 129 130 132 133 134 135 136 137 138 139 142 143 145 147 148 149 152 154 155 156 158 160 162 164 166 169 172 173 175 176 178 179 182 184 185 187 188 190 191 195 196 197 198 200
179 60 61 63 64 65 66 68 70 71 72 73 75 79 80 81 82 83 86 87 88 89 90 93 94 96 97 98 105 106 107 108 109 111 113 115 117 119 120 121 122 125 127 128 129 130 131 134 135 136 138 140 144 146 149 150 153 154 155 156 157 159 160 162 165 166 171 174 175 179 180 182 183 184 186 187 188 191 192 194 195 196 197 199
287 61 62 64 65 66 67 68 69 72 73 76 77 78 83 84 85 86 87 88 89 90 91 92 93 94 95 96 97 102 104 105 107 108 109 115 116 117 119 121 122 123 127 128 129 130 132 133 134 136 137 138 140 141 142 143 144 145 146 148 149 150 157 158 161 164 165 166 167 169 170 171 175 176 178 180 182 184 185 186 187 188 191 192 193
152 61 62 63 64 65 66 67 71 73 75 76 77 78 80 81 83 87 88 91 92 93 94 96 98 99 101 102 104 105 108 109 111 113 115 116 118 122 123 124 126 127 128 130 133 134 135 137 139 140 141 146 148 149 150 152 153 156 157 159 160 162 164 167 168 169 170 171 173 176 178 179 185 189 190 191 193 196 197
219 62 64 65 67 68 69 71 72 73 75 77 79 80 82 83 85 88 89 90 91 92 93 96 97 98 101 102 104 106 107 108 109 110 112 116 117 120 121 122 126 127 128 129 130 132 135 136 138 142 144 145 146 148 149 150 151 152 154 155 156 157 158 160 165 166 167 170 172 173 175 179 180 182 183 186 187 189 190 191 193 194 196 197 200
228 64 71 72 74 75 77 79 81 83 84 85 89 90 91 92 93 94 97 101 102 103 104 105 106 107 108 109 110 113 114 115 116 118 119 120 121 124 125 127 129 130 131 132 134 136 137 138 140 141 142 147 148 150 151 152 154 155 156 160 161 164 165 168 169 170 173 174 175 176 177 178 179 180 181 183 186 187 189 190 192 193 197 198 200
189 64 65 70 71 72 74 75 76 77 78 79 80 82 83 85 86 88 91 92 93 94 95 96 97 103 107 108 109 112 113 116 117 120 122 124 125 126 127 128 131 132 134 135 138 139 140 141 143 146 150 151 152 154 155 156 157 158 159 164 166 170 172 173 174 175 176 177 178 180 181 183 184 186 187 188 189 192 195 197 199 200
299 67 70 71 72 73 74 75 76 77 78 79 81 82 87 88 90 94 95 97 98 101 103 104 105 106 108 109 110 111 113 115 116 117 118 121 122 125 126 128 130 131 134 136 138 139 142 144 145 147 149 150 151 152 153 154 155 156 159 161 162 164 165 166 167 168 172 173 174 175 176 177 179 181 182 183 184 186 187 189 190 193 194 196 197 198 199 200
299 67 69 70 71 72 74 75 79 83 84 85 89 93 94 96 98 100 103 106 108 110 112 113 118 119 120 122 123 124 126 128 130 131 134 135 136 137 138 139 142 143 144 145 147 148 152 153 154 155 157 159 161 163 164 165 166 167 168 170 171 172 174 177 178 179 180 182 187 189 190 191 193 194 195 196 197 198 199 200
166 67 68 72 73 74 75 78 79 80 82 83 84 85 86 87 88 90 91 92 93 94 95 96 99 101 102 103 104 105 106 107 108 109 110 111 112 113 114 115 117 120 121 122 123 125 126 130 131 132 133 135 137 138 139 140 141 142 144 145 146 147 150 151 152 153 154 155 156 159 160 161 163 164 166 167 170 171 173 174 175 176 178 181 182 183 184 185 188 190 194 199 200
295 68 70 73 74 76 79 82 83 84 85 86 88 92 93 95 97 98 100 103 106 107 108 109 112 113 114 116 117 119 120 121 128 131 132 133 136 138 140 142 143 144 145 146 148 149 150 152 154 156 158 159 160 163 165 167 168 169 171 172 173 175 177 178 179 184 187 190 193 194 197 198 199 200
288 70 71 72 73 74 75 76 77 78 79 80 81 83 84 87 88 90 92 93 94 97 99 100 102 103 106 108 109 110 111 112 113 114 116 118 119 120 125 126 127 128 131 132 135 136 139 140 141 142 146 147 148 149 150 151 152 153 154 155 156 157 158 160 161 162 165 167 168 169 171 174 175 176 177 179 180 182 183 184 185 186 188 190 191 192 193 194 195 196 198 199 200
297 70 71 73 74 75 77 79 80 84 86 87 88 89 90 91 92 95 96 97 98 99 101 102 103 104 105 106 109 110 112 113 116 117 119 120 121 123 124 125 126 128 131 132 135 138 139 141 142 143 144 145 148 150 152 154 155 156 159 161 169 171 172 174 175 176 177 180 183 184 185 186 189 194 198 200
283 72 73 74 77 80 82 84 85 86 88 90 91 94 97 98 102 103 104 105 106 107 109 110 111 112 116 119 120 121 125 126 127 128 129 130 131 132 133 135 137 140 141 142 144 146 147 149 153 154 156 160 164 166 167 169 170 171 172 173 174 175 176 177 178 179 180 181 182 184 185 190 191 192 194 195 196 199 200
198 74 75 78 80 81 83 84 85 86 88 89 90 91 92 94 96 101 102 103 106 107 108 111 112 113 114 116 117 118 119 121 123 125 126 127 128 129 131 132 133 139 141 142 143 144 145 146 149 150 151 152 153 156 157 159 160 161 162 164 165 168 169 170 171 172 174 175 176 177 179 180 181 183 185 186 187 190 191 193 194 197 198 199
179 73 75 77 78 80 81 82 83 84 85 86 88 91 92 94 96 97 98 100 101 104 105 108 109 112 113 114 115 116 117 118 120 121 123 126 127 130 132 134 135 136 138 142 143 144 152 153 154 155 158 159 164 168 171 172 175 176 177 178 179 180 182 185 186 187 189 190 191 194 195 197 198 199 200
187 74 77 79 81 84 85 86 87 88 89 90 91 93 94 95 96 97 98 99 100 102 110 111 112 113 114 115 116 117 118 119 120 121 124 125 127 128 130 131 135 138 139 143 144 145 146 149 150 151 153 159 160 163 167 168 169 174 178 179 181 183 184 185 187 191 192 193 194 198 199
181 75 76 79 80 81 83 85 86 87 88 89 90 91 92 94 95 97 98 99 102 105 106 108 109 112 113 114 115 116 121 125 126 127 130 131 133 134 135 136 137 138 141 142 143 145 146 148 149 150 156 158 159 161 163 164 165 166 168 169 171 175 176 177 178 185 186 187 188 189 190 192 194 195 198 200
155 76 77 79 80 81 82 85 86 87 88 89 90 91 93 95 96 97 99 101 102 103 104 105 107 108 109 110 111 119 120 121 122 123 125 127 128 131 132 135 136 138 139 141 142 143 145 146 148 150 152 154 155 156 157 158 159 166 168 172 174 175 176 178 179 180 181 184 185 187 188 191 193 194 195 197 199 200
272 77 78 81 82 83 84 85 86 87 88 89 92 93 94 95 96 100 103 104 106 109 113 115 119 122 126 127 129 130 131 132 135 136 138 140 141 142 147 148 149 155 156 157 158 159 160 161 162 164 167 168 169 172 173 174 179 182 183 184 187 188 191 192 193 195 198
167 79 80 84 87 88 91 94 95 96 98 100 101 102 103 105 106 107 108 109 110 111 114 115 116 117 118 119 120 123 124 125 126 127 128 130 131 132 133 134 136 137 138 140 141 144 149 150 151 152 155 159 160 162 163 164 166 168 169 170 172 173 175 177 178 179 180 181 183 184 186 187 188 189 190 193 194 195 196 197 199 200
184 81 82 84 85 86 87 88 90 91 92 93 95 97 99 100 101 102 107 109 110 111 112 113 114 116 119 120 121 124 125 126 127 129 132 134 136 138 144 148 149 150 151 152 153 154 155 157 159 161 163 164 166 167 168 170 173 174 175 177 178 180 181 184 187 188 190 192 194 196 197 198 199 200
190 80 82 83 84 85 89 91 92 95 96 99 101 104 105 108 109 110 113 116 120 121 122 124 128 129 130 131 133 135 136 139 140 142 143 144 145 148 154 155 156 157 158 159 160 162 163 165 166 168 169 172 173 176 177 179 180 181 182 184 185 187 190 192 193 194 195 196 198
150 82 85 87 90 92 93 94 95 96 97 99 101 102 104 105 106 108 112 115 116 119 120 121 122 124 125 126 127 128 130 131 132 133 134 135 137 139 141 145 148 153 155 156 158 160 161 162 163 166 169 170 172 173 174 175 177 178 181 182 183 186 187 188 189 190 191 194 197 198 199 200
175 83 84 85 86 88 89 90 91 92 93 98 102 105 106 107 108 110 112 114 118 119 120 121 123 124 125 127 128 129 130 131 132 133 135 136 137 139 142 143 145 146 147 148 155 156 157 159 160 161 163 164 165 166 167 168 171 172 174 175 176 178 179 180 182 184 185 187 189 190 192 193 195 196 199
171 86 88 89 91 102 103 104 106 107 108 109 111 112 113 114 115 117 118 124 125 126 131 133 134 135 138 139 140 146 147 149 150 151 154 156 159 161 162 163 164 165 166 168 171 172 173 175 177 178 179 180 183 184 186 187 189 191 192 193 194 196 198 200
260 87 88 89 90 91 92 93 94 95 96 98 99 101 106 107 109 112 113 114 116 119 125 126 127 128 129 130 132 133 135 136 137 138 139 142 145 147 148 150 151 154 156 157 158 159 161 163 164 165 166 167 170 171 173 179 183 187 188 189 190 192 193 195 196
215 85 86 87 89 90 92 94 95 96 97 98 99 101 102 105 107 108 110 111 112 115 116 117 118 119 120 121 123 124 125 127 128 132 133 135 136 137 138 139 140 142 145 147 148 150 152 154 157 158 160 161 162 166 167 168 170 171 172 174 175 177 179 181 183 184 189 191 192 193 195 197 199 200
160 86 87 88 89 91 92 93 96 97 98 100 102 104 105 106 107 108 110 111 114 115 116 117 118 119 120 122 124 131 132 133 135 137 138 141 143 144 146 148 150 151 156 158 159 163 164 165 168 169 171 172 173 178 181 183 185 186 187 188 189 190 192 193 194 195 196 198 199
160 87 88 89 90 91 92 93 95 96 99 100 101 102 103 105 106 107 110 111 112 113 114 116 118 119 120 121 122 123 125 127 133 135 136 137 138 140 143 145 148 151 152 153 154 156 157 160 161 163 164 165 166 169 172 176 178 179 182 183 184 185 186 187 189 191 192 194 195 196 197 198 200
253 90 92 95 96 98 99 101 102 103 104 109 110 112 113 114 118 119 120 121 122 123 125 128 130 131 134 136 137 140 141 142 144 145 152 153 154 155 156 157 158 160 161 165 168 170 171 173 174 178 179 186 187 190 191 192 194 200
187 89 92 94 96 97 98 99 100 101 104 105 106 108 109 110 111 112 113 114 115 117 118 119 120 121 122 123 124 126 127 128 129 131 132 133 134 137 138 140 141 142 143 144 147 148 149 150 152 154 156 158 160 161 163 167 168 169 171 174 178 179 180 182 183 186 187 188 189 192 195 196 199 200
283 90 92 94 95 99 100 103 104 105 107 108 110 111 113 117 119 120 121 122 124 125 126 127 128 130 132 134 135 136 142 145 146 152 153 155 157 160 161 162 164 165 166 169 171 173 175 177 180 181 183 184 185 186 188 189 190 191 192 193 194 195 196 200
284 91 92 93 97 100 101 103 104 107 109 111 113 114 115 117 118 122 123 125 128 135 136 138 140 142 148 149 150 154 156 159 160 163 164 165 166 168 175 176 177 178 179 180 181 182 184 186 188 189 190 192 194 196 198 199
154 92 93 94 95 96 98 99 100 101 102 103 104 106 107 110 111 112 113 114 117 118 119 120 121 122 124 129 130 132 133 135 137 138 140 141 145 146 148 150 152 153 154 155 156 157 159 161 163 166 168 169 172 175 177 180 182 183 184 185 186 187 190 191 192 193 194 195 196 198 200
175 93 96 97 101 102 105 107 108 109 110 111 112 113 115 117 119 124 126 127 128 131 133 134 136 138 140 141 142 143 144 145 146 150 151 153 154 155 156 158 159 162 163 164 165 166 167 168 169 170 171 172 175 176 177 179 181 182 184 185 187 188 189 191 193 196 197 199 200
168 94 97 98 99 100 101 102 104 105 107 109 112 113 114 115 117 118 120 123 125 127 128 130 131 135 136 137 139 140 141 142 146 148 150 152 154 155 159 160 161 162 165 166 169 172 173 174 175 177 178 181 183 189 190 191 192 196 199 200
201 95 96 98 101 102 103 104 106 108 112 114 116 118 120 122 124 125 126 127 129 130 131 134 135 136 137 139 140 142 143 144 145 148 150 151 155 156 159 162 164 165 166 169 170 176 177 180 181 182 183 185 188 189 190 191 193 194 195 196 198 199
280 96 97 104 105 106 109 111 112 114 116 117 118 119 120 121 125 126 127 128 130 135 136 139 140 142 146 147 148 149 152 153 154 157 158 159 161 162 163 164 165 167 169 170 171 172 174 176 182 183 184 185 187 189 192 193 194 195 198 199 200
289 97 100 101 104 105 106 107 109 110 111 112 113 114 116 117 119 120 125 126 130 135 136 137 138 139 142 143 144 147 148 149 153 155 157 158 159 160 161 162 163 164 165 166 167 169 173 175 178 179 180 181 185 186 187 192 193 195 196 198 199 200
183 98 99 100 103 104 106 108 111 112 113 114 118 119 120 121 122 123 127 128 129 130 134 136 137 138 139 142 143 145 146 147 148 150 152 155 157 158 159 160 163 164 165 166 170 172 173 174 175 177 178 181 182 183 184 185 187 188 190 191 193 195 196 197 198 199 200
166 99 101 104 106 107 108 109 110 111 112 114 115 116 118 119 122 124 126 129 132 133 134 135 136 137 138 139 140 141 142 144 145 146 147 150 152 153 155 156 160 161 162 163 164 165 166 167 170 171 174 175 176 177 178 179 181 183 185 189 190 192 193 195 197 198
200 101 102 103 104 106 108 109 110 111 116 117 121 122 127 128 129 131 132 134 136 138 139 140 141 142 143 144 146 147 149 150 151 152 155 156 158 160 162 165 169 170 173 175 176 177 179 182 183 186 187 189 190 191 192 193 196 197 198 200
155 101 104 105 106 107 108 111 112 115 116 117 118 124 125 126 127 131 133 136 138 139 141 142 144 145 147 148 149 150 151 153 154 157 158 162 164 167 172 173 174 175 176 177 178 179 180 181 182 183 184 185 186 188 189 190 193 195 196 197 199 200
202 104 107 108 110 111 112 116 117 118 121 128 129 131 132 133 135 137 138 139 140 141 142 143 144 145 147 148 149 151 153 155 157 158 159 160 161 164 165 166 167 168 170 171 172 174 176 178 181 182 184 186 187 189 191 192 193 194 195 197 198 199 200
300 105 106 107 108 110 111 114 116 117 118 119 121 123 124 127 128 129 133 134 135 138 139 140 142 143 144 145 149 150 152 154 156 157 158 159 160 161 165 169 171 172 174 178 180 186 189 190 193 194 195 197 198 200
188 104 105 106 109 110 111 112 114 117 119 122 123 125 126 127 129 131 134 135 136 137 138 140 141 142 144 147 148 149 150 152 154 155 156 157 158 159 161 162 164 169 172 173 175 178 179 180 182 184 188 189 192 193 194 196 197 199
183 105 107 108 111 114 115 116 117 118 120 121 124 125 127 129 130 131 132 138 139 140 141 142 143 145 146 148 149 150 151 152 154 155 156 158 159 161 162 163 165 168 169 170 171 172 174 175 176 177 178 179 180 181 183 184 186 188 189 192 193 194 195 196 198 199 200
234 108 110 112 113 114 116 118 119 120 122 124 126 131 133 136 137 140 141 143 144 146 148 149 150 151 152 153 156 157 159 162 163 164 166 169 174 175 176 177 179 182 184 185 187 188 190 192 193 194 195 197 198 199
206 109 110 111 115 117 118 120 121 124 125 127 128 130 132 133 134 135 136 139 140 142 144 147 148 149 150 151 153 154 156 157 158 160 161 162 164 165 166 168 170 171 172 173 174 178 180 181 182 184 186 187 188 189 190 192 194 196 198 200
272 108 109 110 111 112 113 114 116 118 120 121 122 123 127 128 130 133 136 138 140 142 144 145 147 148 150 152 153 154 156 157 159 160 161 163 166 167 168 170 172 174 177 178 181 182 183 184 188 189 190 193 194 199
276 109 110 112 113 114 115 116 118 120 122 125 126 128 129 130 131 132 134 135 137 138 141 142 145 146 149 151 152 154 157 160 161 164 165 166 167 168 171 172 175 176 177 179 180 181 183 184 185 186 187 191 193 195 196
212 110 111 113 114 115 117 120 121 122 124 127 130 135 136 137 139 141 142 143 144 145 149 151 152 155 156 157 159 161 162 163 166 168 169 170 172 174 175 176 177 178 179 181 182 183 184 185 187 188 189 191 193 195 196 198 199
290 111 112 113 114 117 118 119 120 121 122 123 124 127 128 129 131 134 135 136 137 138 139 141 142 143 144 146 147 148 150 152 153 154 155 158 159 160 163 164 168 171 172 173 177 178 180 182 183 184 185 186 187 188 190 192 193 195 196 200
248 112 115 117 118 121 124 125 127 128 129 131 132 135 136 137 138 140 141 144 145 147 148 149 150 151 157 158 160 161 162 165 168 172 174 175 178 179 183 187 188 192 193 195 196 197 198 199 200
276 113 115 117 118 119 122 123 124 126 127 129 130 133 134 135 137 138 139 140 146 147 148 150 152 153 155 156 160 162 166 169 170 171 172 175 176 178 180 181 182 184 185 186 189 190 192 195 196 199
171 116 118 122 123 124 125 126 127 129 133 134 136 139 141 143 144 145 146 147 148 150 153 157 158 159 160 161 162 163 164 165 168 169 171 172 173 175 176 177 178 179 181 183 191 193 195 198 200
300 115 116 120 122 125 126 127 129 130 131 133 134 137 138 139 141 142 143 144 145 146 148 149 150 151 152 153 154 156 158 162 164 169 171 172 176 177 179 180 181 183 184 187 189 191 192 193 195 196 200
273 116 120 122 124 126 127 128 129 130 131 133 135 136 137 138 139 140 141 143 144 146 147 148 152 157 158 159 160 162 163 169 172 173 175 176 177 179 180 181 182 184 185 186 187 189 192 193 194 196 197 198 199
223 118 120 121 124 125 126 128 129 132 133 134 138 139 140 142 143 144 145 146 147 150 152 153 154 155 156 158 160 161 162 164 165 166 167 168 169 171 172 176 177 179 180 181 183 184 190 193 194 195 197 199
199 120 125 129 131 133 134 136 137 138 141 143 144 145 146 149 150 151 152 154 158 160 162 164 166 167 168 170 172 173 175 176 179 181 183 184 185 190 191 195 197 198 200
276 119 121 122 124 125 127 128 129 131 133 134 138 139 140 141 144 146 147 150 151 152 155 156 157 158 159 160 161 164 166 167 169 170 171 174 175 178 179 180 183 184 187 190 191 192 193 194 197 198 199 200
256 121 124 127 128 130 132 133 139 140 143 144 146 147 148 149 150 152 155 157 159 160 161 162 165 166 172 174 177 178 179 180 181 182 183 184 186 187 188 190 192 193 194 195 196 197 198 199 200
283 122 124 127 128 129 130 131 135 138 139 141 142 143 145 146 148 149 150 151 152 154 156 157 159 160 161 162 164 165 166 167 168 169 170 172 173 174 175 176 177 179 181 182 184 185 186 189 190 191 192 194 195 196 198 200
292 122 123 125 126 128 131 132 136 137 138 139 140 141 143 145 146 149 150 151 152 155 156 157 159 160 162 163 165 166 167 169 170 171 172 179 185 188 190 191 192 196 199
261 123 126 127 128 129 130 131 132 133 135 137 141 143 144 146 147 148 150 151 152 155 156 158 159 162 164 165 166 171 173 175 176 177 179 182 185 187 191 193 194 195 197 198 199 200
235 126 128 129 131 134 135 136 137 139 140 141 142 143 145 149 152 154 156 158 159 160 161 162 163 165 166 169 170 172 174 175 176 177 178 180 181 184 185 187 188 189 193 194 197 198 200
224 125 126 127 128 130 131 133 135 141 142 143 147 150 151 152 153 154 157 158 159 161 162 163 164 167 170 171 172 174 175 177 178 179 180 181 182 186 187 191 192 193 194 195 196 197 200
236 126 128 129 130 132 134 135 136 139 140 141 144 147 148 149 150 156 160 163 166 168 169 171 172 173 174 175 177 181 182 189 190 192 193 194 196 197 198 200
227 128 132 133 135 136 138 139 140 141 142 145 147 149 150 151 153 154 157 158 159 160 162 163 165 166 168 170 173 175 178 179 181 182 183 185 186 188 191 192 197 200
171 128 129 132 133 135 138 139 143 144 145 146 147 151 153 157 158 160 161 162 165 166 167 168 170 171 172 174 175 177 178 179 180 181 184 185 186 187 189 190 191 193 195 196 197 199
248 129 130 131 132 133 134 135 136 137 138 139 140 142 143 144 145 148 149 150 151 153 154 157 158 162 163 164 165 167 168 170 173 174 175 176 177 178 179 180 183 184 190 191 193 195 198 199 200
240 130 131 132 133 135 136 137 138 139 140 143 144 146 147 148 150 153 154 155 158 159 160 161 164 165 169 170 171 172 173 174 175 177 182 185 186 187 188 189 190 192 193 194 195 197 198 200
288 131 133 134 135 136 137 138 139 140 141 142 143 145 146 147 148 149 151 153 156 161 163 164 166 168 170 171 172 173 174 175 177 181 182 183 185 186 187 188 189 194 196 198 199
235 132 133 134 139 140 141 145 146 147 148 151 153 155 157 158 159 164 166 167 169 170 171 172 177 179 181 183 188 194 195 196 197 198 199 200
289 134 136 139 141 142 145 147 148 150 152 154 156 158 159 161 162 163 164 167 168 170 172 174 175 176 177 179 181 183 184 189 190 191 192 194 195 199
239 134 135 137 139 140 141 143 146 147 148 152 153 154 155 156 157 159 160 161 163 170 171 173 174 175 177 178 179 181 182 183 184 185 188 189 191 192 193 196 199
175 136 138 139 140 144 145 147 148 150 151 152 153 154 155 156 157 158 159 160 161 163 164 168 169 171 172 177 178 183 184 185 186 187 188 189 190 192 193 194 195 197 199 200
241 136 140 142 148 149 150 151 152 153 154 155 156 157 163 164 165 166 167 168 169 171 172 174 175 176 177 178 180 182 183 184 185 186 189 191 192 193 194 196 199
249 137 138 139 141 142 143 145 147 149 150 151 152 153 154 157 159 161 162 163 164 169 170 171 172 174 175 176 178 179 184 186 187 188 189 191 193 195 196 198
162 139 140 142 143 145 147 149 152 153 154 155 157 158 162 164 167 170 171 174 175 176 177 178 179 181 182 184 190 191 192 193 194 196 197 200
153 141 142 143 144 146 149 152 153 155 156 157 161 162 163 168 170 172 173 176 178 180 181 182 186 187 189 190 191 193 194 195 196 200
203 140 144 145 146 148 150 151 153 157 158 161 162 163 164 165 168 169 171 174 175 176 177 182 184 186 187 188 189 191 192 193 195 198 199
227 142 143 145 146 152 154 156 157 158 159 161 162 163 166 170 172 173 174 177 178 179 180 182 184 185 186 190 191 192 193 194 195 196 197 198 199 200
294 142 146 151 152 153 155 156 157 159 160 163 164 165 168 170 171 172 174 175 177 178 179 180 185 186 187 188 190 191 195 197 198 199 200
175 145 148 149 150 152 153 154 155 156 157 159 160 161 162 163 164 165 166 168 170 172 173 174 175 176 178 181 182 184 185 188 189 190 191 192 195 196 199
205 146 148 150 151 152 153 154 155 160 161 162 163 164 165 166 167 174 177 178 179 181 183 186 187 188 189 190 191 193 195 196 199 200
277 146 147 151 152 154 156 158 161 162 163 164 165 166 168 169 170 171 173 177 180 182 183 184 185 188 189 190 191 194 195 196 197 199
280 150 152 153 154 155 156 157 158 159 161 163 164 165 168 170 171 173 174 175 178 180 181 183 184 186 188 189 190 191 192 193 195 196 197 198
234 147 148 150 151 152 153 154 156 157 160 162 163 164 165 167 168 169 170 173 176 177 178 179 181 183 184 186 187 188 190 191 193 196 197 198 200
272 149 150 152 154 155 158 159 165 169 170 171 172 173 175 177 179 180 182 184 185 186 192 193 195 196 198 199
289 149 150 151 153 155 157 158 161 164 165 166 167 170 172 173 175 177 178 179 180 181 184 185 187 188 189 190 191 192 193 194 195 196 198 200
223 150 151 152 154 155 156 158 161 162 163 165 169 170 171 175 176 179 180 181 183 184 187 190 192 193 195 196 197 198 199
216 152 153 154 155 156 157 158 159 161 164 166 167 168 169 170 171 173 174 175 177 179 180 181 183 185 187 188 190 191 195 198 199 200
220 152 153 157 158 159 161 164 165 166 168 169 170 171 172 173 176 177 178 179 180 181 184 186 187 188 189 190 191 193 196 197 198 200
179 153 154 155 158 159 160 162 163 165 166 167 168 171 172 173 177 180 181 182 183 185 186 187 189 190 192 193 195 197 198 199 200
278 154 155 156 157 159 160 161 164 166 167 169 170 172 173 175 176 178 179 180 181 182 184 185 186 187 189 190 191 193 194 196 197 198 200
241 155 157 158 159 160 162 165 169 170 172 173 174 176 177 178 179 180 181 182 184 185 186 187 188 189 190 192 193 194 195 196 200
153 156 157 158 159 161 162 163 165 167 169 170 174 175 176 179 180 182 185 186 187 188 189 197 198 199 200
207 157 158 161 162 165 166 167 169 170 172 174 178 179 180 181 182 183 184 185 186 188 192 196 200
192 162 163 165 166 168 169 170 171 172 173 175 178 179 181 183 184 190 191 193 194 196 198 199 200
190 161 162 164 165 166 169 172 174 175 176 177 178 179 180 182 183 186 187 189 190 191 192 194 195 196 198 200
285 160 161 162 163 167 169 171 173 175 176 177 178 179 181 183 184 185 187 188 189 190 191 192 194 196 199
229 161 162 166 167 168 171 173 174 175 176 177 178 179 181 186 187 190 191 192 195 197 198
175 163 166 167 170 171 172 173 175 178 183 184 186 187 191 192 194 198 199 200
276 164 166 168 171 177 179 181 183 184 189 191 192 193 195 197 200
179 165 167 169 172 173 175 177 178 180 181 182 183 184 185 187 188 189 190 192 196 197 200
273 165 166 167 168 170 172 174 175 176 179 182 185 188 192 193 194 195 196 197 198 200
181 167 170 172 175 176 178 179 180 182 183 184 187 188 189 190 191 192 194 197 199
179 167 170 172 173 179 182 183 184 186 187 189 191 192 193 196 197 200
224 168 170 174 175 176 177 180 181 186 187 189 191 192 193 194 196 197 199 200
284 169 171 172 173 174 178 179 180 184 187 188 190 192 193 194 196 199
214 170 171 173 174 177 178 180 183 186 187 189 191 192 194 195 196 197 200
202 171 172 174 180 182 183 184 188 190 191 193 194 195 200
165 173 174 176 177 178 181 183 184 186 188 190 194 195 196 197 200
231 173 174 176 177 180 181 182 183 185 186 187 188 189 191 192 193 195 197 200
227 174 176 177 178 184 189 190 192 197 199 200
237 175 177 178 179 180 181 182 183 185 186 187 188 193 195 196 198
198 177 180 181 182 185 186 188 189 190 191 192 194 195 196 198 200
251 177 178 179 181 182 184 186 187 188 189 190 191 194 195 197 198 200
175 178 181 182 183 186 188 189 191 192 193 196 199 200
292 182 183 184 186 189 191 192 193 194 196 197 200
174 180 181 182 183 184 185 188 189 190 191 194 198 199
230 181 182 183 184 187 188 189 190 192 193 194 195 196 199 200
290 183 184 187 188 189 191 194 195 197 200
173 185 187 189 192 200
158 187 189 190 191 192 194 195 196 197 199 200
205 185 188 191 193 194 195 196 200
257 188 189 190 191 192 193 195 196 198 199 200
161 187 188 189 191 192 193 194 195 197 198 199
286 189 192 193 194 195 196 197 199
159 189 190 191 195 196 197 198 199 200
160 190 196 197 198 199 200
254 192 193 195 196 197 198 199
246 192 195 197 200
252 193 194 195 197 200
293 195 196 197 198 200
285 197 199 200
180 196 197 198 199
243 197 198 200
160 198 200
236 199 200
188
275
