100	10	10000	10
-4	1266	7
-4	1367	15
-1	1926	6
-3	1749	12
-5	1481	9
-4	1858	11
-4	1923	9
-3	1940	5
-4	1583	12
-3	1173	14
924 2 3 5 7 8 9 11 12 13 18 19 20 21 22 23 24 25 27 28 31 32 33 34 36 37 38 40 43 44 45 46 47 48 50 51 53 56 57 59 60 61 64 65 67 69 71 73 74 77 80 81 83 84 85 86 88 91 93 94 96 100
726 4 5 6 8 11 15 17 19 23 24 25 26 27 30 33 34 35 36 37 39 40 42 43 45 46 48 49 51 52 56 57 59 60 61 63 64 65 66 68 71 73 74 75 78 79 80 81 83 86 87 93 94 95 98 99 100
849 4 5 6 7 8 9 11 12 13 14 15 16 17 19 20 22 23 28 29 31 34 35 36 38 39 40 41 44 45 48 49 50 51 54 55 58 59 60 61 62 68 70 71 72 73 76 77 78 79 80 82 84 85 86 89 91 97 99 100
203 8 9 12 13 14 15 16 19 21 22 23 24 25 26 28 31 32 34 35 37 39 41 44 47 48 51 52 55 56 57 60 62 64 66 68 69 72 76 77 79 81 84 87 88 94 95 97 99 100
795 8 10 13 14 18 19 20 21 22 23 24 28 29 33 34 35 37 41 42 44 45 48 49 50 52 53 55 57 61 63 64 65 67 68 69 70 71 73 74 75 76 78 79 81 83 84 85 86 88 89 93 94 95 96 98
657 7 8 9 10 13 15 16 17 19 20 21 22 23 26 27 30 31 33 34 35 37 42 43 44 45 47 48 51 52 53 55 56 57 59 60 62 63 65 66 67 68 69 70 75 78 80 81 82 86 87 89 91 92 97 100
615 9 10 11 12 13 14 15 16 17 20 22 23 25 28 30 33 34 35 39 41 42 43 44 48 49 51 52 53 54 55 56 57 59 60 61 62 63 64 67 68 69 72 73 77 79 80 82 84 85 86 88 89 91 92 96 98 99
733 9 11 12 13 14 15 17 18 20 21 24 27 32 35 36 37 39 41 42 45 46 47 48 49 52 53 55 57 58 59 61 62 65 66 68 69 70 73 74 75 77 80 86 90 91 94 95 97 98 99
970 10 11 12 13 14 16 17 19 20 23 24 26 27 29 31 32 33 34 35 36 40 42 43 45 46 48 50 53 57 61 63 64 66 67 70 74 76 77 78 79 82 83 84 85 87 88 91 93 94 95 98 100
836 11 13 15 16 17 19 21 22 23 24 25 27 28 29 31 32 34 35 36 39 41 43 44 45 47 48 49 51 52 53 55 64 65 67 69 70 73 76 77 78 81 82 83 84 86 90 91 95 96 98 100
295 12 14 17 21 25 26 28 29 30 31 32 34 35 36 38 39 40 41 42 44 47 49 51 54 55 57 64 66 67 68 70 71 72 73 76 78 80 82 83 85 90 91 93 94 96 97 98 99
182 15 16 17 19 20 21 22 24 25 26 29 30 32 33 34 37 38 39 41 42 43 44 48 51 52 53 54 59 60 61 62 64 65 66 72 73 74 75 78 79 81 83 86 87 88 89 93 94 95 96 97 98
408 14 15 17 19 20 22 23 24 27 28 29 30 31 32 35 36 37 38 39 42 45 51 52 54 55 56 59 60 62 64 66 68 69 70 71 74 77 78 80 81 83 87 89 90 91 93 96 99
660 15 16 18 22 24 29 30 31 32 33 34 35 36 37 38 39 40 41 42 44 45 46 48 50 52 53 54 55 56 60 62 64 66 68 69 72 76 78 79 80 82 83 84 87 90 92 94 96 98 99 100
191 16 19 20 22 23 25 27 29 30 31 33 34 35 36 38 39 40 41 42 43 44 45 46 47 48 50 51 53 54 55 56 59 60 61 62 63 65 66 67 69 70 71 72 75 76 80 84 85 86 88 93 95 96 97
816 21 22 23 26 30 31 32 34 35 39 41 42 43 44 45 47 49 52 54 55 56 57 58 61 65 68 69 70 71 73 75 76 77 79 80 82 85 86 87 90 91 93 95 97 98 99
598 19 22 23 24 31 32 33 34 35 39 40 43 46 48 51 57 58 59 60 61 62 64 66 68 69 71 72 73 74 75 76 78 79 80 82 85 86 87 88 90 91 92 95 96 99 100
127 19 22 24 26 28 29 30 33 34 37 38 40 46 47 50 51 53 54 56 58 59 60 63 65 66 69 71 72 75 76 77 81 83 84 87 88 89 90 91 93 94 100
750 21 23 25 28 30 31 32 33 34 36 38 40 41 42 43 46 47 48 53 55 58 59 60 61 62 65 67 68 69 70 71 73 75 76 77 78 79 86 89 90 92 94 97 98 99 100
137 21 23 25 28 30 31 34 35 36 37 39 43 44 45 46 47 48 49 50 54 55 56 57 61 64 65 66 67 68 69 73 74 79 80 82 83 85 87 90 93 95 96 97 98
590 22 23 24 25 26 28 31 35 37 38 39 41 42 43 45 46 49 52 53 54 55 56 58 59 60 61 62 64 65 67 69 70 72 75 77 78 79 80 81 84 85 86 88 90 91 96 97 99
955 23 24 25 26 27 28 29 31 32 33 34 35 36 37 39 40 41 44 46 47 49 51 53 55 58 62 63 65 66 67 68 70 71 72 73 74 75 78 80 81 83 84 86 87 89 92 94 95 96
922 24 25 26 28 31 32 35 36 38 39 40 41 43 44 45 48 49 50 51 52 53 54 56 57 59 67 68 69 74 76 80 84 86 89 90 91 92 93 94 96 99 100
133 28 30 31 32 34 35 37 38 39 40 41 44 45 46 48 51 53 54 55 57 59 61 63 64 66 68 69 71 73 74 76 77 83 84 85 88 90 91 92 93 94 96 99
997 27 29 30 31 33 37 38 40 41 42 43 46 48 50 53 55 56 58 59 60 61 62 63 67 68 70 72 73 75 76 78 79 80 81 82 83 84 85 86 90 92 95 98 99
139 27 28 29 30 32 33 35 37 40 41 42 47 49 50 51 53 54 56 58 60 64 66 67 68 70 71 75 76 77 78 81 82 83 86 87 89 90 91 92 96 97 98 100
440 28 29 30 31 32 33 34 35 37 39 42 43 44 46 47 48 50 51 52 53 57 59 61 63 64 65 68 69 71 72 73 75 76 77 79 80 83 84 85 86 91 92 95 99 100
975 30 31 33 34 35 36 37 38 40 42 43 47 48 49 50 52 53 55 56 57 59 60 65 67 68 70 73 75 78 80 85 86 87 88 89 91 92 93 95 97
665 31 32 33 36 38 45 46 48 49 51 52 54 55 58 61 62 63 67 69 70 71 72 73 74 77 78 80 81 82 83 84 85 86 87 88 89 91 92 93 94 95 96
922 32 33 36 37 38 41 43 44 45 46 48 49 52 53 54 55 56 57 58 63 67 68 70 71 72 73 74 75 80 81 82 83 85 86 87 89 91 92 93 95 98
941 32 33 35 40 42 43 46 47 48 49 50 52 53 55 58 59 60 61 62 63 65 66 67 68 69 70 71 72 73 74 77 78 79 81 83 84 85 86 87 88 96 97 99
969 36 37 38 40 43 48 50 51 52 53 54 56 58 64 69 72 73 74 76 77 78 79 81 82 83 84 86 89 90 92 95 96 97 99
795 35 36 37 39 40 44 52 54 57 58 62 63 64 66 67 68 69 70 71 74 75 76 78 79 81 82 83 87 88 89 91 92 94 97 98 99 100
348 35 37 39 40 41 42 48 49 51 54 55 56 57 58 63 65 66 67 68 69 70 72 74 75 76 77 79 82 85 87 88 90 91 92 93 96 97 98 99 100
480 37 41 43 44 45 46 47 49 50 52 53 56 57 62 63 65 66 68 69 73 74 75 76 77 78 80 81 82 83 84 88 90 91 92 93 94 98 99 100
146 40 42 43 47 49 51 53 57 58 60 62 64 65 67 70 71 73 74 76 77 78 79 81 82 83 88 89 90 92 94 95 96 97 98 99
720 39 40 41 43 44 47 48 49 51 52 53 56 58 59 60 62 63 65 66 67 71 72 74 76 77 78 80 81 84 86 87 89 90 93 94 97 99
289 39 40 42 44 47 48 51 52 53 55 56 61 62 63 64 65 66 71 72 73 75 76 77 79 81 82 83 84 86 89 92 98 100
844 40 42 45 46 47 49 51 52 53 54 55 56 57 58 59 60 62 65 66 68 70 71 76 77 78 79 82 83 84 85 86 87 88 89 90 91 92 94 95 96 97 98 99 100
173 42 47 48 49 51 53 54 56 57 58 59 60 61 64 65 66 67 68 69 73 74 75 81 82 83 84 87 89 90 94 95
243 42 43 46 48 49 50 52 53 55 56 58 60 63 64 65 66 67 68 69 70 71 72 75 76 77 78 79 80 81 82 83 84 85 87 88 92 93 96 100
645 43 44 45 47 48 49 51 52 53 54 55 57 59 61 62 64 65 66 67 69 71 73 75 77 79 80 81 82 83 86 87 89 90 91 92 93 94 97 99
201 47 49 51 52 53 55 56 57 58 59 60 62 63 64 66 67 68 69 71 72 74 76 79 80 82 83 85 88 91 92 94 99 100
288 46 47 54 55 56 57 58 62 65 66 70 71 72 77 78 81 82 83 84 85 90 92 93 94 95 97 99 100
587 49 50 51 54 55 56 57 59 60 63 64 66 67 69 70 72 73 74 75 77 78 79 80 83 85 87 88 89 90 91 92 94 95 99
561 47 48 50 51 52 54 55 56 57 58 60 61 62 63 64 65 66 68 69 70 71 72 74 75 77 79 81 82 85 86 87 88 90 91 92 93 94 95 98
219 50 53 54 55 56 58 60 61 62 63 64 66 68 69 70 71 72 73 75 76 77 80 81 82 84 85 86 89 90 93 94 98 99
171 49 50 52 53 54 56 59 61 62 63 67 68 69 71 72 73 74 75 78 79 80 82 83 84 85 87 91 92 94 95 98
458 50 51 52 53 54 55 56 57 61 62 63 64 66 69 70 73 75 76 78 79 80 81 82 83 84 88 90 91 92 95 96 98 100
583 52 54 56 57 58 63 65 66 67 68 72 76 77 79 80 81 82 84 85 87 88 89 93 94 95 97 100
544 52 54 55 56 60 61 64 65 69 70 71 72 73 74 77 80 81 82 84 85 88 89 91 94 95 96 97 99
725 53 55 56 59 60 61 62 66 68 69 70 71 72 73 74 75 76 77 78 79 80 81 83 87 88 92 94 95 96 97 99
349 54 56 57 58 59 61 62 63 65 67 68 69 70 71 72 73 74 77 81 83 84 85 86 89 90 91 92 93 95 97 98 99 100
820 55 57 58 59 61 62 63 64 65 67 68 69 74 76 77 79 80 82 83 84 87 88 89 91 92 95 97 98 100
996 62 63 65 66 67 72 73 74 75 77 78 80 81 82 84 85 87 88 89 93 94 96 97 100
934 60 61 62 64 72 74 76 78 79 81 82 83 85 87 88 90 91 93 95 96 97 98 100
184 61 62 64 65 66 69 74 76 77 78 79 82 83 85 86 87 88 89 92 93 95 98 99 100
727 59 60 61 62 64 66 67 69 71 72 74 77 78 81 84 86 88 90 92 93 94 95 99 100
965 60 61 62 63 65 66 67 68 69 72 74 76 79 80 81 84 86 87 90 91 92 93 95 96 97 98 99
953 61 62 63 69 70 71 72 74 75 79 81 82 83 84 85 87 88 89 90 91 92 93 94 95 96 99
827 62 63 64 66 67 68 69 70 71 72 74 75 76 77 82 83 84 85 89 91 93 96
424 63 67 68 69 71 72 73 75 76 77 78 82 83 86 87 88 89 90 92 93 94 95 96 97 98 100
957 64 65 66 67 68 70 71 72 73 74 75 76 78 81 82 83 84 85 86 90 92 96 97 98 100
693 66 67 68 69 71 73 74 75 76 78 80 81 82 84 85 86 88 94 99 100
935 67 69 71 72 74 76 77 78 80 81 83 84 85 86 87 88 89 91 93 95 97
193 67 69 70 72 77 78 79 80 81 82 84 85 86 88 89 91 93 94 95 96 97 100
735 68 69 71 72 73 74 76 77 78 79 80 85 86 88 89 90 93 96 97 98 99 100
284 70 71 72 73 74 75 77 78 79 81 84 85 86 87 90 91 94 98 99 100
304 71 73 76 80 81 82 83 84 91 92 93 94 95 96
553 74 75 76 78 80 82 83 84 85 86 90 92 93 94 97 99 100
947 73 76 77 78 79 80 81 83 84 85 89 91 92 93 94 96 97 98 100
193 73 74 75 76 77 78 79 81 84 85 86 88 89 91 93 94 95 96 100
776 74 76 77 79 80 83 85 86 87 88 90 92 93 94 95 96 99
140 76 77 78 80 81 82 86 88 90 91 92 93 94 95 96 97 98 100
242 76 79 80 81 82 85 87 88 90 91 93 94 96 97
203 77 78 81 83 84 87 88 90 91 93 94 95 96 98 100
366 78 79 80 82 83 84 86 87 89 92 94 95 96 99 100
114 79 83 87 88 93 94 95 96 98
558 80 82 84 87 89 91 96 97 98 100
601 84 85 86 89 90 91 92 93 95 97 98 99
398 82 83 84 85 87 88 89 93 94 96 97 99 100
308 83 86 87 88 89 90 93 94 95 98
799 84 85 86 88 89 90 92 94 97 98 99
382 85 87 88 89 90 92 94 95 98 99
931 89 90 92 94 95 96 98 99
716 87 88 90 91 92 93 94 96 99 100
323 89 93 95 100
250 89 90 91 93 94 95 96 97 99
327 91 92 93 96 98 100
660 91 92 93 94 95 96 98 99 100
394 92 95 96 97 99
917 93 94 96 98 99 100
347 94 97 98 99 100
772 95 97 98 100
945 97 98 99 100
745
749 98 100
222 99 100
122
203
