100	10	10000	1
0	1662	6
0	1308	15
0	1358	8
0	1446	13
0	1184	9
0	1062	12
0	1515	9
0	1478	5
0	1040	11
0	1610	12
924 2 5 6 8 9 10 12 13 14 15 16 17 19 20 21 22 23 24 25 27 28 31 33 34 35 36 37 39 40 41 42 43 44 47 49 51 54 58 59 62 64 65 68 69 73 79 81 82 83 84 88 91 92 93 94 95 99 100
726 4 5 6 7 9 11 12 13 14 17 18 19 21 22 26 27 28 30 32 33 37 38 40 41 43 44 47 48 49 50 51 52 53 57 58 60 61 62 65 66 69 70 71 72 73 74 78 80 82 83 84 85 86 87 88 89 91 92 93 94 95 97 98 100
849 6 8 9 11 14 15 16 17 18 20 21 27 28 30 31 33 35 36 37 39 40 41 44 45 47 48 49 52 54 55 56 58 60 63 64 70 74 75 77 79 81 83 84 85 86 88 90 91 92 93 94 95 96 97 99
203 6 7 9 11 14 16 19 22 25 27 29 30 31 34 36 37 38 44 45 47 48 49 51 52 55 56 58 59 60 63 64 65 68 69 72 74 75 76 77 81 82 83 85 86 87 89 91 92 93 95 96 98
795 6 7 8 9 12 13 15 17 19 21 22 23 25 26 28 29 32 33 35 36 37 38 39 41 42 43 44 45 49 50 51 52 53 54 55 56 60 61 62 63 65 66 67 70 71 72 73 79 80 82 88 89 90 92 93 99
657 8 9 10 11 12 13 14 17 19 20 21 23 25 26 31 33 34 35 38 46 48 49 50 52 53 54 56 58 59 60 61 62 63 64 68 69 70 71 72 73 74 75 76 77 79 80 82 83 85 86 88 92 93 94 95 96 97 98 99
733 9 10 11 12 16 17 18 19 20 21 23 27 28 29 30 32 33 35 37 38 39 41 42 45 46 48 49 50 51 52 54 56 57 58 60 63 64 66 69 70 71 72 73 74 75 78 80 83 84 86 88 89 90 94 96 100
970 10 11 12 13 18 19 20 21 23 24 25 26 27 28 31 32 33 34 37 41 42 44 46 48 49 52 53 56 57 58 59 63 64 66 67 68 69 70 71 72 75 77 80 81 83 85 86 90 92 98 100
836 12 13 15 17 19 21 23 28 29 31 32 34 35 38 40 41 43 45 46 47 49 50 53 55 58 59 61 65 66 67 68 69 70 71 72 73 74 75 76 79 80 81 83 84 85 87 90 91 93 96 97 98 99 100
295 11 12 13 17 18 19 22 23 24 25 31 33 37 38 39 42 44 45 48 49 52 53 54 55 56 57 61 62 63 64 66 67 68 69 71 72 73 74 75 79 81 82 84 85 87 91 92 94 95 96 97 99 100
182 13 14 15 18 19 20 22 23 24 26 29 35 36 37 38 39 41 42 44 45 48 50 51 52 53 54 55 56 57 58 59 60 61 63 64 66 68 69 70 71 75 77 79 80 81 82 85 87 89 90 91 92 93 95 96 98 100
408 15 16 17 21 23 24 25 26 27 28 34 35 37 39 40 42 45 46 49 50 51 54 57 59 61 64 68 69 70 71 72 73 74 76 81 82 83 84 85 88 89 92 94 95 96 98 99
660 15 16 17 18 21 22 24 25 26 27 28 29 32 33 35 36 38 40 41 42 43 44 45 46 47 49 50 53 54 56 57 58 65 66 67 68 70 76 77 78 79 80 82 87 88 89 90 93 94 98 99
191 15 16 17 20 21 22 23 24 25 26 27 29 30 32 33 34 35 44 45 46 49 50 51 55 56 58 59 60 62 66 70 71 72 75 76 78 79 80 85 86 88 90 93 95 97 100
816 19 20 23 24 27 29 31 33 35 36 39 40 41 42 43 45 46 48 50 51 53 54 57 58 59 60 61 62 65 69 70 71 72 73 74 75 77 78 79 81 82 83 84 86 87 88 92 96 97 98 99
598 18 20 21 22 23 31 33 36 41 42 43 44 45 46 49 50 56 58 62 63 64 65 66 68 70 71 73 75 76 79 80 82 86 87 92 93 95 98 99 100
127 18 19 21 22 25 29 31 34 35 36 39 40 41 42 43 44 45 49 50 51 54 55 56 59 61 63 68 70 72 73 74 76 77 78 82 83 86 88 89 92 93 94 95 96 97 99 100
750 20 27 28 29 30 31 35 36 38 39 41 43 46 51 52 53 54 55 57 63 65 67 71 73 74 75 76 77 83 87 89 91 92 93 94 96 98 100
137 21 22 23 24 25 26 30 32 36 37 38 39 40 41 44 45 46 47 48 49 50 51 54 55 56 57 60 61 62 63 67 68 69 70 71 72 73 74 75 79 80 82 83 84 86 89 90 91 92 94 97 99 100
590 24 27 28 29 32 33 37 38 42 43 46 47 48 51 52 54 58 61 64 65 66 67 70 73 75 77 79 80 81 82 83 87 88 92 93 95 100
955 22 23 24 25 28 29 30 31 33 35 36 37 39 40 41 42 44 47 48 49 50 51 52 53 54 55 58 59 60 61 63 65 72 73 75 76 78 80 81 83 84 85 88 93 94 95 97 98 99 100
388 23 24 25 26 29 31 32 33 35 36 38 40 41 43 45 48 49 50 53 54 55 56 58 60 61 63 66 67 69 70 71 72 75 76 79 80 81 82 85 86 92 94 95 99
873 25 26 28 33 34 35 37 38 39 40 42 50 51 52 56 57 60 61 62 64 69 70 72 73 74 75 78 81 82 84 89 90 91 92 95 96 98
922 25 26 27 29 30 31 32 33 34 36 38 39 43 44 45 46 48 49 50 53 54 55 56 58 60 61 63 64 65 66 67 70 73 74 75 76 78 79 81 82 83 84 86 88 93 96
133 26 28 29 31 32 33 35 36 37 38 41 42 43 44 45 46 47 50 51 52 53 55 56 57 58 59 61 62 63 64 65 67 70 71 72 74 76 77 78 79 80 81 83 88 89 90 91 92 96 97 99
997 28 29 30 33 36 39 40 41 42 43 44 45 46 47 48 49 50 51 52 55 57 58 59 63 64 65 67 70 72 73 74 76 77 79 81 83 85 86 88 90 91 92 93 96 97 99
139 28 29 32 35 36 41 42 47 48 49 50 52 53 55 57 58 61 62 63 64 66 67 68 71 72 73 74 75 76 77 80 84 85 86 90 91 92 93 96 97 98 100
440 29 30 31 32 33 36 37 39 40 41 42 43 45 46 48 50 52 53 54 55 57 59 60 61 62 64 65 66 67 68 73 76 77 78 79 82 83 84 85 86 88 92 93 94 95 96 97 98 99 100
975 30 33 36 37 38 39 41 42 43 44 50 51 52 53 54 56 59 60 61 62 63 67 68 71 72 73 75 76 77 78 80 81 83 84 85 86 88 90 92 94 95 96 97 98 100
616 32 35 36 37 38 40 43 44 45 46 47 49 50 52 53 54 55 58 64 66 68 69 70 72 73 75 76 77 78 80 82 84 89 90 91 93 96 98 99
665 32 33 34 35 36 37 38 39 40 41 46 47 49 50 54 55 56 58 59 62 63 64 65 66 68 69 70 71 72 74 75 76 78 79 80 84 86 87 89 92 93 96 97 99
922 33 34 37 39 40 41 42 43 45 47 49 50 51 52 53 54 57 61 62 65 67 68 72 73 76 77 79 81 82 83 84 85 86 88 89 90 91 92 93 94 96 99 100
941 34 35 36 38 39 40 41 47 49 50 51 53 54 55 57 58 59 61 64 65 66 68 72 73 74 75 76 77 78 79 80 82 84 85 86 89 91 93 94 95 96 97 98 99
969 35 36 37 38 39 40 42 44 45 49 50 51 53 54 56 59 60 61 63 65 66 68 69 70 71 72 76 78 80 82 83 85 86 88 90 92 93 94 96 98 99 100
795 42 43 44 47 49 50 51 52 54 58 60 61 62 64 65 67 70 71 72 75 78 79 80 83 85 86 88 91 92 94 96 98
348 37 39 42 44 48 49 53 54 55 56 57 58 60 61 62 63 65 67 68 69 70 73 74 76 77 78 79 81 82 83 85 86 87 89 90 91 92 93 94 95 96 97 98 99 100
480 38 39 41 42 43 44 45 46 48 49 51 52 55 56 57 58 59 60 62 65 69 70 72 73 75 76 77 80 81 82 89 90 91 92 93 94 95 97 99
146 41 42 43 44 45 46 48 49 50 51 52 53 54 55 56 58 59 61 62 63 64 66 67 69 70 73 75 77 78 79 82 83 84 85 86 87 89 90 92 93 95 97 99 100
720 40 42 45 47 49 50 51 52 53 55 56 57 58 61 62 65 70 72 73 74 76 77 79 80 81 84 86 89 90 92 93 96 98 99 100
289 41 42 43 46 47 48 52 53 55 57 58 59 60 63 64 69 70 71 72 74 79 80 82 83 84 85 86 87 89 91 96 97 98 100
844 43 44 47 52 53 54 55 56 57 58 59 61 63 65 66 68 69 70 71 73 75 76 77 79 80 81 83 84 87 88 92 94 95 96 97 98 99
173 44 45 46 47 48 49 51 55 59 60 61 62 65 66 67 68 69 72 74 75 76 78 79 81 82 83 84 85 86 90 92 94 95 96 99 100
623 46 48 50 51 52 54 56 57 58 59 61 62 63 64 65 67 70 72 73 74 75 76 79 81 82 84 88 89 90 92 94 95 96 97 100
588 46 47 49 50 51 52 54 56 58 59 61 62 64 65 66 67 69 71 72 73 75 78 81 83 84 85 87 89 90 91 92 93 94 95 97 98
645 47 48 49 51 53 54 56 57 60 61 63 64 65 66 69 72 74 77 79 80 81 83 84 85 86 88 89 90 91 92 97 98 99 100
201 49 50 52 56 60 61 62 64 66 67 68 71 75 77 78 79 83 84 88 90 91 94 95 96 97 98 100
288 48 50 52 53 54 55 57 60 61 62 63 64 66 67 69 70 71 73 76 77 78 80 81 82 83 84 85 86 87 88 90 92 94 95 97 98
587 51 52 53 54 55 57 59 63 64 66 67 68 69 70 72 73 75 76 77 80 81 85 86 87 88 90 91 93 95 96 97 99
561 50 52 53 55 56 57 58 62 63 64 68 69 71 72 74 75 76 77 79 80 82 85 86 87 88 89 90 91 93 94 95 96 97 99
219 53 55 56 57 60 61 62 63 64 65 67 68 71 72 73 75 76 78 79 80 81 82 84 85 86 87 88 90 92 93 94 95 96 97 98
171 52 53 54 55 56 57 59 61 62 63 64 68 69 70 71 72 73 74 76 77 80 81 82 86 88 89 90 91 92 93 94 96 97 98 99 100
697 53 54 56 57 58 61 63 64 65 70 71 72 73 75 79 81 82 83 84 85 87 88 89 90 92 93 94 95 96 99 100
583 54 55 56 57 59 60 61 63 64 65 68 70 73 74 75 76 78 79 81 82 83 85 87 88 89 90 91 92 93 94 96 97 98 99 100
544 55 56 57 58 60 63 65 67 72 73 74 75 76 77 80 81 82 83 84 92 93 95 97 98 99
725 56 58 60 61 64 65 66 67 68 69 72 73 76 77 78 80 81 82 84 85 86 87 88 89 90 92 95 96 98 99 100
349 58 61 63 64 67 68 69 71 72 73 74 77 78 79 80 82 83 84 86 88 89 93 94 95 100
820 59 60 66 68 69 70 72 74 75 76 77 78 79 80 83 84 85 86 87 88 89 90 92 93 96 98 99
996 61 63 65 68 70 71 72 73 74 75 76 78 86 87 88 89 91 92 93 94 97 99
934 61 63 64 65 66 67 68 69 70 72 73 74 75 76 77 78 80 81 83 84 85 86 87 88 89 91 93 94 97 98 100
184 62 63 64 65 66 67 68 71 72 73 74 75 77 78 79 83 86 87 88 90 95 98 99 100
727 62 63 65 66 67 68 70 71 72 73 74 75 77 79 82 83 84 85 86 87 90 95 96 97 98 99 100
965 65 66 67 68 70 73 74 75 76 77 78 80 81 83 84 87 88 89 93 95 99 100
953 66 67 68 70 72 73 75 76 77 78 81 82 83 84 86 89 90 91 93 95 96 99 100
876 65 66 67 68 70 71 74 75 77 78 79 80 82 84 89 91 92 93 94 97 98 100
141 66 67 68 70 72 73 75 77 78 80 81 83 85 87 88 89 90 94 95 97
827 67 69 70 71 73 75 76 77 78 80 81 83 84 85 87 90 91 93 95 96 97 100
424 68 70 77 78 79 80 81 82 83 84 85 86 88 89 93 94 95 96 97 98 99 100
957 69 70 74 76 78 79 80 81 84 87 88 89 90 92 93 95 96 98 100
693 71 72 73 78 79 80 81 82 83 84 85 87 88 90 91 94 95 96 98
935 72 74 75 78 79 80 82 83 84 87 88 89 91 92 93 94 96 97 98
193 72 73 76 78 80 82 83 84 85 86 87 89 90 92 93 94 97 98 100
735 73 75 76 77 78 80 81 82 83 85 86 89 92 93 95 96 97 98 100
514 76 77 79 81 82 83 85 86 88 92 94 96 98 99 100
553 75 76 77 79 80 81 82 83 84 86 87 88 89 91 92 93 94 95 98 99
947 76 79 80 82 83 84 85 87 88 89 92 93 95 97 98
193 77 78 79 81 84 86 88 90 91 92 96 97 99 100
776 78 79 80 82 85 86 87 88 89 92 94 96 98 99
203 80 81 82 84 85 86 88 89 90 91 92 93 97 99 100
366 80 81 82 84 86 87 89 91 93 97 98 99 100
114 81 82 85 86 88 92 94 95 97 99 100
558 84 88 90 95 98 100
601 83 84 87 88 90 97 99 100
398 85 88 90 91 93 94 95 97 98 99 100
308 86 90 91 92 93 94 95 97 99
799 86 87 88 89 92 93 97 99 100
382 87 88 89 90 91 92 94 95 97 98 99
931 89 93 94 95 96 97 99 100
716 93 94 97 98 99 100
250 91 95 98 99 100
327 91 92 93 94 95 97 99 100
660 92 93 96 97 98 99 100
394 93 96 98 100
917 95 98 99 100
347 99
772 97 99 100
945 97 98
745 98 100
749 100
222
122
