100	5	1000	1
0	31	25
0	99	18
0	96	23
0	36	17
0	17	17
279 3 4 6 11 12 13 15 17 18 19 24 25 26 27 28 29 32 34 35 37 39 43 45 49 51 54 55 56 59 60 61 62 63 64 65 68 70 71 72 75 77 79 81 82 84 86 87 88 89 91 92 94 96 97
287 3 4 6 8 10 13 14 15 19 20 21 24 25 27 28 29 31 32 33 34 36 42 43 44 47 49 51 53 54 56 57 58 59 60 61 63 64 65 66 67 68 69 70 71 73 75 76 77 79 86 87 88 92 93 94 95 96 100
270 4 5 6 8 9 10 13 16 17 18 19 20 27 28 30 33 37 38 41 42 43 45 47 50 51 53 59 60 62 64 65 66 67 68 70 74 77 78 79 80 82 83 84 86 88 90 91 92 93 94 96 97 98 100
211 6 7 8 10 11 12 13 14 15 16 17 20 22 23 24 25 27 31 33 35 36 38 39 40 43 44 46 47 48 49 50 51 52 54 56 59 60 61 63 66 67 68 69 74 76 77 78 79 80 82 83 84 85 86 87 88 89 90 92 95 96 97 98 99
278 7 8 9 10 11 13 14 16 17 19 20 21 22 25 27 28 29 31 32 33 34 35 39 42 43 45 46 47 49 50 51 52 53 55 56 59 60 61 63 64 67 68 69 70 71 72 73 78 82 84 87 89 91 92 96 97 98 99 100
224 9 10 11 13 15 16 17 19 20 21 22 23 24 25 26 27 30 33 36 38 40 41 42 43 44 45 46 48 51 52 54 55 56 57 58 59 60 61 63 64 65 66 67 69 72 74 75 76 77 78 79 81 82 83 85 88 89 90 93 95 96 98 100
210 9 10 11 14 17 18 20 25 26 29 31 32 33 37 38 39 40 42 44 46 48 49 51 55 56 57 58 59 60 61 62 64 66 68 69 70 71 72 75 77 79 80 82 83 84 90 93 94 95 96 97 98 99
270 9 10 12 13 14 16 17 18 20 21 22 25 29 30 32 33 35 39 41 42 43 45 46 49 52 53 54 55 56 58 59 64 65 68 69 70 72 75 76 77 78 81 83 88 89 91 92 95 96 97 98
276 11 13 15 17 18 19 20 21 22 24 26 28 30 35 37 38 40 42 43 44 45 47 49 51 52 55 58 59 60 61 62 64 65 66 67 69 70 71 73 74 75 78 79 81 82 85 86 87 93 94 95 96 97 98 100
278 11 12 15 16 17 19 20 22 23 24 25 27 31 32 33 34 35 36 40 42 43 44 45 47 49 50 51 53 54 55 56 57 59 60 64 65 67 69 71 72 78 81 82 83 87 88 89 90 91 92 93 96 97 99 100
211 14 15 16 17 18 19 20 22 24 28 29 30 33 34 36 37 38 39 40 41 43 44 45 46 48 49 50 53 54 55 57 58 60 61 64 66 67 68 69 70 73 74 75 76 77 78 79 80 81 83 85 86 87 88 89 92 95 96 97 98
210 13 14 17 18 20 22 23 24 26 27 30 32 34 35 36 37 38 39 40 43 44 45 48 49 51 53 54 56 58 59 60 61 64 66 69 70 71 72 74 75 78 80 81 83 84 85 86 87 89 90 91 92 93 94 95 96 97 99
262 15 18 19 21 22 27 28 31 33 34 36 37 38 40 41 42 43 44 45 48 49 51 53 54 56 57 63 64 65 67 71 73 75 76 77 78 79 80 82 84 85 86 89 94 95 97 99
300 15 17 21 22 25 27 28 31 33 36 38 39 40 42 45 46 48 50 51 52 53 55 56 57 60 61 62 63 65 66 69 70 71 72 74 75 76 79 80 85 87 88 89 90 91 92 93 94 95 96 97 98 99 100
203 16 17 19 20 21 22 24 25 26 28 30 31 32 33 34 35 36 37 38 39 40 41 42 43 44 45 46 49 50 52 53 54 60 68 70 72 74 77 79 82 85 86 87 90 91 94 99 100
281 17 18 21 23 25 27 28 31 32 33 34 35 38 40 43 45 48 49 53 54 55 56 58 60 61 62 64 66 67 68 69 71 72 73 75 77 81 84 85 86 88 90 91 92 93 95 96 97 98 99
277 18 21 22 23 25 27 28 30 31 33 34 36 37 39 42 44 46 47 48 49 50 52 53 55 56 58 59 61 62 64 65 66 68 69 71 72 73 75 76 77 78 79 80 81 83 85 87 88 89 90 91 93 94 95 97 99
224 20 21 22 23 24 26 28 29 31 32 34 35 38 40 41 42 43 45 46 47 48 51 53 54 56 58 61 62 63 64 65 67 68 70 71 74 76 78 79 82 83 84 85 86 87 90 91 93 94 97 98 99
261 20 21 22 24 25 29 31 32 35 36 40 41 42 44 45 47 50 52 54 56 58 59 60 64 65 67 68 70 71 72 75 77 78 80 81 82 83 84 85 86 87 88 91 92 94 96 97 98 99
286 21 22 23 24 25 26 27 28 31 32 33 34 36 37 38 39 40 42 43 46 48 49 51 54 55 56 57 58 61 63 64 66 67 68 69 70 71 72 73 74 77 79 80 81 82 85 89 91 94 95 96 97 98 99
269 22 23 24 25 26 28 30 31 32 33 34 35 37 38 39 40 42 44 45 47 50 51 53 54 56 58 59 60 61 62 63 65 66 69 70 71 72 73 75 77 78 80 81 82 83 84 86 87 88 89 90 91 94 95 97
233 24 25 27 28 30 33 36 37 38 41 42 44 45 50 51 52 53 54 57 58 60 61 62 64 66 69 70 71 72 73 74 76 81 82 83 84 85 86 89 90 92 93 94 95 96
228 24 26 27 28 30 31 34 35 36 38 39 41 44 46 47 48 49 54 57 63 64 65 66 67 69 71 72 73 74 75 76 77 81 82 83 84 85 86 87 90 91 94 97 98 99 100
282 25 27 28 31 32 34 39 43 44 47 49 53 54 55 56 59 60 61 62 65 69 70 72 73 74 75 77 78 79 82 84 85 86 87 88 90 91 94 95 96 99 100
264 26 28 30 33 34 36 37 39 41 42 45 46 48 50 55 56 57 58 61 63 66 68 71 74 75 76 77 78 80 82 83 84 85 88 90 92 93 95 96 97 98
264 28 29 30 31 34 36 37 39 42 43 44 45 46 50 51 53 54 55 56 57 58 64 65 66 67 70 71 74 75 77 78 82 83 88 89 90 94 95 96 97
236 29 30 31 33 34 35 38 39 40 42 43 45 47 48 49 50 51 52 53 54 55 56 57 58 59 63 65 66 67 72 73 75 77 78 79 82 83 84 85 86 88 91 92 97
296 29 31 33 35 36 39 43 46 49 50 54 56 58 60 61 62 64 65 66 67 71 73 74 75 76 77 78 80 81 83 84 88 92 98
270 31 33 36 37 38 39 40 41 44 45 46 48 49 50 51 54 55 58 61 62 65 66 67 68 71 73 77 78 79 81 82 84 89 90 91 93 97 99 100
293 34 36 37 40 41 42 43 44 46 48 51 54 55 58 59 60 61 62 64 65 67 68 69 70 71 72 77 78 80 81 83 84 85 86 88 89 91 92 93 97 98 99
218 33 35 36 37 38 39 40 41 44 45 46 47 48 49 51 52 55 57 58 61 62 64 68 69 70 71 72 73 75 76 78 79 82 84 85 86 87 89 92 93 95 97 98 99 100
277 33 36 37 38 40 41 42 43 44 47 53 54 55 56 58 59 60 61 62 63 65 67 68 69 71 72 73 74 75 76 78 79 80 82 86 88 89 90 93 94 100
223 38 39 40 42 43 44 45 48 49 50 51 52 53 55 56 58 59 62 63 64 65 68 69 72 74 75 77 78 82 85 86 89 91 92 94 95 96 97 98 99
219 37 38 40 41 42 44 46 47 48 49 52 53 54 56 57 58 62 64 65 66 68 70 73 74 76 77 79 83 85 86 88 90 91 92 94 95 96 98 99
286 36 38 39 40 41 42 45 49 51 52 55 58 59 61 62 63 64 67 72 73 74 76 77 78 80 81 84 85 86 87 88 91 92 93 95 97 99 100
202 37 38 40 41 43 45 50 54 55 56 57 58 63 64 65 66 67 69 71 72 73 77 79 80 82 83 84 87 88 91 92 93 95 96 99
247 38 40 42 43 46 47 50 52 53 58 60 62 63 64 65 66 68 69 71 73 75 76 77 80 82 83 84 85 88 90 93 96 100
242 41 45 46 48 50 51 52 53 54 56 57 60 61 62 63 64 65 66 71 73 76 77 81 82 83 84 85 86 89 90 92 94 97 98
289 40 41 42 43 44 45 46 48 49 51 52 54 55 56 57 58 59 60 64 66 67 68 69 71 72 73 75 77 79 80 81 82 84 85 87 90 91 92 93 94 96 97 98 99 100
205 41 42 43 44 46 47 49 51 52 53 54 56 57 59 60 62 65 66 68 69 71 72 73 75 77 81 82 84 85 86 87 90 91 92 93 94 96 97 100
277 42 43 45 47 48 51 53 54 55 56 59 60 63 64 67 68 70 73 74 75 78 80 81 82 83 84 86 88 89 96 97 98
291 43 44 46 49 50 52 53 54 55 58 59 61 62 63 64 65 68 69 72 73 78 81 84 85 86 87 89 91 92 93 94 95 96 97 98 99 100
293 44 45 46 48 49 51 53 55 56 57 58 59 60 62 63 65 67 69 72 74 75 76 77 78 79 80 81 84 85 87 88 89 90 91 94 95 96 97 98 99 100
265 45 46 49 51 52 58 64 65 66 67 68 71 72 74 75 76 78 79 80 81 82 86 87 88 89 90 94 99 100
261 51 53 59 61 65 66 67 68 69 71 74 75 77 78 81 82 83 85 87 88 89 90 91 93 94 96 97 98 99 100
274 48 49 50 51 52 54 55 57 59 63 64 66 68 69 71 72 73 74 75 76 77 82 84 85 88 90 92 93 94 95 97 98 100
268 49 50 51 52 53 57 58 61 63 64 65 66 67 68 69 70 71 73 75 76 78 80 81 83 84 85 86 87 88 89 93 94 96 97 98
212 50 53 54 57 59 61 62 63 64 66 67 69 70 73 74 75 76 77 78 80 81 84 86 90 92 94 95 96
260 51 53 54 56 57 59 60 61 63 64 67 68 69 70 73 75 76 78 79 83 84 86 87 88 90 92 94 96 98 99 100
255 51 52 54 55 57 59 61 62 66 67 68 69 70 71 72 73 75 76 79 80 82 83 86 88 89 93 96 98 99
278 52 53 54 55 56 57 58 59 60 61 62 63 64 65 67 69 70 74 76 78 80 81 82 83 84 87 88 89 90 92 93 94 99 100
290 55 57 60 61 62 63 65 67 69 70 71 72 73 77 78 79 80 82 84 86 87 89 90 93 94 95 96 97 98 100
265 55 56 57 58 59 60 61 62 63 64 66 67 68 69 71 72 73 74 77 78 80 81 82 83 85 87 90 91 92 93 96 98 100
270 55 57 59 60 62 63 64 66 67 68 70 72 74 76 78 79 80 81 83 84 85 89 90 91 92 94 97 98 99
290 56 57 59 64 65 67 69 70 71 73 75 76 77 78 80 81 84 85 86 89 91 92 93 94 96 97 98 100
269 58 60 61 63 65 66 68 70 71 73 75 76 77 80 81 82 83 84 85 86 87 88 89 90 94 96 100
256 59 60 61 62 67 68 70 71 74 76 77 78 79 80 83 87 89 90 92 94 95 96 98 99 100
223 62 64 68 69 72 73 74 75 76 77 78 79 82 84 86 87 88 89 90 91 92 93 94 95 97 98 99 100
260 61 64 65 66 67 68 69 70 71 73 74 75 76 77 78 80 84 85 86 89 90 92 93 94 95 98
210 63 64 66 67 71 72 73 74 75 78 80 81 82 83 85 91 93 95 100
278 64 65 67 70 71 72 74 76 78 79 82 86 87 88 89 90 91 92 94 95 98 99 100
224 63 65 66 69 70 71 73 74 75 76 77 78 79 81 84 85 86 88 90 91 92 93 97 98 100
214 65 67 69 70 72 77 79 80 82 83 84 86 87 88 90 92 94 95 96 97 98 100
214 65 66 67 68 69 70 72 73 75 76 78 80 83 84 85 87 88 89 90 92 93 94 95 96 97 98 99 100
244 66 67 68 72 74 76 77 81 82 83 84 86 88 89 91 93 95 96 97 98 99 100
245 68 69 70 71 72 73 74 79 80 81 82 83 87 88 90 91 92 93 96 97 100
297 68 69 70 71 72 73 74 75 76 78 79 80 81 82 83 84 85 87 90 92 93 96 98
205 70 73 74 75 76 77 78 79 80 82 83 85 87 89 91 92 94 99 100
251 71 72 74 75 76 78 79 82 84 86 87 88 89 91 93 97 98 100
256 73 75 77 78 79 80 81 83 87 89 91 92 93 94 95 96 98 99
290 72 74 77 78 81 82 83 84 85 87 90 91 94 95 96 97
242 73 75 77 78 80 83 84 86 87 88 91 92 94 95 98 99 100
213 74 75 77 78 79 81 82 84 87 90 91 93 96 99 100
240 75 76 78 81 82 83 85 86 88 91 95 96 98 100
290 76 83 86 88 89 90 92 93 94 95 97 98 99 100
263 77 80 81 83 85 86 87 89 90 91 92 94 95 96 98 99 100
207 78 79 80 85 88 89 91 92 93 94 95 96 97 98 99
211 80 83 85 86 87 88 89 90 92 93 94 96 97 98 99 100
279 81 82 90 93 96 97 99 100
223 81 82 83 85 87 89 90 93 95 96 97 98 100
205 83 84 85 86 87 90 93 96 97 98 99 100
225 83 84 85 88 89 93 95 96
272 85 87 89 94 95 96 97 98 99
218 85 86 87 88 89 90 95 98 99
212 94 95 96 97 98 99 100
233 88 89 90 92 93 94 95 96 97 98 99
228 88 89 91 92 94 95 97 98 100
257 89 91 95 96 97 98 99 100
275 90 96 98 99 100
230 91 92 94 95 97 98 99
287 92 95 96 98 99
235 94 95 96 97 98 99 100
230 96 99 100
253 95 97 98 99
235 97 98
280 99 100
281 98
277 100
215 100
212
