25	5	1000	1
0	163	5
0	142	4
0	131	8
0	193	5
0	141	3
129 6 11 12 13 14 15 17 18 20 21 22 24
137 3 4 6 7 15 19 20 21 22 23 25
120 4 5 7 8 9 11 12 15 16 17 18 19 21 25
61 6 8 9 10 11 12 13 18 20 22 23
128 6 7 10 13 14 15 16 17 18 19 21 25
114 7 8 9 10 12 14 16 17 18 19 22 23 24 25
86 8 9 12 13 15 18 21 22 25
146 9 11 12 14 16 18 20 21 22 23 24 25
120 10 13 15 16 17 18 19 21 25
115 11 12 13 14 15 16 19 22 24 25
111 12 14 15 17 18 21 22 24
124 13 14 15 17 20 21 22 24 25
118 14 15 16 17 18 19 21 22 23 25
62 16 17 18 20 21 22 23 25
110 16 17 18 21 22 23 24
105 18 19 21 22 23 24 25
128 18 19 22 25
147 20 22 25
55 23 24
101 21 23 25
106 22 24
140 24
68
62
83
