50	5	1000	1
0	99	13
0	79	6
0	97	13
0	60	8
0	100	10
43 2 4 6 7 9 12 13 14 15 16 17 18 20 24 25 26 27 28 30 31 33 34 35 45 47 49
89 3 4 5 7 8 10 11 12 13 14 15 20 21 23 24 26 27 29 32 34 35 38 39 40 41 43 44 45 47 48 50
97 6 9 11 14 16 25 26 28 29 30 32 33 36 37 40 41 43 44 46 47 49 50
80 6 9 10 11 12 13 14 17 18 20 21 22 23 24 25 29 31 32 34 35 36 37 38 39 41 43 44 45 46 47 49
21 6 10 11 17 18 19 21 22 23 25 26 27 28 30 31 33 34 37 38 39 40 41 42 43 44 45 48 50
88 8 10 13 14 15 18 19 20 21 22 23 24 26 27 28 32 33 34 35 38 39 41 43 44 47 49
34 10 12 13 15 18 19 20 21 22 24 25 26 27 29 30 31 32 33 34 36 37 39 40 41 42 43 45 47 48 50
20 10 11 13 17 18 20 23 25 27 28 29 30 31 33 35 36 37 38 40 41 43 45 47 49
80 13 14 15 16 19 21 22 24 25 27 32 35 36 38 39 40 41 43 44 45 47 48 49 50
86 11 14 17 19 20 21 22 23 24 25 27 30 31 34 36 37 38 39 40 41 44 45 46 47 48 49
88 12 13 14 15 17 18 19 20 22 23 24 26 27 29 30 31 33 34 35 36 37 41 42 43 44 45 50
21 14 15 16 18 21 22 25 29 30 31 32 34 35 37 38 39 43 44 45 46 47 48 50
20 15 16 17 18 19 21 22 24 26 27 29 32 33 34 39 40 41 42 43 44 45 47 48 49 50
80 15 16 19 20 22 23 24 26 28 29 30 31 32 33 34 35 36 37 41 43 45 46 48 49 50
51 16 17 20 21 22 23 24 25 26 27 32 33 37 38 39 41 42 44 45 46 48 50
28 18 19 20 21 22 23 24 26 27 28 31 32 33 34 36 37 38 41 42 44 45 49
87 19 20 23 25 26 28 33 35 39 41 42 45 49 50
33 19 20 22 23 24 26 29 31 32 33 35 38 41 42 43 45 47 48 50
29 20 22 25 28 29 30 32 33 35 37 38 39 41 43 45 47 48 50
27 21 22 23 24 27 31 32 33 36 38 40 41 42 43 44 47 48 49 50
78 22 24 25 27 29 31 32 33 34 35 36 38 40 41 42 46 47 48 49 50
22 25 27 28 30 32 33 35 36 37 38 39 46 48
70 24 27 28 31 33 36 38 43 46 47 48 49 50
65 27 30 31 32 34 37 41 42 43 45 48
88 26 27 28 29 31 36 37 38 39 43 44 46 47 49 50
75 27 30 31 34 37 38 40 41 42 43 44 45 46 47 50
80 30 31 33 34 36 38 39 41 42 43 45 46 48 50
100 30 31 32 36 40 42 43 44 45 46 47 48 49 50
79 31 32 33 34 35 36 37 38 40 41 44 47 50
66 31 33 34 36 37 38 40 41 42 43 44 45 46
33 33 34 35 39 40 41 42 43 44 45 46 48 50
70 33 34 38 39 40 41 45 49 50
63 34 35 36 40 41 42 43 45 46 47 48 50
48 36 37 38 39 40 41 44 45 47 50
55 36 38 40 41 42 43 44 46 47 50
66 37 38 41 42 45 47 48 50
100 38 40 41 42 43 45 48 49
52 40 42 43 45 46 48
23 40 43 44 45 46 47 49
50 44 46 47 49 50
72 43 45 46 47 49
37 43 44 46 48 50
27 44 45 46 47 48 49 50
28 46 48 49 50
22 46 47 48 49 50
43 48 49
38 48 49 50
67 49
85
40
