75	10	10000	1
0	1332	4
0	1627	8
0	1118	7
0	1498	6
0	1601	8
0	1645	8
0	1343	7
0	1865	6
0	1194	12
0	1248	9
1324 2 3 5 8 10 11 14 15 16 18 19 20 25 29 30 31 32 33 34 35 39 41 42 43 45 47 50 51 52 56 58 59 61 62 63 64 65 66 67 68 69 72 73 74 75
595 3 4 6 7 12 13 16 18 22 25 26 27 28 29 31 33 35 38 41 44 46 47 48 50 51 52 53 54 56 58 61 62 63 64 65 67 68 69 71 73 74 75
1126 4 5 6 7 8 9 14 15 16 17 18 22 24 25 26 27 30 31 33 34 36 37 38 39 40 41 42 47 49 50 56 57 58 59 61 65 66 68 70 71 72 73 74
1362 5 6 7 11 13 18 23 24 31 32 35 36 39 41 43 44 46 47 49 50 53 54 56 57 58 61 65 70
1133 6 7 8 9 10 11 14 15 17 18 19 22 24 28 29 33 35 38 39 40 41 43 44 45 46 47 50 52 54 56 60 63 64 65 66 68 69 71 74 75
1247 7 8 9 10 11 14 16 17 18 19 20 22 28 29 32 33 35 37 38 42 46 48 49 50 51 54 55 57 58 59 62 63 65 68 69 70 71 72 73 74 75
1420 8 9 12 13 15 16 18 21 22 23 24 26 27 28 31 33 36 37 39 40 41 43 47 48 52 53 56 58 60 61 63 65 66 68 73 74 75
695 11 12 13 16 19 21 22 25 26 28 29 31 34 36 38 40 41 42 44 46 47 48 49 51 52 53 56 57 58 60 62 63 64 65 66 67 68 69 70 71 72 74
582 10 11 14 16 17 19 20 21 22 23 24 27 28 30 31 32 33 35 36 38 39 40 42 44 46 48 51 53 54 56 58 59 60 63 64 65 69 70 71 74
1060 12 13 14 15 17 21 22 24 26 32 37 44 45 47 49 50 51 53 54 55 56 57 58 60 61 62 64 65 67 69 70 71 72 73 74
591 15 18 19 20 21 22 23 26 27 28 29 30 31 34 35 36 37 40 42 43 45 46 48 50 51 53 54 56 58 59 61 62 63 64 65 66 68 69 70 72 73
1419 13 16 17 20 21 22 23 24 26 27 28 29 31 32 36 37 39 40 42 46 47 48 49 52 54 55 57 58 59 62 63 64 65 66 67 69 70 71 73 75
788 14 15 16 17 19 22 25 26 28 30 31 32 33 35 36 37 38 39 41 42 43 46 48 50 51 52 53 54 58 59 61 62 65 66 67 68 74
1273 15 19 20 22 24 25 26 27 28 29 31 32 33 34 35 36 37 39 40 42 44 46 48 49 52 53 54 55 56 57 59 60 61 63 67 68 69 72 73 74 75
817 18 20 21 26 27 28 29 33 36 37 38 39 41 42 43 45 47 48 50 51 52 53 56 57 58 61 62 66 68 69 70 71 72 73 75
1322 17 20 22 26 28 29 30 31 32 34 36 39 40 41 45 46 48 52 53 54 56 57 59 61 62 64 65 66 71 75
533 18 19 20 21 22 23 28 29 30 31 32 33 34 35 37 38 40 41 43 44 45 46 47 48 50 51 52 53 54 57 58 59 60 62 63 65 66 68 70 72 73 74 75
1397 25 26 27 30 31 32 36 37 40 41 42 43 44 47 48 50 51 52 54 55 56 58 59 62 64 65 66 67 68 69 70 71 72 74 75
1445 20 21 24 26 27 30 31 33 34 35 36 38 39 40 42 43 44 45 46 47 48 50 51 53 57 58 60 61 62 64 65 66 67 69 70 71 73 74 75
1016 21 22 26 27 28 30 38 39 40 43 44 46 47 50 51 52 54 55 56 57 59 60 61 62 67 69 70 71 73 74 75
1489 22 24 26 28 29 30 31 32 33 35 37 38 43 44 45 46 47 48 53 54 55 58 59 60 62 64 65 66 67 69 70 71 72 75
1322 23 24 25 28 29 30 32 35 36 38 39 40 41 42 43 44 45 46 48 51 52 53 59 60 61 62 63 64 67 71 72 73 74
1341 28 29 30 32 33 34 36 37 38 39 40 41 47 49 55 59 62 65 67 68 69 70 72 73
1369 27 29 31 34 36 37 38 40 43 44 45 46 48 49 51 52 53 55 57 59 60 62 65 67 68 69 72 73 75
1416 26 27 29 31 33 36 37 38 39 40 41 42 44 45 46 47 48 49 50 51 52 53 54 55 58 59 60 61 62 63 65 66 69 70 71 73 74
1488 29 30 31 32 34 37 39 41 46 48 49 50 53 54 55 59 61 62 64 65 66 67 70 74
1491 29 30 33 34 35 38 40 41 43 45 46 49 53 54 55 56 62 63 65 67 70 71 73 75
1431 29 30 31 33 34 39 42 47 48 50 51 52 53 54 55 57 60 65 66 67 69 70 71 72
1064 30 31 33 34 36 39 40 42 43 48 49 55 57 58 62 63 65 66 67 68 71 72 73 75
1223 31 32 33 34 35 36 37 38 39 40 43 44 45 46 47 48 50 53 54 55 56 57 58 59 61 62 64 69 70 72 74 75
688 32 35 37 39 42 43 44 45 47 48 51 52 53 54 55 59 61 62 63 64 65 66 67 68 71 73 74
987 33 35 37 38 39 41 44 45 50 52 55 56 57 58 60 62 64 66 67 71 73 74 75
961 35 38 39 40 44 45 47 49 50 51 52 55 56 57 59 61 62 66 67 68 69 70
983 35 36 39 40 41 42 48 50 51 52 53 54 55 57 58 61 62 64 65 66 67 74 75
944 36 38 39 42 44 46 48 50 53 54 56 58 59 61 62 64 67 68 72
1125 38 42 43 44 45 46 49 51 52 53 55 58 62 64 66 67 68 70
749 38 39 40 42 45 47 49 50 52 54 55 57 58 59 62 65 66 69 70 72 73 74 75
1220 39 40 41 43 44 45 46 47 48 50 51 54 60 61 65 70 71 73 74 75
1396 40 41 44 45 49 52 53 54 57 58 62 63 64 65 69 73 74
1334 41 44 45 46 49 52 53 54 59 61 66 69 73 74 75
584 42 43 44 45 46 47 50 52 54 55 56 58 60 62 63 69 70 73
1276 44 45 48 51 52 54 56 57 58 59 64 65 66 67 68 69 70 73 74
541 44 47 48 49 50 53 55 56 60 61 62 63 65 68 69 71 72
1440 45 46 47 50 51 52 53 55 56 58 59 61 62 64 65 67 68 71 72 73 74
1227 46 47 52 55 57 59 60 62 64 65 66 68 69 70 71 73 74
824 48 50 51 57 60 61 62 65 66 68 70 71 72 73
1357 49 51 52 53 54 58 60 61 63 64 66 67 69 70 72 74 75
1093 49 50 52 53 54 55 59 60 62 66 67 68 70 73
866 51 53 54 57 58 59 60 63 64 66 69 70 71 72 73 74 75
1386 51 53 54 55 57 59 60 64 66 68 69 72 73 75
1347 52 55 56 57 59 61 62 64 65 68 69 72 73 74 75
611 54 56 59 63 64 65 66 67 69 70 71 72 73
593 54 55 56 57 59 61 62 63 64 66 71 72 75
1176 55 58 63 64 65 67 69 72 73 74 75
997 59 60 61 62 64 68 69 70 71 72 73 74 75
1222 57 61 65 67 69 73 74 75
603 59 62 64 66 67 68 72 75
988 59 61 64 65 66 67 68 69 73 74 75
766 60 68 69 75
1437 61 62 65 66 68 69 70 71 72 73 75
958 63 64 65 66 67 69 70 71 74 75
1455 63 64 65 67 68 69 71 72 74 75
708 65 66 72 73 74
1199 65 66 67 69 71 73 75
782 66 68 70 72 73 74 75
1331 67 69 70 71 74
1413 68 69 71 74
1423 69 71 73 75
727 70 71 72 75
1060 71 72 73 75
794 72 74
1317 75
747 75
1172
1345
