50	5	200	10
-4	20	8
-4	15	12
-1	20	10
-3	10	8
-5	16	12
42 2 3 4 5 6 9 10 13 15 18 19 22 23 25 27 28 31 33 34 36 37 38 40 42 44 47 48 49
57 3 4 6 7 9 11 12 13 14 16 17 18 20 22 23 25 26 27 28 29 30 31 32 33 34 37 39 41 42 43 45 49 50
42 6 7 9 10 11 12 14 15 16 21 22 24 25 27 31 32 33 34 36 38 42 46 49
59 5 6 8 9 12 13 15 16 17 18 19 20 22 23 29 32 35 37 40 41 42 44 45 46 47 48 49
46 6 7 8 10 12 15 17 18 19 21 25 27 30 33 34 36 37 38 39 41 42 44 47 49 50
42 7 10 12 13 16 17 19 20 21 22 24 25 26 27 28 29 31 33 37 39 40 41 47 49 50
44 8 9 12 13 14 15 16 20 21 22 24 25 26 28 30 32 37 39 41 42 44 45 46 49 50
57 9 10 14 16 19 20 23 25 26 27 29 30 31 32 33 34 36 37 38 39 41 43 44 45 47 49 50
56 10 11 12 13 14 16 17 18 19 22 23 25 26 27 28 29 30 32 33 34 35 36 37 38 39 41 42 43 44 46 47 48
49 11 13 14 16 17 18 20 22 23 24 26 27 28 29 30 33 35 37 38 40 41 42 43 46 48 50
43 13 14 15 16 17 19 22 23 24 26 28 30 31 33 34 35 37 41 43 45 47 48 49 50
49 13 14 15 17 18 20 21 22 23 24 25 26 27 29 30 32 33 34 37 38 41 43 44 45 47 48 49 50
57 14 16 18 19 21 25 26 27 30 33 34 35 36 39 40 44 45 46 48 49 50
50 15 16 17 19 20 22 26 27 28 29 30 31 32 35 37 38 41 42 43 44 45 49
44 19 20 21 22 23 24 25 26 28 30 31 32 35 37 38 42 44 45 46 50
49 17 18 19 23 27 29 30 35 36 37 38 42 43 47 50
46 20 21 23 24 25 27 29 30 31 35 37 38 40 41 44 45 49 50
41 21 22 24 25 26 29 30 32 35 37 38 39 40 41 42 43 44 47 48 49 50
41 20 24 25 26 28 31 32 33 34 35 36 42 43 45 46 48
46 22 25 26 27 28 30 31 33 34 35 36 37 38 41 42 43 44 45 47 48 50
55 22 23 24 25 26 28 29 30 32 33 34 36 37 40 43 48 50
58 23 25 29 30 31 32 33 35 36 37 40 41 42 43 44 45 46 47 49 50
55 24 25 26 28 29 30 31 32 35 36 40 42 43 45 46 48 50
53 27 28 31 33 36 39 40 43 44 46 47
59 28 29 31 33 34 35 36 38 39 40 41 45 46 47 48
56 28 31 33 34 36 37 38 39 41 43 44 45 46 48 49
57 28 29 33 34 35 37 41 42 44 45 46 48 49
43 29 30 32 33 34 39 40 44 46 47 49
58 30 31 33 35 36 41 42 44 47 48 49
56 31 32 33 34 35 36 39 40 41 43 44 45 47 50
52 34 37 38 41 42 43 44 45 47 49
54 33 34 40 41 42 43 46 50
60 34 35 36 38 39 40 41 42 43 44 45 46 50
50 36 37 41 43 44 45 46 48 50
43 36 39 40 41 42 43 46 47 48 49
42 37 45 47 48 49
42 40 41 42 43 44 46 47 48
56 45 46 47 48 49
48 44 46 47 49 50
59 42 43 45 46 47 48 49
43 42 43 46 47 48 49 50
48 43 45 46 47 49 50
47 46 47 48 50
54 47 48 49
50 46
46 48 50
57 48 50
49
52
48
