50	5	200	10
-4	30	9
-4	33	12
-1	24	9
-3	7	8
-5	22	12
12 2 3 4 5 7 8 10 12 13 14 15 17 18 20 21 22 24 25 26 28 29 30 31 33 34 35 37 39 41 42 43 45 47 50
13 6 7 9 11 12 14 17 18 19 21 22 24 25 26 27 28 31 33 35 38 39 42 45 46 47 48
14 5 6 8 10 11 12 13 16 19 20 26 28 29 33 34 36 37 43 44 45 46 47 49
17 6 8 9 10 11 12 13 15 16 17 18 19 20 21 22 23 24 25 26 27 28 30 34 36 42 44
12 6 8 12 16 17 18 20 21 22 25 28 29 32 34 37 38 41 42 44 45 46 47 48 49
11 7 8 10 11 12 14 18 20 21 22 23 26 29 31 33 36 37 39 40 46 47 48 49 50
19 8 12 13 15 16 17 19 20 22 23 24 26 27 29 30 31 32 33 36 40 41 42 44 46 49
6 10 11 12 13 14 15 17 18 20 22 25 26 28 30 31 32 33 37 38 39 40 41 46 47 48 49
19 12 14 15 16 17 18 21 28 29 32 34 35 36 37 42 43 45 46 47 48 49 50
18 11 12 14 16 20 21 22 23 24 25 27 28 31 32 34 35 39 41 42 44 48 50
11 14 18 19 20 21 22 24 26 29 32 34 38 40 41 43 44 45 46 48 49 50
5 13 14 15 18 19 20 21 22 23 27 28 31 33 34 35 36 39 43 44 46 47 48 50
20 14 16 19 20 23 24 25 26 30 33 36 37 38 39 40 42 45 46 47 49 50
9 15 16 17 18 20 21 22 24 25 28 29 30 32 33 34 35 36 37 38 39 40 41 42 43 44 46 47 50
19 16 17 19 20 21 23 25 26 27 29 30 32 34 35 38 39 40 43 44 46 47 48 49
19 17 21 22 23 25 27 28 29 31 32 33 34 35 36 40 42 44 46 49 50
11 18 19 21 22 23 24 25 27 29 30 31 32 33 34 35 36 37 38 39 40 41 42 44 45 47 48 50
8 21 22 23 26 27 31 32 34 35 36 38 39 41 42 43 45 47 49 50
3 22 23 24 25 27 28 29 31 32 33 36 37 38 39 40 41 43 46 47 48 50
3 25 26 29 30 33 37 38 39 40 41 44 46 48 49 50
8 23 24 26 27 28 29 31 32 35 36 39 41 46 47 48 49 50
17 25 27 30 31 33 34 36 37 38 40 41 42 45 46 48 50
20 27 28 29 31 32 33 34 35 38 43 44 46 47 48 50
5 26 27 28 30 31 32 34 36 37 40 41 43 44 47 49
3 26 28 29 32 33 34 35 36 37 38 39 40 41 43 44 45 46 47 48
9 28 29 31 33 35 37 38 39 40 41 42 43 44 46 48 49 50
4 29 30 31 35 38 39 45 46 47 48 49 50
19 29 30 31 34 35 40 41 43 44 47 48 50
20 31 33 34 35 38 40 42 48 49
18 31 32 33 34 35 38 39 40 41 44 47 49 50
14 32 34 35 36 37 38 41 42 43 44 45 47
19 33 34 35 37 38 41 43 44 45 47 49 50
12 36 37 39 41 43 45 47 48 49 50
18 39 40 41 42 46 47 48
4 36 37 38 40 41 46 48 49 50
4 37 40 41 42 43 44 47 48 49
4 39 40 41 42 44 45 46
18 39 40 41 42 44 45 46 49
10 40 41 42 43 44 45 49 50
6 41 42 43 46 47 48 49 50
8 42 45 49 50
17 47 48
2 46 47 48
17 45 47 48 49 50
11 47 48
11 47 48 49 50
14 50
10 49 50
15 50
10
