25	5	200	10
-4	27	5
-4	24	6
-1	37	5
-3	34	4
-5	22	5
12 2 3 4 5 6 8 9 11 12 13 18
27 3 6 8 9 10 11 13 15 16 17 20 22 24 25
12 4 6 8 9 10 11 12 16 17 19 20 22 23 24 25
29 8 9 11 12 14 16 17 19 20 21 23 25
16 6 7 9 14 17 24 25
26 7 8 9 10 13 16 17 18 19 20 22 24 25
19 10 11 12 13 14 15 17 18 21 23 24 25
13 10 11 13 14 15 17 18 19 21 22 24 25
19 10 11 14 15 16 17 18 19 20 21 24
27 13 14 17 18 20 21 22 24 25
20 13 14 16 18 19 22 23 24 25
25 14 17 21 22 23
28 16 18 22 23 25
25 15 16 18 19 20 21 24 25
23 16 17 19 20 21 22 23
29 19 22 23 24
22 19 22 23
24 19 20 21 22 23 24 25
30 20 21 22 24 25
20 21 22 23
18 22 24 25
29 24
13 24 25
18
17
