200	10	200	10
-2	29	23
-1	27	16
-2	30	14
-4	23	21
-1	37	25
-3	39	20
-5	38	25
-1	39	16
-1	22	20
-1	27	20
25 2 6 7 8 9 10 11 12 13 14 15 16 17 19 20 21 22 23 26 27 28 29 30 31 32 33 34 35 36 39 40 43 44 45 46 47 48 49 50 51 52 54 55 57 58 59 60 61 62 63 64 65 66 67 68 69 70 71 72 73 74 75 76 77 78 79 80 81 82 83 84 85 87 88 89 90 91 92 94 95 96 97 98 99 100 102 103 104 105 106 107 108 109 110 111 112 113 114 115 116 117 119 120 121 122 123 124 125 126 128 129 130 131 132 134 135 136 137 138 139 140 141 142 144 145 146 147 149 150 151 152 153 154 155 156 157 158 159 160 162 163 164 165 166 167 168 169 170 171 172 174 175 176 177 178 179 180 181 182 183 184 187 188 189 190 191 193 194 195 196 197 198 199 200
29 3 4 5 6 7 8 10 11 12 13 14 16 17 18 19 20 21 22 23 24 25 27 28 30 31 32 33 34 35 36 37 38 39 40 41 44 45 46 47 48 49 50 51 52 53 55 56 57 58 60 61 63 64 65 66 67 68 69 70 71 72 73 74 75 76 77 78 79 80 81 83 85 87 88 89 91 92 93 94 95 96 97 98 100 101 102 103 105 106 107 108 109 110 111 113 114 115 116 117 118 119 120 121 122 123 124 125 127 128 129 130 131 132 133 134 136 137 139 140 141 142 144 145 148 149 150 152 153 154 155 156 157 158 159 160 161 162 163 164 165 166 167 169 170 171 172 173 174 175 178 179 180 181 182 183 184 185 187 189 190 191 192 193 194 195 196 197 198 199 200
10 4 5 6 7 8 9 10 11 13 14 15 17 18 19 20 21 22 24 25 26 27 28 29 30 31 32 33 34 35 36 37 38 39 40 41 42 43 44 45 46 48 49 50 51 53 54 55 56 58 59 60 61 62 64 65 66 68 69 70 71 72 73 74 75 76 77 78 79 80 81 82 83 84 86 87 88 89 90 91 92 93 94 95 96 97 98 99 100 101 102 103 104 106 107 108 109 110 111 112 113 114 115 116 117 118 119 120 121 123 124 125 126 128 129 130 131 132 133 134 135 136 137 138 139 140 143 144 145 146 147 148 149 150 151 152 153 154 155 156 157 158 160 161 162 164 165 166 167 168 169 171 172 174 175 176 177 178 179 180 181 182 183 184 185 186 188 189 190 191 192 193 194 195 196 197 198 199
28 5 6 7 8 9 10 11 12 13 14 16 18 19 20 21 22 23 24 25 26 28 29 30 31 32 33 34 35 36 37 38 42 43 44 45 46 47 48 49 51 52 53 54 56 58 59 60 61 62 64 65 66 67 68 69 70 71 72 74 75 76 77 78 79 80 81 82 83 85 86 87 88 89 90 91 93 94 95 96 97 98 99 100 101 102 104 105 106 107 109 110 112 113 114 115 116 117 118 119 120 121 122 123 124 125 126 127 128 129 130 131 133 134 135 136 137 138 139 140 141 142 143 144 145 146 147 148 149 150 151 152 153 154 155 156 158 159 160 161 162 163 164 165 166 167 168 169 170 171 172 173 174 175 177 178 179 180 181 182 183 184 185 186 188 189 190 191 192 193 195 196 197 198 199 200
25 6 7 9 10 12 13 14 15 16 18 19 20 21 22 23 27 28 29 30 31 32 33 34 36 37 38 39 40 41 43 44 45 46 47 48 49 51 52 53 54 57 58 59 60 61 62 63 64 65 66 67 68 70 71 72 73 74 75 76 77 78 80 81 82 83 84 85 86 88 89 90 92 93 94 95 96 97 98 99 100 101 102 103 104 105 106 107 108 109 110 111 112 113 114 115 116 117 118 119 120 121 122 123 125 126 127 128 130 132 133 134 135 136 137 138 139 140 141 142 143 144 145 146 147 148 150 151 152 153 154 155 156 157 158 159 160 161 162 163 164 165 166 167 168 169 170 171 172 173 174 175 176 177 178 179 180 181 182 183 184 185 186 187 188 189 190 192 193 194 195 196 197 198 199
25 7 8 9 10 11 13 14 15 16 17 18 19 20 21 22 25 26 27 28 29 30 31 32 33 34 35 36 37 38 39 40 41 42 43 44 45 46 47 48 49 50 51 52 54 55 56 57 58 59 60 61 62 63 64 65 66 67 68 70 71 72 73 74 75 76 77 78 79 80 81 82 83 84 85 86 87 88 89 90 91 92 93 94 95 96 97 98 99 100 101 102 103 104 105 106 107 108 109 110 111 112 114 115 116 118 119 120 121 122 123 124 125 126 127 128 129 130 131 132 133 134 135 136 138 139 140 141 142 143 144 145 146 147 148 149 150 151 152 153 154 155 156 158 159 160 161 162 163 164 165 166 167 168 169 170 171 172 174 175 176 177 178 179 180 181 182 183 184 185 186 187 188 189 190 192 193 195 196 197 198 199 200
17 8 9 11 12 13 14 15 16 17 19 20 21 22 23 24 25 26 27 29 30 31 33 34 35 36 37 39 40 41 42 43 44 45 46 47 48 50 51 52 53 54 56 57 58 59 60 61 62 63 64 65 66 67 68 69 70 71 72 73 74 75 76 77 78 79 80 81 82 83 84 85 86 87 88 89 90 91 92 93 94 95 96 97 98 99 100 101 102 103 104 105 106 107 108 109 110 111 112 113 114 115 116 117 118 119 120 121 122 124 125 126 127 128 130 131 132 133 134 135 136 137 138 140 141 142 143 144 145 146 147 148 149 150 151 152 154 155 156 157 159 160 161 162 163 164 165 166 168 169 170 171 173 175 176 177 179 180 181 182 183 184 185 187 188 189 190 191 192 193 194 195 196 197 198 199 200
29 9 10 11 12 13 14 15 16 17 18 19 20 21 22 23 24 25 27 28 30 31 32 33 34 35 36 37 38 39 40 41 42 43 44 46 47 49 50 51 52 53 54 55 56 57 58 59 60 61 62 64 65 66 67 68 69 70 71 73 74 75 76 77 78 79 80 81 82 83 84 86 87 88 89 90 91 93 94 95 97 99 100 101 102 104 107 108 109 110 112 113 114 115 116 117 119 120 121 123 124 125 126 127 128 129 130 131 132 133 134 135 136 137 138 140 141 142 143 144 145 146 147 148 149 150 151 152 153 155 156 157 158 159 160 161 162 163 164 165 166 167 168 169 170 171 173 174 175 176 177 178 179 180 181 182 183 184 185 186 187 188 189 190 191 192 193 194 195 196 197 198 199 200
23 11 12 13 14 15 16 17 18 19 20 21 22 23 24 25 26 27 28 29 30 31 32 34 35 36 37 38 39 40 42 43 44 45 46 49 50 51 52 53 54 55 56 58 59 60 61 62 63 65 66 67 69 70 71 72 73 75 76 77 78 79 80 81 82 83 85 86 87 88 89 90 92 93 95 96 97 99 100 101 102 103 104 105 106 107 108 109 110 111 112 113 114 115 116 117 119 120 121 122 123 124 125 126 127 128 129 130 131 132 133 134 135 136 137 138 139 140 141 144 146 147 148 149 150 151 152 154 155 156 157 158 159 160 161 162 163 164 165 166 167 168 169 170 172 173 174 175 176 177 178 179 180 181 182 183 184 185 186 187 188 189 190 191 193 194 195 196 197 199 200
21 11 12 13 14 15 16 17 18 19 20 21 22 23 25 27 29 30 31 32 33 34 35 36 37 38 39 40 41 42 43 44 45 46 47 48 49 50 51 52 53 54 55 56 59 60 61 62 63 65 66 67 68 69 70 71 72 73 75 76 77 78 79 80 81 82 84 86 88 89 90 91 92 93 94 95 96 97 98 99 100 101 102 103 104 105 106 107 108 109 110 112 113 114 115 116 117 118 119 120 121 122 123 124 125 126 127 128 129 130 131 132 133 134 135 136 138 139 140 141 142 143 144 145 146 147 148 149 150 151 152 153 155 157 158 159 160 161 162 163 164 165 166 167 168 169 170 171 172 173 174 175 176 177 178 179 180 181 182 183 184 185 186 188 190 191 192 193 194 195 196 197 198 199 200
29 12 13 14 15 16 17 18 19 20 21 22 23 24 25 26 27 28 29 30 31 32 33 34 35 37 38 39 40 41 42 43 44 45 47 48 49 50 51 52 53 54 55 56 57 58 59 60 61 62 63 64 65 66 67 68 69 70 71 72 73 74 75 76 77 78 79 80 82 83 84 85 86 87 88 89 90 91 92 93 94 95 96 97 98 99 100 101 103 104 105 106 107 108 110 111 112 113 114 115 117 118 119 121 122 124 125 126 128 129 130 131 132 133 134 135 136 137 138 139 141 142 143 144 145 146 147 148 149 150 151 152 154 155 156 157 158 159 160 161 162 163 164 165 168 170 171 172 173 174 175 176 177 178 179 180 181 186 187 188 189 190 191 192 193 194 195 196 197 198 199
12 13 14 17 18 19 20 21 22 23 24 25 26 28 29 30 31 32 33 34 35 36 37 38 39 40 41 42 43 44 45 46 47 49 50 52 53 54 55 56 57 58 59 60 61 62 63 64 65 66 67 68 69 70 71 72 73 74 75 76 77 78 79 80 81 82 83 84 85 86 87 88 89 90 91 92 93 94 95 96 97 98 99 100 101 102 103 104 105 106 107 108 109 110 111 112 113 114 115 116 117 118 119 120 121 122 123 124 125 126 127 128 129 131 132 133 134 135 136 137 138 139 140 141 142 143 144 146 147 148 149 150 152 153 154 155 156 157 158 159 160 161 162 163 164 165 167 168 169 170 172 173 174 175 176 177 178 179 180 181 182 183 184 185 187 188 189 190 191 192 193 194 195 196 197 198 199 200
24 14 15 16 18 19 20 21 22 23 24 25 26 27 28 29 30 31 32 33 34 35 37 38 39 40 41 42 43 44 45 46 47 48 49 50 52 53 54 55 56 57 58 59 60 61 62 63 64 65 66 67 68 69 70 71 72 73 74 75 76 77 79 80 81 82 83 84 85 86 87 88 89 90 92 93 94 95 96 97 98 99 100 101 102 103 104 105 107 108 109 110 111 112 113 114 115 116 117 118 119 120 121 122 123 125 126 127 129 130 131 132 133 134 135 136 140 141 142 143 144 145 146 147 148 149 150 151 152 153 154 155 156 157 158 159 160 161 162 163 164 165 167 168 169 170 171 172 173 174 175 176 177 178 179 180 181 182 183 184 185 186 187 188 189 190 192 193 194 195 196 197 198 199 200
13 15 16 17 18 19 20 21 22 25 26 27 28 29 30 31 32 33 34 35 36 37 38 39 40 41 42 43 44 45 46 47 48 49 50 51 53 54 55 56 57 58 59 60 61 62 64 65 66 68 69 71 72 74 76 77 78 79 81 82 83 84 85 86 87 88 89 90 91 92 93 94 96 97 98 99 100 101 102 103 104 106 107 108 109 110 111 112 113 115 116 117 118 119 120 121 122 123 124 125 126 127 128 130 131 132 133 135 136 137 139 140 141 142 143 144 145 146 147 148 149 150 151 152 153 154 155 156 157 158 160 162 163 164 165 166 167 168 169 170 171 172 173 174 175 177 178 180 181 182 183 184 185 186 187 188 190 191 192 193 194 195 196 197 198 199
14 16 17 18 19 20 21 22 23 25 26 27 28 29 30 31 32 33 34 35 36 37 38 40 41 42 43 44 45 46 47 48 50 51 52 53 54 55 56 57 58 59 60 61 62 63 64 65 66 67 68 69 70 71 72 73 75 76 77 78 79 80 81 82 83 84 85 86 87 88 89 90 91 93 95 96 97 98 99 100 101 103 104 105 106 107 108 109 110 111 112 113 114 115 116 117 119 120 121 122 123 124 125 126 127 128 129 130 131 132 133 134 135 136 137 138 139 140 141 143 145 146 147 148 149 150 151 152 153 154 155 156 157 158 159 160 161 162 163 164 165 167 169 170 171 172 173 174 175 176 177 178 179 180 181 182 183 184 185 186 188 189 190 191 192 193 194 195 196 197 198 199 200
26 17 18 19 20 22 24 25 26 27 28 29 30 32 33 34 35 36 38 39 40 41 42 43 44 45 47 48 49 50 51 54 55 56 57 58 59 60 61 64 65 66 67 68 69 70 71 72 73 74 75 76 77 78 79 80 81 83 84 85 88 89 90 91 92 93 94 95 96 97 98 99 100 101 102 103 104 105 106 107 108 109 110 111 112 113 115 117 118 119 121 122 123 124 125 126 127 128 129 130 131 132 133 134 135 136 137 138 139 140 141 142 143 144 145 146 147 148 149 150 151 152 153 154 155 157 158 160 161 162 163 164 166 167 168 169 170 171 172 173 174 175 177 178 180 182 183 184 185 186 187 188 189 190 191 192 193 194 195 196 197 198 199 200
14 18 19 20 21 22 23 24 25 26 27 28 29 30 31 32 33 34 35 36 37 38 39 40 41 42 43 44 45 46 47 48 49 50 51 52 53 54 55 56 57 58 59 60 61 62 63 64 66 67 68 69 70 71 72 74 75 76 77 78 79 80 81 83 84 85 88 89 90 91 93 94 95 96 97 98 99 100 101 102 103 104 105 106 107 108 109 110 111 112 113 114 115 116 117 118 119 120 121 122 123 124 125 126 127 128 131 132 133 135 136 137 138 140 141 142 143 146 147 149 150 151 152 153 154 155 156 157 158 159 160 161 162 163 164 165 166 167 168 169 170 171 172 173 174 175 176 177 178 179 180 181 182 183 184 185 186 188 189 190 191 192 193 194 195 196 197 198 199 200
27 19 20 21 22 24 25 26 27 28 29 30 31 32 33 35 36 37 38 39 40 41 42 43 44 45 46 47 48 49 50 51 52 53 54 56 57 58 59 60 61 62 63 64 65 66 67 68 71 72 73 75 76 77 78 79 80 81 82 83 84 86 87 88 89 90 91 92 94 95 96 97 98 99 100 101 102 103 104 105 106 107 108 109 110 111 112 113 114 115 116 117 118 119 120 121 123 124 125 126 127 128 129 130 131 132 133 134 135 136 137 138 139 140 141 142 143 144 145 146 147 150 151 152 153 154 155 156 160 161 162 164 165 166 167 169 170 171 172 173 174 175 176 177 178 179 180 182 183 185 186 187 188 189 190 191 192 194 195 196 197 198 199 200
26 20 21 22 23 24 25 26 27 28 30 31 32 33 34 35 36 38 39 40 41 42 43 45 46 49 50 51 52 53 54 55 56 57 59 60 61 63 64 65 66 67 68 69 70 71 73 74 75 76 77 78 79 80 81 82 83 84 85 86 87 88 89 90 91 92 93 94 95 96 97 98 99 100 101 102 103 105 106 107 108 109 110 111 112 113 115 116 117 118 119 120 121 122 123 124 125 127 128 130 131 132 133 134 135 136 137 138 139 140 141 142 143 144 145 146 147 148 149 150 151 152 153 154 155 156 157 158 160 161 162 163 164 165 166 168 169 171 172 173 174 175 176 177 178 179 180 182 183 184 185 186 187 188 189 190 191 192 193 194 195 196 197 198 199 200
25 21 22 23 24 25 26 27 28 29 30 31 32 33 34 35 36 37 38 39 40 41 42 43 44 45 46 47 48 49 50 51 53 54 55 56 57 58 59 60 61 62 63 64 65 66 67 68 69 70 71 72 73 74 75 76 77 78 79 81 82 83 84 85 86 87 88 89 90 91 92 93 94 95 96 97 98 99 101 102 103 104 105 106 107 108 109 110 111 112 113 114 115 116 117 118 119 120 121 122 123 124 125 126 129 130 131 132 133 134 135 136 137 138 139 140 141 143 144 145 146 147 148 149 150 151 152 153 154 155 156 157 158 159 160 161 162 163 164 165 166 167 169 170 171 172 174 175 176 177 178 179 181 182 183 184 185 186 187 188 189 192 193 194 195 196 197 198 199 200
12 22 23 24 25 26 27 29 30 31 32 33 34 35 36 37 39 40 41 42 43 45 46 47 48 49 50 51 52 53 54 55 57 58 59 60 61 62 63 64 65 66 68 69 70 71 72 73 74 75 76 77 78 79 80 81 82 83 84 85 86 87 88 89 90 92 93 94 95 96 97 98 99 100 101 102 103 104 105 106 107 108 109 110 111 112 113 114 115 116 117 118 119 120 121 122 123 124 125 126 127 128 130 133 134 135 136 137 138 139 140 141 142 143 144 145 146 147 148 149 150 151 152 153 154 156 157 158 159 161 162 163 164 165 166 167 169 170 171 172 173 174 175 176 177 178 180 181 182 183 184 185 186 187 188 189 190 191 192 193 195 196 197 198 199 200
11 23 24 25 26 27 28 29 31 32 33 34 35 36 37 39 40 41 42 43 44 45 46 47 48 49 51 53 54 55 56 57 58 59 60 61 62 63 64 65 67 68 69 70 71 72 73 75 76 77 79 80 81 82 83 84 85 86 87 88 89 92 93 95 96 97 98 99 100 101 103 104 105 106 109 110 111 112 113 114 115 116 117 118 120 121 122 123 124 125 126 127 129 130 131 132 133 134 135 136 137 138 139 140 141 142 143 144 146 147 149 150 151 152 153 154 155 156 157 158 159 160 161 162 163 164 165 166 167 168 169 170 171 172 174 175 176 178 179 180 181 182 183 184 185 186 187 188 189 190 191 192 195 196 197 198 199 200
19 24 25 26 28 29 30 31 32 33 34 36 37 38 39 40 41 42 43 44 46 47 49 50 51 53 54 55 56 57 58 59 60 61 62 63 64 65 66 67 68 69 70 72 73 74 75 76 77 78 80 81 82 83 84 85 86 87 88 89 90 92 93 94 95 96 97 98 99 100 101 102 103 105 106 107 108 110 111 112 113 115 116 118 119 120 121 123 124 125 126 127 128 129 130 131 132 133 134 135 136 137 138 140 142 143 144 145 146 147 148 149 150 151 152 153 154 155 156 157 158 159 160 161 162 163 164 165 166 167 168 169 170 171 172 173 174 175 176 178 179 182 183 184 185 186 187 188 189 190 191 192 193 194 195 196 197 198 199 200
16 25 26 28 29 30 31 32 33 34 36 37 38 39 40 41 42 43 44 46 47 48 49 50 51 52 53 54 55 56 57 58 59 60 61 62 63 64 65 66 67 68 69 70 71 72 73 74 75 76 77 78 79 80 81 82 83 84 85 86 87 88 89 90 91 92 93 94 95 96 97 98 99 100 101 102 103 104 105 106 107 108 109 110 111 112 113 114 115 116 117 118 119 120 121 123 124 125 126 127 128 129 130 131 135 136 137 138 139 141 142 143 145 146 147 148 149 150 151 152 153 155 156 157 158 159 160 161 162 163 164 165 166 167 168 169 170 172 173 174 175 176 178 179 182 183 184 185 186 187 188 189 190 191 192 193 194 195 196 198 199 200
27 26 28 29 30 31 32 33 35 36 37 38 39 40 41 42 43 44 45 46 47 48 49 50 51 52 53 54 55 56 57 58 59 61 62 63 64 65 66 67 68 69 70 71 72 73 74 75 76 77 78 79 80 81 82 83 86 87 88 89 90 91 92 93 94 95 96 97 98 99 100 101 102 103 104 105 106 107 108 109 110 111 112 113 114 116 117 118 119 121 122 123 124 125 127 128 129 130 131 132 133 134 135 136 137 138 139 140 141 142 143 145 146 147 148 149 150 153 154 155 156 157 158 159 160 161 163 164 165 166 167 168 169 170 171 172 173 174 175 176 177 178 179 180 182 183 185 186 187 188 189 190 191 192 193 194 195 196 197 198 199 200
26 27 28 29 30 32 33 34 35 36 37 39 40 41 42 43 44 45 46 47 48 49 50 51 52 53 54 56 57 58 59 60 61 62 63 64 65 66 67 68 69 70 71 72 73 74 75 76 77 78 79 80 81 82 83 84 85 86 87 88 90 92 93 94 95 97 98 99 100 101 102 103 105 106 107 108 109 110 112 113 114 115 116 117 118 119 120 121 122 123 124 126 127 128 129 130 131 132 133 134 135 138 139 140 141 142 143 145 146 147 148 149 150 152 153 155 156 157 158 160 162 163 164 165 166 167 168 170 172 173 174 175 176 177 178 179 180 181 182 184 185 186 187 188 190 192 193 194 195 196 197 198 199 200
15 28 29 31 32 33 34 35 36 37 38 39 40 41 42 43 44 45 46 47 48 50 51 52 53 55 56 57 58 59 60 61 62 63 64 65 66 67 68 69 70 71 72 73 74 75 76 77 78 79 80 81 82 83 84 85 87 88 89 90 91 92 93 94 95 96 98 99 100 101 102 103 104 106 107 108 109 110 111 112 113 115 116 117 118 119 120 121 122 123 124 125 126 127 128 129 131 132 133 134 135 137 138 139 140 141 142 143 144 145 146 148 149 150 151 152 154 155 156 157 158 159 160 161 162 163 164 165 166 167 169 170 171 172 173 174 175 176 177 179 180 181 182 183 186 187 188 189 190 191 192 193 194 195 196 197 198 199 200
11 29 30 31 32 33 35 36 37 38 39 40 41 42 43 45 46 48 49 51 52 53 54 55 56 57 59 62 63 64 65 66 67 68 69 70 71 72 73 74 75 76 77 78 79 80 81 82 83 84 85 86 87 88 89 90 91 92 93 94 95 96 97 98 99 100 101 102 104 105 106 107 108 109 111 113 114 115 116 117 118 119 120 121 122 123 124 125 126 127 128 129 130 131 132 133 134 135 136 138 139 140 141 142 143 144 145 146 147 148 149 150 151 152 153 154 155 157 158 159 160 161 162 163 164 165 166 167 168 170 173 174 175 176 177 178 180 181 182 183 184 185 186 187 188 189 190 191 192 193 194 195 196 198 199 200
18 30 31 32 33 34 35 36 38 39 40 41 42 43 44 45 46 47 48 49 50 51 52 53 54 56 57 58 59 60 61 62 63 64 65 66 67 68 69 71 72 73 75 76 77 78 79 80 81 82 83 85 86 87 88 89 90 91 93 94 95 96 98 100 101 102 103 104 105 106 107 108 109 110 112 113 114 115 117 118 119 120 121 122 124 125 127 129 130 131 132 133 134 135 136 137 139 140 141 142 143 144 145 146 147 148 149 150 151 153 154 156 157 158 159 160 161 162 163 164 165 166 167 169 170 171 172 174 175 176 177 178 179 180 181 182 183 184 185 186 187 188 189 190 191 192 193 194 195 196 197 198 199 200
12 31 32 33 35 36 37 38 39 40 41 42 43 44 45 46 47 48 49 50 51 52 53 54 55 56 57 58 59 60 61 62 63 64 65 66 67 68 69 70 71 72 73 74 75 76 77 78 79 80 81 83 84 85 86 87 88 89 90 91 92 93 94 95 96 97 98 99 100 101 105 106 107 108 109 110 111 112 113 114 116 118 119 120 121 122 123 124 125 126 127 128 129 130 131 132 133 134 135 136 137 139 140 141 142 143 144 145 147 148 149 150 151 152 153 154 155 156 157 158 159 160 161 162 163 164 165 166 167 168 169 170 172 173 174 175 177 178 179 182 183 185 186 188 189 190 191 192 193 195 196 197 198 199 200
21 32 33 34 35 36 37 38 39 40 41 42 43 44 45 46 47 48 49 50 51 52 53 54 55 56 57 58 59 60 62 63 64 65 66 67 68 69 70 71 72 73 74 75 76 77 78 79 80 81 82 83 84 85 86 87 88 89 90 91 93 94 95 96 97 98 99 100 101 102 103 105 106 107 108 109 110 111 112 113 114 115 117 118 119 120 121 122 123 124 126 127 129 130 131 132 133 134 135 136 137 138 139 140 141 142 143 144 145 146 147 148 149 150 153 154 155 156 157 158 159 160 161 162 163 164 165 166 167 168 169 171 172 173 174 175 176 177 178 179 180 181 182 183 184 185 186 187 188 189 190 191 192 193 194 195 196 197 198 199 200
20 33 34 35 36 37 38 39 41 43 44 46 47 48 49 51 53 54 55 57 58 60 61 62 63 64 65 66 67 68 69 70 72 73 75 76 77 78 79 80 81 82 83 85 86 87 88 89 90 91 92 93 94 95 96 97 98 99 100 101 103 104 105 106 107 109 110 111 112 113 114 115 116 117 118 119 120 121 122 123 124 125 126 127 129 130 131 132 133 134 135 136 137 138 139 140 141 142 144 145 146 147 148 149 150 151 152 153 154 155 156 157 158 159 160 161 164 165 168 169 170 171 172 173 174 175 176 177 178 179 180 181 182 183 184 185 186 187 188 189 190 191 192 193 194 195 196 197 198 199 200
22 35 36 37 38 40 41 42 43 44 45 46 47 48 49 50 51 52 53 54 56 57 58 59 60 61 62 63 64 65 66 67 68 69 70 71 73 74 75 76 77 78 79 80 81 82 83 84 85 86 87 88 89 90 92 94 95 96 97 98 99 101 102 103 104 105 106 107 108 109 110 111 112 113 114 115 116 117 118 119 120 121 122 123 125 126 128 129 130 131 132 134 135 136 137 138 139 140 141 142 143 144 146 148 149 150 151 152 153 154 156 157 158 159 160 161 162 163 164 166 167 168 169 170 171 172 173 174 175 177 178 179 180 181 182 183 184 185 186 187 188 189 190 191 192 193 194 196 197 198 199 200
18 35 36 38 39 40 41 42 44 46 49 51 52 53 54 55 56 57 58 59 60 61 62 64 65 66 68 69 70 72 73 74 75 76 77 78 79 80 81 82 83 84 85 86 87 88 89 91 93 94 95 97 98 99 100 101 102 103 105 106 108 109 110 111 112 113 114 116 117 118 119 120 121 122 123 125 126 127 128 129 130 131 132 133 134 135 136 137 138 139 140 141 142 143 144 145 146 147 148 149 152 153 154 155 156 157 158 159 160 161 164 165 168 169 170 172 173 175 176 177 178 180 181 182 183 184 185 186 187 188 189 190 191 192 193 194 195 196 197 198 199 200
10 36 37 38 39 40 41 42 43 44 45 46 47 50 51 52 53 54 56 57 58 59 60 61 62 64 65 66 67 68 69 70 71 72 73 74 75 76 77 78 79 80 82 83 84 85 86 87 88 89 90 91 92 94 95 96 97 98 99 100 101 103 104 105 106 107 108 109 110 111 112 113 114 115 116 117 118 119 121 122 123 124 125 126 127 128 129 130 132 133 135 136 137 138 139 140 141 142 143 144 145 146 147 148 149 152 153 154 155 156 157 158 159 160 161 162 163 164 165 166 167 168 169 170 171 172 174 175 176 178 179 180 181 182 183 184 185 186 187 188 189 190 191 192 193 194 195 196 197 198 199 200
23 37 38 39 40 41 42 43 44 45 46 47 49 50 51 52 53 54 55 56 57 58 59 60 61 62 64 65 66 67 68 69 71 72 73 74 75 76 77 78 79 80 81 83 84 85 86 87 88 89 90 91 92 93 94 95 96 97 98 99 100 101 102 104 107 108 109 110 111 112 113 114 115 116 117 118 119 120 122 123 124 126 127 128 129 130 131 133 134 135 136 137 138 140 141 142 143 145 147 148 149 150 151 152 153 154 156 157 158 159 160 161 162 163 164 165 166 167 168 169 170 171 172 173 174 175 176 177 179 181 182 183 184 185 186 187 188 189 190 191 192 193 194 195 196 197 198 199 200
15 39 40 41 42 43 44 45 46 47 48 49 50 51 52 53 54 55 56 57 58 59 60 61 62 63 65 66 67 68 70 71 72 73 74 75 76 77 78 79 81 82 83 84 86 87 88 89 90 91 92 93 94 95 96 97 98 99 100 101 102 103 104 105 106 108 109 110 111 112 113 114 115 116 117 118 120 121 122 123 124 125 126 127 128 129 130 131 132 133 136 137 138 139 140 143 144 146 148 149 150 151 152 153 154 155 156 158 159 160 161 162 163 164 165 166 167 168 169 171 172 173 174 175 176 178 179 180 181 182 183 184 185 186 187 188 189 190 191 193 194 195 196 197 198 199 200
12 39 40 41 42 43 44 45 46 47 48 49 50 51 53 54 55 56 57 58 60 61 63 64 65 66 67 68 69 70 71 72 73 74 75 76 77 78 79 80 82 84 85 86 87 89 90 91 92 93 94 95 97 98 99 100 101 102 103 104 105 106 107 108 109 110 111 112 114 115 116 117 118 119 120 121 122 123 124 125 126 127 128 129 130 131 132 133 134 135 136 137 138 139 141 142 143 145 146 147 148 149 150 151 152 154 155 156 157 158 159 160 161 162 163 164 165 166 167 168 169 170 171 172 173 174 175 176 177 178 179 180 181 182 183 185 186 187 189 190 191 192 193 194 195 196 197 198 199 200
24 40 41 42 43 44 46 47 48 49 50 51 52 53 54 55 56 57 58 59 60 62 63 65 66 68 69 70 71 72 73 74 75 78 80 81 82 83 84 85 86 88 89 91 92 94 95 96 97 98 99 100 101 102 103 104 105 106 107 108 109 110 111 112 114 115 116 117 118 119 120 121 122 123 124 125 126 127 128 130 131 132 133 134 135 136 138 139 140 142 143 144 145 146 147 148 150 151 152 153 154 155 156 158 159 160 161 163 164 166 167 168 169 170 171 172 173 174 175 176 177 178 179 181 182 183 185 186 187 188 189 190 191 192 193 194 195 196 197 198 199 200
22 41 43 44 45 46 47 48 49 50 51 52 53 54 55 56 57 58 59 60 61 63 64 65 66 67 68 70 71 72 73 74 75 76 77 78 79 81 82 83 84 85 86 87 88 89 90 92 93 94 95 96 98 99 100 102 103 104 107 108 109 110 112 113 114 115 116 118 119 120 121 122 123 124 125 126 127 128 129 130 131 132 133 135 136 137 138 139 140 141 142 143 144 145 146 147 148 149 150 151 152 153 154 155 156 157 158 160 162 163 164 166 168 170 171 172 174 175 176 177 178 179 180 182 183 184 185 186 187 188 189 190 191 192 193 194 195 196 198 199 200
17 42 43 44 45 46 47 48 49 50 51 52 53 54 56 57 58 59 60 61 62 63 64 65 66 67 68 69 71 72 73 74 75 76 79 80 81 82 83 84 85 86 87 88 89 90 91 93 95 96 97 98 99 100 101 102 103 104 105 106 107 108 109 110 111 112 113 114 115 116 117 118 119 120 121 122 123 125 126 127 128 129 130 131 132 134 135 136 137 138 139 140 141 142 143 144 146 147 148 149 150 151 152 153 154 155 156 157 158 159 162 165 166 167 168 170 171 172 173 174 176 177 178 179 180 181 182 183 184 185 186 187 188 189 190 191 192 194 195 198 200
29 43 44 45 47 48 49 51 52 53 54 56 57 58 59 60 61 62 64 65 66 67 68 69 70 71 72 73 74 75 76 77 78 79 80 81 82 83 84 85 87 88 89 90 91 93 94 96 97 98 99 100 101 102 103 104 105 107 108 109 110 111 112 113 114 115 116 117 118 119 120 121 123 124 125 126 127 128 129 130 131 132 133 134 135 136 137 138 139 140 141 142 144 146 147 148 149 150 151 152 153 154 155 157 158 161 162 163 164 165 166 167 168 169 170 171 173 174 175 176 177 179 180 181 182 183 184 185 186 187 188 189 190 192 193 195 196 197 198 199 200
12 44 45 46 47 49 50 51 52 53 54 55 56 57 58 59 60 61 62 63 64 65 66 67 68 69 70 72 73 74 75 76 77 78 79 80 81 82 83 84 85 86 87 88 89 90 91 92 93 94 95 97 98 99 100 101 102 103 104 105 106 107 108 109 110 111 112 113 114 115 116 117 118 119 120 121 122 123 124 125 126 127 129 130 131 132 133 134 135 137 138 139 141 142 144 145 146 147 148 149 150 151 152 153 154 155 156 157 158 159 160 162 163 164 165 166 167 169 170 171 172 173 174 175 176 178 179 180 181 183 184 185 186 189 191 193 194 195 196 197 199 200
26 45 46 50 51 52 53 54 55 56 57 58 59 60 61 62 63 64 65 66 67 68 69 71 72 73 74 76 77 78 79 80 81 82 83 84 85 86 87 88 89 90 91 92 94 95 97 98 99 101 102 103 104 105 106 107 108 109 110 111 112 113 114 115 116 117 118 120 121 122 123 124 126 127 128 129 130 131 132 133 134 135 136 137 138 139 140 141 143 144 146 147 148 149 150 151 152 154 155 156 157 158 159 160 161 162 163 164 165 166 167 168 169 170 172 173 174 175 176 177 178 179 180 181 182 183 184 185 186 187 188 189 190 191 192 193 194 195 196 197 198 199 200
10 46 47 48 49 50 51 52 53 54 55 56 57 58 59 60 61 63 64 65 67 68 69 70 71 72 73 74 75 76 77 78 79 80 82 83 84 86 87 88 89 90 92 93 94 95 96 97 98 99 100 101 102 104 106 107 108 109 111 112 113 114 115 116 117 118 119 120 121 123 124 125 126 127 128 129 130 131 132 133 134 135 136 137 138 139 140 141 142 143 144 145 146 147 148 150 152 153 154 155 156 157 158 159 160 161 163 164 165 166 167 168 169 170 171 172 173 174 175 176 177 178 179 180 181 183 184 185 186 187 188 189 190 192 193 194 195 196 197 198 199 200
28 47 48 49 50 51 52 53 54 55 56 57 58 59 60 61 62 63 64 65 67 68 69 71 73 74 75 76 77 78 79 80 81 82 83 84 85 87 88 90 91 92 93 94 95 96 97 98 99 100 101 103 104 106 107 108 109 110 111 112 113 114 115 116 118 119 121 122 124 125 126 129 130 131 132 133 134 135 136 137 138 139 140 141 142 143 144 145 146 148 149 150 151 152 154 155 156 157 158 159 160 161 162 163 164 165 166 167 168 169 171 172 174 175 176 177 178 180 181 182 183 184 185 186 187 188 189 190 193 194 195 196 197 198 199 200
12 48 49 50 52 53 54 55 56 57 58 59 60 61 63 64 66 67 69 70 71 72 74 75 77 78 79 80 81 82 84 85 86 88 89 90 91 92 93 94 96 97 98 99 101 102 103 106 107 108 109 110 111 112 113 114 117 118 119 120 121 122 123 124 125 126 127 128 129 130 131 132 133 134 135 136 137 138 139 141 142 144 146 147 148 149 150 152 153 154 155 156 158 160 161 162 163 164 165 166 167 168 169 170 171 172 173 174 175 176 177 178 179 180 181 182 183 184 185 186 187 188 189 190 191 192 194 195 196 197 198 199 200
15 49 50 51 52 54 55 56 57 58 59 60 61 62 63 64 65 66 67 68 69 70 71 72 73 74 75 76 77 78 79 80 81 82 83 84 85 86 87 88 89 90 91 92 93 94 95 96 97 98 100 101 102 103 104 105 106 107 108 109 110 111 112 113 114 115 116 117 118 119 120 121 122 123 125 126 127 128 129 130 131 132 133 134 135 136 137 138 141 142 143 144 145 147 148 149 150 151 152 153 154 155 156 157 158 159 160 161 162 163 164 166 168 169 170 171 172 173 174 175 176 177 178 179 180 181 182 183 185 186 188 189 190 191 193 194 195 196 197 198 199 200
25 50 51 52 53 54 55 56 57 58 59 60 61 62 64 65 66 67 68 70 71 72 74 75 76 77 78 79 80 81 82 83 84 85 86 87 88 89 91 92 94 95 97 98 99 100 101 102 103 104 105 106 108 109 110 111 112 113 114 115 116 117 118 119 121 122 123 124 125 126 127 128 129 130 131 132 133 134 135 136 137 138 139 140 141 142 143 144 145 146 148 149 150 151 152 153 154 155 156 157 158 159 160 161 162 163 164 165 167 168 169 170 171 172 173 174 175 176 177 178 180 181 182 183 184 185 186 187 188 189 190 191 192 193 194 195 196 197 198 199 200
14 51 52 53 55 56 57 58 59 60 61 62 63 64 65 66 67 68 69 70 71 72 73 74 75 76 78 79 80 81 82 83 84 85 86 87 88 89 91 92 93 94 95 96 97 98 99 101 104 105 108 110 111 112 113 114 115 116 117 119 120 121 122 123 124 125 126 127 128 129 130 131 132 133 134 135 136 137 139 140 141 142 143 144 145 146 147 148 149 150 151 153 154 156 157 158 159 160 161 162 163 164 165 166 167 168 169 170 171 172 174 175 176 178 179 180 183 184 185 186 187 188 189 190 192 193 194 195 196 197 198 199 200
23 52 53 54 55 56 57 58 59 60 61 62 63 64 65 66 68 69 70 71 72 73 74 75 76 77 78 79 80 81 82 83 84 85 86 87 88 89 90 91 93 94 95 96 97 98 99 100 101 102 103 104 105 106 108 109 110 111 112 113 114 115 116 117 118 119 120 121 122 123 124 125 127 128 129 130 131 132 133 134 135 136 137 138 139 140 141 142 143 144 145 146 147 148 149 150 151 152 154 155 156 157 158 159 160 161 162 163 164 165 166 167 168 169 170 171 172 173 174 175 176 177 178 179 180 181 182 183 184 185 186 187 188 189 190 191 192 193 194 195 196 197 198 199 200
18 53 54 55 56 57 58 60 61 62 63 64 65 66 67 68 69 70 71 72 73 75 76 77 79 81 82 83 85 86 87 88 89 90 91 92 93 94 95 96 97 99 100 101 102 103 104 105 107 108 109 110 111 112 113 114 115 116 117 118 119 120 121 123 124 125 126 127 129 130 132 133 134 135 136 137 138 139 140 141 142 144 145 146 147 148 149 150 151 152 153 154 155 156 157 158 159 161 162 163 164 165 167 168 169 170 171 172 173 174 175 176 177 179 181 182 183 184 185 186 187 188 189 190 191 192 193 194 195 196 197 198 200
20 54 55 56 57 58 59 60 61 62 63 64 66 67 68 69 70 71 72 73 74 75 76 78 79 80 81 82 83 84 85 87 88 89 90 92 93 94 95 96 97 98 99 100 101 102 103 104 105 106 107 108 109 110 112 113 114 115 116 117 118 119 120 121 122 123 124 125 126 128 129 130 131 133 135 136 138 139 140 141 142 143 145 146 147 148 149 150 151 152 153 154 155 156 157 158 159 161 162 163 164 165 166 167 168 171 172 173 174 175 176 177 178 180 181 182 183 184 185 187 188 189 190 191 192 193 194 195 196 197 198 199 200
17 55 56 57 58 59 60 61 62 63 64 65 66 67 68 69 70 71 73 75 77 78 79 80 82 83 84 85 86 87 88 89 90 91 92 93 94 95 96 97 98 99 100 101 103 104 105 107 108 109 111 112 113 114 115 117 118 119 120 121 122 123 124 126 127 129 130 131 132 134 135 136 137 138 139 140 141 142 143 144 145 146 147 148 149 150 151 152 153 154 155 156 157 158 159 160 161 162 163 164 165 166 167 168 169 170 171 172 173 174 175 176 177 178 179 180 181 182 184 185 186 187 188 189 190 191 192 193 194 195 196 197 198 199 200
26 57 58 59 60 61 62 63 64 65 66 67 68 69 71 72 73 75 76 77 78 79 80 81 82 83 84 85 86 87 88 89 90 91 93 94 95 96 97 98 99 100 101 102 103 104 105 106 107 108 109 110 111 113 115 116 117 118 119 120 121 122 123 124 125 126 127 128 129 131 132 133 134 135 136 137 138 139 140 141 142 143 144 145 146 147 148 149 150 151 152 153 155 156 157 159 160 161 162 163 164 165 166 167 168 169 170 171 172 173 175 176 177 178 179 180 182 183 184 185 186 187 188 189 190 191 192 193 194 195 196 197 198 199 200
25 57 58 59 60 61 62 63 66 67 68 69 70 71 72 73 75 76 77 78 79 80 81 82 83 84 85 86 87 88 89 90 91 92 93 94 95 96 98 99 101 103 104 105 106 107 109 110 111 112 113 115 116 117 118 119 120 121 122 124 125 126 129 130 131 132 133 134 135 136 137 138 139 140 141 142 143 145 146 147 148 149 150 151 152 153 154 155 156 157 158 159 160 161 162 163 164 165 166 167 168 169 171 172 173 174 175 176 177 178 179 180 181 182 183 184 185 186 187 188 189 190 191 192 193 194 195 196 197 198 199 200
27 58 59 60 62 64 65 66 67 68 69 70 71 72 73 74 75 76 78 79 81 83 84 85 87 88 89 92 93 94 95 96 97 98 99 100 101 102 103 104 105 106 107 108 109 110 111 112 113 114 115 116 117 119 120 121 122 123 125 126 127 128 129 130 131 132 133 134 135 136 137 138 139 140 141 142 143 144 145 146 147 148 149 150 151 152 153 154 155 156 158 159 160 161 162 163 164 165 166 167 169 170 171 172 173 174 175 176 177 179 180 182 183 184 185 186 187 188 189 190 191 192 193 194 195 197 198 199 200
27 59 60 61 62 63 64 65 67 68 69 70 72 73 74 75 76 77 78 79 80 81 82 83 84 85 87 89 90 91 92 93 94 95 96 97 98 99 100 101 103 104 105 106 107 108 109 111 112 113 114 116 117 118 119 120 121 122 123 125 126 127 128 129 130 131 132 133 134 136 137 139 140 141 142 143 144 145 146 147 149 150 151 152 153 154 155 156 157 158 159 160 161 163 164 165 167 168 169 170 171 172 173 174 175 176 177 178 179 180 181 182 183 184 185 186 187 188 189 190 191 192 193 194 195 196 197 198 199 200
18 60 61 62 63 64 65 66 67 68 69 70 71 72 73 74 75 76 77 78 79 81 82 83 84 85 86 87 88 89 91 92 93 94 95 96 97 98 99 101 102 103 104 105 106 107 108 109 110 111 112 113 114 115 116 117 118 120 121 122 123 124 125 126 128 129 130 131 132 133 134 136 137 138 139 140 141 143 144 145 146 147 148 149 150 152 153 154 155 157 158 159 161 162 164 165 167 168 169 170 171 172 173 174 175 176 177 178 179 180 181 182 183 184 185 186 187 188 189 190 191 192 193 194 195 196 197 198 199 200
26 61 62 63 64 65 66 67 69 70 71 72 73 74 75 77 78 79 80 81 82 83 84 85 86 87 88 89 90 91 93 94 95 96 97 98 99 100 102 103 104 105 107 108 109 110 111 112 113 114 115 118 119 121 122 123 124 125 126 127 128 129 130 131 132 133 134 135 137 138 139 140 142 144 145 146 147 148 149 150 151 152 153 154 155 156 157 158 159 161 164 165 166 167 170 171 172 173 174 175 176 177 178 179 180 181 182 183 184 185 186 187 188 189 190 191 192 193 194 195 196 197 198 199 200
10 62 63 64 65 66 67 68 69 70 71 73 74 75 76 77 78 79 80 81 83 84 86 87 88 89 90 91 92 93 95 96 97 98 99 100 101 102 103 104 106 107 108 109 110 111 112 113 115 116 117 119 120 121 123 124 126 127 128 129 130 131 132 133 134 135 136 137 138 139 140 141 142 143 144 145 146 147 148 150 151 152 153 154 155 156 157 158 159 160 161 162 163 164 165 166 167 168 169 170 172 173 174 175 176 178 179 180 181 183 184 185 186 187 188 189 190 191 192 193 195 196 197 199 200
27 63 64 65 66 67 70 71 72 74 75 76 77 78 79 80 81 82 83 84 85 86 87 88 89 90 91 92 93 94 95 96 97 98 99 100 101 102 103 104 105 107 108 109 111 112 113 114 115 116 118 120 121 122 123 124 125 126 127 128 129 130 131 132 134 135 136 137 138 139 140 141 144 145 147 148 149 150 151 152 153 156 157 159 160 162 163 164 165 166 167 169 170 172 173 174 175 176 178 179 180 181 182 183 184 186 187 188 189 190 191 192 193 194 195 196 197 198 199 200
24 64 65 66 67 68 69 70 72 74 75 77 78 79 80 81 83 85 86 88 89 90 91 92 93 94 95 96 97 99 100 101 102 103 104 105 106 108 109 110 111 113 114 115 116 117 118 120 121 122 123 127 128 129 130 132 133 134 135 136 137 138 139 140 141 142 143 145 146 147 151 152 153 154 155 157 158 159 160 161 162 163 164 165 166 167 169 170 171 172 173 174 175 176 177 178 180 181 182 183 184 185 186 187 188 190 191 192 193 195 196 197 198 200
14 65 66 68 69 70 71 72 73 75 76 77 78 79 80 81 82 83 85 86 87 88 89 90 91 92 94 95 96 97 98 99 100 101 102 103 104 105 106 107 108 109 110 111 112 113 114 115 116 117 118 119 121 122 123 124 125 126 127 128 129 130 131 132 133 134 135 136 137 138 139 140 141 142 143 144 145 146 147 148 149 150 151 152 153 154 155 156 157 158 159 160 161 162 163 164 165 166 167 168 169 170 171 173 174 175 176 177 179 180 181 182 183 184 185 186 187 188 189 190 191 192 193 194 195 196 197 198 199 200
28 68 69 70 71 72 73 74 75 76 77 79 80 81 82 83 84 85 86 87 88 91 92 93 94 95 96 98 99 100 101 102 104 105 106 108 109 110 111 112 113 114 115 116 117 118 119 120 121 122 123 124 125 126 128 129 130 131 132 133 134 135 136 137 138 139 140 141 142 143 144 145 146 147 148 149 150 151 152 153 154 155 156 157 158 160 161 162 163 164 165 166 167 168 169 170 171 172 173 174 175 176 177 178 179 180 181 183 184 185 187 188 189 190 191 192 193 194 195 196 197 198 200
22 67 69 70 71 72 73 75 76 77 78 79 81 82 83 84 86 87 88 89 90 91 92 93 94 95 96 97 98 99 100 101 102 103 104 105 106 107 108 109 110 111 112 113 114 116 117 119 120 121 123 124 125 126 127 128 129 130 131 132 133 134 135 136 138 139 140 142 143 145 146 147 148 149 150 151 152 154 155 157 158 159 160 161 163 164 165 167 168 169 170 171 172 173 174 175 176 177 178 179 180 183 184 185 186 188 189 190 192 193 194 195 196 197 198 199 200
27 68 70 71 72 73 74 75 76 77 78 79 80 81 82 84 85 86 87 89 90 91 92 93 94 95 97 98 99 100 101 103 104 105 106 107 108 109 110 111 112 113 114 116 117 118 119 120 121 122 124 125 126 127 128 129 130 131 132 133 134 135 137 138 139 140 141 142 143 144 146 148 149 150 152 153 154 155 156 157 158 159 160 161 162 163 164 166 167 168 169 171 172 173 174 175 176 177 178 179 181 182 183 184 185 186 187 188 189 190 191 192 193 194 195 197 198 199 200
27 69 70 71 72 73 74 75 76 79 80 81 82 83 84 85 86 87 88 89 90 92 93 94 95 96 97 98 99 100 101 103 104 105 106 107 108 109 110 111 112 113 115 116 117 118 119 120 121 122 123 124 125 126 128 129 130 131 132 133 134 135 136 137 138 139 140 141 142 143 144 146 147 148 149 150 151 152 154 155 156 157 158 159 160 161 162 163 164 165 166 167 169 170 171 172 174 175 176 177 178 179 180 181 182 183 184 185 186 187 188 189 190 191 192 193 194 195 196 198 199 200
11 70 72 73 74 75 76 77 78 79 81 82 83 84 85 86 87 88 89 90 91 92 93 94 95 97 98 99 101 102 103 104 105 106 107 108 109 110 111 112 113 114 115 116 117 118 119 120 121 122 123 124 125 126 127 128 129 130 131 132 134 135 136 137 138 139 140 142 143 144 145 146 147 148 149 150 151 152 153 154 155 156 157 158 159 160 161 162 163 164 165 166 167 168 169 170 171 172 173 174 175 176 177 178 179 180 182 183 184 185 186 187 188 189 190 191 192 193 194 195 196 197 198 200
15 72 73 74 75 76 77 78 79 80 81 82 83 84 85 86 87 88 89 90 91 92 93 94 95 96 97 98 99 100 101 103 104 105 106 107 108 110 111 112 113 114 115 116 117 118 119 121 122 123 124 125 126 127 128 129 130 131 132 133 134 136 137 139 140 141 142 143 144 145 146 147 148 149 150 151 152 153 154 156 157 158 159 160 161 162 163 165 166 167 168 169 170 171 172 173 174 175 176 177 178 179 180 181 182 183 185 186 187 188 189 190 191 192 193 194 195 196 198 199
13 72 73 74 76 77 79 80 82 83 84 85 86 87 88 89 90 91 92 93 94 95 96 97 98 99 100 101 102 103 104 105 106 107 108 109 110 111 112 113 114 115 118 119 120 121 122 123 124 126 128 129 130 131 132 133 135 136 137 138 139 140 141 143 144 145 146 147 148 149 150 151 152 153 154 155 156 157 158 159 160 161 162 163 164 165 166 167 169 170 171 172 173 174 175 177 178 179 180 181 182 183 184 185 186 187 188 189 190 191 193 194 195 196 197 198 199 200
18 73 74 75 76 77 78 79 80 81 82 83 84 86 88 89 90 91 92 94 95 96 97 99 100 101 102 104 105 106 107 108 109 110 111 112 113 114 116 117 118 119 120 121 122 123 124 125 126 127 128 129 130 131 132 133 135 136 137 138 139 140 141 142 143 144 145 146 148 149 150 151 152 154 155 156 157 158 159 160 161 162 163 164 165 166 167 169 171 172 173 174 175 176 177 178 179 180 181 182 183 184 185 186 187 189 190 191 192 193 194 195 197 198 199 200
27 74 75 76 77 78 79 81 82 83 84 85 86 87 88 89 90 92 93 94 95 96 98 99 100 101 102 103 104 105 106 107 108 109 110 111 112 113 114 115 116 117 118 119 120 121 122 123 124 125 126 127 128 129 130 131 132 134 135 136 137 138 139 140 141 142 143 144 145 146 147 148 149 150 151 152 153 154 155 156 157 158 159 160 161 162 164 166 167 168 169 170 171 172 173 174 175 176 177 178 179 180 181 182 183 184 187 188 190 191 192 193 194 195 196 197 198 199 200
19 75 76 77 78 79 80 81 82 83 84 85 86 87 88 89 90 91 92 93 94 95 96 97 99 100 101 102 103 104 105 106 107 108 109 110 111 112 113 114 115 116 117 118 119 120 121 122 123 124 125 126 127 128 130 131 132 133 134 135 136 137 138 139 140 141 142 143 144 145 146 147 148 149 150 151 153 154 155 157 158 159 160 161 162 163 164 165 166 167 169 170 171 172 173 174 175 176 177 179 180 181 182 183 184 185 186 187 188 190 191 192 193 194 195 196 197 198 199
12 76 77 78 79 80 81 82 83 84 85 87 88 89 90 91 92 93 94 95 96 97 98 99 100 101 102 103 104 105 106 108 109 110 111 112 113 114 115 116 117 118 119 120 121 122 124 126 127 128 129 130 131 132 133 135 136 137 138 139 140 141 142 143 144 145 147 148 149 150 151 152 153 155 156 157 158 159 160 161 162 163 165 166 167 168 170 171 172 173 174 175 176 177 178 179 180 181 182 183 184 185 186 187 188 189 190 191 193 194 195 196 197 198 199 200
24 77 78 79 80 82 83 84 85 86 87 88 89 90 91 92 93 94 95 96 97 98 100 101 102 103 104 105 106 107 108 109 110 111 112 113 114 115 116 117 118 119 120 121 122 123 124 125 126 127 128 130 131 132 133 134 135 137 138 139 140 141 142 143 144 145 147 149 150 151 152 153 154 155 156 157 158 159 160 161 162 163 165 166 167 168 169 170 171 172 173 174 175 176 177 178 179 180 181 182 183 184 185 186 187 188 189 190 191 192 193 194 195 196 199 200
24 78 79 80 81 82 83 84 85 86 88 89 90 91 92 93 94 95 96 97 98 99 101 102 103 104 105 106 107 108 109 110 111 112 113 114 115 116 117 119 120 121 122 123 124 125 126 127 128 129 130 131 132 133 134 135 136 137 139 140 141 142 143 144 145 146 147 148 149 150 151 152 153 154 155 157 158 160 162 164 165 166 167 168 169 170 171 172 173 174 175 177 178 179 181 182 183 184 185 186 187 188 189 191 192 195 196 197 198 199 200
15 79 80 81 82 83 84 85 86 87 88 89 90 91 92 93 94 95 96 97 98 99 101 102 103 104 105 106 107 108 109 110 111 112 113 114 115 116 117 118 119 120 121 123 124 125 126 127 128 129 130 131 132 133 134 135 136 137 138 139 140 141 142 143 144 145 146 147 148 149 150 151 153 154 155 156 157 158 159 160 161 162 163 164 165 166 167 168 169 170 171 172 173 175 176 177 178 179 180 181 182 183 184 185 186 187 188 189 190 192 193 194 195 196 197 198 199
19 80 81 83 84 86 87 88 89 91 92 94 96 97 98 99 100 101 102 103 104 105 106 108 110 111 112 113 114 115 116 117 118 119 122 123 124 125 126 127 128 129 130 132 133 134 135 136 137 138 139 141 142 143 144 145 146 147 148 149 150 151 152 153 154 155 156 157 158 159 161 162 164 165 166 167 168 169 170 171 172 173 174 175 176 178 179 180 181 182 183 184 188 189 190 191 192 193 194 195 196 197 198 199 200
27 81 83 84 85 87 88 89 90 91 92 93 94 96 97 98 99 100 102 103 104 105 106 107 108 109 110 111 112 113 114 115 116 117 118 119 120 121 122 123 124 125 126 127 129 130 131 132 133 134 135 136 137 138 139 140 141 142 143 144 145 146 147 148 149 150 151 152 153 154 155 156 157 158 159 160 161 162 163 164 165 166 167 168 170 171 172 173 174 175 177 178 179 180 181 182 183 184 185 186 187 188 189 190 191 192 193 194 195 196 197 198 199
21 82 83 84 85 87 88 89 90 91 92 93 94 95 96 97 99 100 101 102 103 104 106 107 108 109 110 111 112 113 114 115 116 117 118 119 121 122 123 124 126 127 128 129 130 131 132 133 135 136 137 138 139 141 142 143 144 145 146 147 148 149 150 151 152 153 154 157 158 159 160 161 162 163 164 165 166 167 168 169 170 171 173 174 175 176 177 178 181 182 183 184 185 186 187 188 190 192 193 194 195 196 198 199 200
15 84 85 86 88 89 91 92 93 94 95 96 97 98 99 100 101 102 103 104 105 107 109 111 112 113 114 115 116 117 118 119 120 121 122 123 124 125 126 127 128 129 130 131 132 133 134 135 136 137 138 139 140 142 143 144 145 146 147 148 149 150 151 152 153 154 155 156 157 160 162 163 164 165 166 167 171 172 173 174 175 176 177 178 179 180 181 182 183 184 185 186 187 188 189 190 191 192 193 194 195 196 197 198
18 84 85 86 87 88 89 90 91 92 95 96 99 100 101 102 103 104 105 106 107 108 110 111 112 113 114 115 116 117 119 120 121 122 123 124 125 126 127 129 130 131 133 134 136 137 138 139 140 141 142 146 147 148 149 150 151 154 155 157 158 159 160 161 162 163 164 165 167 168 170 171 172 174 175 176 177 178 179 180 181 182 183 184 185 186 187 188 190 191 192 193 194 195 196 197 198 200
16 85 86 87 88 89 90 91 92 93 95 96 97 98 99 100 101 103 104 105 107 108 110 111 112 113 114 116 117 118 119 120 121 122 123 124 125 126 127 128 129 130 131 132 133 134 135 136 137 138 139 140 141 142 143 144 145 146 147 148 149 150 151 152 153 154 155 156 157 158 160 163 164 166 167 168 169 170 171 172 173 174 175 176 177 178 180 181 183 184 185 186 187 188 189 190 191 193 194 195 196 197 198 199 200
13 86 87 88 89 90 91 92 93 94 95 96 97 98 99 100 101 102 104 105 106 107 108 109 110 111 112 113 115 117 118 119 120 121 123 124 125 126 127 129 130 131 132 133 134 135 136 137 138 139 141 142 143 144 145 146 147 148 149 150 151 152 153 154 155 156 157 158 159 160 162 163 164 165 166 167 168 169 170 171 172 174 175 176 178 179 180 181 182 183 184 185 186 187 188 189 190 191 192 193 194 195 196 197 198 199 200
11 87 88 89 90 91 92 94 95 96 97 98 99 100 102 103 104 105 106 107 108 109 110 111 112 113 114 115 116 117 118 119 120 121 122 123 124 126 127 128 129 130 131 132 133 134 135 137 138 139 140 141 142 143 144 146 147 148 149 150 151 152 153 154 155 156 157 158 159 161 162 163 165 167 168 169 170 171 172 173 174 175 176 177 178 179 180 181 182 183 184 185 186 187 189 190 191 192 193 194 195 196 197 198 199 200
11 88 89 90 91 92 93 94 95 96 98 99 101 102 103 104 105 106 107 108 109 110 112 113 114 115 116 117 118 119 120 121 122 124 125 126 128 129 130 131 132 134 135 138 139 140 141 142 143 144 145 146 147 148 149 152 153 154 156 157 158 159 160 161 162 163 165 166 167 168 169 170 171 172 173 174 175 176 178 179 182 183 184 185 187 188 191 192 193 194 195 196 197 198 199 200
19 89 91 92 93 94 96 98 99 100 101 102 103 105 106 107 110 111 112 113 114 115 116 117 118 119 120 121 122 123 124 125 128 129 130 131 132 133 134 135 136 137 138 139 140 142 143 144 145 146 147 148 150 151 153 154 155 156 157 158 159 160 161 162 165 166 167 168 169 170 171 172 173 174 175 176 177 179 180 181 182 183 184 185 186 187 188 189 192 193 194 195 196 197 198 199 200
28 90 91 92 93 94 95 97 98 100 101 102 105 106 107 108 109 110 111 112 113 114 115 116 117 118 119 120 121 122 123 124 125 126 127 128 129 131 132 133 134 135 136 138 140 141 142 143 145 146 147 148 150 153 154 155 156 157 158 159 160 161 163 164 165 166 167 168 169 171 172 174 175 177 178 179 180 181 183 184 185 186 187 188 189 190 191 192 193 194 195 196 198 199 200
22 91 92 93 94 96 97 98 99 100 102 103 104 105 106 107 108 109 110 111 112 113 114 117 118 119 120 121 122 123 124 125 126 127 128 130 131 132 133 134 135 136 137 139 140 141 142 144 145 146 147 148 150 151 152 153 154 155 156 158 160 161 162 163 164 165 166 167 168 169 170 171 172 173 174 175 176 177 178 180 181 182 184 185 186 187 188 189 190 191 192 193 194 195 196 199
16 92 94 95 96 97 98 99 100 101 102 103 104 105 107 108 109 110 111 113 114 115 116 117 118 120 121 122 123 124 125 127 128 130 131 132 133 134 135 136 137 138 139 141 142 143 145 146 147 148 149 150 151 152 153 154 155 156 157 158 159 160 161 162 163 164 165 166 167 170 171 172 173 174 175 176 177 178 179 180 181 182 183 184 185 186 187 188 189 190 191 192 193 194 195 196 197 198 199 200
13 93 94 95 96 97 98 99 100 101 103 104 105 106 107 108 109 110 111 112 113 114 115 116 118 119 120 121 122 123 124 125 126 127 128 129 130 131 133 134 136 137 138 139 140 141 142 143 144 145 146 147 148 149 150 151 152 153 154 155 156 157 158 159 160 161 162 163 164 165 167 168 169 170 171 172 173 174 175 176 177 178 179 180 181 182 183 184 185 186 187 188 189 190 191 192 193 195 196 197 198 200
12 94 95 96 97 98 99 100 101 102 103 104 105 106 107 108 109 111 112 113 114 115 117 118 119 120 121 122 123 124 125 126 127 128 129 130 131 132 133 134 135 136 137 138 139 140 141 142 143 144 145 146 148 149 150 151 152 153 154 155 156 157 158 159 160 161 162 163 164 165 166 167 168 169 170 171 172 174 175 176 177 179 181 182 183 184 185 187 188 189 190 191 192 193 194 195 196 197 198 200
21 95 96 97 98 99 100 101 102 103 105 106 107 109 110 111 112 113 114 116 117 118 119 120 121 122 123 124 126 127 128 129 130 131 132 133 134 135 136 137 138 139 140 141 143 144 145 146 147 148 149 150 152 153 154 155 157 158 159 160 161 162 163 164 165 166 167 168 169 170 171 172 173 174 175 176 177 178 179 180 181 184 185 186 187 188 189 190 191 192 193 194 196 197 198 199 200
11 96 97 98 99 100 101 102 103 104 105 106 107 108 109 110 111 112 113 114 116 117 118 119 120 122 123 124 125 126 127 128 129 130 131 132 133 134 135 136 137 138 139 140 141 142 143 144 145 146 147 148 149 150 151 152 153 154 155 156 157 158 159 160 161 162 163 164 165 166 167 168 169 170 171 172 173 175 176 178 179 181 182 183 184 185 186 187 188 189 190 191 192 193 194 195 196 197 199 200
27 97 98 99 100 102 103 105 106 107 108 109 110 111 112 113 115 116 117 118 119 120 121 122 123 124 125 126 127 129 130 131 132 133 134 135 136 137 138 139 140 141 142 143 144 145 146 147 148 149 151 152 153 154 155 156 157 159 160 162 163 164 165 166 169 170 171 172 173 174 175 176 177 179 180 181 182 185 186 187 189 190 191 192 193 194 195 196 197 198 199
27 98 99 100 101 102 103 104 105 106 107 108 109 110 111 112 113 114 115 116 117 118 119 120 121 122 123 124 126 127 128 129 130 131 132 133 134 135 136 138 139 140 141 142 143 144 145 146 147 148 149 150 151 152 153 154 155 156 157 158 159 160 162 163 164 165 167 168 169 170 171 173 174 176 178 179 180 181 182 183 184 185 189 190 191 192 194 195 196 197 198 199 200
10 99 100 101 102 103 104 105 106 107 108 109 111 112 113 114 115 116 117 118 119 120 121 122 123 125 126 128 129 130 131 132 133 134 135 136 137 138 139 140 141 142 143 144 145 146 147 148 149 150 152 153 154 155 156 158 159 160 161 162 163 164 165 166 167 168 169 170 171 172 173 174 175 176 177 178 179 180 181 182 183 184 185 186 187 188 189 191 192 193 194 195 196 197 198 199 200
12 100 101 102 103 105 106 107 109 111 112 113 114 115 117 118 119 120 121 122 123 124 125 126 127 129 130 132 133 134 135 136 137 138 139 141 142 143 144 145 146 147 148 149 150 151 152 153 154 155 156 157 158 159 160 162 163 164 165 166 167 168 169 170 171 172 173 174 175 176 177 178 179 180 181 182 183 184 185 186 187 188 189 190 191 192 193 194 195 196 197 198 199 200
13 101 102 103 104 106 107 108 109 110 111 112 113 114 115 116 117 118 119 120 121 122 123 124 126 127 128 129 130 131 132 133 134 135 136 137 138 140 141 143 144 145 146 147 148 150 151 152 153 154 155 158 159 160 161 162 163 164 166 167 168 169 170 171 172 173 174 175 176 177 178 179 180 181 182 183 184 185 186 187 189 190 191 192 193 195 196 197 198 199 200
17 102 103 104 105 106 107 108 109 110 111 112 113 114 115 116 117 118 119 120 121 122 123 124 125 126 127 128 129 130 131 132 133 134 135 136 137 138 139 140 142 143 144 145 146 147 148 149 150 151 152 153 154 155 156 157 158 159 160 161 162 163 164 165 166 167 169 170 172 173 174 175 176 177 178 179 180 182 183 184 185 186 188 189 190 191 192 193 194 195 196 197 198 199 200
13 104 105 106 107 109 110 111 113 114 115 116 117 118 119 120 121 122 123 124 125 126 127 128 129 130 131 132 133 134 135 137 138 139 140 142 143 144 145 146 147 148 149 151 152 153 154 155 156 158 159 160 161 162 163 165 166 167 168 169 170 171 172 173 174 175 176 177 178 179 180 181 182 183 184 185 186 187 188 189 190 191 192 193 194 195 196 197 198 199 200
15 104 105 106 107 108 109 110 111 112 113 114 115 116 118 119 120 121 122 123 124 125 126 127 128 129 130 131 132 133 134 135 136 137 138 140 141 142 143 144 145 146 147 148 150 151 152 153 154 155 156 157 158 159 160 161 162 163 164 165 166 167 168 170 171 173 174 175 176 177 178 179 180 181 182 183 184 185 186 187 188 189 190 191 192 193 194 196 197 198 199 200
27 105 106 107 108 110 111 112 113 114 116 117 119 120 122 123 124 125 126 127 128 129 130 131 132 133 135 136 137 139 140 141 142 143 144 146 147 148 150 151 152 153 154 155 156 157 158 159 160 161 162 163 164 165 166 167 168 169 170 171 172 173 176 177 179 181 182 183 184 185 186 187 188 189 190 191 192 193 194 195 196 197 198 199 200
22 106 108 109 110 111 112 113 115 116 117 118 120 121 122 123 124 125 126 128 129 130 131 133 136 137 138 139 140 141 142 143 144 145 146 147 148 149 150 151 152 153 154 155 156 157 158 159 160 161 162 163 164 166 167 168 169 170 171 172 173 174 175 176 178 179 180 181 182 183 184 185 186 187 188 189 190 191 192 193 194 195 196 197 198 199 200
25 107 108 109 110 111 112 113 114 115 116 117 118 119 120 121 122 123 124 125 126 127 128 129 130 131 132 133 134 135 136 137 138 139 140 141 142 143 144 145 146 147 148 149 150 151 152 153 154 155 156 157 158 159 160 161 163 164 165 166 167 169 170 171 172 173 174 175 176 177 178 179 181 182 183 184 185 186 187 188 189 190 191 192 193 194 195 196 197 199 200
24 108 109 110 111 112 113 114 115 116 117 118 120 121 122 123 124 126 127 128 129 130 131 132 133 134 135 137 141 142 143 144 145 146 147 148 149 151 152 153 154 155 156 157 158 159 160 161 162 163 165 166 167 168 169 170 171 172 173 174 175 176 177 178 179 180 181 182 183 184 185 186 187 188 189 190 191 192 194 195 196 197 198 199 200
16 109 110 111 113 114 115 116 117 118 119 120 122 123 124 126 127 128 129 130 131 132 133 135 136 137 138 139 140 141 142 143 144 145 146 148 149 151 153 154 155 156 157 159 160 162 163 164 165 166 168 169 170 171 173 174 175 176 177 178 179 180 181 182 183 185 186 187 188 189 191 193 195 197 198 199 200
27 110 111 112 113 114 115 117 118 119 120 121 122 123 124 125 126 127 128 129 130 131 132 133 134 135 137 138 139 140 141 142 144 145 146 147 149 150 151 152 153 154 155 156 157 158 159 160 161 162 163 164 165 166 167 168 169 170 171 172 173 174 175 176 177 179 180 181 182 183 184 185 186 187 188 189 190 191 192 193 194 195 197 198 199 200
18 111 112 114 116 119 120 122 124 125 126 127 128 129 130 131 132 133 134 135 136 137 138 139 140 141 142 143 144 145 146 147 148 149 150 151 152 153 154 155 157 158 160 161 162 163 164 165 166 167 168 169 170 171 172 173 174 175 176 177 178 180 181 182 183 184 185 186 187 188 190 191 192 193 195 196 197 198 199 200
18 112 113 114 115 116 117 118 119 120 121 123 124 125 126 127 128 129 130 132 133 134 135 136 137 138 139 140 141 142 143 144 145 147 148 149 150 151 152 153 154 155 156 157 158 159 160 161 162 163 164 165 166 168 169 170 171 172 173 174 175 176 177 178 179 180 181 182 183 184 185 186 187 188 189 190 191 192 193 194 195 197 198 199 200
20 113 114 115 116 117 118 119 120 121 122 123 124 125 126 127 128 129 130 131 132 133 134 135 136 137 138 139 140 141 142 143 144 145 147 148 149 150 151 152 154 155 156 157 158 159 161 162 163 164 165 166 167 168 169 170 171 172 173 174 175 176 177 178 179 181 182 183 184 185 186 187 188 189 191 192 193 194 195 196 197 198 199 200
13 114 116 117 118 119 120 121 122 123 124 125 126 127 128 129 130 131 132 133 134 135 136 137 138 139 140 141 142 143 144 145 146 147 148 149 150 151 152 153 154 155 156 157 158 159 160 161 162 163 164 165 166 167 168 169 170 171 172 173 174 175 176 177 178 179 181 182 183 184 185 186 187 188 189 191 192 194 195 196 197 198 199 200
25 115 117 118 119 120 121 122 123 124 125 126 128 129 130 131 132 133 134 135 136 137 138 139 140 141 142 143 144 145 147 148 149 150 151 152 153 154 156 157 158 159 160 161 162 163 165 166 167 168 169 170 171 172 173 174 175 176 177 178 179 180 181 183 184 185 186 187 188 189 190 191 192 193 194 196 197 198 199 200
30 116 117 118 119 120 121 122 123 125 127 128 129 130 131 132 133 134 135 136 137 138 139 140 141 143 144 145 146 147 148 149 150 152 153 154 155 156 157 158 160 161 162 163 164 166 168 169 170 171 172 173 174 175 176 177 178 179 180 181 182 183 185 187 188 189 190 191 192 195 196 197 199
29 117 118 119 120 122 123 124 125 126 127 128 129 130 131 133 134 135 136 137 138 139 140 141 142 143 144 145 146 147 148 149 150 151 152 153 154 155 156 157 158 159 160 161 162 163 164 165 166 167 168 169 170 172 173 174 176 177 178 180 181 182 183 184 185 187 188 189 190 191 192 193 194 195 196 197 198 199 200
25 118 119 120 121 122 123 124 125 126 127 128 129 130 131 132 133 134 135 136 137 138 139 140 141 142 143 144 145 146 147 148 150 151 152 155 156 157 158 159 160 161 162 163 164 165 166 167 168 169 171 172 173 174 175 176 177 178 179 180 181 182 183 184 185 186 187 188 189 190 191 192 193 194 196 199 200
17 119 120 121 122 123 124 125 126 127 129 130 131 132 133 134 135 136 137 139 140 142 143 144 147 148 149 150 151 153 154 155 156 158 159 160 161 162 163 164 166 167 168 169 170 171 172 173 174 175 176 177 178 179 180 181 182 183 184 186 187 188 189 190 191 192 193 195 196 197 198 199 200
30 120 121 122 123 124 125 126 128 129 130 132 133 134 135 136 137 139 140 141 142 143 145 146 147 148 149 150 151 152 153 154 156 158 159 160 161 162 163 165 166 167 168 169 170 171 172 173 174 175 176 177 178 179 180 181 182 183 184 185 186 187 188 189 190 191 192 193 194 195 196 197 198 199 200
30 121 122 123 124 125 126 127 128 129 130 131 133 134 135 136 137 138 139 140 141 142 143 145 146 147 149 150 151 152 153 154 155 156 157 158 159 160 161 162 163 164 165 166 168 169 170 171 173 174 175 176 177 178 179 180 181 182 183 184 185 186 187 188 190 191 192 193 194 195 196 197 198 199 200
22 122 123 124 125 126 127 128 129 130 131 132 133 134 136 137 138 139 140 141 142 143 144 146 147 148 150 151 153 154 155 157 158 159 160 161 162 163 164 166 167 168 169 170 171 173 174 175 176 177 178 179 180 181 182 183 184 185 187 189 190 191 192 193 194 195 196 197 198 199 200
10 123 124 125 126 127 128 129 130 132 133 134 135 136 138 139 140 141 142 143 144 145 146 147 148 150 151 152 153 154 155 156 158 159 160 161 162 164 165 166 167 168 169 170 171 172 174 175 176 177 178 179 180 181 182 183 184 185 186 187 188 189 190 191 192 193 194 196 197 198 199 200
16 124 125 126 127 128 130 131 132 133 134 135 136 137 138 139 140 141 142 143 144 146 147 149 150 152 153 154 155 156 157 158 160 161 162 163 164 165 166 167 168 169 170 171 172 173 174 176 177 178 180 181 182 183 184 185 186 187 188 189 190 192 193 194 196 197 199 200
10 125 126 127 128 129 131 132 133 134 135 136 137 138 139 141 142 144 145 146 147 148 149 151 152 153 154 155 156 157 159 160 161 162 163 165 166 167 168 169 170 171 172 173 174 176 179 180 181 182 183 184 185 186 187 188 189 190 191 192 193 194 195 196 197 198 199 200
26 127 128 129 131 132 133 134 135 136 137 139 140 141 142 143 144 145 146 147 148 149 151 152 153 154 155 156 157 158 159 160 161 162 163 164 165 166 167 169 170 171 172 173 174 175 176 177 178 180 181 182 183 184 185 186 187 188 189 190 191 192 193 194 195 196 197 198 199 200
26 127 128 129 130 131 132 133 134 135 136 137 138 139 140 141 143 144 146 147 148 149 151 152 153 154 155 156 157 158 159 160 161 163 164 165 166 167 168 169 170 171 172 173 174 175 176 178 179 180 181 182 183 184 185 186 187 188 190 191 192 193 194 195 196 197 200
22 128 129 130 131 133 134 135 137 138 139 140 141 144 145 146 148 149 150 151 152 153 154 155 156 157 158 159 160 161 162 163 164 165 166 168 169 170 171 172 173 174 175 176 177 178 179 180 181 182 183 184 185 186 188 189 190 191 192 193 194 195 196 197 198 199 200
21 129 130 131 132 133 134 135 136 137 138 139 140 142 143 144 145 146 147 148 149 150 151 152 153 154 155 158 159 160 161 162 163 164 165 166 167 168 169 172 173 174 175 176 177 178 179 180 181 182 183 186 187 188 190 191 192 193 194 195 197 198 199 200
19 130 131 133 134 135 136 137 138 139 140 141 142 143 144 145 146 147 148 149 150 151 152 153 154 155 158 159 160 161 162 163 164 165 166 167 168 169 171 172 173 175 176 177 178 179 180 181 182 184 185 186 187 188 189 190 192 193 194 195 196 197 199 200
20 131 132 133 134 135 137 138 139 140 141 142 143 145 146 148 149 150 151 152 154 155 156 157 158 159 160 161 162 163 164 165 166 167 168 169 170 171 172 173 174 175 176 177 180 181 182 183 184 185 186 187 188 189 190 191 192 193 194 195 196 198 199 200
29 132 133 135 136 137 139 140 141 142 143 144 145 146 147 148 149 150 151 152 153 154 155 156 157 159 160 161 162 163 164 166 168 169 170 171 172 173 174 175 176 177 178 179 180 181 182 183 184 185 186 187 188 189 190 191 192 193 194 195 196 197 198 200
10 133 134 136 137 138 140 141 142 143 144 145 146 147 148 150 151 152 153 154 155 156 157 158 159 160 161 162 163 164 165 166 167 168 169 170 171 172 173 174 175 177 180 181 182 184 185 186 187 188 189 190 192 193 194 195 196 197 199 200
26 134 135 136 137 138 139 140 141 142 143 144 145 146 147 148 149 150 151 152 153 154 155 156 157 158 159 160 161 162 163 164 165 166 167 169 170 171 172 173 174 175 176 177 178 179 180 181 182 184 185 186 187 188 189 190 191 192 194 195 196 197 198 199 200
20 135 136 138 139 140 142 143 144 145 146 147 149 151 152 153 155 156 157 158 159 160 161 162 163 164 165 169 170 171 172 174 175 176 177 178 179 180 181 182 183 184 185 186 187 188 189 190 191 192 193 194 195 196 197 198 199 200
15 136 137 138 139 140 141 142 143 144 145 146 147 149 150 151 152 153 154 155 156 157 158 159 160 161 162 163 164 165 166 167 168 169 170 171 172 173 174 175 176 177 178 179 180 181 182 183 184 185 186 187 188 190 191 192 193 194 195 196 197 198 200
13 137 138 141 142 143 144 145 146 147 148 149 150 151 152 153 154 156 157 159 160 161 162 163 164 165 166 167 169 170 171 173 174 175 176 177 179 180 181 182 183 184 185 186 187 188 189 190 191 192 193 194 195 197 198 200
20 138 139 140 141 142 143 144 145 147 148 149 150 151 153 154 155 156 157 159 160 161 162 163 164 165 166 168 169 170 172 173 174 175 176 177 178 180 181 182 183 184 186 187 188 189 190 191 192 193 194 195 196 197 198 199 200
13 139 140 141 142 143 144 145 146 147 148 149 150 151 152 153 154 155 156 157 158 159 160 161 162 163 164 165 166 167 169 170 171 172 173 174 175 176 177 178 179 180 181 182 183 184 185 186 187 188 189 190 191 193 194 195 197 199 200
11 140 141 142 143 144 145 146 147 148 149 150 151 153 154 155 156 157 158 159 160 161 162 163 164 166 167 168 169 170 171 172 173 174 175 176 177 178 180 181 182 183 184 185 186 187 188 190 191 193 194 195 196 198 199 200
12 141 143 144 145 146 147 148 149 150 152 153 154 155 156 157 158 159 160 161 162 163 164 165 166 167 168 169 170 172 173 174 175 176 177 179 180 181 182 183 184 185 186 187 188 189 190 191 192 193 194 195 196 197 198 199 200
23 142 143 144 145 147 148 149 150 151 152 153 154 155 156 157 158 159 160 162 163 164 165 166 167 168 169 170 171 172 173 174 176 177 178 179 180 181 182 183 184 185 186 187 188 189 190 191 192 193 194 195 196 197 198 199 200
24 143 144 145 146 147 148 149 150 151 152 153 154 155 156 157 158 159 160 162 163 164 166 167 168 170 171 172 173 174 175 176 177 178 179 180 181 182 183 185 186 188 189 190 191 192 193 194 195 196 197 198 199 200
20 144 145 146 147 149 150 151 153 154 155 156 157 158 159 160 161 162 163 164 165 166 167 168 169 170 172 173 174 175 176 177 178 179 180 181 182 183 184 185 186 187 189 190 191 192 193 196 197 198 199 200
17 145 146 147 148 149 150 151 152 153 154 155 156 157 158 160 161 162 164 165 166 167 168 170 172 174 175 176 177 178 179 180 181 182 183 184 185 186 187 188 189 190 191 192 193 194 195 196 197 198 199 200
13 146 147 148 149 150 151 152 153 155 156 157 158 159 161 162 163 164 165 166 167 168 169 170 171 172 173 174 175 176 177 178 179 180 181 182 183 184 185 186 187 188 189 190 191 192 193 194 195 196 197 198 199 200
24 147 148 149 150 151 152 153 154 155 156 157 158 159 160 161 162 163 164 165 166 167 168 169 170 171 172 174 175 176 177 178 179 180 181 183 184 185 186 188 190 191 192 193 194 195 196 197 198 199 200
17 148 149 150 151 152 155 156 157 158 159 160 161 162 163 164 165 166 167 168 169 171 172 173 174 175 176 177 178 179 180 181 182 183 184 185 186 187 188 190 191 192 193 194 195 196 197 198 199 200
28 149 150 151 153 154 155 156 157 158 159 160 161 165 166 167 168 169 170 171 172 173 174 175 176 178 179 180 181 182 183 184 185 186 187 188 189 190 191 192 193 194 195 196 197 200
12 150 151 152 153 154 155 156 157 158 159 160 161 162 163 164 165 166 167 168 169 170 172 173 174 175 176 177 178 179 180 181 182 184 185 186 187 188 190 191 192 193 194 195 196 197 198 199 200
21 151 152 153 154 155 156 157 159 161 162 163 164 165 166 167 168 169 170 171 172 173 174 175 178 179 180 181 182 183 184 185 187 189 190 191 192 193 194 195 196 197 198 199 200
23 152 153 154 155 156 157 158 159 162 163 164 165 166 167 168 169 170 171 172 173 174 175 176 178 179 181 182 183 184 185 186 187 188 189 190 191 193 194 195 196 197 200
20 153 154 155 156 157 158 159 160 161 162 163 164 165 166 167 169 170 171 172 173 174 175 176 177 178 179 180 181 182 183 184 185 186 187 188 189 191 192 193 194 195 196 197 198 199 200
25 155 156 157 158 159 160 161 163 164 166 168 170 171 172 173 174 175 176 177 178 180 181 182 183 184 185 186 188 189 191 192 193 195 196 197 198 199 200
15 155 156 157 158 159 160 161 162 163 164 165 166 167 168 169 170 171 172 173 174 175 176 177 178 179 180 181 182 183 184 185 186 187 188 189 190 191 192 193 194 195 196 197 198 199 200
28 156 157 158 160 161 162 163 164 165 166 167 168 169 170 171 172 173 174 175 176 177 178 179 180 182 183 184 185 186 187 188 189 190 191 192 193 194 195 196 197 198 199 200
16 157 158 159 160 161 162 163 164 165 166 167 168 169 171 173 174 175 176 177 179 180 181 182 184 185 186 187 188 189 190 191 192 193 194 195 196 197 198 200
27 158 159 160 162 163 164 165 166 168 169 170 171 172 173 174 175 176 177 178 179 181 182 183 184 186 187 188 189 190 191 192 193 194 195 196 197 198 199
13 159 160 161 162 163 164 165 166 167 168 169 171 172 173 174 176 177 179 180 181 182 183 184 186 187 188 189 190 191 192 193 194 195 196 197 198 199 200
13 160 161 162 163 164 166 167 168 169 170 172 173 174 175 176 177 178 179 180 181 182 183 184 185 186 187 188 189 190 191 192 193 194 195 196 198 199 200
12 161 162 163 165 166 167 168 169 170 171 172 173 174 175 176 177 178 179 180 181 182 183 184 185 186 187 188 190 191 193 194 196 197 199 200
10 162 163 164 165 166 167 172 173 174 175 176 177 178 179 180 181 182 183 184 185 186 187 189 191 193 194 195 196 197 198 199 200
10 163 164 165 166 167 169 170 171 172 173 174 175 176 177 178 179 180 181 182 183 184 185 189 190 192 193 194 195 196 197 199 200
25 164 165 166 167 168 170 171 173 174 176 177 178 179 180 181 182 183 184 185 186 187 189 190 191 192 193 194 195 196 197 198 200
15 165 166 167 168 169 170 171 172 173 174 175 176 177 179 180 181 182 183 184 185 186 187 188 189 190 191 192 193 194 195 196 197 198 199 200
15 166 168 169 170 171 172 173 174 176 177 178 179 180 181 182 183 184 185 186 187 188 189 190 191 192 193 194 195 196 197 198 199 200
16 167 168 169 170 171 172 173 174 175 176 177 178 179 180 183 184 185 186 187 188 189 190 191 192 193 194 195 196 197 198 199 200
22 168 169 171 172 173 174 177 178 179 180 181 182 183 184 185 186 187 188 189 190 191 193 194 195 196 197 198 199 200
18 169 170 171 172 174 175 176 177 178 180 181 182 183 185 186 187 188 190 191 192 193 195 196 197 198 199 200
22 170 171 172 173 174 176 177 178 179 180 181 182 183 184 185 186 187 188 189 190 191 192 193 194 195 196 197 198 199 200
14 171 172 173 174 178 179 180 181 182 183 184 185 186 187 188 190 192 193 194 195 196 197 198 199 200
28 172 173 174 175 176 177 178 179 180 181 182 183 184 185 186 187 188 189 191 192 193 194 195 196 197 198 199 200
16 173 174 176 177 178 179 180 181 182 183 184 185 186 188 189 190 191 192 193 194 196 197 198 199
27 174 175 176 177 178 179 180 181 184 185 187 188 190 191 192 193 194 195 196 197 198 200
30 175 176 177 178 179 180 181 182 183 184 185 186 187 188 189 190 191 192 193 194 195 196 197 198 199 200
19 176 177 178 179 180 181 182 183 184 185 186 187 188 190 191 192 193 194 195 196 197 198 199 200
29 177 178 179 180 182 183 184 186 187 188 189 192 193 194 195 196 197 198 199 200
28 178 179 180 181 182 183 184 185 186 188 190 191 192 193 194 195 196 197 198 199 200
28 179 181 182 183 185 187 189 190 191 192 193 194 195 196 197 198 199 200
28 180 181 182 184 185 186 187 188 189 190 191 194 195 196 197 198 199 200
29 181 182 183 184 185 186 187 188 189 190 191 192 193 194 195 196 197 198 199 200
14 182 183 184 186 188 189 190 191 192 194 195 196 197 198 199
17 183 186 187 188 189 190 191 192 193 194 195 196 197 198 199 200
19 184 185 186 187 189 190 191 192 193 195 196 197 198 199 200
28 185 186 188 189 190 192 193 194 195 196 197 198 199 200
21 187 188 189 190 191 192 193 194 195 196 197 198 199 200
29 187 188 189 190 191 192 193 194 196 197 199 200
27 188 189 190 191 192 193 196 197 198 199 200
22 189 190 191 192 193 194 195 196 197 198
15 190 191 194 195 196 197 199 200
16 191 193 195 196 197 198 199 200
23 192 193 194 195 196 197 198 199 200
20 193 194 195 196 197 198 199 200
17 194 195 196 197 198 199 200
29 195 196 197 198 199 200
17 196 197 198 199 200
10 197 198 199 200
17 198 200
20 199 200
12 200
20
