50	10	200	10
-2	11	3
-1	16	6
-5	4	4
-3	14	3
-4	12	5
-1	20	7
-1	9	4
-2	11	4
-2	7	9
-1	8	5
38 2 3 4 5 6 7 8 9 10 12 13 14 15 16 17 18 19 20 21 22 23 24 25 26 27 28 29 30 31 32 33 34 35 36 37 38 39 40 41 42 43 44 45 46 47 48 50
59 3 4 5 6 7 8 9 10 11 12 13 14 15 17 19 20 21 22 23 24 26 27 28 29 30 31 32 33 34 35 36 37 38 39 40 41 42 43 44 46 48 49 50
52 4 5 6 7 8 9 10 12 13 14 15 16 18 19 20 21 23 25 26 27 28 29 30 31 32 33 34 35 36 37 38 39 40 41 42 43 44 46 47 48 49 50
54 5 6 7 8 9 10 12 13 14 15 16 17 18 21 23 25 26 27 28 29 31 32 33 34 35 36 37 38 39 40 42 43 44 46 47 49 50
39 6 7 8 9 10 11 12 14 15 16 17 18 20 21 22 23 24 25 26 27 28 30 31 32 33 34 35 36 37 38 39 40 41 42 44 45 46 48 49 50
53 7 9 10 11 12 13 14 15 16 17 18 19 20 21 22 23 24 25 26 27 28 29 30 31 32 33 34 35 36 37 38 39 40 41 42 43 44 45 46 47 48 49 50
52 8 9 10 11 12 13 14 15 16 17 18 19 21 22 23 24 25 26 28 29 30 31 32 33 34 35 36 37 38 39 40 42 44 45 47 48 49 50
44 9 10 11 12 13 14 15 16 17 18 19 20 21 22 23 24 25 26 27 28 29 31 33 34 35 36 37 38 39 40 41 42 43 44 45 46 47 48 49 50
52 10 11 12 13 14 15 16 17 18 19 20 21 22 23 24 25 26 27 28 29 30 31 33 34 35 36 38 39 40 41 42 43 44 45 48 49 50
46 11 12 13 14 15 16 17 18 20 21 22 23 24 25 26 27 28 29 31 32 33 34 35 36 37 38 39 40 41 42 43 44 45 46 47 48 49 50
39 12 13 15 16 17 18 19 20 21 22 23 24 25 26 28 29 30 31 32 33 34 36 38 39 40 41 42 43 44 45 46 47 49 50
58 13 14 15 16 17 18 19 20 21 22 23 24 25 27 28 29 30 31 33 35 36 37 38 40 41 42 43 44 45 47 48 49 50
55 15 16 17 18 19 20 21 22 24 25 26 27 28 29 30 31 32 33 34 37 38 39 40 41 42 44 45 46 47 48 49 50
58 15 16 17 19 20 21 22 23 24 25 26 27 28 29 30 32 33 35 36 37 38 39 40 41 42 43 44 45 47 48 49 50
49 16 17 18 20 21 22 24 26 27 28 29 30 31 32 34 35 36 37 38 39 40 42 43 44 45 46 48 49 50
37 17 18 19 21 22 23 24 25 26 27 28 29 30 31 32 34 35 36 37 38 39 41 42 43 44 45 46 47 48 49 50
31 18 19 20 21 22 23 24 25 26 27 28 29 30 31 32 33 34 35 36 37 38 39 40 41 42 43 45 46 47 48 49
59 19 20 21 23 24 25 26 27 28 29 30 31 32 33 34 35 36 37 38 39 40 41 42 43 44 45 46 47 48 49 50
49 20 21 22 23 25 26 27 28 29 30 31 32 33 34 35 37 38 39 40 41 42 43 44 45 46 47 48 49 50
33 21 22 23 24 26 27 28 29 30 32 33 34 35 36 37 38 39 40 41 42 43 44 45 46 47 48 49 50
47 22 23 24 25 26 27 28 29 30 31 32 33 34 35 36 37 39 40 41 42 43 44 46 47 48 49 50
58 23 24 25 26 27 28 29 30 31 32 33 34 35 37 38 39 40 41 42 43 44 45 46 47 48 49 50
33 24 25 26 27 28 30 31 32 33 34 35 36 37 38 39 40 41 42 44 45 47 48 49 50
43 25 26 27 28 29 30 31 32 33 34 35 36 37 38 39 40 41 42 43 44 45 46 47 48 49 50
56 26 27 28 29 30 32 34 35 36 37 38 39 40 41 42 43 44 45 46 48 49
37 27 28 29 30 31 32 33 34 35 36 37 38 39 40 41 42 43 44 45 46 47 48 49 50
32 28 29 30 31 32 33 34 35 36 37 38 41 42 43 44 45 46 47 48 49 50
47 29 30 31 32 33 34 35 36 37 38 39 40 42 43 44 45 46 47 48 49 50
57 30 32 34 35 36 37 38 39 40 41 42 43 44 46 47 48 49 50
54 31 32 33 35 36 37 38 39 40 41 42 43 44 45 46 47 48 49 50
45 32 33 34 35 37 38 39 40 41 42 43 44 46 47 48 49 50
32 33 35 36 37 38 39 40 41 42 43 44 45 46 47 48 50
60 34 36 37 39 40 41 42 43 44 45 47 48 49 50
45 35 36 37 40 41 43 44 45 46 47 48 49 50
49 36 37 38 40 41 42 43 44 45 46 47 48 49
59 37 38 39 40 41 42 43 44 45 46 47 48 49 50
60 38 39 40 41 42 45 47 48 49 50
59 39 40 41 43 44 45 46 47 48 49
45 40 41 42 43 44 45 46 47 48 49 50
60 41 43 44 45 46 47 48 50
57 42 43 44 45 47 48 49 50
55 43 44 45 47 48 49 50
55 44 45 46 48 49 50
58 45 46 47 48 49
56 46 47 48 50
41 48 49 50
52 48 49 50
36 50
36 50
47
