50	5	1000	1
0	37	9
0	96	12
0	85	10
0	63	9
0	84	10
175 2 3 4 5 6 7 8 9 10 11 12 13 14 15 16 17 18 19 20 21 22 23 25 26 27 28 29 30 31 34 35 36 37 38 39 40 41 42 43 44 45 47 49 50
293 3 5 6 7 8 10 11 12 13 14 15 17 18 19 20 21 22 23 24 25 26 27 29 30 31 32 33 34 36 37 38 39 40 41 42 43 45 46 47 48 50
153 4 5 6 7 8 9 10 11 13 15 16 17 18 19 20 21 22 23 24 25 26 28 29 30 31 32 33 34 35 36 37 38 40 41 42 43 44 45 46 50
252 5 6 7 8 9 10 11 12 13 14 15 16 17 18 19 20 21 22 23 24 25 28 29 30 31 32 33 34 36 37 38 39 40 41 42 43 44 45 46 47 48 49 50
173 6 7 8 9 10 11 12 14 15 16 17 18 19 20 21 22 23 24 25 26 27 28 29 30 31 32 33 34 35 36 37 38 39 40 41 42 43 44 45 46 47 48 49 50
275 7 8 9 10 11 12 13 14 15 20 21 22 23 24 25 27 29 30 31 32 33 34 35 36 37 38 39 40 41 42 43 44 45 46 47 48 49 50
224 8 9 10 11 13 14 15 16 17 18 19 20 21 22 23 24 25 26 27 28 29 31 32 33 34 35 37 38 39 40 42 43 44 45 46 47 48 49 50
167 9 10 11 12 13 14 15 16 17 18 19 20 22 23 24 25 26 27 28 30 31 32 33 34 35 36 37 38 39 40 41 42 43 44 45 46 47 48 49 50
159 10 11 12 13 14 15 16 17 18 19 20 21 22 23 24 27 28 29 30 31 32 33 34 35 36 37 38 39 40 41 42 43 44 45 46 47 48 49 50
299 11 12 13 14 15 16 17 19 20 21 22 23 24 25 26 28 29 30 31 32 33 36 37 38 39 40 41 42 43 44 45 47 48 49 50
279 12 13 14 15 16 17 18 19 20 21 22 23 24 25 26 28 29 30 31 32 33 34 35 36 37 38 39 40 41 42 43 44 45 46 47 48 49
222 13 14 15 16 17 18 19 20 21 22 23 24 25 26 27 28 29 30 31 33 34 35 36 37 38 40 41 42 43 45 46 47 48 49 50
166 14 15 16 17 18 19 20 21 22 23 24 27 28 29 30 31 32 33 34 35 36 37 38 39 40 41 42 43 44 45 46 47 49 50
295 15 16 17 19 20 21 22 23 24 25 26 27 28 30 31 32 33 34 35 36 37 39 40 41 42 43 44 45 46 47 48 49 50
211 17 19 20 21 22 23 24 26 27 28 29 30 31 32 33 34 35 36 37 38 39 40 41 42 44 45 46 47 48 49 50
288 17 19 20 21 22 23 24 25 27 28 29 30 31 32 33 34 35 36 37 38 39 40 41 42 43 44 45 46 47 48 50
297 18 21 22 23 24 26 27 28 29 31 32 33 34 35 36 37 38 39 40 41 42 43 44 45 46 47 49 50
224 19 21 22 25 26 27 28 29 30 31 32 33 34 35 37 38 39 40 41 42 43 44 45 46 48 50
198 21 22 23 24 25 26 27 28 29 30 31 32 33 34 36 37 38 39 40 41 42 43 44 45 47 48 49 50
183 22 23 24 25 26 27 29 30 31 32 33 34 35 36 37 38 39 40 41 42 44 45 46 47 48 49 50
283 22 23 24 25 26 27 28 29 30 31 32 33 34 36 37 38 40 41 43 44 45 46 47 48 49 50
160 23 24 26 27 28 29 30 31 32 33 34 36 37 38 39 40 41 42 43 44 46 47 48 49 50
253 24 25 26 27 28 31 33 34 35 36 37 39 40 41 42 43 45 46 47 49 50
272 26 27 28 29 30 31 32 33 34 36 37 38 39 40 41 42 43 44 45 47 48 49 50
187 26 27 28 29 30 31 32 33 35 36 37 38 39 40 41 42 43 44 45 47 48 49 50
283 27 28 29 30 32 33 34 35 36 37 38 39 40 42 43 45 46 47 50
276 28 29 30 32 33 34 35 37 38 39 40 41 42 43 44 45 46 47 48 49 50
212 29 30 31 32 33 34 35 36 37 39 40 41 43 44 46 47 48 49 50
290 30 31 32 33 34 35 36 38 39 40 41 42 44 45 46 47 48 49 50
248 31 32 33 35 36 37 38 39 40 41 42 43 44 45 46 47 48 49 50
284 33 34 35 36 37 38 39 40 41 42 43 44 45 46 47 48 49 50
248 33 34 36 37 38 39 41 42 43 45 46 47 49 50
280 34 35 36 37 39 40 41 42 43 44 45 46 47 48 49 50
234 35 36 37 40 41 42 43 45 46 47 48 49 50
240 36 37 38 39 40 41 42 43 44 45 46 47 48 50
272 37 38 39 42 43 44 45 46 47 48 49 50
289 38 39 40 41 42 43 44 45 46 48 49 50
223 40 41 42 43 44 45 46 49 50
216 40 41 42 43 44 45 47 48 49 50
288 41 42 43 45 46 47 48 50
174 43 44 45 46 47 48 49 50
214 43 44 45 46 47 48 49 50
230 44 45 46 47 48 49 50
202 45 46 47 49 50
165 46 47 48 49 50
231 47 48 49 50
227 48 50
290 49 50
173 50
158
