100	10	200	10
-4	31	9
-4	7	12
-1	23	7
-3	4	10
-5	36	11
-4	19	7
-4	10	8
-3	17	11
-4	32	10
-3	24	15
37 2 3 4 5 6 7 8 9 10 11 12 13 14 15 16 17 18 19 20 21 22 23 24 25 26 27 28 29 30 31 32 33 34 36 37 39 40 41 42 43 44 45 46 47 49 50 51 52 53 54 55 56 58 59 60 61 62 64 65 67 68 69 70 71 72 74 75 76 77 78 79 81 82 83 84 85 86 87 89 90 91 92 93 94 97 99 100
22 4 5 6 7 8 9 10 11 12 13 14 15 16 17 18 19 20 21 22 23 24 25 26 27 28 29 32 33 34 35 36 37 39 40 41 42 43 44 45 46 47 48 49 50 51 52 53 54 55 56 58 59 60 61 62 63 64 65 66 67 68 69 70 71 72 73 75 76 78 79 80 81 82 84 85 86 87 88 90 91 92 93 94 95 96 97 98 99 100
39 4 5 6 7 8 9 10 11 12 13 14 15 16 17 18 19 21 22 23 24 25 26 27 28 29 30 31 32 33 35 36 37 38 39 40 41 42 43 44 45 46 47 49 50 51 52 53 54 55 57 58 59 60 61 62 63 65 66 67 68 69 70 71 72 73 74 75 76 78 79 80 81 82 84 85 87 88 89 90 91 92 93 95 96 97 98 99 100
39 5 6 7 8 9 10 11 12 13 15 17 18 20 21 22 23 24 25 26 27 28 30 32 33 34 35 36 37 38 39 40 41 42 43 44 45 46 48 49 50 51 52 53 55 56 57 58 59 60 61 62 63 64 65 66 67 68 69 70 71 72 73 74 75 76 77 78 80 81 82 83 84 85 86 87 88 89 90 91 92 93 94 95 96 97 98 99 100
26 6 7 8 9 10 11 12 13 14 15 16 17 18 19 20 21 22 23 24 25 26 28 29 30 31 32 33 34 35 36 37 38 39 40 41 42 43 44 45 46 47 48 49 50 51 52 53 55 56 57 58 59 60 61 62 63 64 65 66 67 68 69 70 71 72 73 74 75 76 77 78 79 80 81 82 83 84 85 86 87 88 89 90 91 92 93 94 96 97 98 99 100
20 7 8 9 10 11 13 14 15 16 17 18 19 20 21 22 23 24 25 26 27 28 29 30 31 32 33 34 36 37 39 40 41 43 44 45 46 47 48 49 50 51 52 53 54 55 56 58 59 60 61 63 64 65 66 67 68 69 70 71 72 73 74 75 76 77 78 79 80 81 82 83 84 85 86 87 89 90 91 92 93 94 95 96 97 98 99 100
36 8 9 10 11 12 13 14 15 16 17 18 19 20 21 22 23 24 25 26 29 30 31 32 33 34 35 36 38 40 41 42 43 44 45 46 47 48 49 50 52 53 54 55 56 57 58 59 61 62 63 64 65 66 67 69 70 71 72 73 74 75 76 77 78 79 80 81 82 83 84 85 86 87 88 89 90 91 92 93 94 96 97 98 99 100
25 9 10 11 12 13 14 15 16 18 19 20 21 22 23 24 25 26 27 28 30 33 34 35 36 38 39 40 41 42 43 44 46 47 48 49 50 51 52 53 54 55 56 57 58 59 60 61 62 63 64 65 66 67 68 69 70 71 72 73 74 75 76 77 78 79 80 81 82 83 84 85 86 87 88 89 90 92 93 94 95 96 98 99 100
35 10 11 12 13 14 15 16 17 18 20 21 22 24 25 26 27 28 29 30 31 32 33 34 35 36 38 39 40 41 42 44 45 46 48 50 51 52 53 54 55 56 57 58 60 61 62 64 65 66 67 68 69 70 71 72 73 74 75 76 77 78 79 80 81 82 83 84 85 86 87 88 89 91 92 94 95 96 97 99 100
39 11 12 13 14 15 16 17 18 19 21 22 23 24 25 27 28 29 30 31 32 33 34 35 36 37 38 39 40 41 42 43 44 45 46 47 48 49 50 51 53 54 55 56 57 58 59 60 61 62 63 64 66 67 68 69 70 71 72 73 74 75 77 78 79 80 82 83 84 85 86 87 88 89 90 91 92 93 94 95 96 97 98 99 100
30 12 13 14 16 17 18 19 20 21 22 23 24 25 26 27 28 29 30 31 33 34 35 36 37 38 40 41 42 44 45 46 47 48 49 50 52 53 54 55 56 57 58 59 60 61 62 63 64 65 66 67 68 69 71 72 73 74 75 76 78 79 80 83 84 86 87 88 90 91 92 94 95 96 97 98 99
31 13 14 15 16 17 18 19 20 21 22 23 24 25 27 28 29 30 31 32 33 34 35 36 37 38 39 40 42 43 45 48 49 50 51 52 53 54 55 56 57 58 59 60 61 62 63 64 65 66 67 68 69 70 71 72 73 74 75 76 77 78 79 81 82 83 84 85 86 87 88 90 91 92 93 94 95 96 97 99 100
26 14 15 16 17 18 19 20 21 22 23 24 25 26 27 28 29 30 31 32 33 34 35 36 37 38 39 40 41 42 45 46 47 48 49 50 51 52 53 54 55 57 58 59 61 63 64 66 67 69 70 71 72 73 74 75 77 78 79 80 81 82 84 85 86 88 90 91 92 93 94 95 96 97 98 99 100
22 15 16 17 19 20 21 22 23 24 26 27 29 30 31 32 33 34 35 36 37 38 39 40 41 42 43 44 45 46 47 48 49 51 52 53 54 55 56 57 59 60 61 62 63 64 65 66 67 68 69 70 72 73 74 75 77 78 80 81 82 83 84 85 86 87 88 89 90 91 92 93 95 96 97 98 99 100
24 16 17 18 19 20 21 22 23 24 25 26 27 28 29 30 31 32 33 34 35 36 37 38 39 40 41 42 44 45 47 48 49 50 51 52 53 54 55 56 57 58 59 60 61 62 63 64 65 66 67 68 69 70 72 73 74 75 77 78 79 80 81 82 83 84 85 86 87 88 89 90 91 92 93 95 96 97 98 99
37 17 18 19 20 21 22 23 24 25 26 27 28 29 30 31 32 33 34 35 36 37 38 39 40 41 42 44 45 46 47 48 49 50 51 52 54 55 57 58 59 61 62 64 65 66 67 68 69 70 71 72 73 74 75 76 77 78 79 80 81 82 83 84 85 86 87 88 89 90 91 92 93 94 95 96 97 98 99 100
35 18 19 20 21 22 23 24 25 26 27 29 30 31 32 33 34 36 37 38 40 41 42 44 45 46 47 48 49 50 51 52 54 55 56 57 58 59 60 61 62 63 64 65 66 67 68 69 70 71 72 74 76 77 78 79 81 82 83 84 85 86 87 88 89 90 91 92 93 94 95 96 98 99 100
24 19 20 21 22 23 25 26 27 28 29 30 31 33 34 35 36 37 38 39 40 41 42 43 45 47 48 49 50 52 53 54 55 56 57 58 59 60 61 62 63 64 66 67 68 69 70 71 72 73 74 75 76 78 80 81 82 83 84 85 86 87 88 89 90 91 92 93 94 95 96 97 98 99 100
20 20 21 22 23 24 25 26 27 28 29 30 31 32 33 34 35 36 37 38 39 41 42 43 44 45 46 47 48 49 50 51 52 53 54 55 56 57 58 59 60 61 62 63 64 65 66 67 68 69 70 71 72 73 74 75 76 77 78 79 80 81 82 83 84 85 86 87 88 89 90 91 92 93 94 96 97 98 99 100
40 21 22 23 24 26 27 29 30 31 33 34 35 37 38 39 40 41 42 43 44 45 46 47 49 50 51 52 53 54 55 56 57 58 59 61 62 64 65 66 67 68 69 70 71 72 73 74 75 76 77 78 79 80 82 83 84 85 86 87 88 90 91 92 93 94 95 96 97 98 99 100
39 22 23 24 25 26 27 28 29 30 31 32 33 34 35 36 37 38 39 40 41 42 43 44 45 46 47 48 49 51 52 53 54 55 56 57 58 59 60 61 62 63 64 65 66 67 68 70 71 72 73 74 75 77 78 79 80 81 82 83 84 85 86 87 88 89 90 91 92 93 94 95 96 97 98 99 100
26 23 24 25 26 27 28 32 34 35 36 37 38 39 41 42 43 45 46 47 48 49 50 51 52 53 54 55 56 57 58 60 61 63 65 66 67 68 69 70 72 73 74 75 76 77 80 82 83 84 85 87 88 90 91 92 94 95 96 97 98 99 100
21 24 25 26 27 28 29 30 31 32 33 34 35 36 37 39 40 41 42 43 44 45 46 47 48 49 50 51 52 53 55 58 59 60 62 63 64 65 66 67 68 69 70 71 72 74 75 76 77 79 80 81 83 84 85 86 87 88 89 90 91 92 93 94 95 96 97 98 99
21 25 26 27 29 30 31 33 34 35 36 37 38 39 40 41 42 43 44 45 47 48 49 50 51 52 53 54 55 56 57 58 59 60 61 62 64 65 66 67 68 69 71 72 73 74 75 77 78 79 80 81 82 83 84 85 86 87 88 89 90 91 92 93 94 95 96 97 98 99 100
30 26 27 28 29 30 31 32 33 34 35 36 37 38 39 40 41 42 43 44 45 46 47 48 49 50 51 52 53 54 55 56 57 58 59 60 61 63 64 65 66 69 70 71 72 73 75 76 77 78 79 80 83 84 85 86 87 88 89 90 91 92 93 94 95 96 97 99 100
23 27 29 30 31 32 33 34 35 36 37 38 40 42 43 44 45 46 48 49 50 51 53 54 55 56 57 58 59 60 61 62 63 64 65 67 68 69 70 71 72 73 74 75 76 77 78 79 80 81 82 83 84 85 86 87 88 89 90 91 92 93 94 95 96 97 98 99 100
26 28 29 30 31 32 34 35 36 37 38 40 41 42 43 44 45 46 47 48 49 51 53 56 57 62 63 64 65 66 67 68 69 70 71 72 73 74 75 76 77 78 79 80 81 82 83 84 85 86 87 88 90 91 93 94 95 96 98 99 100
30 29 30 31 32 33 34 35 36 38 39 40 41 42 43 44 45 46 47 48 49 50 51 52 54 55 56 57 58 59 60 61 62 63 64 65 66 68 69 70 71 72 73 74 75 76 78 79 80 82 83 85 86 87 88 89 90 91 92 93 94 95 96 97 98 100
37 30 31 32 33 34 35 36 37 38 39 40 41 42 43 44 45 46 47 49 51 52 53 54 55 56 57 58 59 60 61 62 63 64 65 66 67 68 69 70 71 72 73 75 76 77 78 79 80 81 82 83 84 85 86 87 88 89 90 91 92 93 95 96 97 98 99 100
30 31 32 33 34 35 36 37 38 39 40 41 42 43 44 45 46 47 48 49 50 51 52 53 54 55 56 57 58 59 60 61 62 63 64 65 66 67 68 69 70 71 72 73 74 75 77 78 79 80 81 82 83 84 85 86 87 88 89 90 91 92 93 94 95 96 97 99 100
24 32 33 34 35 36 37 38 39 40 41 42 43 44 45 46 47 48 49 50 51 52 53 55 57 58 59 60 62 63 64 65 66 67 68 69 70 71 72 73 74 75 76 77 78 79 80 81 82 83 84 85 86 87 88 89 90 91 92 94 95 96 97 98 99
29 33 34 35 36 37 38 39 40 41 42 43 44 45 46 47 48 49 52 53 54 55 56 58 59 60 61 62 64 66 67 68 69 71 72 73 74 75 76 77 78 79 80 81 82 83 85 86 87 88 89 90 91 92 93 94 95 96 97 99 100
26 34 36 37 38 39 40 41 43 45 46 47 48 50 51 52 53 54 55 56 57 58 59 60 61 62 63 64 65 66 67 68 69 71 72 73 74 75 76 77 78 79 80 81 82 83 84 85 86 87 88 89 90 91 92 93 94 95 96 97 98 99 100
20 35 37 38 39 40 41 42 43 44 45 46 47 48 49 50 51 53 54 55 56 57 58 60 61 62 63 64 65 67 69 70 71 72 73 74 75 76 77 79 80 81 82 83 85 86 87 88 89 90 91 92 93 95 96 97 98 99 100
31 36 37 38 40 41 42 43 44 45 46 47 48 49 50 51 52 53 54 55 56 57 58 59 60 61 62 63 64 65 66 69 70 71 72 73 75 76 77 78 79 81 82 86 87 88 89 90 91 92 93 95 97 98 99 100
21 37 38 39 40 41 42 43 44 45 46 47 48 49 50 51 52 53 54 55 56 57 58 59 60 61 62 64 65 66 67 69 70 71 72 73 74 75 76 77 78 79 80 81 82 83 84 85 86 87 88 89 91 92 93 94 95 96 97 98 99 100
39 38 39 40 41 42 43 44 45 46 47 48 49 50 51 52 53 54 55 56 57 58 59 60 61 62 64 65 66 67 68 69 70 71 72 73 74 75 76 77 78 79 82 83 84 85 86 87 88 89 91 92 93 94 95 96 97 98 99 100
22 39 40 41 42 43 44 45 46 47 48 49 50 51 52 53 54 55 56 57 58 59 60 61 62 63 64 65 66 67 68 69 70 71 72 73 74 75 76 77 78 80 82 83 84 85 86 87 88 89 90 91 92 93 95 99 100
24 40 42 43 44 45 46 47 49 50 51 54 55 57 58 59 60 61 62 63 64 65 66 67 68 69 70 71 73 75 76 77 78 79 80 81 83 85 86 87 88 89 90 91 92 93 94 95 96 97 98 99
37 41 42 43 44 47 48 49 50 51 52 53 54 55 56 57 59 60 61 62 63 64 66 67 69 70 71 72 73 74 75 76 77 78 79 80 81 82 83 84 85 86 87 88 89 90 91 93 94 95 96 97 98 99 100
23 42 43 45 46 47 48 50 51 52 53 54 56 57 59 60 61 62 63 64 66 67 69 70 72 73 74 75 76 77 78 80 81 82 83 84 85 86 87 88 89 90 91 92 93 94 95 96 97 99
37 45 46 47 48 49 50 51 52 54 55 56 57 58 60 61 62 63 64 65 66 67 68 69 70 71 73 74 75 76 77 78 79 80 81 82 83 84 85 86 88 89 90 91 92 94 95 97 98 99 100
23 44 45 46 47 48 49 50 51 52 54 55 56 57 58 59 60 61 62 63 64 65 66 67 68 69 70 71 72 73 74 75 76 77 78 80 81 82 83 84 85 86 87 88 89 90 91 92 93 95 96 98 99 100
36 45 46 47 49 50 51 52 53 54 56 57 59 60 61 62 63 64 65 67 68 69 70 71 72 73 74 75 76 77 78 79 80 81 82 83 85 86 87 88 89 90 92 93 94 95 96 97 98 99 100
23 46 47 49 50 51 52 53 54 57 58 59 60 61 63 64 65 66 67 68 69 70 71 73 74 75 76 77 78 79 80 81 83 84 85 86 87 88 89 90 91 92 93 94 96 97 98 99 100
22 47 48 49 50 51 52 54 55 57 58 59 60 61 62 63 65 66 67 68 69 70 72 73 74 75 76 77 78 79 80 81 82 83 85 86 87 88 89 90 91 92 93 94 95 96 97 98 99 100
31 48 49 50 51 53 54 55 56 57 58 60 61 62 63 64 65 67 68 69 70 71 72 73 74 75 76 77 79 80 81 82 83 84 86 87 88 89 90 92 93 94 95 96 97 98 99 100
31 49 50 52 53 54 55 57 58 59 60 61 63 64 65 66 67 68 69 70 71 72 73 74 75 76 77 78 79 80 81 83 84 85 86 87 88 89 90 91 92 93 95 96 97 98 99
24 50 51 52 53 54 55 56 57 58 59 60 61 62 64 65 66 67 68 69 70 71 72 73 74 75 76 77 78 79 80 81 82 83 84 85 86 87 88 89 90 91 92 93 94 95 96 97 98 100
36 51 52 53 54 55 56 57 58 59 60 61 62 63 64 65 66 67 68 69 70 71 72 73 74 76 77 78 80 81 82 84 85 86 88 89 90 91 92 93 94 95 96 97 98 99 100
38 52 53 54 55 57 58 59 60 61 62 63 64 65 66 67 68 69 70 71 72 73 74 75 76 77 78 79 80 81 82 83 84 86 87 88 89 90 92 93 94 95 96 98 99 100
22 53 54 55 56 57 58 59 60 61 62 63 64 66 67 69 70 72 74 75 76 77 78 79 80 81 82 83 84 85 86 87 89 90 91 92 93 95 96 97 98 99 100
39 55 56 57 58 59 60 61 62 63 64 65 67 68 69 70 72 74 75 76 78 79 80 81 82 83 84 85 86 87 88 89 90 91 92 93 94 95 96 97 98 99 100
26 55 56 57 58 59 60 62 63 64 65 66 67 68 69 71 72 73 74 75 76 78 79 80 82 83 84 85 86 87 89 90 91 92 93 94 95 96 97 98 99 100
23 56 57 58 59 60 61 62 63 64 65 67 68 69 70 71 72 74 75 76 77 79 80 81 82 83 84 85 86 87 88 89 91 92 93 94 96 97 98 100
32 58 59 60 61 62 63 64 65 66 67 68 69 70 71 72 74 75 76 77 78 79 80 81 82 83 85 86 87 88 89 92 93 94 95 96 97 99
30 58 59 60 61 62 64 66 67 68 69 70 72 73 74 75 77 78 80 81 82 83 84 85 86 87 88 89 90 92 93 94 95 96 97 98 99 100
40 59 60 61 62 63 64 66 67 68 69 70 71 72 73 74 75 76 77 78 79 80 81 82 83 84 85 86 87 88 89 90 91 92 93 94 95 96 97 99
36 61 62 64 66 67 68 69 70 71 72 73 74 75 76 77 78 79 80 81 82 83 84 85 87 88 89 91 92 93 94 96 97 98 99 100
21 61 63 64 65 66 67 68 69 70 71 72 73 74 75 76 78 79 81 83 84 85 86 87 88 89 90 91 93 94 95 96 97 98 99 100
22 62 64 65 66 67 68 69 70 72 73 74 75 76 77 78 79 81 82 83 84 85 86 87 88 89 90 91 92 93 94 95 96 97 98 99 100
25 63 64 65 66 67 68 70 71 72 74 76 77 78 79 80 81 82 83 84 85 86 88 89 90 91 92 93 94 95 97 98 99 100
26 64 65 67 69 70 71 72 74 76 77 78 79 80 81 82 83 84 85 86 88 89 90 91 92 93 94 95 97 98 99
38 65 66 67 68 69 70 71 72 73 74 75 76 77 78 79 80 82 83 84 85 86 88 89 90 91 92 93 94 95 96 98 99 100
37 66 67 68 69 70 71 72 73 74 75 77 78 79 80 81 82 83 84 85 86 87 88 89 90 91 92 93 94 95 96 97 98 99 100
34 67 68 70 71 72 73 74 75 76 77 78 79 80 81 82 83 84 85 86 87 88 89 90 91 92 93 95 96 97 98 99 100
30 68 69 70 72 73 74 75 76 77 78 79 80 81 82 83 84 85 86 87 88 89 90 91 92 93 95 96 97 98 99 100
23 69 70 71 72 73 75 76 77 79 80 82 83 84 85 86 87 88 89 90 92 94 95 96 97 100
22 70 71 72 73 74 75 76 77 78 79 80 81 82 83 84 85 86 87 88 89 90 91 93 94 95 96 97 98 99 100
22 72 73 74 75 76 77 78 79 81 82 83 84 85 86 87 88 89 90 91 92 93 94 95 96 98 99 100
35 74 75 76 77 79 80 81 82 83 84 85 86 87 88 89 90 91 92 93 94 95 96 98 99 100
26 73 74 75 76 77 78 79 80 81 82 83 84 85 86 87 89 90 91 92 93 94 95 96 97 98 99 100
21 74 75 76 77 78 79 80 82 83 84 85 87 88 89 90 91 92 93 94 95 96 97 98 100
38 76 77 78 79 80 81 83 84 85 86 87 88 89 90 91 92 94 95 96 97 98 99 100
25 76 77 78 79 80 81 82 83 84 85 87 88 89 90 91 92 93 94 95 96 98 100
24 77 78 79 80 81 82 83 84 85 86 87 88 89 90 91 92 93 94 95 96 98 99 100
28 78 79 80 81 83 84 85 86 87 88 89 90 91 92 93 95 96 97 99 100
34 79 80 81 82 84 85 86 88 89 90 91 93 94 95 96 97 98 99 100
30 80 81 82 83 85 86 87 88 89 90 91 92 93 94 95 97 98
26 81 82 83 84 85 86 87 88 89 90 91 92 93 94 95 96 97 98 99 100
39 82 83 84 85 87 88 89 90 91 93 94 95 96 97 98 99 100
33 83 86 87 88 89 90 91 92 93 94 95 96 97 98 99 100
28 84 85 86 88 89 90 91 92 93 94 96 97 98 100
29 85 86 87 88 89 90 91 92 93 94 95 96 97 99 100
20 86 87 88 89 90 91 92 93 94 95 96 97 98 99 100
26 87 89 90 91 92 93 94 95 96 97 98 99 100
24 88 89 90 91 93 94 95 96 97 98 99 100
40 89 90 91 92 93 94 95 96 97 98 99 100
27 90 91 92 93 94 95 97 98 99 100
37 91 92 93 94 95 96 97 98 99 100
29 92 93 95 96 97 98 99 100
32 93 94 95 96 97 99 100
28 94 95 96 97 98 99 100
33 95 96 97 98 100
28 96 97 98 99 100
40 97 98 99 100
40 99 100
23 99 100
23 100
23
