25	10	200	1
0	31	2
0	33	3
0	25	2
0	24	5
0	28	2
0	22	2
0	30	2
0	29	3
0	39	2
0	38	2
45 2 3 4 5 6 7 8 9 10 12 13 14 16 17 18 22 23 24 25
46 3 4 5 6 7 8 9 10 13 14 15 16 17 18 20 21 22 23 24 25
51 4 5 6 7 8 9 10 11 12 13 14 15 17 18 19 20 21 22 24 25
58 5 7 8 9 11 12 13 15 16 17 18 19 20 21 23 24 25
44 6 7 9 10 11 12 13 14 15 16 19 20 21 22 23 24
40 7 8 9 10 11 12 14 15 16 17 18 19 20 21 22 24 25
49 8 9 10 11 12 13 14 15 16 17 18 20 21 22 23 25
40 9 10 11 13 14 15 17 18 19 20 21 23 25
53 10 11 12 13 14 15 16 17 18 19 20 21 22 23 24 25
45 12 14 15 17 19 20 21 22 24 25
45 12 14 15 16 17 18 19 21 23 24 25
52 13 14 15 16 17 18 19 20 21 22 24 25
45 14 15 16 17 19 20 21 22 23 24 25
40 15 16 17 18 19 20 21 22 23 24 25
60 17 18 19 20 21 22 23 24 25
46 18 19 20 21 22 23 24 25
57 18 19 20 21 22 23 24 25
45 19 20 21 22 23 24 25
47 20 21 22 24 25
47 21 22 23 24 25
44 22 23 24 25
40 23 24 25
60 24 25
48 25
59
