75	5	200	10
-2	19	12
-5	19	14
-1	12	11
-3	16	20
-1	2	18
52 2 3 4 5 6 7 8 9 10 11 12 13 14 15 16 18 19 20 21 22 23 24 25 26 27 28 29 30 32 33 34 35 36 37 40 41 42 43 45 46 47 48 49 50 51 54 55 56 58 60 61 62 63 64 66 67 68 69 70 71 72 73 74 75
58 3 4 5 6 7 8 9 10 11 12 13 15 16 17 18 19 20 21 22 26 27 28 29 30 31 32 33 34 35 37 38 39 40 41 43 45 46 47 48 49 50 53 54 55 56 58 59 60 61 62 63 64 65 66 67 68 69 70 71 72 73 74 75
30 4 6 7 8 9 10 11 12 13 14 15 16 17 18 19 20 21 22 23 27 28 29 30 32 33 34 35 36 37 38 39 40 41 42 43 44 45 46 48 49 50 51 52 53 54 55 56 57 58 59 60 61 62 63 64 66 68 69 70 71 72 73 74 75
46 5 6 7 10 11 12 13 14 15 16 17 18 19 20 21 22 23 24 25 26 27 28 29 30 31 32 33 34 35 36 37 38 39 40 41 42 43 44 45 46 47 48 49 50 51 53 54 55 56 57 58 59 60 61 63 64 65 66 67 68 69 70 71 73 74 75
43 6 8 9 10 11 12 14 15 16 17 18 19 20 21 22 23 24 25 26 27 28 29 30 31 33 34 35 36 37 38 39 40 41 42 44 45 46 47 48 49 50 51 53 54 55 57 58 59 60 61 62 63 64 65 67 68 69 70 71 72 73 74 75
35 8 9 10 11 13 14 15 16 17 18 19 20 22 23 24 25 26 27 28 29 30 31 32 33 34 36 37 38 39 41 42 43 44 45 46 47 48 49 50 51 52 53 54 55 56 58 59 60 61 62 63 64 66 67 68 69 70 71 72 73 75
45 8 9 10 11 12 13 14 15 16 17 18 19 20 21 22 23 24 25 26 27 28 30 31 32 33 34 35 36 37 38 39 40 41 42 44 45 46 47 48 49 50 51 52 53 54 55 56 57 59 60 62 64 65 66 67 68 69 70 71 72 74 75
45 10 11 13 14 15 16 17 19 20 21 22 23 24 25 26 27 28 29 30 32 34 35 36 37 38 39 40 41 42 43 44 45 46 49 50 54 55 56 58 59 61 62 63 64 65 66 69 70 71 72 73 74 75
39 10 11 12 13 14 16 17 18 19 21 22 23 24 26 27 29 30 31 32 33 34 35 36 37 38 39 40 41 42 44 45 46 47 48 49 51 52 53 54 55 56 57 59 60 61 62 63 64 65 66 69 70 71 72 74 75
54 11 12 14 15 16 17 18 19 20 21 22 23 24 25 26 27 28 29 30 31 33 34 35 36 37 38 39 40 41 42 43 44 45 46 47 49 50 51 52 53 54 55 56 58 61 62 63 65 66 68 70 71 72 73 74
42 12 13 14 15 16 17 18 20 21 22 23 24 25 26 27 28 30 31 32 33 34 35 36 37 38 39 40 41 42 43 44 46 47 48 49 50 51 52 53 54 55 56 57 58 59 60 62 63 66 67 68 69 70 71 72 73 74 75
45 13 14 15 16 17 18 19 20 21 22 23 24 25 26 27 29 30 31 32 33 34 35 37 38 40 41 42 43 44 45 46 47 48 49 50 51 52 53 54 56 57 58 59 60 61 62 63 64 65 66 67 68 69 70 71 72 73 74 75
33 14 15 16 18 19 21 22 24 25 26 27 28 29 30 32 34 35 36 37 38 39 40 42 43 44 45 47 48 50 51 52 53 54 55 56 57 59 60 61 62 63 64 65 66 67 68 69 70 71 72 73 74 75
48 15 16 17 18 19 20 21 23 24 25 26 27 28 32 33 35 36 37 38 40 41 42 43 44 45 46 47 48 49 50 51 52 53 54 55 56 57 59 60 61 62 63 64 65 67 68 69 70 71 72 73 74 75
43 16 18 19 20 21 22 23 24 25 26 27 28 29 30 31 32 33 34 35 36 37 39 40 43 44 45 46 47 48 49 50 51 52 53 54 55 56 57 58 59 60 61 62 63 64 66 67 68 69 70 71 72 73 74 75
54 17 18 19 20 21 23 26 27 28 29 30 31 32 33 34 35 36 37 38 39 40 41 42 43 44 45 46 47 49 50 51 53 54 55 56 57 58 59 60 61 62 63 64 65 66 67 68 69 70 71 72 73 74
41 18 19 20 21 22 23 24 25 26 27 28 29 30 31 32 34 35 36 37 38 39 40 41 42 43 44 46 47 51 52 53 54 55 56 57 58 59 60 61 62 63 64 65 66 67 68 70 71 73 74 75
51 19 20 21 22 23 24 25 27 28 29 30 31 32 33 34 35 36 39 40 41 42 43 44 45 47 48 49 50 51 52 53 54 57 58 59 60 61 62 63 66 67 68 70 71 72 73 74 75
54 21 22 23 24 25 26 27 28 29 30 31 32 33 34 35 36 37 38 39 40 41 42 43 44 45 46 47 48 49 50 51 52 53 54 55 56 57 58 59 60 61 63 64 65 66 67 68 69 70 71 72 73 74 75
39 21 22 23 24 26 27 28 29 30 31 32 33 34 35 36 37 38 39 40 41 42 44 45 46 47 48 49 50 51 52 53 54 56 58 59 60 62 63 64 65 66 67 68 69 70 71 72 73 74 75
53 22 23 24 25 26 28 29 30 31 32 33 34 35 36 37 38 39 41 42 43 44 45 46 47 48 49 50 51 52 53 54 55 57 58 59 60 61 62 63 64 65 66 67 70 72 73 74 75
41 23 24 25 26 28 29 30 31 32 33 35 36 37 38 39 40 41 42 43 44 45 46 47 48 49 50 51 52 53 54 55 56 58 59 60 61 62 63 65 66 67 68 69 70 71 73 74 75
46 24 26 27 28 29 30 31 32 33 34 35 36 37 38 39 40 41 42 43 45 46 47 48 49 50 51 52 55 57 58 59 60 61 62 63 64 65 66 67 68 69 70 71 72 73 74 75
35 25 26 27 28 29 30 31 32 33 34 35 36 37 38 39 40 41 42 43 45 46 48 49 50 51 52 53 54 56 57 58 59 60 61 62 63 64 65 68 69 70 71 72 73 74 75
47 26 28 29 30 31 32 33 35 37 38 39 40 41 42 43 45 46 47 48 49 50 51 52 54 55 56 57 58 59 60 62 64 65 66 67 68 69 70 71 72 73 74 75
46 28 29 30 31 32 33 34 35 36 37 38 39 41 42 43 44 45 46 47 48 49 50 51 53 54 57 58 59 60 61 62 63 64 66 67 68 69 70 71 72 73 74 75
30 28 29 30 31 32 33 35 36 37 38 39 40 42 43 44 45 46 48 49 50 51 52 53 54 55 56 57 58 59 60 61 62 63 64 65 66 67 68 69 70 71 72 73 74 75
59 29 30 31 32 33 34 35 36 37 38 39 41 42 43 44 45 46 47 48 50 52 53 54 55 56 57 58 60 61 63 64 65 67 68 69 70 71 72 73 74 75
33 30 32 33 34 36 37 38 39 41 42 43 44 45 46 47 48 49 50 53 54 55 56 57 58 59 60 61 62 63 64 65 66 67 68 69 70 72 73 74 75
58 33 34 35 36 37 39 40 41 44 45 46 48 49 50 52 53 54 55 57 58 60 61 62 63 64 65 66 67 68 69 70 71 73 74 75
48 32 33 34 35 36 37 38 39 40 41 42 43 44 45 46 47 48 49 50 51 52 53 54 55 56 57 58 59 60 61 63 64 65 66 68 69 70 72 73 75
32 33 34 35 36 37 38 39 40 41 42 43 44 45 46 47 50 51 52 53 54 55 57 58 59 60 61 62 63 64 65 66 67 68 70 71 72 73 75
60 34 35 36 37 38 39 40 41 42 43 44 45 46 47 49 50 51 53 54 55 56 57 58 59 60 61 62 63 64 65 66 67 68 69 70 71 72 73 74 75
51 35 36 38 39 40 41 43 44 45 46 47 48 49 50 51 52 53 55 56 57 58 59 60 61 62 63 64 65 66 67 68 69 70 71 72 73 74 75
48 37 38 40 41 42 43 44 45 46 47 48 49 50 52 54 55 56 58 59 60 61 62 63 64 65 66 67 68 69 70 71 72 73 74 75
43 37 38 39 40 43 44 45 46 47 48 49 50 51 52 53 54 55 56 57 58 59 60 61 62 63 64 65 66 67 68 69 70 71 72 73 74 75
30 38 39 40 41 42 43 46 47 48 50 51 52 53 55 56 57 58 59 61 62 63 64 68 69 70 71 72 73 74 75
54 39 41 42 43 44 45 46 47 48 49 50 51 52 53 54 55 56 58 59 60 61 62 63 64 65 66 67 68 69 71 72 73 74 75
45 41 42 43 44 45 46 47 48 49 50 51 52 53 55 56 57 59 60 61 62 63 64 65 66 67 68 69 70 71 72 73 74
55 41 42 43 44 45 46 47 48 49 50 51 53 55 56 58 59 60 61 62 63 65 66 67 68 70 71 72 73 74 75
30 42 44 45 46 47 48 49 50 51 52 53 54 55 56 57 58 59 60 61 62 63 64 67 68 69 70 71 72 73 74 75
43 43 44 45 46 47 48 49 50 51 52 53 54 55 56 57 58 59 60 62 63 64 65 66 67 68 69 70 71 72 73 74 75
38 44 45 46 47 48 49 50 52 53 54 55 56 57 58 59 60 61 62 63 64 65 66 68 69 70 71 72 73 74 75
51 46 47 48 49 50 51 52 53 54 55 56 57 58 59 60 61 62 63 64 65 66 67 68 69 71 72 74 75
60 46 47 48 49 51 52 53 55 56 57 58 59 60 61 62 63 65 66 67 69 70 71 72 73 74 75
47 48 49 50 51 52 54 55 56 58 60 61 63 64 65 66 67 68 70 71 72 73 74 75
60 48 49 50 51 52 53 54 55 56 57 59 60 62 63 64 66 67 68 69 70 71 73 74 75
46 49 50 51 52 53 54 56 57 58 59 60 61 62 63 64 65 66 67 68 69 70 72 73 74 75
57 50 52 53 54 55 56 57 60 61 62 63 64 65 66 67 68 69 71 72 73 74 75
43 51 52 53 54 55 56 57 58 59 60 61 62 63 64 65 66 67 68 69 70 71 72 73 74 75
51 52 53 54 55 56 57 58 59 61 62 63 64 65 66 67 68 69 70 73 74 75
41 53 54 55 56 57 59 60 61 62 63 64 65 66 67 68 69 70 71 72 74 75
53 54 55 56 57 58 59 60 61 62 63 64 65 66 67 69 70 71 72 73 74 75
46 55 56 57 58 59 60 61 62 63 64 65 66 67 68 69 70 71 72 73 74 75
59 56 58 59 60 61 62 63 64 66 67 68 71 72 73 74 75
60 57 58 59 60 62 64 65 66 67 68 69 70 71 72 73 74 75
56 58 59 60 61 62 63 65 66 67 68 69 70 71 72 73 74 75
54 59 60 61 62 63 64 66 68 69 70 71 72 73 74 75
30 60 61 62 63 64 65 66 67 68 69 70 72 73 74 75
59 61 62 63 64 65 66 67 68 69 70 71 72 73 74 75
59 63 64 65 66 67 68 69 70 71 72 73 74 75
42 63 64 65 66 67 68 69 70 71 72 73 74 75
57 65 66 67 68 70 71 72 73 74 75
58 65 66 67 68 69 70 71 73 74 75
33 66 67 68 69 71 72 73 74 75
48 67 69 70 71 72 73 74 75
42 68 69 70 71 72 74 75
37 69 70 71 72 73 74 75
37 70 71 72 73 75
41 71 72 73 74 75
49 72 73 74 75
55 73 74 75
36 74 75
36 75
43
