200	5	10000	1
0	217	45
0	945	39
0	908	32
0	140	34
0	292	50
1367 2 3 4 6 8 9 10 11 12 13 14 15 16 17 18 19 20 21 22 23 24 25 26 27 30 31 32 33 34 35 36 37 38 39 40 41 42 43 44 45 46 47 48 49 50 51 52 53 54 55 56 57 58 59 60 61 62 63 65 66 68 69 70 71 72 73 74 75 76 77 78 80 81 82 83 84 85 86 87 89 90 91 92 93 94 95 96 97 98 99 100 101 102 103 104 105 106 107 108 109 110 111 112 113 114 115 116 117 119 120 121 122 123 125 126 127 128 129 130 131 132 134 135 136 137 138 139 140 141 142 143 144 145 146 147 149 150 151 152 153 154 155 156 158 159 160 161 162 163 164 165 166 167 168 169 171 172 174 175 176 177 178 179 180 181 182 183 184 185 186 187 188 189 190 191 192 193 194 195 196 197 199 200
761 3 5 6 8 9 11 12 13 14 15 16 17 18 19 20 21 22 23 24 25 26 27 28 29 30 31 32 33 34 36 37 38 39 40 41 42 43 44 45 46 47 48 50 51 52 53 54 55 56 57 58 59 60 61 62 63 64 66 67 68 69 70 71 73 74 75 76 77 78 81 82 84 85 86 88 89 90 91 92 93 94 95 96 98 99 100 101 102 104 105 106 107 108 109 111 113 114 115 116 117 118 119 121 122 123 124 125 126 127 128 130 131 132 133 134 135 136 137 138 139 140 141 142 143 144 145 146 147 148 149 151 152 153 154 155 156 157 158 159 160 161 163 164 165 166 167 168 169 170 171 172 174 175 176 177 178 179 181 182 183 184 185 186 187 188 189 190 191 192 193 194 195 196 197 198 199 200
1280 5 6 7 8 9 10 11 12 13 14 15 16 17 18 20 21 22 23 24 25 26 27 28 29 30 31 32 33 34 35 36 37 38 40 41 42 43 44 45 46 47 48 49 50 51 52 53 54 55 56 57 58 60 62 63 64 65 67 68 70 71 72 73 74 75 77 78 79 80 81 82 83 84 85 86 87 88 89 90 91 92 93 94 95 96 97 98 99 100 101 102 103 104 105 106 107 108 109 110 111 112 113 114 115 116 117 118 119 120 121 122 123 124 125 126 127 128 129 130 131 132 133 134 135 136 137 138 139 140 141 142 143 144 145 147 150 151 152 154 155 156 157 158 160 161 162 163 164 165 166 168 169 171 172 173 175 176 177 178 179 180 181 182 183 184 185 186 187 188 189 190 191 192 193 196 197 198 199 200
1105 5 7 8 9 10 12 13 14 15 16 17 18 19 20 22 23 24 25 26 27 29 30 31 32 33 34 36 37 38 39 40 41 42 43 44 45 46 47 48 49 50 51 52 53 54 55 56 58 59 60 61 62 63 64 65 66 68 69 70 71 72 73 74 75 76 77 79 80 81 82 83 84 85 86 87 88 89 90 91 93 94 95 96 97 98 99 100 101 102 103 104 105 106 107 108 109 110 111 112 114 116 117 118 119 120 121 122 123 124 125 126 127 128 129 130 131 132 133 134 135 136 137 138 140 141 142 144 145 146 147 148 149 150 151 152 153 154 155 156 157 158 159 160 161 163 164 165 166 167 168 169 170 171 172 173 174 175 176 177 178 179 180 181 183 184 185 186 187 188 189 190 191 192 193 195 196 197 198 199 200
531 7 9 10 11 12 13 14 15 16 18 19 20 21 22 23 24 25 26 27 28 29 30 31 32 33 34 35 36 37 38 39 41 42 43 44 46 47 48 49 50 53 55 56 57 59 60 61 62 63 64 65 66 67 69 70 71 72 73 74 75 76 77 78 80 81 82 83 85 86 87 88 89 90 91 92 93 94 95 96 97 98 99 101 102 103 104 105 106 107 108 109 110 111 112 114 116 117 118 119 120 121 123 125 126 127 128 130 131 132 133 134 135 136 137 138 139 140 141 142 143 144 145 146 147 148 149 151 152 153 155 156 157 159 160 161 162 163 164 165 167 168 169 170 171 172 173 174 175 176 177 178 179 180 181 182 183 185 187 188 189 190 191 192 193 194 195 196 197 198 199 200
1243 7 8 9 10 11 12 13 15 17 18 19 20 21 22 23 24 25 26 27 28 29 30 31 32 33 34 35 36 37 38 39 41 42 43 44 45 46 47 48 49 50 51 52 53 54 55 56 57 58 59 60 61 62 63 64 65 66 67 69 71 72 73 74 75 76 77 78 79 80 81 82 83 84 85 86 87 88 89 90 92 93 94 95 96 97 99 100 101 102 103 104 105 106 107 108 109 110 111 112 113 114 116 117 118 119 120 121 123 124 125 126 127 128 129 130 131 132 133 134 135 136 137 138 139 140 141 142 143 144 146 147 148 149 150 151 152 153 154 155 156 157 158 159 161 162 163 164 166 167 168 169 170 171 172 173 175 176 178 179 180 181 182 183 184 185 187 188 189 190 191 192 193 194 195 196 197 198 199 200
1448 9 10 11 12 13 14 15 16 17 18 19 20 21 22 23 24 25 26 27 28 30 31 33 34 35 37 38 39 40 41 42 43 44 46 47 48 49 50 51 52 53 54 55 56 58 59 60 61 62 63 64 65 66 67 69 70 71 72 73 75 76 77 78 79 80 81 82 83 84 85 86 88 89 90 91 92 93 94 96 97 98 99 100 101 103 104 105 106 107 108 109 112 113 114 115 116 117 118 119 120 121 122 123 124 125 126 127 128 129 130 131 132 133 134 135 136 137 138 139 140 141 142 143 144 145 147 148 149 150 151 152 153 154 156 157 158 159 161 162 163 164 165 166 167 168 169 170 171 173 175 176 177 178 179 180 181 183 184 185 186 187 188 189 190 191 192 193 194 195 196 197 198 199 200
1444 9 10 11 12 13 14 15 16 17 18 19 20 21 22 23 24 25 26 27 28 29 30 31 32 33 34 35 36 37 38 39 41 42 44 45 47 49 50 51 52 53 54 55 56 57 58 59 60 61 63 64 65 66 67 68 69 70 71 72 73 74 75 76 77 78 80 81 84 85 87 88 89 90 91 92 93 94 95 96 97 98 99 100 101 102 103 104 105 106 107 108 109 110 111 112 113 114 115 116 117 118 119 120 121 122 124 125 126 127 128 129 130 131 132 133 134 135 136 138 139 140 141 142 143 144 145 146 147 148 149 150 151 153 154 155 156 157 158 159 160 161 162 163 164 165 166 167 168 169 170 171 172 173 174 176 177 178 179 180 181 182 183 184 185 186 187 188 189 190 191 192 193 194 195 196 197 198 199 200
1373 10 11 12 13 14 15 16 17 18 19 20 21 22 23 24 25 26 27 28 29 30 31 32 33 34 35 36 38 39 40 41 42 43 45 46 47 48 49 50 51 52 55 56 57 58 59 60 61 62 63 65 66 67 68 69 70 71 72 74 75 76 77 78 79 80 82 83 84 85 86 87 88 89 90 91 92 94 95 96 97 98 99 100 101 103 104 105 106 108 109 110 111 112 113 114 115 116 117 118 120 121 122 123 124 125 127 128 129 130 131 132 133 134 135 137 139 140 141 142 144 145 147 148 149 150 151 152 153 154 155 156 157 158 159 160 161 162 164 165 166 167 168 169 170 172 173 174 175 176 177 178 179 180 181 182 183 184 185 186 187 188 189 190 191 192 193 194 195 196 197 198 199 200
1250 11 13 14 15 17 18 19 20 21 22 23 24 25 26 30 31 32 33 35 36 37 39 40 41 42 43 44 45 46 47 48 49 51 52 53 54 55 56 57 58 59 60 61 62 63 64 67 68 69 70 71 72 73 74 75 76 77 78 79 80 81 82 83 84 85 86 87 88 89 90 91 93 94 95 96 97 98 99 100 101 102 103 104 105 106 107 108 109 110 111 113 114 115 116 117 118 119 120 121 122 123 124 125 126 127 128 129 130 131 133 134 135 136 138 139 140 141 142 143 144 145 146 148 149 150 152 153 154 155 156 157 159 160 161 162 163 165 166 167 168 169 170 171 172 173 174 175 176 177 178 179 180 181 182 183 184 185 186 187 188 189 190 191 192 193 194 195 196 197 198 199 200
980 12 13 14 15 16 17 18 19 20 21 22 23 24 25 26 27 28 29 30 31 32 34 35 36 37 38 39 40 41 43 45 46 47 48 49 50 51 52 53 54 55 56 57 58 59 60 61 62 63 64 65 66 67 68 69 70 71 72 73 74 75 76 77 78 79 80 81 82 83 84 85 87 88 89 90 91 92 93 94 95 96 97 98 99 100 101 102 103 104 105 106 107 109 111 112 113 114 115 116 117 118 119 120 121 122 123 124 125 126 127 128 129 130 131 132 133 134 135 136 137 138 139 140 142 144 145 146 147 148 149 150 151 152 153 154 155 156 157 158 159 160 161 162 163 164 165 166 167 168 169 170 171 172 173 174 175 176 177 178 179 180 181 182 183 184 186 187 188 189 190 191 192 193 194 195 197 198 199 200
732 13 14 15 16 17 18 19 20 21 22 23 25 26 27 29 31 32 34 35 36 37 38 39 40 41 42 43 45 46 47 48 49 50 51 52 54 55 56 57 58 59 60 61 62 63 64 65 66 67 68 69 71 72 73 74 75 76 77 78 79 80 81 82 83 84 85 86 87 88 89 90 91 92 93 94 95 96 97 98 99 100 101 102 103 104 105 106 107 108 109 110 111 112 113 114 115 117 118 119 120 121 122 124 125 126 127 128 129 130 131 132 133 135 136 137 138 139 141 142 143 144 145 146 147 148 149 150 152 153 154 155 156 157 158 159 160 161 162 163 164 165 166 167 168 169 170 171 172 174 177 178 179 180 181 182 183 184 185 186 187 188 189 190 191 192 193 194 195 196 197 198 199 200
1123 15 16 17 18 19 20 21 22 23 24 25 26 27 28 29 30 31 32 33 34 35 36 37 38 40 42 43 44 46 47 48 49 50 51 52 55 56 57 58 59 60 61 62 63 64 65 66 68 69 70 71 72 73 74 75 77 78 79 80 81 82 84 85 86 87 88 89 90 91 92 93 94 95 96 97 98 100 101 103 104 105 106 107 108 109 110 111 112 113 114 115 116 117 118 119 120 121 122 123 124 129 130 131 132 133 134 135 136 137 138 139 140 141 142 143 144 145 146 147 148 149 150 151 152 153 154 155 156 157 158 159 160 163 164 165 166 167 168 169 170 171 172 173 174 175 176 177 178 179 180 182 183 185 186 188 189 190 191 192 193 194 195 196 197 198 199 200
1472 15 16 17 18 19 20 21 22 23 24 25 26 27 28 29 30 31 32 33 34 35 36 37 38 39 40 41 42 43 44 45 46 47 49 50 51 52 53 54 55 56 57 58 60 61 62 64 65 67 68 69 70 71 72 73 74 75 76 77 78 79 80 81 82 83 84 85 86 87 88 89 90 91 92 93 94 95 96 97 98 99 100 101 102 103 104 105 106 107 108 109 110 112 113 114 115 116 117 118 119 120 121 122 123 124 125 126 127 129 130 131 132 133 134 135 137 138 139 141 142 143 144 145 146 147 148 149 150 152 153 154 155 156 157 158 159 160 161 162 163 164 165 168 169 170 171 172 173 174 175 176 177 178 179 180 181 182 183 184 185 186 187 188 189 190 191 192 193 194 195 196 197 198 199 200
1114 16 17 18 19 20 22 23 24 25 26 27 28 29 30 31 32 33 34 35 36 37 38 39 40 41 42 44 45 46 48 50 51 52 53 54 55 56 57 58 59 60 61 62 63 64 65 66 67 68 69 70 71 72 73 74 75 77 78 79 80 81 82 84 85 87 88 89 90 91 92 93 94 95 96 97 98 99 100 101 102 103 104 105 106 107 108 109 110 111 112 113 114 115 116 117 118 119 120 121 122 123 124 127 128 129 130 131 132 133 134 135 137 138 140 141 142 143 144 145 146 147 148 149 150 151 152 153 154 155 156 157 158 159 160 162 163 164 165 166 167 168 169 170 171 172 173 174 175 177 178 180 181 182 183 184 185 186 187 188 189 190 191 192 193 194 195 196 197 198 199 200
685 17 18 19 20 21 22 23 24 25 26 27 28 29 30 31 32 34 35 36 37 38 39 41 42 43 44 45 46 47 48 50 51 52 53 54 55 56 57 59 60 61 62 63 64 65 66 67 68 69 70 71 72 74 75 76 77 78 79 80 81 82 83 84 85 86 87 89 90 91 92 93 94 95 96 98 99 100 101 103 105 106 107 108 109 110 111 112 113 115 116 117 118 119 120 121 122 123 124 125 126 127 128 129 130 131 132 133 134 135 136 137 138 139 140 141 142 143 144 145 146 147 148 149 150 151 152 153 154 155 156 157 159 161 163 164 165 166 167 169 170 171 172 173 174 175 176 177 178 179 180 181 183 184 185 186 187 189 190 191 192 193 195 196 197 198 199 200
533 18 19 20 21 22 23 24 25 26 27 28 29 31 33 34 35 36 37 38 39 40 41 42 43 44 45 46 47 48 49 50 51 52 53 54 55 56 57 58 59 60 61 62 63 64 65 66 68 70 71 72 73 74 75 76 77 78 79 80 82 83 84 85 86 88 89 90 91 92 93 94 95 96 97 99 100 101 102 103 104 105 106 107 108 109 110 111 112 113 114 115 116 117 118 119 120 121 122 123 124 125 126 127 128 129 130 131 134 135 136 137 138 139 140 141 142 143 144 145 146 147 148 149 150 151 152 153 154 155 156 157 159 160 161 162 163 164 165 166 167 168 169 170 171 172 173 174 175 176 177 179 181 182 183 184 185 186 187 188 189 190 192 194 195 196 197 198 199 200
585 19 20 21 22 23 24 25 26 27 28 29 30 31 32 34 35 37 38 39 40 41 42 43 44 45 46 47 48 49 50 51 52 53 54 55 56 57 58 59 60 61 63 64 65 66 67 68 69 70 71 72 74 75 76 77 78 79 80 81 82 83 84 85 86 87 88 89 90 91 92 93 95 96 97 98 99 100 101 103 104 105 106 107 108 109 110 112 113 114 115 118 119 120 121 122 123 124 125 126 127 128 130 131 132 134 135 136 137 138 139 140 141 142 143 144 145 146 147 148 149 150 151 152 153 154 155 156 157 158 159 161 162 163 164 165 166 167 169 170 171 172 173 174 175 176 177 178 179 180 182 183 185 186 187 188 189 190 191 192 193 194 195 197 198 199 200
963 20 21 22 23 24 25 26 27 28 29 31 32 33 34 35 36 37 38 39 41 42 43 44 45 46 47 48 49 50 51 52 53 54 55 56 57 59 60 61 62 63 64 65 67 68 69 70 71 72 73 74 75 76 77 79 81 83 85 86 87 88 89 90 91 92 93 94 95 96 97 98 99 100 101 102 103 104 105 106 107 108 109 110 111 112 113 114 115 116 117 119 120 121 122 125 126 127 128 129 130 131 132 133 134 135 136 138 139 140 142 143 145 146 147 148 149 150 151 152 153 154 155 156 157 159 160 161 162 163 164 165 166 167 168 169 170 171 172 173 175 176 177 178 179 180 181 182 183 185 186 187 188 190 191 192 193 194 195 196 197 198 199 200
797 21 22 23 24 25 26 27 28 29 30 31 32 33 34 35 36 37 38 39 40 41 42 43 45 46 47 48 49 50 51 53 54 55 56 57 58 59 60 61 62 63 64 65 66 67 68 69 70 71 73 74 75 76 77 78 79 80 82 83 84 85 86 87 88 89 90 91 92 93 94 95 96 97 98 99 100 101 102 103 104 105 106 107 108 109 110 111 114 116 117 119 120 121 122 123 124 125 126 127 129 130 131 133 134 135 136 138 139 140 141 142 143 144 145 146 147 148 149 150 151 152 153 154 155 156 157 158 159 160 161 162 163 164 165 166 167 168 169 170 171 172 173 174 175 177 178 179 180 181 182 183 184 185 186 187 188 189 190 191 192 193 195 196 197 198 199 200
616 22 23 25 26 27 28 29 30 31 32 35 36 37 38 39 40 41 42 43 44 45 46 47 48 49 50 51 52 53 54 55 56 57 58 60 61 62 63 64 65 66 67 68 69 70 71 72 73 74 75 76 77 78 79 80 81 82 84 85 86 87 88 90 91 92 93 94 95 96 97 98 99 100 101 102 103 104 105 106 107 108 111 112 113 114 115 116 117 118 119 120 121 123 125 126 127 128 129 130 132 133 134 135 136 137 138 140 141 142 143 144 145 146 147 148 149 150 151 152 153 155 156 157 158 159 160 161 162 163 164 165 166 167 168 169 171 172 173 174 175 176 177 178 179 180 181 182 184 185 186 187 188 189 190 192 193 194 195 197 198 199 200
764 23 24 25 26 27 28 29 30 31 32 33 34 35 36 37 38 39 40 41 42 43 44 45 46 47 48 49 50 51 52 53 54 55 56 57 58 59 60 62 63 64 65 66 67 68 69 70 71 72 74 75 76 77 78 79 80 81 82 83 84 85 86 87 88 90 91 92 93 94 95 96 97 98 100 101 103 104 106 107 108 109 110 111 112 113 115 116 117 118 119 120 121 122 123 124 125 126 127 128 129 130 131 133 134 135 137 138 139 140 141 142 143 144 145 146 147 148 149 151 152 153 154 155 157 158 159 160 162 163 164 165 166 167 168 169 170 171 172 173 174 175 176 177 178 180 181 182 183 184 185 186 187 189 190 191 192 193 194 195 196 197 198
942 24 25 26 27 28 29 30 31 33 34 35 36 37 38 39 41 42 44 45 46 47 49 50 51 52 53 54 55 56 57 58 60 61 62 63 64 65 66 67 68 69 70 71 72 73 74 76 78 79 80 81 82 83 84 85 86 87 88 89 90 91 93 94 95 96 97 98 100 101 103 104 105 107 108 109 110 111 112 113 114 115 116 117 118 119 121 122 123 124 125 126 127 128 130 131 132 133 134 136 139 140 141 142 143 144 145 146 147 148 149 150 151 152 153 154 155 156 157 158 159 160 161 162 164 165 166 167 168 169 170 171 172 173 174 175 177 178 179 180 181 182 183 184 185 186 187 188 189 190 191 192 193 194 195 196 197 199 200
730 25 26 27 28 29 30 31 32 34 35 36 37 38 39 40 41 42 43 44 45 46 47 49 50 51 52 53 54 55 56 57 58 59 60 61 62 63 64 65 66 67 68 69 70 71 72 73 74 75 76 77 78 79 80 81 82 84 85 86 87 88 89 91 92 93 94 95 96 97 98 100 101 104 105 106 107 108 109 110 112 113 114 117 118 120 121 122 123 124 125 126 128 129 130 132 133 135 136 137 138 139 140 141 142 143 144 145 146 147 148 149 150 151 152 153 154 156 157 158 159 161 163 164 165 166 167 168 169 170 171 172 173 174 175 176 177 178 179 180 181 182 183 184 185 187 189 190 191 192 193 194 195 196 197 198 199 200
1036 26 27 28 29 30 31 33 34 35 36 37 38 39 40 41 42 43 44 45 47 48 49 50 52 53 54 56 58 59 60 62 64 65 66 67 68 69 70 72 73 74 75 76 77 78 79 80 81 82 83 84 85 86 87 88 90 91 92 93 95 96 97 98 99 100 101 102 103 104 105 106 107 108 109 110 111 112 113 114 115 116 118 119 120 121 122 123 124 125 126 127 128 129 130 132 133 134 135 137 138 139 140 141 142 143 144 145 146 147 148 149 150 151 152 153 154 156 157 158 159 160 161 162 163 164 165 166 168 169 170 171 172 173 174 175 176 177 178 179 180 181 182 183 184 185 187 188 189 190 191 192 193 194 195 196 197 199 200
1396 27 28 29 30 31 33 34 36 37 38 39 40 41 42 43 44 45 46 48 49 50 51 53 54 55 56 57 58 59 60 61 62 63 64 65 66 67 68 69 70 71 72 73 74 75 76 77 78 79 80 81 82 83 84 85 86 87 88 89 90 91 92 93 94 95 96 98 100 101 103 104 105 107 108 109 110 111 112 113 114 115 116 117 118 120 121 122 123 124 125 126 127 128 129 130 131 132 133 134 135 136 137 138 139 141 143 144 145 146 147 148 149 151 153 154 155 157 158 159 160 161 162 163 164 165 166 167 168 169 170 171 172 174 175 176 177 178 179 180 181 182 184 185 186 187 188 189 190 191 192 193 194 195 196 197 198 199 200
813 28 29 30 31 32 33 34 35 36 37 38 39 40 41 42 43 44 45 46 47 48 49 51 52 53 54 55 56 57 58 59 60 61 62 63 64 65 66 67 68 69 70 71 73 74 75 76 77 78 80 81 82 83 86 87 88 89 90 91 92 93 94 95 96 97 98 99 100 102 103 104 106 107 108 110 111 112 113 114 115 117 118 119 120 121 122 123 124 125 126 127 128 129 130 131 132 133 134 135 136 137 138 139 140 141 142 143 144 145 146 147 148 149 150 151 152 153 154 155 156 158 159 160 161 162 163 164 165 166 167 168 170 172 174 175 177 178 180 181 182 183 184 185 186 187 188 189 190 192 193 194 195 197 199 200
1379 29 30 32 33 34 35 36 37 38 40 41 42 43 44 45 46 47 48 49 50 51 52 53 55 56 57 58 60 61 62 63 64 66 67 69 70 71 72 73 74 75 76 77 78 79 80 81 82 83 84 85 87 88 89 90 91 92 93 95 96 97 99 100 101 102 104 105 106 107 108 109 110 111 112 113 115 116 117 118 119 120 122 124 125 126 128 129 130 131 132 133 134 135 136 137 138 139 140 141 142 143 144 145 146 147 148 149 150 153 154 155 156 157 158 159 160 161 162 163 164 165 166 167 168 169 170 171 172 173 174 175 176 177 178 179 180 181 182 184 185 186 187 188 189 190 191 193 194 195 196 197 198 199 200
1399 30 31 32 33 34 35 36 37 38 39 40 41 42 43 44 45 47 48 49 50 51 52 53 54 55 56 57 58 59 60 61 62 63 65 66 67 68 69 70 72 73 74 75 76 77 78 79 80 82 83 84 85 86 87 88 89 91 92 93 94 96 98 99 100 101 103 104 105 106 108 109 111 112 113 114 115 116 117 118 120 121 122 123 124 126 127 128 129 132 133 134 135 137 138 139 140 142 143 144 146 147 148 149 150 151 152 153 154 155 156 158 159 160 161 162 163 164 165 166 167 168 169 170 171 172 174 175 176 177 178 179 180 181 182 183 184 185 186 187 188 189 190 191 192 193 194 195 196 197 198 199
1021 31 33 34 35 36 37 38 39 40 41 42 44 45 46 47 48 49 50 51 52 53 55 56 57 58 59 60 62 64 65 66 67 68 69 70 71 72 73 74 75 76 77 78 79 80 81 82 83 84 85 86 87 88 89 90 92 93 95 96 97 98 99 100 101 102 103 104 105 106 107 108 110 111 112 113 114 115 116 117 118 119 120 121 122 123 124 125 126 127 128 129 130 131 133 134 135 136 137 138 139 140 141 142 143 144 145 146 147 149 150 151 152 153 154 155 156 157 158 159 160 161 162 163 165 166 167 168 169 170 171 172 173 174 175 176 177 178 179 180 181 182 183 184 185 186 187 188 189 190 191 192 193 194 195 196 197 198 199
855 32 33 34 35 37 38 39 40 42 43 44 45 47 48 49 50 51 52 54 55 56 57 59 60 61 62 63 64 65 66 67 68 69 70 71 72 73 74 75 76 77 78 79 80 81 82 83 84 85 86 87 88 89 90 91 92 93 94 96 97 98 99 100 101 102 103 104 105 106 107 108 109 110 111 112 113 114 115 116 117 118 119 120 121 122 123 124 125 126 127 128 129 130 131 132 133 134 135 136 137 138 139 140 141 142 144 145 146 147 148 149 150 151 152 153 154 155 156 157 158 159 160 161 162 164 165 166 167 168 169 170 171 172 173 175 176 177 178 179 180 181 182 185 186 187 188 189 190 191 192 193 194 195 196 197 198 199 200
1004 34 35 36 37 38 39 40 41 42 43 44 45 46 47 48 49 50 51 52 53 54 55 56 57 59 60 61 62 63 64 65 66 67 68 69 70 71 72 73 75 76 77 78 79 80 81 82 83 86 88 89 90 91 92 93 94 95 96 97 98 99 100 101 102 103 104 105 106 107 108 109 110 111 112 114 115 116 117 118 119 120 121 122 123 124 125 127 128 129 130 131 132 134 135 136 137 138 139 140 141 142 143 144 146 147 148 149 150 151 152 153 154 155 157 158 159 160 161 162 163 164 165 166 167 168 170 171 172 173 174 175 178 179 180 181 182 183 184 185 186 187 188 189 190 191 192 193 195 196 197 198 199 200
1011 34 35 36 37 38 39 40 41 42 43 45 46 47 48 49 50 51 52 54 55 56 57 58 59 60 61 62 63 64 65 66 68 69 70 71 72 73 74 75 76 77 78 79 80 83 85 86 87 89 90 91 92 93 94 95 96 97 99 100 101 102 103 104 105 107 110 111 112 113 114 115 116 117 118 120 121 122 124 125 126 128 129 130 131 132 133 134 135 137 138 139 140 141 142 143 144 145 146 147 149 150 151 152 154 156 157 158 159 160 161 162 163 164 165 166 167 169 170 171 172 173 174 175 176 177 178 179 180 181 183 184 185 186 187 188 189 190 191 192 193 194 195 196 197 198 199 200
1190 35 36 37 40 41 42 43 44 45 46 47 48 49 50 51 52 53 54 55 56 57 58 59 60 61 62 63 64 65 66 68 69 70 72 73 74 75 76 77 78 79 80 81 83 85 86 87 88 90 92 93 94 95 96 97 98 99 100 101 102 104 105 106 107 108 109 110 111 112 113 114 115 116 117 118 119 120 121 122 123 125 126 127 128 129 130 131 132 134 135 136 137 138 139 140 141 142 143 144 145 146 147 148 149 150 151 152 153 154 156 157 159 160 161 163 164 165 166 168 169 171 172 173 174 175 177 178 179 180 181 182 183 184 185 187 188 189 190 191 192 193 194 195 196 197 198 200
740 36 37 38 39 40 41 42 43 44 45 46 47 48 49 50 51 52 53 56 59 60 61 62 64 65 66 67 68 69 71 72 73 74 75 77 78 79 80 81 82 83 84 85 87 88 89 90 91 92 94 95 96 97 99 100 101 102 104 105 106 107 108 110 111 112 113 114 115 116 117 118 119 120 121 122 124 125 126 127 128 129 130 131 132 133 134 135 136 137 138 141 142 143 144 145 146 147 148 149 150 151 152 153 154 156 157 158 159 160 161 162 163 164 165 166 167 168 169 170 171 172 174 175 176 177 178 179 180 181 182 184 185 186 187 188 190 191 192 193 194 195 197 198 199
1242 37 38 39 40 41 42 43 44 45 47 48 49 50 51 52 53 54 55 56 57 58 59 60 61 62 63 64 65 66 67 68 69 70 71 72 73 74 75 76 77 78 79 80 81 83 85 86 87 88 89 90 91 93 94 95 96 97 99 101 102 103 104 105 106 107 108 109 110 112 113 114 115 116 117 118 120 121 122 123 124 127 128 129 130 131 132 133 134 135 136 137 138 139 140 141 142 143 144 145 146 147 148 149 150 152 153 154 155 156 158 159 161 162 163 164 165 166 167 168 169 170 171 172 173 175 176 177 178 179 180 181 182 183 184 186 187 189 190 191 192 193 194 195 196 197 198 199 200
848 38 39 40 41 42 43 45 46 47 48 49 50 51 52 53 54 55 56 57 58 59 60 61 62 63 65 66 67 68 69 71 72 73 74 76 77 78 79 80 81 82 84 86 87 88 89 90 91 92 93 94 95 96 97 99 100 102 103 104 105 106 107 108 109 110 111 112 113 114 116 117 118 119 120 121 122 123 125 126 127 129 131 132 133 134 135 136 137 138 140 141 142 143 144 145 146 147 148 150 151 152 153 154 155 156 157 158 159 161 162 163 164 165 166 167 168 169 170 171 172 173 174 175 176 177 178 179 182 183 184 185 187 188 189 190 191 192 193 194 195 196 197 198 199 200
1064 39 40 41 42 43 44 45 46 47 48 49 50 51 52 53 54 55 56 57 58 59 60 61 62 63 64 65 66 67 68 69 70 71 72 73 74 75 76 77 78 79 80 81 82 83 85 86 87 88 89 90 92 93 95 96 97 98 99 100 101 102 103 104 105 106 107 108 109 110 111 112 113 114 115 116 117 118 119 120 121 122 123 124 126 127 128 129 130 131 132 133 134 137 138 140 141 142 143 144 145 146 147 148 150 151 152 153 154 155 156 157 158 159 160 161 162 163 164 165 166 167 168 169 170 171 172 173 174 175 176 177 178 179 180 181 182 184 185 186 187 188 189 190 191 192 193 194 195 196 197 198 199 200
828 40 41 42 43 44 45 46 47 48 49 50 51 52 53 54 55 56 57 58 59 60 61 62 63 65 66 67 68 69 70 71 72 73 74 75 77 78 79 80 81 82 85 86 87 88 89 90 92 93 94 95 96 97 98 99 100 101 102 103 104 105 107 108 109 110 112 113 114 116 117 118 119 120 121 125 126 127 128 129 130 131 132 133 134 135 136 137 138 139 141 144 145 146 147 148 149 150 151 152 153 154 155 156 157 158 159 160 161 162 163 164 165 166 168 169 170 171 172 173 174 175 176 177 178 179 180 181 182 183 184 185 186 187 188 189 190 192 193 194 195 197 198 200
916 41 42 43 45 46 47 48 49 50 51 52 53 54 55 56 57 58 59 60 62 63 65 66 67 68 69 70 71 72 73 74 75 76 78 79 80 81 82 83 84 85 86 87 88 89 90 91 92 93 94 95 96 97 98 99 100 101 103 104 105 106 107 108 109 110 111 112 114 115 116 118 121 122 123 124 125 126 127 128 129 130 132 133 134 135 136 137 138 139 140 141 142 143 144 145 146 147 148 149 150 151 152 153 154 155 156 157 158 159 160 161 162 163 164 165 166 167 169 170 171 172 173 174 175 176 177 178 179 180 181 182 183 184 185 186 187 188 189 190 191 192 193 194 195 197 198 199 200
849 42 43 44 45 46 47 48 50 51 52 54 55 56 57 58 59 60 62 63 64 65 66 67 68 69 70 71 72 73 74 75 76 77 78 79 80 81 82 83 85 86 88 89 90 91 92 93 94 95 98 99 100 101 102 104 105 106 107 108 109 110 111 112 113 114 115 116 118 119 120 121 122 123 124 125 126 129 130 131 132 135 136 137 139 140 141 142 143 144 145 146 147 148 149 150 151 152 153 154 155 156 158 160 161 163 164 165 166 167 168 170 171 173 174 175 176 177 178 180 181 183 184 185 186 187 188 189 190 191 192 194 195 196 197 198 199
1079 43 44 45 46 47 48 49 50 51 52 53 54 55 56 57 58 59 60 62 63 64 65 66 67 68 69 70 71 72 73 74 75 76 77 79 80 81 82 83 84 85 86 87 89 90 91 92 93 94 96 97 98 99 100 101 102 103 104 105 106 107 109 110 111 112 113 114 115 116 117 118 119 120 121 122 124 125 126 127 128 129 130 131 133 134 135 136 137 138 139 140 141 142 143 144 145 146 147 148 149 150 151 152 153 155 156 157 158 159 160 161 162 163 164 165 167 168 169 170 171 172 173 174 175 176 177 178 179 180 181 182 183 184 185 186 188 189 190 191 192 193 194 196 197 198 199 200
1447 45 46 47 48 49 50 51 52 53 54 55 56 57 58 59 60 61 62 63 64 65 66 67 68 69 71 72 73 74 75 76 77 79 80 81 82 83 84 85 86 87 88 89 90 91 92 93 94 95 96 97 98 100 101 102 103 104 105 106 108 109 110 111 112 113 114 115 116 117 118 119 120 121 122 123 124 125 126 127 128 129 130 131 132 133 134 135 136 137 138 141 142 143 144 145 146 147 148 149 150 151 152 154 155 156 157 158 159 160 161 162 163 164 165 166 167 168 169 170 171 172 173 174 175 176 177 178 179 180 181 182 183 185 186 187 188 189 190 191 192 194 195 196 197 198 199 200
610 45 46 47 48 49 50 51 52 53 54 55 56 57 58 59 60 61 62 63 64 65 66 68 69 70 71 72 74 75 76 77 78 79 82 84 85 86 87 88 89 90 91 92 93 95 97 98 99 100 102 104 105 106 107 108 109 110 112 113 114 115 116 117 118 119 120 121 123 124 125 127 128 129 130 131 133 134 135 136 137 138 139 140 141 143 144 145 146 147 148 149 150 151 152 153 154 155 156 157 158 159 161 162 163 164 165 166 167 168 169 170 171 172 173 174 176 177 178 179 180 181 182 183 184 185 186 187 188 189 190 191 192 193 194 195 197 198 200
1186 46 47 48 49 50 51 52 53 54 55 56 57 58 59 60 61 62 63 64 65 66 67 68 70 71 72 73 74 75 77 78 79 80 81 82 83 84 85 86 88 89 90 91 92 93 94 95 96 97 98 99 100 101 102 103 104 105 106 107 108 109 110 112 113 114 115 117 118 119 120 121 122 123 124 125 126 128 129 130 131 132 133 134 135 136 137 139 141 142 143 144 145 146 147 149 150 151 152 154 155 156 157 158 159 160 161 162 163 165 167 168 169 170 171 172 173 175 176 177 178 179 180 181 182 183 184 186 187 188 189 191 192 194 195 196 197 198 199 200
1307 47 48 49 50 51 52 53 54 55 56 57 58 59 60 61 62 63 64 65 66 68 70 71 72 73 74 75 76 77 78 79 80 81 82 83 84 87 88 89 90 91 92 93 94 95 96 97 99 102 103 104 105 106 107 108 109 110 111 112 113 114 115 116 117 118 119 120 121 122 123 124 125 126 127 128 130 131 132 133 134 135 136 137 138 139 140 141 142 143 144 145 147 148 149 150 151 152 154 155 156 157 158 159 160 161 162 163 164 165 166 167 168 169 170 171 172 173 174 175 176 177 178 179 180 181 182 183 186 187 188 189 190 191 192 193 194 195 196 197 198 199 200
772 48 49 50 52 53 54 55 56 57 59 60 61 63 64 65 66 67 68 69 70 71 72 73 74 75 76 77 78 80 82 83 84 85 87 88 89 91 92 94 96 97 98 99 100 101 103 104 105 106 107 108 109 110 112 113 114 115 117 118 119 120 121 122 123 125 126 127 128 129 130 131 132 133 134 135 136 139 140 141 142 143 144 145 146 147 148 149 150 151 152 153 154 155 156 157 158 159 160 161 163 164 166 167 168 169 170 171 172 173 174 175 176 178 179 181 182 183 184 185 187 188 189 190 191 192 193 194 195 197 198 199 200
1202 49 50 51 52 53 54 55 56 57 58 59 60 63 65 66 68 69 70 71 72 73 75 76 77 78 79 80 81 82 83 84 85 86 87 88 89 90 91 92 93 94 95 96 97 98 99 100 101 102 103 104 105 106 107 108 109 110 111 112 113 114 115 116 117 118 119 120 121 122 123 124 125 126 127 129 131 132 133 134 135 137 138 139 141 142 143 144 145 146 147 148 149 150 151 152 153 154 155 156 157 158 159 160 161 162 163 164 165 166 167 168 169 171 172 174 175 177 178 179 180 181 182 183 184 185 186 187 188 189 190 191 192 193 194 195 196 197 198 199 200
1040 50 51 52 54 55 56 57 58 59 60 61 62 63 64 65 66 68 69 70 71 72 73 74 75 76 78 79 80 81 82 83 85 86 87 88 89 90 91 92 93 94 95 96 98 99 100 101 102 103 104 105 106 107 109 110 111 112 113 114 115 116 118 119 120 122 123 124 125 127 128 129 130 131 132 133 134 135 136 137 138 139 140 141 142 144 145 146 147 148 149 150 151 152 154 155 156 157 158 159 160 161 162 163 164 165 166 167 168 169 170 171 172 173 174 175 176 177 178 179 180 181 182 183 184 185 186 187 188 190 191 192 193 194 196 197 198 199 200
1066 51 52 53 54 55 56 57 59 60 61 62 63 64 66 67 68 69 71 72 73 74 76 77 78 79 80 81 82 83 84 85 86 87 88 89 90 91 92 93 94 95 96 97 98 99 100 101 102 103 104 105 106 107 109 110 111 112 113 114 115 116 117 119 120 121 122 123 124 125 127 128 129 130 131 132 133 134 135 136 137 138 139 140 142 143 144 145 146 147 148 149 150 151 152 153 154 155 156 157 158 159 160 161 162 163 165 166 168 170 171 172 173 174 175 176 178 179 181 182 183 184 185 186 187 188 189 190 191 192 193 194 195 196 197 198 200
853 52 53 54 55 56 57 59 60 61 63 64 65 66 67 68 69 70 71 72 73 74 76 77 80 81 82 83 84 85 86 88 89 90 91 92 93 94 95 96 97 98 99 100 101 102 103 104 105 106 107 108 109 110 111 112 113 114 115 116 117 119 120 121 122 124 125 126 127 128 129 130 133 134 135 136 137 138 139 140 141 142 143 144 145 146 147 149 150 151 152 153 154 155 156 158 159 160 161 162 163 164 166 167 168 169 170 171 173 174 175 176 177 178 179 180 181 182 184 185 186 187 189 190 191 192 194 195 196 197 198 199 200
1193 53 54 55 56 57 58 59 60 62 63 64 65 66 67 68 69 70 71 74 75 76 77 78 79 80 81 82 83 84 86 87 88 89 90 91 93 94 95 97 98 100 101 103 104 105 106 107 108 109 110 111 112 113 114 115 116 117 118 119 120 121 122 123 124 125 126 127 128 129 130 131 132 133 134 135 136 137 138 139 140 142 143 144 145 146 147 148 149 150 151 152 153 154 155 156 157 158 159 161 162 163 164 165 167 169 170 171 172 173 174 175 176 177 178 179 180 181 183 184 186 187 188 189 190 192 193 194 195 196 197 198 199 200
1019 54 55 56 57 58 59 60 61 62 63 64 65 66 67 68 69 70 71 72 73 75 76 77 78 79 81 82 83 84 85 86 87 89 90 91 92 93 94 95 96 97 98 99 100 101 102 103 104 107 108 109 110 111 112 114 116 117 118 119 120 121 122 123 126 127 128 129 131 132 133 134 135 136 137 138 139 140 141 142 143 144 145 146 147 148 149 150 151 152 153 154 155 156 157 158 159 160 161 162 163 164 165 166 167 168 169 170 171 172 173 174 175 176 178 179 181 182 183 184 185 186 187 188 189 190 191 192 193 195 196 197 198 199 200
991 55 56 58 59 60 61 62 63 65 67 68 69 70 71 72 73 74 75 76 77 79 80 81 82 83 84 85 87 88 89 90 91 92 93 94 96 97 98 99 100 101 102 104 105 106 108 109 110 111 112 113 114 115 116 117 119 120 121 122 123 124 125 126 127 128 129 130 132 133 134 135 136 139 140 141 144 146 147 148 149 150 151 152 154 155 156 158 159 160 161 162 163 164 165 166 167 168 169 170 171 172 174 175 176 177 178 179 180 181 182 184 186 187 188 189 190 191 192 193 194 195 196 197 198 199
924 56 57 58 59 60 62 63 64 65 66 68 69 70 71 72 74 75 76 77 78 80 81 82 83 84 85 87 88 89 90 91 92 94 96 98 99 100 102 103 104 105 106 107 108 109 110 111 112 113 114 115 116 117 118 119 120 121 122 123 124 125 126 127 128 129 130 131 132 133 134 135 136 138 139 140 141 142 143 144 145 146 147 148 149 150 151 152 153 154 155 156 157 158 159 160 161 162 163 165 166 167 168 169 170 171 172 173 174 176 178 179 180 181 182 183 184 185 186 187 188 189 190 191 192 193 194 195 196 198 199 200
610 57 58 59 60 61 62 63 64 65 66 67 68 69 70 71 72 73 74 75 76 77 78 79 80 81 82 83 84 85 86 87 88 89 90 91 92 93 94 95 96 97 98 99 100 101 102 103 104 105 106 107 109 111 112 113 114 115 116 117 118 119 120 121 122 123 124 125 126 129 130 131 132 133 134 135 136 137 139 140 141 142 143 144 145 146 147 148 149 151 152 153 154 155 156 157 158 159 160 161 162 163 164 165 166 167 168 169 170 171 173 174 175 176 177 178 179 180 182 183 184 185 186 187 189 190 191 192 193 194 195 196 197 198 199
903 58 59 60 61 62 64 65 67 68 69 70 71 72 74 75 76 77 78 79 80 81 82 83 84 85 86 87 88 89 90 91 92 93 94 95 96 98 99 100 101 102 103 104 105 106 108 109 110 111 112 113 114 115 116 119 120 121 122 123 124 125 126 127 128 129 131 132 133 135 136 137 138 139 140 141 142 143 144 145 146 147 148 149 150 151 152 153 154 155 156 157 158 159 160 161 162 163 164 165 167 168 169 170 171 172 173 174 175 176 178 179 180 181 182 183 184 187 188 189 190 191 193 194 195 196 197 198 199 200
1289 59 60 61 62 63 64 65 66 67 68 69 70 71 72 74 75 77 79 80 81 82 83 84 85 86 87 89 90 91 92 93 95 96 97 98 99 100 101 102 103 104 105 106 107 108 109 110 111 112 113 114 115 116 117 118 119 120 121 122 123 124 125 126 127 128 129 130 131 132 134 135 136 137 138 139 140 141 142 143 144 145 146 147 149 150 151 152 155 157 159 160 161 162 163 164 165 168 169 170 171 172 173 174 176 177 178 179 180 181 182 183 184 185 186 187 188 189 190 191 192 193 194 195 196 197 198 199 200
1328 60 61 62 63 64 66 67 68 69 70 71 72 73 74 76 77 78 79 80 81 82 83 84 85 86 87 88 89 90 91 92 93 94 95 96 97 99 100 101 102 103 104 105 107 108 109 111 113 114 115 116 117 119 120 121 122 123 124 126 127 128 129 130 131 133 134 135 136 137 138 139 140 142 143 144 146 148 149 150 151 152 153 154 155 156 157 158 159 160 161 162 163 165 166 167 168 169 170 171 172 173 174 175 176 177 178 179 180 181 182 183 184 185 186 187 188 189 190 193 194 195 197 198 200
1323 61 62 63 64 65 66 67 68 69 70 71 72 74 76 77 78 79 80 81 82 83 84 86 87 88 89 90 91 92 93 94 95 96 97 99 101 103 104 105 106 107 108 109 110 111 112 113 114 115 117 118 119 120 121 122 123 124 125 126 127 128 129 130 131 132 133 134 135 137 138 140 141 142 143 144 145 146 147 148 149 150 151 152 153 154 155 157 158 159 160 161 162 163 164 165 166 167 168 169 170 171 172 174 175 176 177 179 180 181 182 184 185 186 188 189 190 191 192 194 195 196 198 199 200
1150 62 63 64 65 66 67 68 69 70 71 72 73 74 75 76 78 79 80 81 82 83 84 85 86 87 88 89 90 91 92 93 94 95 96 97 98 99 100 101 102 103 104 105 106 107 108 109 111 112 113 114 115 116 118 119 120 121 122 123 124 125 126 127 128 129 130 131 132 133 134 135 136 137 138 139 140 142 143 144 146 148 149 150 151 152 153 155 156 157 158 159 160 162 163 165 167 168 169 170 171 172 173 174 175 176 177 180 181 182 183 184 185 186 187 188 189 190 191 192 193 194 195 196 200
671 63 64 65 66 67 69 70 71 72 73 74 75 76 77 78 79 80 81 82 83 84 85 86 87 88 89 90 92 93 95 96 97 98 99 100 101 102 104 105 106 107 109 110 111 112 113 115 116 117 119 120 121 122 123 124 125 126 127 128 129 130 131 132 134 135 136 137 138 139 140 141 143 144 145 146 147 148 149 150 151 152 153 154 155 156 157 158 159 160 161 162 163 166 167 168 169 170 171 172 174 175 176 177 178 179 180 181 182 183 184 185 186 187 188 189 190 191 192 193 194 195 196 197 198
1474 64 65 66 67 68 69 70 71 72 73 74 75 76 77 78 79 80 81 82 83 84 86 88 89 90 91 92 93 94 95 97 98 99 100 101 102 103 104 105 106 107 108 110 111 112 113 114 116 117 118 119 120 121 122 123 125 126 127 128 129 130 131 132 133 134 135 137 138 139 140 141 142 144 145 146 148 149 150 151 152 153 154 155 156 157 158 159 160 161 162 164 166 167 169 170 171 172 173 174 175 176 177 178 179 180 181 182 183 184 185 186 187 188 189 190 191 192 193 195 196 197 198 199 200
1315 65 66 67 68 69 70 71 72 73 74 75 76 78 79 80 81 82 83 84 85 86 87 88 89 90 91 92 93 94 95 96 97 98 99 100 101 102 103 104 105 106 107 110 111 112 113 114 115 116 117 118 119 120 121 122 123 124 125 127 130 131 132 133 134 136 137 138 139 140 141 142 143 144 145 146 147 149 150 151 152 153 154 155 156 157 158 159 160 161 162 163 164 166 167 168 169 170 171 172 173 174 175 176 177 178 179 181 182 183 184 185 186 187 188 190 191 192 193 194 195 197 198 199
1500 66 68 69 70 71 72 73 74 75 76 77 78 79 80 81 82 83 84 85 86 87 88 89 91 93 95 96 98 99 100 102 103 104 105 106 107 108 110 111 112 113 114 115 116 117 118 119 120 121 122 123 124 126 127 129 130 131 132 133 134 135 136 137 138 139 140 141 142 143 144 145 146 147 148 150 151 152 153 154 155 156 157 158 159 160 161 162 163 164 165 167 168 169 170 171 172 173 174 175 176 178 179 180 181 182 183 184 185 186 187 188 189 191 192 193 194 195 196 197 198 199 200
906 67 68 69 70 71 72 73 74 75 76 77 78 79 80 81 82 83 84 85 86 88 89 90 92 93 94 95 96 97 98 100 101 102 103 104 105 106 107 108 109 110 111 112 113 114 115 116 117 118 119 121 122 123 124 125 126 127 128 129 130 131 132 133 134 135 138 140 141 142 143 144 145 146 148 150 151 152 153 154 156 158 159 160 162 163 164 165 166 167 168 169 170 171 172 173 174 175 176 177 178 179 181 182 184 185 187 189 190 191 192 193 194 195 196 197 198 199 200
536 68 69 70 71 72 73 75 76 77 78 80 81 83 84 85 86 87 88 89 90 91 92 93 94 95 96 97 98 99 100 101 102 103 104 105 106 107 108 109 110 111 112 113 114 115 117 118 119 120 121 122 123 124 125 126 127 128 129 130 131 132 133 134 135 136 137 138 139 140 141 142 143 144 145 146 147 148 149 150 151 152 153 154 155 156 157 158 159 160 161 162 163 164 165 166 167 168 169 170 171 172 173 174 175 176 177 178 179 180 181 182 184 185 186 187 188 189 190 192 193 194 195 196 197 198 199 200
1057 69 70 71 72 74 75 76 77 78 79 80 81 82 83 84 85 86 87 88 89 90 91 92 93 94 95 96 97 98 99 100 102 104 105 106 107 108 109 110 111 112 114 115 116 117 118 119 120 121 122 123 125 126 127 128 129 130 131 133 134 135 136 137 139 140 142 143 144 145 146 147 148 149 150 151 153 154 155 156 157 158 159 160 161 162 163 164 165 166 167 168 169 170 171 172 173 174 175 176 177 178 179 180 181 182 183 184 185 186 187 188 189 191 192 194 195 196 198 199 200
961 70 71 72 73 74 75 76 77 78 80 81 82 83 84 85 86 87 88 89 90 91 92 93 95 96 97 98 99 100 102 103 104 105 106 107 108 109 110 111 112 113 114 115 116 117 119 120 121 122 123 124 125 126 127 128 129 130 132 134 135 136 137 140 141 142 143 144 145 146 147 148 149 150 151 152 153 154 155 156 157 158 159 160 161 162 163 164 165 166 167 168 169 170 171 173 174 175 176 177 179 180 181 182 184 186 187 188 189 191 192 193 194 195 196 197 199 200
628 71 72 74 75 76 77 78 79 80 81 82 83 84 85 87 88 89 90 91 92 93 94 95 96 97 99 100 101 102 103 104 105 106 107 108 109 110 111 112 113 114 115 116 117 118 119 120 121 122 123 124 127 128 129 130 131 132 133 134 135 136 138 140 141 142 143 144 145 146 147 148 149 150 151 152 153 154 155 156 157 158 160 161 162 163 164 165 166 167 168 169 170 171 173 174 175 176 177 178 179 180 181 182 183 184 185 186 187 188 189 190 191 192 193 194 195 197 198 199 200
1261 72 73 74 75 77 78 79 80 81 82 83 84 85 86 87 88 90 91 92 93 94 96 97 98 99 100 101 102 103 104 105 106 107 109 110 111 112 113 114 115 116 117 118 119 120 122 124 125 126 127 128 129 130 131 132 134 135 136 137 138 139 140 141 142 143 144 145 147 148 149 150 151 153 154 155 156 157 158 159 160 161 162 164 166 167 168 169 170 172 174 175 176 177 178 180 182 184 185 186 187 188 189 191 192 193 194 195 196 197 198 199
758 73 74 76 78 79 80 81 83 84 85 86 87 88 89 90 91 92 93 94 95 96 97 98 99 100 101 102 103 104 105 106 107 108 109 111 112 113 114 115 117 118 119 120 121 122 123 124 125 126 127 128 129 130 131 132 134 135 136 137 138 139 140 141 142 144 145 146 147 148 149 150 151 152 153 154 156 157 158 159 160 161 162 163 164 166 167 168 169 170 172 173 174 175 176 177 178 179 180 181 182 183 184 185 186 187 188 189 190 191 192 193 194 195 197 198 199 200
1104 74 75 76 78 79 80 81 82 83 84 85 86 87 88 89 90 91 92 93 94 95 96 97 98 99 100 101 102 103 104 105 106 107 108 109 110 111 112 113 114 115 116 117 118 119 120 121 122 123 124 125 128 129 130 131 133 134 135 137 138 139 140 141 142 144 147 148 149 151 152 153 154 155 157 158 159 160 161 162 163 164 165 166 167 169 170 171 172 173 174 175 176 177 178 179 180 181 182 183 184 185 186 187 188 189 190 192 194 195 196 197 198 199 200
971 77 78 79 80 81 82 83 84 85 86 88 90 91 92 93 94 95 96 97 98 99 100 102 103 104 105 106 107 109 110 111 112 113 114 115 116 117 118 119 120 121 122 123 124 125 126 127 128 130 131 132 133 134 135 136 137 138 139 141 142 143 144 145 147 148 149 150 151 152 153 154 156 157 158 159 160 161 162 163 164 165 166 167 168 169 171 172 173 174 176 178 179 180 182 183 184 185 186 187 189 191 192 193 194 195 196 197 198 199 200
887 76 77 78 79 80 81 82 84 85 86 87 88 89 90 91 92 93 95 96 97 98 99 100 101 102 103 105 106 107 108 109 110 111 112 113 114 115 116 117 118 119 120 121 122 123 124 125 126 127 128 129 130 131 132 133 134 135 136 137 138 139 140 141 142 143 145 146 147 148 149 150 151 152 153 154 155 156 157 158 159 160 161 162 163 164 165 166 167 168 169 170 171 172 173 174 175 176 177 178 179 180 181 182 183 184 185 186 187 188 189 190 191 192 193 194 195 197 198 199 200
1105 77 78 79 80 82 83 84 85 86 87 89 90 91 92 93 94 95 96 97 98 99 100 102 103 104 105 106 107 108 109 110 111 113 114 115 116 119 122 123 124 125 126 127 129 130 131 132 133 134 135 136 137 138 139 141 142 144 145 146 147 148 149 150 153 154 155 156 157 158 159 160 161 162 163 164 165 166 168 169 170 172 174 175 176 177 178 179 180 181 184 185 186 188 189 190 191 193 194 195 196 197 198 199 200
518 79 80 81 82 83 84 85 86 88 89 90 91 92 93 94 95 96 97 98 99 100 101 102 103 104 105 106 108 109 110 111 112 113 114 115 116 117 118 119 120 121 122 124 125 126 127 128 129 130 131 132 133 134 135 136 137 138 139 140 141 142 143 144 145 146 147 148 149 150 151 152 153 154 155 156 157 158 159 160 161 162 163 164 165 166 167 168 169 170 172 173 174 175 176 177 178 179 180 181 182 183 184 185 186 187 188 189 190 191 192 193 195 197 198 199 200
1301 79 80 81 82 83 85 86 87 88 89 90 91 92 93 94 95 96 97 98 100 101 102 103 104 105 106 107 108 109 111 112 113 114 115 116 117 118 119 120 121 122 123 124 125 126 127 128 129 130 131 132 133 134 135 136 137 138 139 140 141 142 143 144 145 146 147 148 149 150 151 152 153 154 155 156 157 158 159 160 161 162 163 164 166 167 168 169 170 171 172 173 174 175 176 177 178 179 180 181 182 183 184 185 186 187 188 189 190 191 192 193 194 195 196 197 198 199 200
586 80 81 83 84 85 86 87 88 89 91 92 93 94 96 97 98 99 100 101 102 103 104 105 106 107 108 109 110 111 112 113 114 115 116 117 118 119 120 121 122 123 124 125 127 128 129 130 132 133 134 135 136 137 138 139 140 141 143 144 146 147 148 149 150 151 152 153 154 155 156 157 158 159 160 161 162 163 164 167 168 169 170 171 172 173 174 176 177 178 179 180 181 183 184 186 187 188 189 190 191 192 194 195 196 197 198 199 200
673 83 84 85 86 87 88 89 90 91 93 94 95 97 98 99 100 101 102 103 104 105 106 107 108 109 110 111 112 113 114 115 117 119 120 121 123 124 125 126 127 128 129 130 131 132 133 134 135 136 137 138 139 140 141 142 143 144 145 146 147 148 149 151 152 153 154 155 156 157 158 159 160 161 162 163 164 165 166 167 168 169 170 172 173 174 175 176 177 178 180 181 182 183 185 186 187 188 189 191 192 193 194 196 197 198 199 200
798 82 83 84 85 87 88 89 90 91 92 93 94 95 96 97 98 99 100 101 102 104 105 106 108 109 110 111 112 113 114 115 117 118 119 120 121 122 123 124 125 126 127 128 131 132 133 134 135 137 138 139 141 143 144 145 146 147 148 149 150 151 152 154 155 156 157 158 159 160 161 163 164 165 166 167 168 169 170 172 173 174 175 176 177 178 179 180 181 182 184 185 187 189 190 191 192 193 194 195 196 197 198 199 200
889 83 84 85 86 87 88 89 90 91 92 93 94 95 96 97 98 99 100 101 102 103 104 105 106 107 108 109 110 111 112 113 114 115 116 117 118 119 120 121 122 123 124 125 126 128 129 130 131 132 133 134 135 136 137 138 139 140 141 142 143 144 145 146 147 148 149 150 151 152 153 154 155 156 157 158 159 160 161 162 163 164 165 166 167 168 169 170 171 172 173 174 175 176 177 180 181 182 183 184 185 186 187 188 189 190 191 192 194 195 196 197 198 199 200
1348 84 85 86 87 88 89 90 92 94 95 96 97 98 99 101 102 103 104 105 106 107 108 109 110 111 112 113 115 116 117 118 119 120 121 123 124 125 127 128 129 131 132 133 135 136 138 139 140 142 144 145 146 147 148 149 150 151 152 154 155 156 159 160 161 162 164 165 166 167 168 169 170 171 172 174 176 177 178 179 180 181 182 183 184 185 186 187 188 189 190 191 192 193 194 195 196 197 199 200
1063 85 86 87 88 89 90 91 92 94 95 96 97 98 99 100 101 102 103 104 105 106 107 109 110 111 112 113 114 115 116 117 118 119 120 121 122 123 124 126 127 128 129 130 131 132 133 134 135 136 137 138 139 140 141 142 143 144 145 146 147 148 149 150 151 152 153 154 156 157 158 159 160 161 162 163 164 165 166 167 169 170 171 172 174 175 176 177 178 179 180 181 182 183 184 185 187 188 189 190 191 192 193 194 195 196 197 199
1423 86 87 88 89 90 91 92 93 94 95 96 97 98 99 100 101 102 104 105 106 107 109 110 111 112 113 114 115 116 117 118 119 120 121 122 123 124 125 126 127 128 129 131 132 134 135 136 137 138 140 141 142 143 144 145 146 147 148 149 150 152 153 154 155 156 157 158 159 160 161 162 163 164 166 167 168 169 170 171 172 173 174 175 176 177 178 179 180 181 183 184 185 186 187 188 189 190 191 192 194 195 196 197 198 199 200
1475 87 88 90 91 92 97 98 99 100 102 103 105 106 107 108 109 110 111 112 113 114 115 116 117 118 119 120 121 122 123 125 126 127 128 129 130 132 133 134 135 136 137 138 139 140 141 142 143 144 145 147 148 149 150 151 152 154 155 156 157 158 160 161 163 165 166 168 169 170 171 172 173 174 175 176 177 178 179 180 181 183 184 185 186 187 188 189 191 192 193 194 195 196 197 199 200
690 88 89 90 91 92 93 94 95 97 98 99 102 103 104 105 106 108 109 110 111 112 113 114 115 116 117 118 119 120 121 122 123 124 125 126 127 128 129 130 131 132 133 135 136 137 139 140 141 142 143 144 145 147 148 149 151 152 153 154 155 156 157 158 159 160 161 162 163 164 166 167 168 169 170 171 172 173 175 176 177 178 179 180 181 182 183 184 185 187 188 189 190 191 192 193 194 195 196 197 198 199 200
623 89 91 92 93 94 95 96 97 98 99 100 101 102 103 104 105 107 108 109 110 111 113 114 115 116 117 118 119 121 122 123 124 125 126 128 129 130 134 135 136 137 139 140 141 142 143 144 145 146 147 148 149 150 151 152 153 154 156 157 158 159 160 161 162 163 164 165 166 167 168 169 170 171 172 173 174 175 176 177 178 179 180 182 183 184 185 186 188 189 190 191 192 193 194 195 196 197 198 199
810 90 91 92 93 95 96 97 98 99 100 101 102 103 104 105 106 107 108 109 110 111 112 113 114 115 117 118 120 121 123 124 125 126 127 128 129 130 131 132 133 134 135 136 137 138 139 141 142 143 146 147 148 149 150 152 153 154 155 156 157 158 159 160 163 164 165 166 167 168 169 170 171 172 173 174 175 176 177 178 179 180 182 183 184 185 186 187 188 189 190 191 192 193 195 196 197 198 199 200
1403 91 92 94 95 96 97 99 100 101 102 103 106 107 108 109 111 112 113 114 115 116 117 118 119 120 121 122 124 125 126 127 128 129 130 131 132 134 135 136 137 138 140 141 142 143 144 145 146 147 148 149 150 151 152 153 154 155 156 157 158 159 160 162 164 165 166 167 168 169 170 171 172 173 174 175 177 179 180 181 182 184 185 186 187 188 189 190 191 193 194 195 196 197 198 199 200
1026 92 93 94 95 96 97 99 101 102 104 105 106 107 108 109 110 111 112 113 114 115 116 117 118 119 120 121 122 123 124 126 128 129 130 131 132 133 134 135 136 137 139 140 141 142 143 144 145 146 148 151 152 153 155 156 157 158 159 160 161 163 164 165 166 167 168 169 171 172 173 174 175 176 177 178 179 180 181 182 183 184 185 186 187 188 189 190 191 193 195 196 197 198 199 200
1431 93 94 95 96 97 98 99 100 101 102 103 104 105 106 107 108 109 110 111 113 114 115 116 117 118 119 121 122 123 124 125 127 128 129 130 131 132 133 134 135 136 137 138 139 141 142 143 144 146 147 148 149 150 151 152 154 155 156 158 159 161 162 163 164 165 167 168 169 170 171 172 173 174 175 176 177 178 179 181 182 183 184 186 187 188 189 190 191 192 193 194 195 197 198 199 200
992 94 95 96 97 98 100 101 102 103 104 106 108 110 111 113 114 115 116 117 118 119 120 121 122 123 124 125 127 128 129 130 131 132 133 134 135 137 138 139 140 141 142 143 144 145 146 147 148 149 150 151 152 153 154 155 156 157 158 159 160 161 162 163 164 165 166 167 168 169 170 171 173 174 175 176 177 179 180 182 183 184 185 186 187 188 189 190 191 192 193 194 195 196 197 199 200
1332 95 96 97 98 99 100 101 102 103 104 105 106 107 108 109 110 111 112 113 115 116 118 119 120 121 122 123 124 125 126 128 129 130 131 133 134 135 136 137 138 139 141 142 143 145 146 148 149 150 151 152 153 154 155 156 157 158 159 160 161 162 163 164 165 166 167 168 169 170 171 172 174 175 176 177 178 179 180 181 183 184 185 186 187 188 190 191 192 193 195 196 198 199 200
924 96 97 98 99 100 101 102 103 105 107 108 109 110 111 112 113 114 115 116 117 118 120 121 122 123 124 125 126 127 128 129 130 132 133 134 135 137 138 139 140 141 142 143 144 145 146 147 148 149 150 151 152 153 155 156 158 159 160 161 164 165 166 167 168 169 170 171 172 173 174 175 176 177 178 179 180 181 182 183 184 185 186 187 188 190 191 192 193 195 196 197 198 199 200
1316 97 98 99 100 102 103 104 105 106 108 109 110 111 112 113 114 115 116 118 119 120 121 122 123 124 125 126 127 129 130 131 132 133 134 136 137 138 139 140 141 142 143 144 146 147 148 149 150 151 152 154 155 156 158 159 160 161 162 165 167 168 169 170 171 172 173 174 175 176 177 178 179 180 181 182 183 185 187 188 189 190 191 192 193 194 195 196 197 198 199 200
1272 98 99 102 103 104 105 106 107 108 109 110 111 112 113 114 115 116 117 119 120 121 122 123 124 125 126 127 128 129 131 132 133 134 135 136 137 138 139 140 141 142 143 144 145 146 147 150 151 152 153 154 155 156 157 158 159 160 161 162 163 164 165 166 167 168 169 170 171 172 174 175 176 177 178 179 180 181 183 184 185 186 187 188 189 191 192 193 194 195 196 197 198 199 200
755 99 100 101 102 103 105 106 107 108 109 110 111 112 113 114 115 116 117 118 119 120 121 122 124 125 126 127 128 129 130 131 134 135 136 138 139 141 143 144 145 146 147 148 149 151 152 153 154 155 156 157 159 160 161 162 163 164 165 166 167 168 169 170 171 172 173 174 176 177 179 180 181 182 183 184 185 186 187 188 189 190 191 192 193 194 195 196 197 198 199 200
689 100 101 102 104 105 107 108 109 111 112 114 115 116 117 119 120 121 122 123 126 127 128 129 131 132 133 134 135 136 137 138 139 141 142 143 144 145 146 147 148 149 150 151 152 153 155 156 157 158 159 160 161 162 163 164 165 166 167 168 169 170 171 172 173 174 175 176 177 178 179 180 181 182 183 184 185 186 187 188 189 190 192 194 195 196 197 198 199 200
1172 101 102 103 105 106 107 109 110 111 112 113 114 115 116 117 119 120 121 122 123 124 125 126 127 128 129 130 132 133 134 135 136 137 138 139 140 141 142 143 144 145 146 147 148 149 150 151 152 153 155 156 157 158 159 160 162 164 165 166 167 168 169 170 171 172 173 175 176 178 179 180 182 183 184 185 186 188 189 190 192 193 194 195 196 197 200
1163 102 103 105 106 107 108 109 110 111 112 113 114 115 116 117 118 119 120 121 123 124 125 126 127 128 129 130 131 132 133 134 135 136 137 138 139 140 141 142 143 144 145 146 147 148 149 150 151 152 154 155 156 157 158 159 160 161 162 163 164 165 166 167 168 169 170 171 172 173 174 175 176 177 178 179 180 181 182 183 184 185 186 187 188 189 190 191 192 193 194 195 196 197 198 199 200
965 104 105 107 108 109 110 111 112 113 114 115 116 117 118 119 120 121 122 123 124 125 126 127 128 129 130 131 132 133 134 135 136 137 138 139 140 141 142 143 144 145 146 147 148 149 151 152 153 154 155 156 157 158 159 160 161 162 163 164 165 166 167 168 170 171 172 173 174 175 176 177 179 180 181 182 183 184 185 186 188 189 190 191 193 194 195 196 197 198 199 200
1322 104 105 106 107 109 110 112 113 114 116 117 118 119 120 121 122 123 124 125 126 127 128 130 131 132 133 134 135 136 137 139 140 141 142 143 144 145 146 147 148 149 150 151 152 153 154 156 157 158 159 160 161 162 163 164 165 166 167 168 169 170 171 172 173 174 175 176 177 178 179 180 181 183 184 185 186 187 188 189 190 192 193 194 195 196 197 198 199 200
560 105 106 108 109 111 112 113 114 115 116 117 118 119 121 122 123 125 126 127 128 129 130 131 132 133 134 135 136 137 138 139 140 141 142 143 144 145 146 147 148 149 150 151 152 153 154 155 156 157 158 159 160 161 162 163 164 166 168 171 172 173 174 175 176 177 178 179 180 181 182 183 184 185 186 187 189 192 194 195 196 197 198 199 200
817 106 107 108 110 111 112 113 114 115 117 118 119 120 121 122 123 124 126 127 128 129 130 131 132 133 134 135 136 137 138 139 140 141 142 143 144 146 147 148 149 150 151 152 153 154 155 157 158 159 160 161 162 163 164 165 166 167 168 169 170 172 173 174 175 176 177 178 179 180 181 182 183 185 186 187 190 191 192 193 194 195 196 197 198 199 200
1421 107 110 111 112 113 114 115 116 117 118 119 120 121 122 123 125 126 127 128 129 130 131 132 133 134 135 136 137 138 139 140 141 142 143 144 145 147 148 149 150 151 152 154 155 156 158 159 160 161 162 163 164 165 166 168 169 170 171 172 173 175 176 177 178 179 181 182 183 184 185 186 190 191 192 193 194 195 196 197 198 199 200
705 108 109 110 111 112 113 114 115 116 117 118 119 120 121 122 123 124 125 126 128 129 130 132 133 134 135 136 137 138 139 140 141 142 143 144 145 146 147 150 151 152 153 154 155 156 157 158 160 161 162 163 164 165 166 167 170 172 173 174 175 176 177 178 179 180 181 182 183 184 186 188 189 190 191 192 193 194 195 196 197 198 199 200
718 109 110 111 112 113 114 115 116 117 118 119 120 121 122 123 124 125 126 127 128 129 130 131 132 133 134 135 136 137 138 139 140 141 142 143 144 145 146 147 148 149 150 151 152 154 155 156 158 159 160 161 162 163 164 165 166 167 168 169 170 172 173 174 175 176 177 178 179 181 182 183 184 185 186 187 188 189 190 194 195 196 197 198 199 200
718 110 111 112 113 114 115 116 117 118 119 120 121 122 123 124 125 126 128 129 130 131 132 134 135 136 138 140 141 142 143 144 145 146 147 148 149 150 151 152 153 154 155 156 157 158 159 160 161 163 164 165 166 167 168 169 170 171 172 173 175 176 177 178 179 180 181 182 183 184 185 186 187 188 189 190 191 192 193 194 195 196 198 199
1277 111 112 113 114 115 116 117 118 119 120 121 122 123 124 125 127 128 129 130 131 132 133 134 135 136 137 138 140 141 142 143 145 146 147 149 150 151 152 153 155 156 157 158 159 160 161 162 163 164 165 166 168 169 170 171 172 173 174 175 176 177 178 179 181 182 184 185 186 187 188 189 190 191 192 193 194 195 196 197 198 199 200
1361 113 114 115 116 117 118 119 120 121 122 123 124 126 127 128 129 130 131 132 134 135 136 137 138 139 141 142 143 145 146 147 148 149 150 151 152 153 154 155 156 157 158 159 160 161 162 163 164 165 166 167 168 169 170 171 172 173 174 175 176 177 178 179 180 182 183 184 185 186 187 188 189 190 191 192 193 194 195 196 197 198 199
876 113 114 115 116 117 118 119 120 121 122 123 124 125 126 127 128 129 130 131 132 133 134 135 136 137 138 140 142 144 146 147 148 149 150 151 152 153 154 156 157 158 159 160 161 162 163 164 165 166 167 169 170 171 172 173 174 176 177 178 180 181 182 183 184 185 186 187 188 189 190 191 192 193 194 195 196 197 198 199 200
1475 114 115 116 117 118 119 120 121 122 123 124 125 126 127 129 130 131 132 133 134 135 136 137 138 139 140 141 142 143 144 145 146 147 148 149 150 151 152 154 155 156 157 158 159 161 163 164 165 166 167 168 169 170 171 173 174 176 178 179 180 181 182 183 184 185 186 187 188 189 190 191 193 194 195 196 197 198 199
873 115 116 117 118 119 120 121 122 123 124 125 126 128 129 130 131 132 133 134 135 136 137 138 140 141 142 143 144 145 146 147 148 149 150 151 152 153 154 155 157 158 159 160 161 162 163 164 165 166 167 168 169 170 171 172 173 174 175 176 178 179 181 182 183 184 186 187 188 189 190 191 192 193 194 195 196 197 198 199 200
968 116 117 120 121 122 123 124 125 126 127 128 129 130 131 133 134 135 136 137 138 139 140 141 142 143 145 146 147 148 149 150 151 152 153 154 155 156 157 158 159 160 161 162 163 164 165 166 167 168 169 170 171 172 174 175 177 178 179 180 181 182 183 184 185 186 187 188 189 190 191 192 193 194 195 196 197 198 199 200
1347 117 118 119 120 121 122 123 125 127 128 130 131 132 133 134 135 136 137 138 139 140 141 142 143 144 145 146 147 148 149 150 151 152 153 154 155 157 158 159 160 161 162 163 165 166 167 168 169 170 171 172 173 174 175 176 177 178 179 180 181 183 184 185 186 187 188 189 190 191 192 193 194 195 197 198 199 200
1007 118 120 121 122 123 124 125 126 128 129 131 133 134 135 136 137 138 139 140 141 142 143 146 147 148 149 150 151 152 153 154 155 158 159 160 161 162 164 165 166 167 168 169 170 171 172 174 175 176 177 178 179 181 183 184 185 186 187 188 189 190 191 192 194 195 196 197 198 199 200
983 120 121 122 123 124 125 126 128 130 131 132 133 134 135 136 137 138 139 140 141 142 143 144 147 148 149 150 151 152 153 154 155 156 157 159 160 161 162 163 164 165 166 168 169 170 171 172 173 174 175 176 177 179 180 181 182 183 184 185 187 188 189 190 191 192 193 194 195 196 197 198 199 200
596 120 121 122 123 124 125 126 127 128 130 131 132 133 134 135 136 137 139 140 141 142 143 144 145 146 147 148 150 151 153 154 155 156 157 158 159 160 161 162 163 165 166 167 168 169 170 171 172 173 174 175 176 177 178 179 180 181 183 184 185 186 187 188 189 190 191 192 193 194 195 196 197 198 199 200
529 121 122 123 124 125 126 127 128 129 130 131 132 133 134 135 136 137 138 139 140 141 142 143 144 145 146 148 149 150 151 152 154 155 156 157 158 159 160 161 162 163 164 165 166 167 168 169 170 171 172 173 174 176 177 178 179 180 181 182 183 184 186 187 188 189 190 191 192 193 194 195 196 197 198 199 200
1212 122 123 124 125 126 127 129 130 131 132 134 135 136 139 140 141 142 143 144 146 147 148 149 150 151 152 153 154 155 156 157 158 159 160 161 162 163 164 165 166 167 168 169 170 171 172 173 174 175 176 177 178 179 180 181 182 183 185 186 187 188 189 190 191 192 193 194 195 196 198 199 200
509 123 124 125 127 128 129 130 131 132 133 134 135 136 137 138 139 140 142 143 144 145 146 147 148 149 150 151 152 153 154 155 156 157 158 159 160 161 162 163 164 165 166 167 168 169 170 171 172 173 174 175 176 177 178 179 180 181 183 184 185 186 187 188 189 190 191 192 193 194 195 196 197 199 200
1492 124 125 126 127 128 129 130 131 132 133 134 135 136 139 142 143 144 145 147 148 149 150 151 152 153 154 155 156 157 159 160 161 163 164 165 166 167 168 169 170 171 173 174 176 177 178 179 180 181 182 184 185 186 187 189 190 191 192 193 194 196 197 198 199 200
1282 125 126 127 128 129 131 132 133 134 136 137 138 139 140 142 143 144 145 146 147 148 149 150 151 152 153 154 155 156 157 158 159 160 161 162 163 164 165 166 167 168 169 170 171 172 174 175 176 177 178 179 180 181 182 183 184 185 186 187 188 189 190 191 192 193 194 196 198 199 200
1461 126 127 128 129 131 132 134 135 136 137 138 139 141 142 143 144 145 146 147 148 149 150 152 153 154 155 158 159 160 161 162 164 165 166 167 168 169 170 171 173 174 175 176 177 178 179 181 182 183 184 185 186 187 188 189 190 191 193 194 195 196 197 198 199 200
1279 127 128 129 130 131 133 134 136 138 139 140 141 142 143 144 145 146 147 148 149 150 151 152 153 154 155 157 158 159 160 161 162 163 164 165 166 167 168 169 170 171 172 173 175 177 178 179 180 181 182 183 185 186 187 188 189 190 191 192 193 194 195 196 197 198 199 200
1458 128 129 130 132 133 134 135 136 137 138 139 142 144 145 146 147 148 150 151 152 153 154 155 156 157 158 159 160 161 162 163 164 165 166 167 168 169 170 171 172 173 174 176 177 178 179 180 181 182 183 184 185 187 188 189 190 191 192 193 194 195 196 197 198 199 200
1101 129 130 132 133 134 135 136 137 138 139 140 141 142 143 144 145 146 147 148 149 150 151 152 153 154 155 156 157 158 159 160 161 162 164 165 166 167 168 169 170 171 172 173 174 175 176 177 180 181 182 183 184 185 186 187 188 189 191 192 193 194 195 197 198 200
1261 130 131 132 133 134 135 136 137 138 139 140 141 143 144 145 146 147 148 149 150 151 152 153 154 155 156 157 158 160 161 162 163 164 165 166 167 168 170 171 172 174 175 176 177 179 181 183 184 185 186 187 188 189 190 191 192 193 194 195 196 197 198 199 200
588 131 132 134 135 136 137 139 140 141 142 143 144 145 146 147 148 149 150 151 152 153 154 155 156 157 158 159 160 161 162 163 164 165 166 167 168 169 170 171 172 173 174 175 176 178 180 182 183 184 185 186 187 188 189 190 191 192 193 194 195 196 197 198 199 200
1033 132 133 134 135 136 137 138 139 140 141 142 143 144 145 146 147 148 149 150 151 152 153 154 155 157 158 159 160 161 162 163 164 165 166 167 168 169 170 171 172 173 174 175 176 177 178 179 180 181 183 184 185 186 187 188 189 190 191 192 194 195 196 197 199 200
879 133 134 135 136 138 139 140 141 142 143 144 145 146 147 149 150 151 152 153 154 155 156 157 158 159 160 161 162 163 164 166 167 168 169 170 171 172 173 174 175 176 177 178 179 180 181 182 184 185 186 187 188 189 190 191 192 194 195 196 197 198 199 200
737 134 135 136 137 138 139 140 141 142 143 144 145 146 147 149 150 151 152 153 154 155 156 157 158 159 160 161 162 164 165 166 167 168 169 170 171 172 173 174 176 177 178 179 180 181 182 183 186 187 188 189 190 192 193 194 195 196 197 198 199 200
861 136 137 138 140 141 142 143 144 146 147 148 149 150 151 152 153 154 155 156 157 158 159 160 161 163 164 165 166 167 168 169 171 172 173 174 175 176 177 181 182 183 184 185 186 187 188 189 190 191 193 194 195 196 197 198 199 200
710 136 137 139 140 141 142 144 145 146 147 149 150 151 152 153 155 157 158 159 160 162 163 164 165 166 167 168 169 170 171 172 173 174 175 176 177 178 180 181 182 183 184 185 186 187 188 189 190 191 192 193 194 195 196 197 198 199 200
923 137 140 141 142 143 144 145 146 150 151 152 153 154 155 156 157 158 159 160 161 162 163 164 165 166 167 168 169 171 172 173 174 175 176 177 178 179 180 181 182 183 184 185 186 187 188 189 190 191 192 193 194 195 196 197 198 199
839 139 140 141 143 144 145 146 147 149 150 152 153 154 155 156 157 158 159 160 161 162 163 164 165 166 167 168 169 170 171 173 174 175 177 178 179 180 181 182 183 184 185 186 187 188 189 190 191 192 193 194 195 196 197 198 199 200
1008 139 140 141 142 143 144 145 146 147 148 150 151 152 153 154 155 156 157 158 159 161 162 163 164 165 166 167 168 169 170 171 172 174 176 177 178 179 180 181 182 183 184 185 186 187 188 189 190 191 192 193 194 196 197 198 199 200
819 140 142 143 144 145 146 147 148 149 150 152 153 154 155 157 158 159 160 161 162 163 165 166 167 168 169 170 172 173 174 175 176 177 178 179 181 182 183 184 187 188 190 191 192 193 194 195 196 197 198 200
851 141 142 143 144 145 146 147 148 149 150 151 152 153 154 155 156 157 158 159 160 161 162 163 164 165 166 167 169 170 171 172 173 174 175 176 177 178 179 180 181 182 183 184 185 186 187 188 189 190 191 192 193 195 196 197 198 199 200
1194 142 143 146 147 149 150 151 152 153 154 155 156 157 158 159 161 162 163 164 165 166 167 169 170 171 172 174 175 176 177 178 179 180 181 182 183 184 185 186 187 188 189 190 192 193 194 195 196 197 198 200
1175 143 145 146 147 148 149 150 151 152 153 154 155 159 160 161 162 163 164 165 166 167 168 169 170 171 172 173 175 176 177 179 180 181 182 183 184 185 186 187 188 189 190 191 192 193 194 195 196 197 198 199 200
1190 144 145 146 147 149 150 151 152 153 154 155 156 157 158 159 160 161 162 163 164 165 166 167 168 169 170 171 172 173 174 175 176 177 178 181 182 183 184 185 186 187 188 189 190 192 193 194 195 196 197 198
1460 145 146 147 148 149 150 151 153 155 156 157 158 159 160 162 163 164 165 166 167 168 169 170 171 172 173 174 176 177 178 179 180 181 182 183 184 185 186 187 188 189 190 191 192 193 194 195 196 197 198 199
1392 146 147 148 150 151 152 153 154 155 156 157 158 159 160 162 163 164 165 166 167 168 169 170 171 172 173 174 175 176 177 179 180 181 182 183 184 185 186 188 189 190 191 192 193 194 195 196 197 198 199 200
847 147 148 149 150 152 155 156 157 158 159 160 161 162 164 165 166 167 168 169 170 171 173 175 176 177 178 179 180 181 183 184 185 186 187 188 189 190 191 192 193 194 195 196 197 198 200
1357 148 149 150 151 152 153 154 155 156 157 158 159 160 161 162 164 165 167 168 169 170 171 172 173 174 175 176 177 178 179 180 181 182 183 184 186 187 188 189 191 192 193 194 195 196 198 199 200
1298 150 151 152 153 154 156 157 158 159 160 161 163 164 165 166 167 168 169 170 171 172 174 175 176 177 178 179 180 181 182 183 184 185 186 187 188 190 191 192 193 194 195 197 198 199 200
1300 150 151 152 154 155 156 157 158 159 160 163 164 165 166 167 168 169 171 172 173 174 175 176 177 178 179 180 182 183 184 185 186 187 188 189 190 191 192 194 195 197 198 199 200
593 151 152 153 154 155 156 157 159 160 161 162 163 165 166 167 168 169 170 171 172 173 174 175 176 177 178 179 180 181 182 183 184 185 186 187 188 189 190 192 194 195 196 198 199 200
637 152 153 154 155 156 157 160 161 163 164 165 166 167 168 169 170 171 172 174 175 176 178 179 181 182 183 184 185 186 187 188 189 190 191 192 193 195 196 197 198 199 200
943 153 154 155 156 157 158 159 160 161 162 163 164 165 166 167 168 169 170 171 172 174 175 176 178 179 180 181 182 183 184 185 186 187 188 189 190 191 192 193 194 195 196 197 198 199 200
526 154 155 156 157 158 159 161 162 163 164 165 166 167 168 169 170 171 172 173 174 175 176 177 178 179 180 181 183 184 185 186 187 188 189 190 192 193 194 195 196 197 198 199
926 155 156 157 159 160 161 162 163 164 165 167 168 169 171 172 173 174 175 176 177 178 179 180 181 183 184 185 186 187 188 189 190 191 192 193 195 196 197 198 199 200
1417 156 158 159 160 161 163 164 166 167 168 169 170 171 172 173 174 175 176 177 179 180 181 182 183 185 186 187 188 189 190 191 193 194 195 196 197 198 199 200
1366 157 158 160 161 162 163 164 165 166 167 168 169 170 171 172 173 174 175 177 178 179 181 182 183 184 185 188 189 190 191 192 193 194 195 196 197 198 200
902 159 160 161 162 164 165 166 167 168 169 170 171 172 174 175 176 177 178 179 180 181 182 184 185 186 187 189 190 191 192 193 194 195 197 199 200
875 159 160 161 162 163 164 166 167 168 169 170 171 172 176 177 178 179 180 181 182 183 184 185 186 187 188 189 190 191 192 193 194 195 196 197 198 199 200
1179 160 161 162 163 164 165 166 167 168 169 170 171 172 173 174 175 176 177 178 179 180 184 185 186 188 189 190 192 193 194 195 196 197 198 199 200
815 161 162 163 164 165 166 167 168 169 170 171 172 173 174 175 177 178 179 180 182 183 184 185 186 188 189 190 191 192 193 194 195 196 197 198 199 200
1107 162 164 165 166 167 168 169 171 172 173 174 175 176 177 178 179 180 181 183 185 186 187 188 189 190 191 192 193 194 196 197 198 199 200
672 163 164 165 167 168 169 170 171 172 173 174 175 176 177 178 179 180 181 182 183 184 185 186 187 188 189 190 191 192 194 195 196 197 198 199 200
1052 164 165 166 167 168 169 170 171 172 173 174 175 176 177 178 179 181 182 183 184 185 186 187 188 189 190 191 192 193 194 196 197 199 200
1475 165 166 167 168 169 170 171 172 173 175 176 177 178 179 180 181 183 184 185 186 187 188 189 190 191 193 194 195 196 197 198 199 200
1175 166 167 168 169 170 171 172 173 174 175 176 177 178 179 180 181 183 184 185 186 187 188 189 190 191 192 193 194 195 196 197 198 199 200
892 167 168 169 170 171 172 173 174 175 176 177 178 179 180 181 182 183 184 185 187 188 189 190 191 192 193 194 195 196 197 199 200
1031 170 171 172 173 174 175 176 177 178 179 180 181 182 183 184 185 186 187 188 189 190 192 193 195 197 198 199 200
1083 169 170 171 172 173 174 175 176 177 178 179 180 181 183 184 185 186 187 189 190 193 194 195 196 197 198 199 200
704 170 171 172 173 174 175 176 177 179 180 181 182 183 184 185 187 188 189 190 191 192 194 195 196 197 198 199 200
501 171 172 173 174 175 176 177 178 179 180 181 182 183 184 186 187 188 189 190 191 192 193 194 195 196 197 198 199 200
1053 172 173 174 175 176 177 178 179 180 182 185 186 187 188 189 190 191 193 194 195 196 197 198 199
1305 173 174 175 176 177 178 179 180 181 182 183 184 185 186 187 188 189 190 191 192 193 194 195 196 197 198 199 200
1063 174 175 176 177 178 179 180 182 183 184 185 187 188 189 190 191 192 193 194 195 197 198 199 200
1317 175 176 177 179 180 181 182 183 184 185 186 187 188 189 190 191 192 193 194 195 196 197 198 199 200
612 176 177 178 179 180 181 182 183 184 185 186 187 188 190 191 192 193 194 195 196 197 198 199 200
761 177 178 179 180 182 183 184 185 186 187 189 190 191 194 195 196 197 199 200
759 178 179 181 182 183 184 185 186 187 188 189 190 191 192 193 194 195 196 197 198 199 200
1488 179 180 181 182 183 184 187 188 189 191 192 193 195 196 198 199 200
956 181 182 184 185 186 187 188 189 190 191 192 193 194 195 196 197 198 200
1500 181 182 183 184 185 186 188 189 190 191 192 193 194 195 196 197 198 199 200
904 182 183 184 185 186 187 188 189 190 191 192 193 194 195 196 198 199 200
926 183 184 185 186 187 188 189 190 191 192 194 196 197 198 200
508 184 185 186 187 188 189 190 191 192 193 194 195 196 197 198 199 200
1485 185 186 187 188 189 190 191 192 193 194 195 196 197 198 199 200
1347 186 187 188 190 191 192 194 195 196 197 199 200
710 187 188 189 190 191 192 193 195 196 197 198 199 200
803 188 189 190 191 192 193 194 195 196 197 198 199 200
833 189 190 191 192 193 195 196 197 198 199 200
1330 190 191 192 193 194 195 196 198 199 200
1454 191 192 193 194 195 196 197 198 199
852 193 194 195 196 197 198 199 200
996 193 194 195 196 197 199 200
1432 194 195 196 197 198 199 200
1114 195 196 197 198 199
1388 196 197 198 199 200
638 197 198 199 200
1129 199 200
578 199 200
1077 200
512
