200	5	200	1
0	38	46
0	33	39
0	25	32
0	23	33
0	34	50
57 2 3 5 7 8 10 11 12 14 15 16 17 18 19 20 21 22 23 24 25 26 27 28 29 30 31 32 33 34 35 36 37 38 40 41 42 43 44 45 46 47 49 50 52 53 54 55 56 57 58 59 60 61 62 64 65 66 67 68 69 70 71 72 73 74 75 76 77 78 79 80 81 82 83 84 85 87 88 89 90 91 92 93 94 95 96 97 98 99 100 101 103 104 105 106 107 108 109 110 111 112 113 114 115 116 118 119 120 121 122 123 124 125 127 128 129 130 131 132 133 134 135 136 137 138 139 140 141 142 143 144 145 146 147 148 149 150 151 152 153 154 155 156 157 158 159 160 161 162 163 164 165 166 167 168 169 170 171 172 173 174 175 177 178 179 181 182 183 184 188 189 191 192 193 194 196 197 198 199 200
38 3 4 5 6 7 8 11 12 14 15 16 17 18 19 20 21 22 23 24 25 26 27 28 29 31 32 33 34 35 36 37 38 39 40 41 42 43 45 46 47 48 49 50 52 53 54 55 56 57 58 60 62 63 64 65 68 69 70 71 72 73 74 75 76 77 81 82 83 84 85 86 87 88 89 90 91 92 93 94 95 96 97 98 99 100 101 102 105 106 107 109 110 111 112 113 114 115 116 117 118 119 120 123 124 125 126 127 128 129 130 131 132 133 134 136 138 139 140 141 142 143 144 145 146 148 149 150 151 152 153 154 155 156 157 158 159 160 161 162 164 165 166 167 168 169 170 171 172 173 175 177 178 179 180 181 182 183 184 185 186 187 188 189 190 191 192 193 194 195 196 197 198 199 200
54 4 5 6 7 8 9 10 11 12 13 14 15 16 18 19 20 21 23 24 25 26 27 28 29 31 32 33 34 35 36 38 39 41 42 43 44 45 46 47 48 49 50 51 52 53 54 55 56 57 59 61 62 63 64 65 66 67 69 71 72 73 74 75 76 77 78 79 80 81 82 83 84 85 86 87 88 89 90 91 92 93 94 95 96 97 98 99 100 101 102 103 104 105 106 107 108 109 110 111 112 113 116 117 118 120 121 122 123 124 125 126 127 128 129 130 131 132 133 134 136 138 139 140 141 142 143 144 145 146 147 148 149 150 151 152 153 154 155 156 157 158 159 161 162 163 165 166 167 168 169 170 171 172 173 174 175 176 177 178 179 180 181 182 183 184 185 186 187 188 190 191 192 193 194 195 196 198 199 200
48 5 6 7 8 9 10 11 12 14 15 16 17 18 19 20 21 22 23 24 25 26 27 28 29 30 31 32 33 34 35 36 37 38 39 40 41 42 43 44 46 47 48 49 50 51 52 53 54 55 56 57 58 59 61 63 64 65 66 67 68 70 71 72 73 74 75 76 77 78 79 80 81 82 83 84 85 86 87 88 89 90 91 92 93 94 95 96 97 98 99 101 102 103 104 105 106 107 108 109 110 111 112 113 115 117 118 119 120 121 122 123 124 126 127 128 129 131 132 133 135 136 137 138 139 140 141 142 143 145 146 148 149 151 152 154 155 156 158 159 161 162 163 164 165 166 167 168 169 170 171 172 173 174 175 176 177 178 179 180 181 182 183 184 185 186 187 188 189 190 191 192 193 194 195 196 197 198 199
30 6 7 9 10 11 12 13 14 15 16 17 18 19 20 22 23 25 26 27 28 30 31 32 33 34 36 37 38 39 40 41 42 43 44 45 46 47 48 49 50 51 52 53 54 55 56 58 59 60 61 62 63 64 65 66 67 68 69 70 71 73 74 75 76 77 79 80 81 82 83 84 85 86 87 88 89 90 91 92 93 94 95 96 97 99 100 101 102 103 104 105 106 107 109 110 111 112 113 114 115 116 117 118 119 121 122 123 124 125 126 127 128 129 130 131 132 133 134 135 136 137 139 140 141 142 143 144 145 146 147 148 149 150 151 152 153 154 155 156 157 158 159 160 161 162 164 165 166 167 168 169 171 172 173 174 175 176 177 178 179 180 181 182 183 184 185 186 187 188 189 190 191 192 193 194 195 196 197 199 200
43 7 8 9 10 11 12 13 14 15 16 17 19 20 21 22 23 24 25 27 29 30 31 32 33 34 35 36 37 38 39 40 41 42 43 44 45 46 48 49 50 51 52 53 54 55 56 57 58 59 60 61 62 63 64 65 66 67 68 69 70 71 72 73 74 76 77 78 79 80 81 82 83 85 86 87 88 89 90 91 92 93 94 96 97 98 99 100 101 102 103 105 106 107 108 109 110 111 112 113 114 115 117 118 119 120 121 122 123 124 125 126 127 128 129 130 131 132 133 134 135 136 137 139 140 141 142 143 144 145 146 147 148 149 151 152 153 154 155 156 157 158 159 160 161 162 163 164 165 167 168 169 170 171 172 173 174 175 176 177 178 179 180 181 183 184 185 186 189 190 191 192 193 194 195 196 197 198 199 200
59 9 10 11 12 13 14 15 16 17 18 19 20 21 22 23 24 26 27 28 29 30 31 32 33 35 36 37 38 39 40 41 42 43 44 45 46 48 49 50 51 52 53 54 55 56 57 58 59 61 63 64 65 67 68 69 70 71 72 73 74 75 76 77 78 80 81 83 84 86 88 89 90 91 92 93 94 95 97 98 99 100 101 102 103 105 106 107 108 109 110 111 112 113 114 115 117 118 119 120 121 122 123 124 125 126 129 130 131 132 133 134 135 136 138 139 140 141 143 144 145 146 147 148 149 151 152 154 155 156 157 158 159 160 161 163 164 167 168 169 170 171 173 175 176 177 179 180 181 183 184 185 186 187 188 189 190 191 192 193 194 195 196 197 198 199 200
59 9 10 11 12 13 14 15 16 17 18 19 20 21 22 23 24 25 26 28 29 30 31 32 34 35 36 37 38 39 41 42 44 46 47 48 50 51 52 53 54 55 56 57 58 59 60 61 62 63 66 67 68 69 70 71 72 73 74 75 76 77 79 82 83 85 86 87 88 89 90 91 92 93 94 95 96 98 99 100 101 102 103 104 105 107 108 109 110 111 112 113 114 115 116 117 118 119 120 121 122 123 124 125 127 129 130 131 132 133 134 135 136 137 138 139 140 141 142 143 144 145 146 147 148 149 150 151 152 153 154 156 158 159 160 161 162 163 164 165 166 167 168 169 170 171 172 173 175 176 178 179 180 181 182 184 186 188 189 190 191 193 194 195 196 197 198 199 200
57 10 11 12 13 14 15 16 17 18 19 20 22 23 24 25 26 27 28 29 31 32 33 34 35 36 37 38 39 40 41 42 43 44 45 48 49 50 51 52 53 55 57 58 59 60 61 62 63 64 65 67 68 69 70 72 73 74 75 76 77 78 79 80 81 83 84 85 86 87 89 90 91 92 93 94 95 96 97 98 99 100 101 102 103 104 105 106 108 109 112 113 114 115 116 117 118 119 120 121 122 123 124 125 127 128 129 130 131 132 133 134 135 137 139 140 141 142 143 144 146 147 148 149 151 152 154 155 156 157 158 159 160 161 162 163 164 165 166 167 169 170 171 172 173 174 176 177 178 179 180 181 182 183 184 185 186 187 188 189 190 191 193 194 195 196 197 198 199 200
53 11 12 13 14 15 16 17 18 19 20 21 22 23 24 25 26 27 28 29 30 31 33 34 35 36 37 38 39 40 41 42 43 44 45 46 47 48 49 50 51 52 53 54 55 56 57 58 59 60 61 62 63 64 65 66 68 69 70 71 72 73 74 75 76 77 78 79 80 81 82 84 85 86 87 88 89 91 92 93 94 95 96 97 98 99 100 101 102 103 104 106 107 108 109 110 111 112 113 114 115 116 117 118 120 121 122 123 124 125 126 127 128 129 130 131 132 133 134 135 136 137 138 139 140 141 142 143 145 148 149 150 151 152 153 154 155 156 157 158 159 160 161 162 163 164 165 166 168 169 170 171 172 173 176 177 178 179 180 181 183 184 185 186 187 188 189 190 191 193 194 195 196 198 199
45 12 13 14 15 16 18 20 21 22 23 24 25 26 27 28 29 30 31 32 33 34 35 36 37 38 39 40 41 42 43 45 46 47 48 49 50 51 52 53 54 56 58 59 60 61 62 63 64 65 66 68 69 71 72 73 74 76 77 78 79 80 81 82 83 84 85 86 87 88 89 90 91 92 93 95 96 97 98 99 100 101 102 103 104 106 107 108 109 111 112 113 114 115 116 117 118 119 120 121 122 123 124 125 126 127 128 129 130 132 133 134 135 136 137 138 139 141 142 143 146 147 148 149 150 151 152 153 156 157 158 159 160 161 162 163 164 167 168 169 170 171 173 174 175 176 177 178 179 180 182 183 184 185 186 188 189 190 191 192 193 194 195 196 197 198 199 200
37 13 14 15 16 17 18 19 20 21 22 23 24 25 27 28 29 30 31 32 33 34 35 36 37 38 39 40 41 42 43 44 45 46 47 48 49 51 52 53 54 55 57 58 59 60 61 62 64 65 66 67 68 69 71 72 73 74 75 76 77 78 79 80 81 82 83 84 85 86 87 88 89 90 91 93 94 95 97 98 100 101 102 103 104 105 106 107 108 109 111 112 113 114 115 116 117 118 120 121 122 123 124 125 126 127 128 130 131 132 133 134 135 136 137 138 139 140 141 142 143 144 145 146 147 148 149 150 151 152 153 155 156 157 159 160 161 162 163 164 165 166 167 168 169 170 171 172 175 177 178 179 180 181 182 183 184 185 186 187 188 189 190 191 192 193 195 196 197 198 199 200
49 14 15 16 17 18 20 21 22 23 24 25 26 27 28 29 30 31 32 33 34 35 36 37 38 39 40 41 42 43 44 45 46 47 48 49 50 51 52 53 54 56 57 58 59 60 61 62 63 64 65 66 67 68 69 70 71 72 73 74 75 76 77 78 79 80 81 82 83 84 85 87 88 89 90 91 92 94 95 96 97 98 99 101 102 103 104 105 106 107 108 109 110 111 112 113 114 115 116 117 118 120 122 123 124 125 126 127 128 129 130 131 132 133 134 135 137 138 139 140 141 142 143 144 145 146 147 148 149 150 151 152 153 154 156 157 158 159 160 161 162 163 165 166 167 168 169 170 171 172 173 174 175 176 177 178 179 180 181 182 183 184 185 187 188 189 190 191 193 194 195 196 197 198 199 200
60 15 16 17 18 19 20 22 23 24 25 26 27 28 29 31 32 33 34 35 36 37 38 39 40 41 42 43 44 45 47 48 49 50 51 52 53 54 55 56 57 58 59 60 62 63 64 65 66 67 68 69 70 71 72 73 74 75 76 77 78 79 80 81 82 83 84 85 86 87 88 89 90 91 92 93 94 95 96 98 99 100 101 102 103 104 105 106 107 109 110 111 112 113 114 115 116 117 119 120 121 122 123 124 126 127 129 130 131 132 133 134 135 136 137 138 139 140 141 142 143 144 145 146 147 148 151 152 153 154 155 156 157 158 160 161 162 163 164 165 166 167 168 169 170 171 172 173 174 175 176 177 178 179 181 182 183 184 185 186 187 188 189 190 191 192 193 194 195 196 197 198 199 200
49 16 17 18 19 20 22 24 25 26 27 28 29 30 31 32 33 34 35 36 37 38 39 41 42 43 44 45 46 47 48 49 50 51 53 54 55 56 57 58 59 61 62 63 64 65 67 68 69 70 71 72 73 74 75 76 77 78 79 80 81 82 83 84 86 87 88 89 90 91 92 93 94 95 96 97 98 100 101 102 103 104 105 106 107 108 110 111 112 117 118 119 120 121 122 123 124 125 126 127 128 129 130 132 133 134 136 137 138 139 140 141 142 143 144 145 146 147 148 149 150 152 153 154 155 156 157 158 159 160 161 162 163 164 165 166 167 168 169 170 171 172 174 175 176 177 178 179 180 181 182 183 184 185 186 187 188 189 190 191 192 193 195 196 197 198 199
35 17 18 19 20 21 22 23 24 25 26 27 28 29 31 32 33 34 35 37 38 39 41 42 43 44 45 46 47 48 50 51 52 53 54 56 57 58 59 60 61 62 63 64 65 66 67 68 69 70 71 72 73 74 75 76 77 78 79 80 81 82 83 84 85 86 88 89 92 93 94 95 96 97 98 99 101 102 103 104 105 106 107 108 109 110 111 113 114 115 117 118 119 120 122 123 124 125 127 128 131 132 133 134 135 136 137 139 140 141 142 143 144 145 146 147 148 149 150 151 152 153 154 156 157 158 159 160 161 162 163 164 165 166 167 168 169 170 172 173 174 175 176 177 178 179 180 181 182 184 185 186 187 188 190 191 192 193 194 195 196 197 198 199
31 18 19 20 21 22 23 24 25 26 27 28 29 30 31 33 34 35 36 38 39 40 41 42 43 44 45 46 47 48 49 50 51 52 53 54 55 56 57 58 59 61 63 64 65 66 67 68 69 70 71 72 73 74 76 77 78 79 80 81 82 83 85 86 87 89 91 92 93 94 95 96 97 98 99 100 101 102 103 104 105 106 107 109 110 111 112 113 114 115 116 117 118 119 120 121 123 124 125 126 127 128 129 130 131 132 133 134 135 136 137 138 139 140 141 142 143 144 145 146 147 148 149 150 152 153 154 156 157 158 159 160 161 162 163 164 165 166 167 168 169 170 171 172 173 174 175 177 178 179 180 181 182 183 184 185 186 187 188 189 190 191 193 194 195 196 197 198 199 200
32 20 22 23 24 25 26 27 28 29 30 31 32 33 34 35 37 39 40 41 42 43 44 45 46 47 48 49 51 52 53 54 55 56 57 58 59 60 62 63 64 65 66 67 68 69 71 72 73 74 76 77 78 79 81 82 83 84 85 86 87 88 89 90 91 92 93 94 95 96 97 98 101 102 103 104 105 106 107 108 109 110 111 112 113 114 115 116 117 118 119 121 122 123 124 126 127 128 129 130 131 132 133 134 135 136 137 138 139 140 141 143 144 145 146 147 148 149 150 151 152 153 154 155 156 157 158 159 160 161 162 163 164 165 166 167 169 171 172 173 174 175 176 177 178 179 180 183 184 185 186 187 188 189 191 192 194 195 196 197 198 199 200
44 20 21 22 23 24 25 26 27 28 29 30 31 32 33 34 35 36 37 38 39 40 41 42 43 44 45 46 47 48 49 50 51 52 53 54 56 57 58 59 60 61 62 63 64 65 66 67 68 69 70 72 73 74 75 76 77 78 80 82 83 84 85 87 89 90 91 92 93 94 95 96 97 98 99 100 101 102 103 104 105 106 107 108 109 110 111 113 114 115 117 118 119 120 122 123 124 125 126 127 128 129 130 131 132 133 134 135 136 137 138 139 140 142 143 144 145 146 147 148 149 150 151 152 153 154 155 156 157 160 161 162 163 164 165 166 167 168 169 170 171 172 173 174 175 176 177 178 179 180 181 182 183 184 185 186 187 188 189 190 191 192 193 194 195 196 197 198 199 200
39 21 22 23 24 25 26 27 28 29 31 33 34 36 37 38 40 41 43 44 45 46 48 49 50 51 53 54 55 56 57 58 59 64 65 66 67 68 69 70 71 72 73 74 77 78 79 80 82 83 84 85 86 87 88 89 91 92 93 94 95 96 98 100 101 102 103 104 105 106 108 109 110 111 112 113 114 115 117 118 119 120 121 122 123 124 125 126 127 128 129 130 131 132 133 134 135 136 137 138 139 140 141 142 143 144 145 146 147 148 149 150 151 152 153 154 155 156 157 159 160 161 162 163 164 165 166 167 168 169 170 171 172 173 175 176 177 178 179 180 181 182 183 184 185 186 187 188 189 190 191 192 193 194 196 197 198 199 200
33 23 24 25 26 28 29 30 31 32 33 34 35 36 37 38 39 40 41 42 43 44 45 46 48 49 50 51 52 53 54 55 56 57 58 59 61 62 63 64 65 68 69 70 71 72 73 74 75 76 77 78 79 80 82 83 84 85 86 87 88 89 90 91 92 93 95 96 97 98 101 102 103 104 105 106 108 110 111 112 113 114 115 116 117 118 119 120 121 122 123 124 125 126 127 128 129 130 131 132 133 134 135 137 138 139 140 141 142 143 144 145 146 147 148 149 150 151 153 154 155 156 158 159 160 161 162 164 165 166 167 168 169 170 172 173 174 175 177 179 180 181 182 184 185 186 187 188 189 190 191 192 193 195 196 197 198 200
38 23 24 25 26 27 28 29 30 31 32 33 34 35 36 37 38 39 40 41 42 43 44 45 46 47 48 49 50 51 53 54 55 57 59 60 61 62 63 64 65 66 68 69 70 71 72 73 74 75 76 77 78 79 80 81 82 83 84 85 86 87 88 89 90 91 92 93 94 95 96 97 98 99 100 101 102 103 104 107 108 109 110 111 112 113 114 115 116 117 118 119 121 122 123 124 125 126 127 128 131 132 133 134 135 136 137 138 139 140 141 142 143 144 145 146 147 149 150 152 153 154 155 156 157 159 160 161 162 163 164 165 166 167 168 170 171 173 174 176 177 179 180 181 183 184 185 186 187 188 189 190 191 192 193 195 196 197 198 199 200
43 24 25 26 27 29 30 31 32 33 34 35 36 37 38 39 40 41 42 43 44 45 46 47 48 49 50 51 52 53 54 55 56 57 58 59 60 61 62 63 65 66 67 68 69 70 71 72 73 74 75 76 78 79 80 81 82 83 84 85 86 87 88 89 90 91 92 93 94 95 96 97 98 99 100 101 102 103 104 105 106 107 108 111 112 113 114 115 116 117 118 119 120 121 122 123 124 125 126 127 129 131 132 135 136 137 138 139 140 142 143 144 145 146 149 150 151 152 153 154 155 156 157 158 159 160 161 162 164 165 166 167 168 169 170 171 172 173 175 176 177 178 179 181 182 183 184 185 186 187 189 190 191 192 194 195 197 198 199 200
37 25 27 28 30 31 32 33 34 35 36 37 38 39 40 41 42 44 45 46 47 48 49 50 52 53 54 55 56 57 58 59 60 61 62 63 64 65 66 67 68 69 70 71 72 73 74 75 76 78 79 80 81 82 83 84 86 87 88 89 90 91 92 93 94 95 96 97 98 99 101 102 103 105 106 107 108 109 110 111 112 113 114 115 117 118 119 120 121 122 123 124 125 126 127 131 132 133 134 135 136 137 138 139 140 141 143 144 145 147 148 149 151 152 153 154 155 156 158 159 160 161 162 163 164 165 166 167 168 169 170 171 172 173 174 175 176 178 179 180 181 182 183 184 185 186 188 190 191 192 193 194 195 196 197 198 199 200
46 26 27 28 29 30 31 32 33 35 36 37 38 39 40 41 42 43 44 46 47 48 49 50 51 52 53 54 55 56 58 59 60 61 62 63 64 65 66 67 68 69 70 71 72 73 74 75 76 77 78 79 80 81 82 83 85 86 87 88 89 90 91 92 93 94 95 96 97 98 100 101 102 103 104 105 106 107 108 110 111 113 114 115 116 117 118 119 120 121 122 123 124 125 126 127 130 131 132 133 134 135 136 137 138 139 140 141 142 143 144 145 147 148 149 150 151 152 153 154 155 156 159 160 161 162 163 164 165 166 167 168 169 170 171 172 173 174 176 177 178 179 180 181 182 183 185 186 187 188 189 190 191 192 193 194 195 196 197 198 199 200
58 27 28 29 30 31 32 33 34 35 36 37 38 39 40 41 42 43 44 45 46 47 48 49 50 51 52 53 54 55 56 57 58 59 60 61 62 63 64 65 66 67 68 69 70 71 72 73 74 75 76 77 78 79 80 81 82 83 84 86 87 88 89 90 91 92 93 94 95 96 97 98 99 100 101 102 103 105 106 107 108 109 110 111 112 113 114 115 116 117 118 119 120 121 122 123 124 125 126 127 128 129 130 131 132 134 135 136 137 138 139 140 141 142 143 144 145 146 147 148 149 150 152 153 154 155 156 157 158 159 160 161 162 163 164 165 166 168 169 170 171 172 174 175 176 177 178 179 180 181 182 183 184 185 186 187 188 189 190 192 195 196 197 198 199
39 29 30 31 32 33 34 35 36 37 38 39 41 42 43 44 45 46 47 48 49 50 51 52 53 54 55 56 57 58 59 60 61 62 63 64 65 66 67 68 69 70 71 72 73 74 75 76 77 78 79 80 81 82 83 84 87 88 89 90 91 92 93 94 96 97 98 99 100 101 102 103 104 105 106 107 108 109 110 111 112 113 115 116 117 118 119 120 122 123 124 125 126 127 128 129 130 132 134 135 136 137 138 139 140 141 142 143 144 145 146 147 149 150 151 152 153 155 156 158 159 160 162 163 164 165 166 167 168 169 171 172 173 174 175 176 177 178 179 180 181 182 183 184 185 186 188 190 191 192 193 195 196 197 198 199 200
57 29 30 31 32 33 34 35 37 38 41 42 43 44 45 46 47 48 49 50 52 53 54 55 56 57 58 60 61 62 63 64 65 66 67 68 69 70 71 72 73 75 76 77 78 79 80 81 83 85 86 87 88 89 90 91 92 93 94 95 96 97 98 99 100 101 102 103 104 105 106 107 108 109 110 111 112 113 114 115 117 118 119 120 121 122 123 124 125 126 127 128 129 130 131 132 133 134 135 136 137 138 139 140 141 142 143 144 146 147 148 149 150 151 152 154 155 157 158 159 160 161 162 163 164 165 166 167 168 169 170 171 172 173 174 175 176 177 179 180 181 182 183 184 185 186 187 189 190 191 192 193 194 195 196 197 198 199 200
58 30 31 32 33 34 35 36 37 38 39 40 41 42 43 44 45 46 48 50 51 52 53 54 55 56 57 58 59 60 61 62 63 65 66 67 68 71 72 73 75 76 78 79 80 81 82 83 84 85 86 87 88 89 90 91 92 93 94 95 96 97 98 100 101 102 104 105 106 107 108 109 110 111 112 114 115 116 117 119 120 121 122 123 124 125 126 127 128 129 130 131 132 133 134 135 136 137 138 139 140 141 142 143 144 145 146 147 148 149 150 151 152 153 154 155 156 157 158 159 161 162 164 166 167 168 170 171 172 173 174 175 176 177 178 179 180 181 182 183 185 186 188 189 190 191 192 193 194 195 196 197 198 199 200
46 31 32 33 34 35 36 37 38 39 41 42 43 44 45 47 48 49 50 51 52 54 55 56 57 59 60 61 62 63 64 65 67 68 70 71 72 73 74 75 77 78 79 80 81 82 83 84 85 86 87 89 90 91 93 94 95 96 97 98 99 100 101 102 104 105 106 107 108 110 111 112 113 114 115 116 117 118 120 121 122 124 125 126 127 128 129 131 132 133 134 137 139 140 141 142 143 144 145 146 147 148 149 150 151 152 153 154 155 156 159 160 161 162 163 164 165 166 167 168 169 170 171 172 173 174 175 176 177 178 179 180 181 182 183 184 185 186 187 189 190 191 192 193 194 195 196 197 198 199
41 32 33 34 35 36 37 38 39 40 41 42 44 45 46 47 48 49 50 52 53 54 55 56 57 58 59 60 61 62 63 64 65 66 67 68 69 70 71 72 73 74 75 76 77 78 79 80 81 82 83 84 85 88 89 90 91 92 93 94 95 96 97 98 99 100 101 102 103 104 105 106 107 108 109 110 111 112 113 114 115 116 117 118 119 120 122 123 124 125 126 127 128 129 130 131 132 133 134 135 136 137 138 139 140 141 142 143 144 145 146 147 149 150 151 152 153 154 156 157 158 159 160 161 162 164 165 166 167 168 169 170 171 172 174 175 176 177 178 179 180 181 183 184 185 186 187 188 189 190 191 192 193 194 195 196 197 198 199 200
45 33 34 35 36 38 39 40 41 42 43 44 45 46 47 48 49 51 52 54 56 57 58 59 60 61 62 63 64 65 66 67 68 70 71 72 73 74 75 76 77 78 79 80 81 83 84 85 86 87 88 89 90 92 93 94 95 96 97 98 99 100 103 104 105 106 107 108 109 110 111 112 113 114 115 117 118 119 120 121 122 123 124 125 126 127 128 129 130 131 132 133 134 135 137 138 139 140 141 142 143 144 145 147 148 149 151 152 154 156 157 159 160 161 162 163 164 165 166 167 168 169 170 171 172 173 175 176 177 178 179 180 181 182 184 185 186 187 188 189 190 191 192 194 195 196 197 198 199 200
45 34 35 36 37 38 39 40 41 43 45 46 47 48 49 50 51 52 53 54 55 56 57 58 60 61 62 63 64 65 66 67 68 70 71 72 73 74 76 77 78 79 80 81 82 83 84 85 86 87 88 89 90 91 92 93 94 95 96 97 99 100 101 103 104 105 106 107 108 109 111 112 113 114 115 116 117 118 119 120 121 122 123 124 126 127 128 129 130 131 132 133 134 135 136 137 138 139 140 141 142 143 144 145 146 147 148 149 150 151 152 154 156 157 158 159 161 162 163 164 165 167 168 169 170 171 172 173 174 175 176 177 178 179 180 181 182 183 184 185 186 187 188 191 193 194 196 197 198 199 200
51 35 36 37 38 39 40 41 42 43 44 45 46 47 48 49 50 51 52 53 54 56 57 58 60 61 62 63 64 65 66 68 69 70 71 72 73 74 75 76 77 78 79 80 81 82 83 84 85 86 87 88 90 91 92 93 94 95 96 97 98 99 100 101 102 103 104 105 106 107 108 109 110 111 112 113 114 115 116 117 118 119 120 121 123 124 125 126 127 128 129 130 131 132 133 134 135 136 137 138 139 140 141 142 143 144 145 146 148 149 150 151 152 153 154 155 156 157 158 159 160 161 162 163 164 165 166 167 168 169 172 173 174 176 177 178 179 180 182 183 184 185 186 187 188 189 190 192 193 194 195 196 197 198 199 200
37 36 37 38 39 40 41 42 43 44 45 46 47 48 49 50 51 52 53 54 55 57 58 59 60 61 62 63 64 65 68 69 70 72 73 74 75 76 77 78 79 80 81 82 83 84 85 86 87 88 89 91 92 93 94 95 96 97 98 99 100 101 102 103 105 106 107 108 109 110 112 113 114 115 116 117 119 120 121 122 123 124 125 126 127 128 129 130 131 132 133 134 136 137 138 139 140 142 143 145 146 147 148 149 150 151 152 153 154 155 156 159 160 162 163 165 166 167 168 169 170 171 172 173 174 176 177 180 181 182 183 184 185 186 187 188 189 190 192 193 194 195 196 197 198 199 200
53 37 38 39 40 41 42 43 44 45 46 47 48 49 50 51 52 53 54 55 56 57 58 59 60 61 62 63 64 65 67 68 69 70 71 72 73 74 76 77 78 79 80 81 82 83 84 85 86 87 88 89 90 91 92 93 94 95 97 99 100 101 102 103 104 105 106 107 108 109 110 111 112 113 114 115 118 119 120 121 122 123 124 125 127 128 129 130 131 134 135 136 137 138 140 141 142 144 145 146 147 148 150 151 152 153 154 155 157 158 159 161 162 163 164 165 167 168 169 170 172 173 174 175 176 177 178 179 180 181 182 183 184 185 186 187 189 190 191 192 193 194 195 197 198 199 200
40 39 41 42 44 45 46 47 48 49 50 51 54 55 56 57 58 59 60 61 62 63 64 65 66 67 68 69 70 71 72 73 74 75 76 77 78 79 80 81 82 83 84 85 87 88 89 90 91 94 95 96 97 100 101 102 103 104 105 106 107 108 109 111 112 113 114 115 116 117 118 119 120 121 122 123 124 125 126 127 131 132 133 134 135 136 137 138 139 140 141 142 143 144 145 146 148 149 151 153 154 155 156 159 160 161 162 163 164 165 166 167 168 169 170 171 172 173 174 175 177 178 179 180 181 182 183 185 186 187 188 189 190 191 192 193 194 195 196 197 198 199 200
47 40 41 42 43 45 46 47 48 49 50 51 52 53 54 55 57 58 59 60 61 62 63 64 65 67 68 70 71 72 73 74 75 76 77 78 80 82 83 85 86 87 88 89 90 91 93 94 95 96 97 98 99 100 101 102 103 104 105 106 107 108 109 112 113 114 115 116 117 118 119 120 121 122 123 124 125 126 127 128 129 131 132 133 135 138 139 140 143 144 145 146 147 148 149 150 151 152 154 155 156 157 158 159 160 161 163 164 165 166 167 168 169 170 171 172 173 174 175 176 177 178 179 180 181 182 183 184 185 186 187 188 189 190 191 192 193 194 195 196 197 199 200
40 40 41 42 43 44 45 46 47 48 49 50 51 53 54 55 56 57 58 59 60 61 62 63 64 65 66 68 69 70 71 72 73 74 75 78 79 80 81 82 83 84 85 86 87 88 89 90 91 92 93 95 96 97 98 99 100 101 102 103 105 106 108 109 110 111 112 113 115 116 117 118 119 120 121 123 124 125 126 127 128 129 130 131 132 133 134 136 137 138 140 141 142 143 144 145 147 148 149 150 151 152 153 154 155 156 158 159 160 162 163 165 166 167 168 169 170 171 173 174 176 177 178 179 180 181 182 183 184 185 186 187 188 189 190 191 192 193 194 195 197 198 199 200
43 41 42 43 44 45 46 47 48 49 50 51 53 54 55 56 57 58 59 60 61 62 63 64 65 66 67 68 69 71 72 73 74 75 76 77 78 79 80 81 82 83 84 85 86 87 88 89 91 92 93 94 95 97 98 100 101 102 104 105 106 107 108 109 110 112 113 114 115 116 117 118 120 121 122 123 124 126 127 128 129 130 131 132 133 134 135 136 137 138 139 140 141 142 143 144 145 146 147 148 149 150 151 152 153 154 155 156 157 158 159 160 162 163 164 165 166 167 168 170 171 172 173 174 175 176 177 178 179 180 181 182 183 184 185 186 187 188 189 190 191 192 193 194 195 196 197 198 199 200
40 42 43 44 45 46 47 48 50 51 52 53 54 55 56 57 59 60 61 62 63 64 66 68 69 70 72 73 74 76 77 78 79 80 81 82 83 84 85 86 87 88 89 90 91 92 93 94 95 96 97 98 99 100 101 102 104 105 106 108 110 111 112 113 114 115 116 118 119 120 121 122 124 125 126 127 128 129 130 132 133 134 135 136 137 138 139 140 141 142 143 144 145 146 147 148 149 150 151 152 153 154 155 156 157 158 159 160 161 162 163 164 165 166 167 168 169 171 172 173 174 175 176 177 178 179 180 181 182 183 184 185 186 189 190 191 192 193 194 195 196 197 198 199 200
48 43 44 45 46 47 48 49 50 51 52 53 54 55 56 57 58 59 60 61 62 63 64 65 66 67 69 71 72 73 74 75 76 77 78 79 80 81 82 83 84 85 86 87 88 89 90 91 92 94 95 96 97 98 100 101 102 103 104 105 106 107 108 109 110 111 112 113 114 115 117 118 119 121 123 124 125 126 128 129 130 131 133 134 135 136 137 138 139 140 141 142 143 144 145 146 147 148 149 150 151 152 154 155 156 157 158 159 160 161 162 163 164 165 166 167 168 169 170 172 173 174 175 176 177 178 179 180 181 182 183 184 185 186 187 188 189 190 192 194 195 196 197 198 199 200
59 45 46 47 48 49 50 51 52 53 54 56 57 59 60 61 62 63 64 65 66 67 68 69 70 71 72 73 74 75 76 77 78 79 80 81 82 83 84 85 87 88 89 90 91 92 93 94 95 96 97 98 99 100 102 103 104 105 106 107 108 110 111 112 113 114 115 116 117 118 119 120 121 122 124 125 126 129 130 131 132 133 134 135 136 137 138 139 140 141 142 143 144 145 146 147 148 149 150 152 153 154 155 156 158 159 160 161 162 163 164 165 166 167 168 169 170 171 172 173 174 175 176 177 179 181 182 183 184 185 186 187 188 189 190 193 194 196 197 198 199 200
33 45 46 47 48 49 53 54 55 56 58 59 60 61 62 63 64 66 67 68 69 70 71 72 73 74 76 77 78 80 81 82 84 85 86 87 88 89 90 93 94 95 96 97 98 99 100 101 102 103 104 105 106 107 108 109 110 111 112 113 114 115 116 117 118 119 120 121 122 123 124 125 126 127 128 129 130 132 133 134 136 139 140 141 142 143 144 145 146 147 148 149 150 151 152 153 154 155 156 157 158 159 160 161 162 163 164 166 167 169 170 171 172 174 175 176 178 179 181 182 183 185 187 188 189 190 191 192 193 194 195 197 198 199 200
51 46 47 48 49 50 51 52 54 56 57 58 59 60 62 63 64 65 66 67 69 70 71 72 73 74 75 76 77 78 79 81 82 83 84 85 86 87 88 89 91 92 93 94 95 96 97 98 99 101 102 103 104 105 106 107 108 109 110 111 112 113 114 115 117 118 119 120 121 122 123 124 125 127 128 129 130 131 132 134 135 136 138 139 140 141 142 143 144 145 146 147 148 149 150 151 152 153 154 155 156 157 158 159 160 161 162 163 164 165 166 167 169 170 171 172 173 175 176 177 178 179 180 181 182 183 184 185 186 187 188 189 190 191 193 194 195 196 198 199 200
33 48 49 50 51 52 53 54 55 57 58 59 60 61 62 63 64 65 66 67 68 69 70 71 72 73 74 75 76 77 78 79 81 82 83 85 87 89 90 91 92 93 94 95 96 98 99 101 102 103 104 105 106 107 108 109 110 111 113 114 116 117 118 119 120 121 122 124 125 127 128 129 130 132 133 134 135 136 137 138 139 140 141 143 144 145 146 147 148 150 151 152 153 154 155 156 158 159 160 161 162 163 164 165 166 167 168 169 171 172 173 174 175 176 177 178 179 180 181 182 185 186 187 188 189 190 191 192 193 194 195 196
55 49 50 51 52 53 55 56 57 58 59 61 62 63 64 65 66 67 68 69 71 72 73 75 76 77 78 79 82 83 84 85 86 87 88 89 90 91 92 93 94 95 96 97 99 100 102 103 104 105 106 107 108 109 110 112 114 116 117 118 119 120 121 122 123 124 125 126 127 128 129 130 131 132 133 134 135 136 137 138 139 140 141 142 143 144 145 146 147 148 149 150 151 152 153 154 155 156 157 158 159 161 162 163 164 165 166 167 168 169 170 171 172 173 175 176 177 178 179 180 181 182 183 184 185 186 187 188 189 190 191 192 193 194 195 196 197 198 199 200
38 49 50 51 52 53 54 55 56 58 59 60 61 62 63 65 66 67 68 69 70 71 72 73 74 75 76 77 78 79 80 81 82 83 84 85 86 87 88 89 90 91 92 93 94 95 96 97 98 99 100 101 102 103 104 105 107 108 109 110 111 112 113 114 115 116 117 118 119 120 121 122 123 124 125 126 127 128 129 130 132 133 135 136 137 138 139 140 141 142 143 144 145 146 147 148 149 150 151 152 153 154 155 156 157 158 159 160 161 163 165 166 167 168 169 170 171 172 173 174 175 176 177 179 180 181 182 183 184 185 186 187 188 189 190 191 192 193 194 195 196 197 200
51 50 51 52 53 54 56 57 58 59 60 61 62 63 64 65 66 67 68 69 70 71 72 73 74 75 76 77 78 79 80 81 82 83 85 86 87 88 89 90 91 92 93 94 96 97 98 99 100 101 102 103 104 105 106 107 108 109 110 112 113 114 116 117 118 119 120 122 123 124 125 126 127 129 130 132 133 134 136 137 138 139 140 141 142 143 144 145 146 147 148 149 150 151 152 153 154 155 156 157 158 159 160 161 162 163 164 166 167 168 169 170 171 172 173 174 176 177 178 179 180 181 182 183 184 185 186 187 188 189 190 193 194 195 196 197 198 199 200
46 51 52 53 54 55 56 57 58 59 60 61 63 64 65 66 67 68 69 70 71 73 74 75 76 77 78 79 82 84 85 86 87 88 89 90 91 92 93 94 95 97 98 99 100 101 102 103 104 105 106 107 108 109 110 112 113 114 115 117 118 119 121 122 123 124 125 126 127 128 129 130 131 132 133 134 135 136 137 138 139 140 141 143 144 145 147 148 149 150 151 153 154 155 156 157 158 159 161 162 163 164 165 166 167 169 170 171 172 173 174 175 176 178 179 180 181 182 184 185 186 187 188 189 190 191 192 193 194 195 196 197 198 199 200
47 54 55 57 58 60 61 63 64 65 66 67 68 69 70 71 72 73 74 75 76 77 78 80 81 83 84 85 86 87 88 89 90 93 94 95 96 97 98 99 100 101 102 103 104 105 106 107 108 109 110 111 112 113 115 116 117 119 120 121 122 123 124 125 126 127 128 129 131 132 133 135 136 138 139 140 141 142 143 144 145 146 147 148 149 150 151 152 154 155 156 157 158 159 160 161 162 164 165 166 167 168 169 170 171 172 173 174 175 176 177 178 179 180 181 182 183 184 185 186 187 188 189 190 192 193 194 195 196 197 198 199 200
41 53 54 55 56 57 58 59 60 61 62 63 64 65 66 68 69 70 71 72 73 74 76 77 78 79 80 81 82 83 84 85 86 87 88 89 90 93 94 95 96 97 98 99 100 101 102 103 104 105 106 107 108 109 110 111 112 113 114 115 116 117 118 119 120 121 122 123 124 125 126 127 128 129 130 131 132 133 134 135 137 138 139 140 141 144 145 146 148 149 150 151 152 154 156 157 158 159 160 161 162 163 165 167 171 172 173 174 175 176 177 178 179 180 181 182 183 184 185 186 187 188 189 190 191 192 194 195 196 197 198 199 200
51 54 55 56 57 58 60 61 62 63 64 65 66 67 68 70 71 73 74 75 76 77 79 80 81 82 83 84 85 86 87 88 89 90 91 92 93 94 95 96 97 98 99 100 101 103 105 106 108 109 110 111 112 113 114 115 116 117 118 119 120 121 122 123 125 126 127 128 129 130 131 132 133 134 135 136 137 138 139 140 141 142 143 144 145 146 147 148 149 150 151 153 154 155 156 157 158 159 160 161 162 163 164 165 166 167 168 170 171 172 173 174 175 176 177 178 180 181 183 184 185 186 187 188 189 190 191 194 195 196 197 198 199 200
46 55 57 58 59 60 61 62 63 64 65 66 67 68 69 70 71 72 73 74 75 77 78 79 80 81 82 83 84 85 87 88 89 90 91 92 93 94 95 96 98 99 100 101 102 103 104 105 106 107 108 109 110 111 112 114 116 117 118 119 120 121 122 123 124 125 126 128 129 130 131 132 133 134 135 136 137 138 139 141 142 143 144 145 146 147 150 152 154 155 157 158 160 162 163 164 165 166 167 168 169 170 171 172 173 174 175 176 177 178 179 180 181 183 184 185 186 187 188 189 190 191 192 194 195 196 197 198 199 200
45 56 57 58 59 60 61 62 64 65 66 67 69 70 71 72 73 74 76 77 78 79 80 81 82 84 85 86 87 88 89 90 91 93 94 95 96 97 98 99 100 101 102 103 104 105 106 107 108 109 110 111 112 113 114 115 116 117 118 119 120 121 122 123 125 126 127 128 129 130 131 132 133 134 135 136 138 139 140 141 142 143 144 145 146 147 149 150 151 153 155 156 157 158 159 162 163 164 165 166 167 169 170 171 172 173 174 175 176 177 178 179 180 181 182 183 184 185 186 187 190 191 192 193 195 196 197 198 199 200
43 57 58 59 60 61 62 64 65 66 67 68 69 70 71 72 73 74 75 76 77 79 80 81 82 83 85 86 87 88 89 90 92 93 94 95 96 97 98 99 101 102 103 104 105 106 107 108 109 110 111 112 113 114 115 116 117 118 119 120 121 122 123 124 125 126 127 128 130 131 132 133 134 135 136 138 139 140 141 142 144 145 146 147 148 150 151 154 155 156 157 158 159 161 162 163 164 165 166 167 168 169 170 171 172 173 174 175 176 177 178 179 180 183 184 185 187 188 189 190 191 192 194 195 196 197 198 199 200
33 58 59 60 61 62 63 64 65 66 67 69 70 71 73 74 75 76 77 78 79 80 81 82 83 84 85 86 87 88 89 90 91 92 93 94 96 97 98 99 100 102 103 104 105 106 107 108 109 110 111 112 113 115 117 118 119 120 121 122 123 124 125 126 128 129 130 132 133 134 135 136 137 138 139 140 141 142 143 145 146 147 148 149 150 151 153 154 155 156 157 158 159 161 162 163 164 165 167 168 169 170 171 173 174 175 176 177 178 179 180 181 182 183 184 185 186 188 190 191 192 193 194 195 196 197 198 199 200
42 59 60 62 63 64 65 66 67 68 69 70 71 72 73 74 75 76 77 78 79 80 81 82 83 84 85 86 87 89 90 91 92 93 94 95 96 97 98 99 100 101 102 103 104 105 106 107 108 109 110 111 112 114 115 116 118 119 120 121 122 123 124 125 126 127 128 129 130 131 133 134 135 136 137 138 139 140 142 143 144 145 146 147 148 149 150 151 152 153 154 155 156 157 159 160 161 162 163 164 165 166 167 168 169 170 171 172 174 175 176 178 179 180 182 183 184 185 187 188 189 190 191 192 193 194 195 196 197 198 199 200
54 60 63 64 66 67 68 69 70 71 72 73 74 75 76 77 79 80 81 82 83 84 85 86 87 88 90 91 92 93 94 96 97 98 99 100 101 102 103 104 105 106 107 108 109 110 111 112 113 114 115 116 117 118 119 120 121 122 123 124 125 126 129 130 131 132 134 135 136 137 138 139 140 142 143 144 145 146 147 148 150 151 152 153 154 155 157 158 159 160 161 162 163 165 166 167 168 169 170 171 172 173 174 175 176 177 178 179 180 182 183 184 185 186 187 188 189 190 191 192 193 194 197 198 199 200
55 61 62 63 64 65 66 67 68 69 70 71 72 73 74 75 77 78 80 81 82 83 87 88 89 90 91 92 93 94 95 96 97 99 100 101 102 103 104 105 106 107 108 109 110 111 112 113 116 117 118 119 120 121 122 124 125 126 127 129 130 131 132 133 134 135 137 138 139 140 143 144 145 146 147 148 149 151 152 153 154 155 156 157 158 159 160 161 162 163 164 165 166 167 168 169 170 171 172 174 175 176 177 178 179 180 181 182 183 184 185 186 187 188 189 190 191 192 193 194 195 196 197 198 199 200
55 62 63 66 67 68 69 70 71 72 73 74 75 77 78 80 81 82 83 84 85 86 88 89 90 92 93 94 96 97 98 99 100 101 103 104 105 106 107 108 109 110 111 112 113 114 115 116 117 118 119 120 121 122 123 124 125 126 127 128 129 130 131 132 133 134 135 136 137 138 139 140 141 142 143 144 145 146 147 148 149 150 151 152 154 155 156 157 158 160 162 163 164 167 169 170 171 173 174 175 176 177 178 179 180 181 183 185 187 188 189 190 191 192 194 195 196 197 198 199 200
50 63 64 65 66 67 69 70 72 73 74 75 76 77 78 79 80 81 82 83 84 86 87 88 89 90 91 92 93 94 95 96 97 98 99 100 101 102 103 104 106 107 108 109 110 111 112 113 114 115 116 117 118 119 120 121 122 123 124 125 126 127 128 129 130 132 133 134 135 137 138 139 142 143 145 146 147 148 149 150 151 152 153 154 155 156 157 159 160 162 163 164 165 166 167 168 169 170 171 172 173 175 177 178 179 180 181 182 183 184 186 187 189 190 191 193 194 195 196 197 199
35 64 65 67 68 69 70 71 72 74 75 76 77 78 80 81 82 83 85 86 87 88 90 91 92 94 95 96 97 98 100 101 102 103 104 105 107 108 109 110 111 113 114 115 116 118 119 120 121 122 124 125 127 128 129 130 131 132 133 134 135 136 138 139 140 141 142 143 144 145 147 148 150 151 152 153 155 156 157 158 159 160 161 162 163 164 166 167 168 169 170 172 173 174 176 177 178 179 180 182 183 185 186 187 188 189 190 191 192 193 194 195 196 197 198 199
60 65 66 67 68 69 70 71 72 73 74 75 76 77 78 79 80 81 82 83 85 86 87 88 89 90 91 92 93 94 95 96 97 98 99 100 101 102 103 104 105 106 107 108 109 110 111 112 113 116 117 118 119 120 121 122 123 124 125 126 127 128 129 130 131 132 133 134 135 137 138 139 140 141 143 144 145 146 147 148 149 150 151 152 154 155 156 157 158 159 161 162 163 164 165 166 167 168 169 172 173 174 175 176 177 178 179 181 182 183 184 185 187 188 189 190 191 192 193 194 195 196 197 199 200
55 66 67 68 69 70 71 72 73 74 75 77 78 79 80 81 82 83 84 85 86 88 89 90 91 92 93 94 95 96 97 99 100 102 103 104 105 106 107 108 109 110 112 113 114 115 116 117 118 119 120 121 122 123 124 125 126 127 128 129 130 131 132 134 136 137 138 140 141 142 143 144 145 146 147 148 149 150 151 154 155 156 159 160 161 162 163 164 165 166 167 168 169 170 171 173 175 176 177 178 179 180 181 182 183 184 185 186 187 188 189 190 192 193 194 195 196 197 198 199 200
42 67 68 69 70 71 72 73 74 75 76 77 78 79 80 81 82 83 84 85 86 87 88 89 90 91 93 94 95 96 97 98 99 100 101 102 103 104 105 106 107 109 110 111 112 113 114 115 116 117 119 120 121 123 125 126 127 128 129 130 131 132 133 134 135 136 137 138 139 140 142 143 144 145 147 148 149 151 152 153 154 155 156 158 159 161 163 164 166 167 168 169 170 171 172 173 174 175 176 177 178 179 180 181 182 183 184 185 186 187 188 189 190 192 193 195 196 197 198 199 200
31 68 70 71 73 74 75 76 77 78 79 80 81 82 83 84 85 86 87 88 89 90 91 92 93 94 95 96 97 98 99 100 101 102 103 104 106 107 108 109 110 111 112 113 114 115 116 117 118 119 120 121 122 123 124 126 127 128 129 130 131 132 134 135 136 137 138 139 140 141 143 144 145 146 147 148 149 150 151 153 154 155 156 158 159 160 161 162 164 165 166 167 168 169 170 171 172 173 175 176 177 178 179 180 181 182 183 184 185 186 187 188 189 190 191 192 193 194 195 196 198 199 200
47 69 70 71 72 73 74 75 76 77 78 79 80 81 82 83 84 85 86 87 88 89 90 92 93 94 95 96 97 98 99 100 101 102 103 104 105 106 107 108 109 110 111 112 113 114 115 116 117 118 119 120 121 122 123 124 125 126 127 128 129 130 131 132 133 134 135 136 137 138 139 141 143 144 145 146 147 148 149 150 151 152 153 154 155 157 158 159 160 161 162 163 164 166 167 169 170 171 172 173 174 175 176 177 178 179 180 181 183 184 186 188 189 190 192 193 194 195 196 197 198 199
44 70 71 72 73 75 76 78 79 80 81 82 83 84 85 86 87 88 89 90 91 93 94 95 96 97 98 99 100 101 102 103 104 105 106 107 108 109 110 111 112 113 115 116 117 118 119 120 121 122 123 124 126 127 128 129 131 132 133 134 135 136 137 138 139 140 142 144 146 147 148 149 150 151 152 153 154 155 156 157 158 159 161 162 163 164 165 166 168 169 170 172 173 175 176 177 178 179 180 181 182 183 184 186 187 188 189 190 191 193 194 195 196 197 198 199
34 72 73 74 76 77 78 79 80 81 83 84 85 86 88 89 90 91 92 93 95 96 97 98 99 100 101 102 103 104 105 106 107 109 110 111 112 113 114 117 118 119 120 121 122 124 125 126 127 128 129 131 132 133 134 135 136 137 138 139 140 142 143 144 145 146 147 148 149 150 151 152 153 154 155 156 158 159 160 161 162 163 166 167 168 170 171 172 173 174 175 176 177 178 179 180 181 182 183 184 185 187 188 189 190 191 192 193 194 195 196 197 198 199 200
53 72 74 75 76 77 78 79 80 81 82 83 84 88 89 90 91 92 93 94 95 96 97 98 99 101 102 103 104 105 106 107 108 109 110 111 112 113 115 116 117 118 119 120 121 122 123 124 125 126 127 128 129 130 132 133 134 135 136 137 138 139 142 143 144 145 146 147 148 149 150 151 152 154 155 156 157 158 159 160 161 162 163 164 165 166 167 168 170 171 173 174 175 176 178 179 180 181 182 183 184 186 187 188 189 190 192 193 194 195 196 197 198 199 200
38 73 74 75 76 77 78 79 80 81 82 83 84 85 86 87 88 89 90 92 93 94 95 96 97 99 100 101 102 103 104 105 107 108 110 111 112 113 114 115 117 120 122 123 124 125 126 127 128 129 130 131 132 133 134 136 137 138 139 140 141 142 143 144 146 147 148 150 151 152 153 154 155 156 157 158 159 160 161 162 163 164 166 167 168 169 170 171 172 173 174 175 176 177 178 180 181 182 183 184 185 186 188 189 190 191 192 193 194 195 196 197 198 199 200
48 74 75 76 77 78 79 80 81 82 83 84 85 86 87 88 89 90 91 92 93 94 95 96 97 99 100 101 102 103 104 105 106 107 108 109 110 111 112 113 114 116 117 118 119 120 121 122 123 124 125 126 127 128 129 130 131 132 133 134 135 136 137 138 139 140 141 142 143 145 146 147 148 149 150 151 152 153 154 156 157 158 159 160 161 162 163 164 165 166 167 168 169 170 171 172 173 175 176 177 178 179 180 181 183 184 185 186 187 188 189 190 191 192 193 194 196 197 198 200
44 75 76 77 78 79 80 81 82 83 84 85 86 88 89 91 92 93 94 96 97 98 99 100 101 102 103 104 105 106 107 108 109 110 111 112 113 114 115 116 117 119 120 121 123 124 125 126 127 128 129 130 131 132 134 135 136 137 138 139 140 141 142 143 144 145 146 147 148 149 150 151 152 153 154 155 156 157 158 159 160 161 162 163 164 165 166 167 168 170 171 172 173 174 175 177 179 180 181 182 184 185 186 187 188 190 191 192 193 194 195 196 197 198 199 200
42 76 77 78 79 81 82 83 84 85 86 87 88 89 90 91 92 93 94 95 96 97 98 99 100 101 102 103 104 105 106 107 108 109 110 111 113 114 115 116 117 118 119 120 121 122 123 125 126 127 128 130 131 132 133 134 135 136 137 138 139 140 141 142 143 144 145 146 147 148 149 150 151 152 153 154 155 156 157 158 159 160 161 162 163 164 166 167 168 169 170 171 172 173 174 176 177 178 179 180 181 182 184 185 186 187 188 189 190 191 192 193 195 196 197 198 199 200
48 77 78 79 80 81 82 83 84 85 86 87 88 89 90 91 92 93 96 97 98 99 101 102 103 104 105 106 107 108 109 110 111 112 113 114 115 116 118 119 120 121 122 123 124 125 126 127 128 130 131 132 133 134 137 138 139 140 141 142 143 144 145 146 147 149 150 151 152 154 155 156 157 159 160 161 162 163 164 167 168 169 170 171 172 173 174 175 177 178 179 181 182 183 184 185 186 187 189 190 192 193 194 195 196 197 198 200
30 78 79 80 81 82 83 84 85 86 87 88 89 90 91 92 93 94 96 97 98 99 101 102 103 104 105 106 107 108 109 111 112 113 114 115 116 117 118 119 120 121 122 123 124 125 126 127 128 129 130 131 132 133 134 135 136 137 138 139 140 141 142 144 145 147 148 149 150 151 152 153 154 155 156 157 158 159 161 162 164 165 166 167 168 169 170 171 172 173 174 175 176 177 178 179 180 181 182 183 184 185 186 187 188 189 190 191 192 193 195 196 197 198 199 200
55 79 80 81 82 83 84 85 86 87 88 89 91 92 93 94 95 96 97 98 99 100 101 102 103 104 105 106 107 108 109 110 111 112 113 114 115 116 117 118 119 120 121 122 123 124 125 126 127 128 130 131 132 133 134 135 136 137 138 140 141 143 144 145 146 147 148 149 150 151 152 153 154 155 156 157 158 160 161 162 163 164 165 166 167 169 170 171 172 173 174 175 176 177 178 179 180 181 182 183 184 185 186 187 188 189 190 191 192 193 194 195 196 197 198 199 200
32 80 81 82 83 84 85 86 87 88 89 90 91 92 94 95 96 97 98 99 100 101 102 103 104 105 107 108 110 112 113 114 116 117 118 119 120 121 122 123 124 125 126 127 128 129 130 131 132 133 134 136 137 138 139 140 141 142 143 144 146 147 148 149 150 151 154 155 156 157 158 159 160 161 162 163 164 165 166 169 170 171 172 173 174 175 176 177 178 180 181 182 183 185 186 187 188 189 190 191 192 193 194 195 196 197 198 200
35 81 82 83 84 85 86 87 88 89 90 91 93 94 95 96 97 98 99 101 102 103 104 105 106 110 111 112 114 115 117 118 119 120 121 122 123 124 125 127 128 130 131 132 133 134 135 136 137 138 140 141 142 143 144 145 146 147 148 149 150 151 152 153 154 155 156 157 158 159 160 161 163 164 165 166 167 168 169 170 171 172 173 174 176 177 178 179 180 182 183 184 185 186 187 189 190 192 193 194 196 197 198 199 200
39 82 83 84 85 86 87 89 90 91 92 93 94 95 96 97 98 100 101 102 103 104 105 106 107 108 109 110 111 112 113 114 115 116 117 118 119 121 122 123 124 126 127 128 129 130 131 132 133 134 135 136 137 138 139 141 142 143 144 145 146 147 148 149 150 151 152 153 154 155 158 159 160 161 162 163 164 165 167 168 169 170 171 172 173 174 175 177 178 179 180 182 183 184 185 186 187 188 189 190 191 192 193 194 195 197 198 199 200
42 84 85 86 87 88 89 90 91 92 93 94 95 96 97 98 99 100 101 102 103 104 105 106 107 108 109 110 111 112 113 115 116 117 118 120 121 122 123 124 125 126 127 128 129 130 131 132 133 135 136 137 138 139 140 141 142 143 144 145 146 147 148 149 150 151 152 153 154 155 157 158 159 160 161 162 164 165 166 167 168 169 170 171 174 175 176 177 178 180 181 182 183 184 185 186 188 189 190 191 192 193 194 196 197 198 199 200
56 84 85 86 87 88 89 91 92 93 94 96 97 98 99 100 101 102 103 104 105 106 107 108 110 111 112 113 115 116 118 119 120 121 122 127 128 129 130 131 132 133 134 135 136 137 138 139 140 141 142 143 144 146 147 148 149 150 151 152 153 154 155 156 157 158 159 160 161 162 163 164 165 166 167 168 170 171 172 174 176 177 178 179 180 182 183 184 185 186 187 188 189 190 191 192 193 194 195 197 198 200
47 85 86 87 88 89 90 92 93 94 95 96 97 98 99 100 101 102 103 104 105 106 107 108 109 111 112 113 114 115 116 117 118 119 120 121 122 123 124 125 126 127 128 129 130 131 132 133 134 135 136 137 138 140 141 142 143 144 145 146 147 148 149 152 154 155 156 157 158 159 160 161 162 163 164 165 166 167 168 169 170 172 173 174 175 176 177 178 179 180 181 183 184 185 187 188 189 190 191 193 194 195 196 197 198 199
36 86 87 88 89 91 92 93 95 96 97 98 99 100 101 102 103 104 105 106 107 108 109 110 111 112 113 114 115 116 117 118 119 120 121 123 124 125 126 127 128 129 130 131 132 133 134 135 136 137 138 139 141 142 143 144 145 146 148 149 150 151 152 154 155 156 158 160 161 162 163 164 165 166 167 168 169 170 171 172 173 174 175 176 177 178 179 181 182 183 184 185 186 187 188 189 190 191 192 193 194 195 196 197 198 199 200
58 87 88 89 90 91 93 94 95 96 98 100 102 104 105 106 110 111 112 113 114 115 116 117 118 119 121 122 123 125 127 128 129 130 131 132 133 134 135 136 138 139 140 143 145 146 147 148 149 150 151 152 154 155 156 157 158 159 160 161 162 163 164 165 166 169 170 171 172 173 174 175 176 177 178 179 181 182 185 186 187 188 189 191 192 193 194 195 196 197 198 199 200
60 88 89 90 91 92 93 95 96 97 98 99 100 101 102 103 104 105 106 107 108 109 110 111 112 113 115 116 117 118 119 120 121 122 123 124 125 126 127 128 129 130 131 132 133 134 135 136 137 138 139 140 141 142 144 145 146 148 149 150 151 152 153 154 155 156 157 158 159 160 161 162 163 164 165 166 167 168 169 171 172 173 174 175 176 177 178 179 180 181 182 183 184 185 186 187 188 189 190 191 192 193 194 195 196 197 199 200
35 89 90 91 92 93 94 95 96 98 99 100 101 102 103 104 105 106 107 108 109 110 111 112 113 114 115 116 117 118 119 120 121 122 123 124 125 126 127 128 129 130 131 132 133 134 135 136 137 138 139 140 142 143 144 146 147 148 149 150 151 152 153 154 155 156 157 158 159 160 161 162 163 164 165 166 167 168 169 171 172 173 174 175 176 178 179 180 181 183 184 185 186 187 188 190 191 192 193 194 195 197 198 200
33 91 92 93 94 95 97 98 99 100 101 102 103 104 105 106 107 108 109 110 111 112 113 114 115 117 118 120 121 122 123 124 125 126 127 128 129 130 132 133 134 135 136 138 139 140 141 142 143 144 145 146 147 149 150 152 153 154 156 159 160 161 162 163 164 165 166 167 168 169 171 172 173 174 175 176 177 178 179 180 182 183 184 185 186 187 188 189 190 191 192 193 194 195 196 197 198 199 200
39 91 92 93 94 95 96 97 98 99 100 101 102 103 104 105 106 107 108 111 112 113 114 115 117 118 119 121 123 124 125 126 127 128 129 130 132 133 134 135 136 137 138 139 140 141 143 144 145 146 147 148 151 152 153 154 155 156 157 158 159 161 162 164 165 166 167 168 169 171 172 173 175 176 177 178 179 180 182 183 185 186 187 188 189 190 192 193 194 195 196 197 198 199 200
58 92 93 95 96 97 98 100 101 102 103 104 105 106 107 108 109 110 111 112 113 114 115 116 117 118 119 120 121 122 123 124 125 126 127 128 129 130 131 132 133 134 135 136 137 138 139 141 142 143 144 145 146 147 148 149 150 151 153 155 156 157 158 159 160 161 162 163 164 166 167 169 170 171 173 174 175 176 177 178 179 180 181 182 183 184 185 186 188 189 190 191 192 193 194 195 196 197 198 199 200
46 93 94 95 96 97 98 99 100 101 102 103 104 105 106 107 108 109 110 111 112 113 114 115 116 118 119 120 121 122 123 124 125 126 127 128 129 130 131 132 133 134 135 136 138 139 140 141 142 144 145 146 147 148 149 150 151 152 153 154 155 156 157 159 160 161 162 163 165 166 168 169 170 171 172 173 175 176 177 178 179 180 181 183 184 185 186 187 188 189 190 191 192 193 194 195 196 197 198 199 200
59 95 96 97 98 99 100 101 103 104 106 107 108 109 110 111 112 113 114 115 116 117 118 119 120 121 122 123 124 125 126 127 128 129 130 131 132 133 134 135 137 138 139 140 141 142 143 144 145 146 147 148 149 150 151 152 153 154 155 156 157 158 159 160 161 162 163 164 165 166 167 169 170 171 172 173 174 176 178 179 180 181 182 184 185 186 187 188 189 191 192 193 194 195 196 197 198 199 200
45 95 97 98 99 100 102 103 104 105 108 110 111 112 113 114 115 116 117 118 120 121 122 124 125 126 127 128 129 131 132 133 134 135 137 139 140 141 142 143 144 145 146 147 148 150 151 152 153 154 155 156 157 158 159 160 161 162 163 164 166 167 168 169 170 171 174 175 177 178 179 180 181 182 183 184 186 187 188 189 190 191 192 193 194 196 197 199 200
56 96 97 98 99 100 101 102 103 104 105 106 107 108 109 110 111 112 113 114 115 116 118 119 121 122 125 127 128 131 132 133 134 135 136 137 138 139 140 141 142 143 145 146 148 149 150 151 152 153 155 156 157 158 159 160 161 162 163 164 165 166 167 168 169 170 171 174 175 176 177 179 180 181 182 183 184 185 186 187 188 189 190 191 192 193 194 195 196 197 198 199 200
43 97 98 99 100 101 102 103 104 105 106 107 108 109 110 111 112 113 115 117 119 120 121 122 123 124 125 126 127 128 129 130 131 132 133 134 135 136 137 138 139 140 141 142 143 144 146 148 149 151 153 154 156 157 158 159 160 161 162 163 164 165 166 167 168 169 171 172 173 174 175 176 177 178 179 180 181 182 183 184 185 187 188 189 190 191 192 193 194 195 196 197 198 199
55 98 99 100 101 102 103 104 105 106 107 108 109 110 111 112 113 114 115 116 118 119 120 121 122 123 125 126 127 128 129 130 131 132 133 134 136 137 138 139 140 142 143 144 145 146 147 148 149 150 151 152 153 154 155 156 157 158 159 161 163 164 165 166 167 168 170 171 172 174 175 176 178 179 180 181 182 183 184 185 186 187 188 189 190 191 192 193 194 195 196 198 199 200
54 99 100 102 103 104 106 107 108 109 110 111 112 113 114 115 116 117 118 119 120 121 124 125 126 127 128 129 130 131 132 133 134 136 139 141 142 143 144 145 146 147 148 149 150 151 152 153 154 155 156 158 159 160 161 162 163 164 165 166 169 170 171 172 173 174 175 176 177 178 179 180 181 182 183 184 186 187 188 189 190 191 192 193 194 195 196 197 198 199
37 100 101 102 103 104 105 106 107 108 109 111 112 113 114 116 117 118 119 120 121 123 124 126 127 129 130 131 132 133 134 135 136 139 140 142 143 144 146 147 149 150 151 152 153 154 155 156 158 159 160 161 162 163 164 165 166 167 168 169 170 171 172 173 174 175 176 177 178 179 180 181 182 183 185 186 187 188 189 190 191 192 193 194 195 196 197 198 199 200
35 101 102 103 104 105 106 107 108 109 110 111 112 113 114 115 116 118 119 120 121 122 123 124 125 126 127 128 129 131 132 133 134 135 136 138 139 140 141 142 143 144 145 146 147 148 149 150 151 152 153 154 155 157 158 159 160 161 162 164 165 167 168 169 170 171 172 173 174 175 176 177 178 179 180 181 182 183 184 185 186 187 188 189 190 191 192 193 194 195 196 197 198 199
51 102 103 104 105 106 107 108 109 110 111 112 113 114 115 116 117 118 119 120 121 123 124 125 126 127 128 129 130 132 133 134 135 136 137 138 139 140 141 143 144 145 146 148 151 154 155 156 157 158 159 160 161 163 165 166 167 168 169 170 171 172 173 174 175 176 177 178 179 180 181 182 183 184 185 186 187 188 189 190 192 193 194 195 196 197 198 199 200
50 103 104 105 106 107 108 109 111 112 113 114 115 116 117 118 120 121 122 124 125 126 127 128 130 131 133 134 136 137 139 140 141 142 143 145 147 148 149 150 151 152 153 154 156 157 158 159 160 161 162 163 165 167 168 169 170 171 172 173 174 175 176 178 179 181 182 183 184 185 186 187 188 189 190 191 192 193 194 195 196 197 198 199 200
44 104 105 106 107 108 109 110 111 112 113 114 115 116 117 118 119 120 121 122 124 125 126 127 128 129 130 131 132 133 134 135 137 138 139 141 142 143 144 145 146 147 148 149 150 151 152 154 155 156 158 159 160 161 162 163 164 165 166 167 168 169 170 172 173 174 175 176 177 178 179 180 181 182 183 184 185 186 187 188 189 190 191 192 193 194 195 196 197 198 199 200
55 105 106 107 108 109 110 111 112 114 115 116 117 118 119 120 121 123 124 125 126 128 129 130 131 132 134 135 136 137 138 139 140 141 142 143 144 145 146 147 148 149 150 151 152 153 155 156 157 158 159 160 161 162 163 165 166 167 168 169 170 171 172 173 174 175 176 177 178 179 180 181 182 183 184 185 186 187 188 189 190 191 192 193 194 195 196 197 198 199 200
31 106 107 108 109 110 111 112 113 114 116 118 119 120 121 122 125 126 127 129 130 131 132 134 135 136 137 138 139 140 141 142 143 144 145 146 148 149 150 151 152 153 154 155 156 157 158 160 161 162 163 164 165 166 167 168 169 170 171 172 173 174 175 176 178 179 180 181 183 184 185 186 187 188 190 191 192 193 194 195 196 197 198 199 200
39 107 108 109 110 112 113 114 115 116 118 119 120 121 122 123 124 125 126 127 128 130 131 132 133 134 135 136 137 138 139 140 141 142 143 144 145 146 147 148 150 151 152 154 156 157 158 159 160 161 162 163 164 165 166 167 168 169 170 171 172 173 174 175 176 177 178 179 180 181 182 186 187 188 189 190 191 192 193 194 196 197 198 199 200
58 108 109 110 111 112 113 114 115 116 117 118 119 120 121 122 123 124 125 127 128 129 130 131 132 133 134 135 136 137 138 139 140 141 142 143 144 145 146 147 148 149 150 151 152 153 154 155 156 157 158 159 160 161 162 163 164 165 166 167 169 170 171 172 173 174 176 177 178 179 180 181 182 183 184 185 186 187 188 189 190 191 192 193 194 195 196 197 198 199 200
36 109 110 111 113 116 117 118 119 120 122 123 124 126 127 128 129 130 131 133 134 135 136 137 138 139 141 142 143 144 145 146 147 148 149 150 151 152 153 154 155 156 158 160 161 162 163 164 165 166 167 169 170 171 172 173 174 175 176 177 178 179 180 181 182 183 185 186 187 188 189 190 191 192 194 197 198 199
36 110 111 112 114 115 116 117 118 119 120 121 123 124 125 126 127 128 129 130 131 132 133 134 136 137 138 139 141 142 143 144 145 146 147 148 149 150 151 152 153 154 155 156 157 158 159 160 161 162 164 165 166 167 168 169 170 171 172 173 174 175 176 177 178 179 180 181 182 183 184 185 187 188 189 190 191 192 193 194 195 197 198 199 200
36 111 112 113 114 115 116 117 118 119 120 121 122 123 124 125 126 127 128 129 130 131 132 133 135 136 137 138 139 140 141 142 143 144 145 146 147 148 149 150 151 152 153 154 155 156 157 158 159 160 161 162 163 164 165 166 167 168 169 170 171 172 173 175 176 177 178 179 180 181 182 183 185 187 188 189 190 191 193 194 195 196 197 198 199 200
54 112 113 114 115 116 117 119 121 122 123 124 125 126 127 128 129 130 131 132 133 134 135 136 137 138 139 140 142 143 144 145 146 147 148 149 150 151 152 154 155 156 157 158 159 160 161 163 164 165 166 167 168 169 170 171 172 173 174 176 177 178 180 182 183 184 185 186 187 188 189 190 191 192 193 194 195 196 197 198 199 200
56 113 114 115 116 117 118 119 120 122 123 124 125 126 127 128 129 130 132 133 134 135 136 137 139 140 141 142 145 146 147 148 149 150 151 152 153 154 155 156 157 158 159 161 162 163 165 166 167 168 169 170 171 172 173 174 175 177 179 180 181 182 183 184 185 186 187 188 189 190 191 192 193 195 196 197 198 199 200
41 114 115 116 117 118 119 120 121 122 123 124 125 126 127 128 129 130 131 132 133 134 135 136 137 138 139 140 141 142 143 144 145 147 148 149 150 151 152 153 154 155 156 157 158 159 160 161 162 163 164 165 166 167 168 169 171 172 173 174 175 176 177 178 179 180 182 183 184 185 186 187 189 190 191 192 193 194 195 196 197 198 199 200
60 115 116 117 118 119 120 121 122 123 124 125 126 127 128 129 130 131 132 134 135 136 137 138 139 140 141 142 143 144 145 146 147 148 149 150 151 152 153 154 155 157 158 159 161 162 163 164 165 167 168 169 170 172 173 174 176 177 178 179 180 181 182 183 184 185 186 187 189 190 191 192 193 194 195 196 197 198 199 200
41 117 118 119 120 121 122 123 124 126 127 129 130 131 132 133 134 135 136 137 138 139 140 141 143 144 145 146 147 148 149 150 151 152 153 154 155 156 157 159 161 162 164 165 166 167 168 170 171 172 173 174 175 176 177 178 179 180 182 183 184 185 186 187 188 189 190 191 192 193 194 195 196 197 198 199 200
44 117 118 119 120 121 122 123 124 125 126 127 128 129 130 131 132 133 135 136 137 138 139 140 141 142 144 145 146 148 150 151 153 154 155 156 158 159 160 161 164 165 166 167 168 169 170 171 172 173 174 175 176 177 178 180 182 183 184 185 186 187 188 189 190 192 193 194 195 196 198 199 200
56 118 119 120 121 122 123 124 125 126 127 128 129 130 131 133 134 135 136 137 138 139 140 141 142 143 144 145 146 147 148 150 151 152 153 155 156 157 158 159 160 161 163 164 165 166 167 169 170 171 172 173 174 175 176 178 180 181 182 183 184 185 186 188 189 190 191 192 193 194 195 196 197 198 200
45 119 121 122 123 124 125 126 127 128 129 130 131 132 133 134 135 136 137 138 139 140 141 142 144 145 147 148 149 150 151 152 153 154 155 156 158 159 161 162 163 164 165 166 167 168 171 172 173 174 175 176 177 178 179 180 181 182 183 184 185 186 187 188 189 190 191 192 194 195 197 199 200
45 120 121 123 124 125 126 128 129 130 131 132 133 134 135 136 137 138 139 140 142 143 144 145 147 148 149 150 151 152 153 156 157 158 159 161 162 163 164 165 166 167 168 169 170 171 172 173 174 175 176 177 178 179 180 181 182 183 184 185 187 188 189 191 192 193 194 195 196 198 200
33 121 122 123 124 125 126 127 129 130 131 132 133 134 135 136 137 138 139 140 141 142 143 144 146 147 148 149 150 152 153 154 155 156 157 158 159 160 161 162 163 164 165 166 167 168 169 170 171 172 173 174 175 176 177 178 179 180 181 182 183 184 185 186 187 188 189 190 191 192 193 194 195 198 199 200
30 122 123 125 126 127 128 129 130 131 132 133 134 135 136 137 138 139 140 141 143 144 146 147 148 149 150 151 153 154 155 156 157 158 159 160 161 162 163 164 165 166 167 168 169 170 171 172 173 175 176 177 178 179 180 181 182 183 184 185 186 187 188 190 191 192 194 195 196 198 199 200
52 123 124 125 126 127 128 129 130 131 133 134 135 136 137 138 139 140 141 142 143 144 145 146 147 148 149 150 151 152 153 155 156 157 158 160 161 162 163 164 165 166 167 168 169 170 172 173 174 175 177 178 179 180 181 182 183 184 185 187 188 189 190 193 194 195 196 197 198 199 200
30 124 125 126 128 129 130 131 132 133 134 135 136 137 138 139 140 141 142 143 145 146 147 148 149 150 151 153 154 155 156 157 158 160 161 162 164 165 167 169 171 172 173 174 175 176 177 178 179 180 181 182 183 185 186 187 188 189 190 191 192 193 194 195 196 197 198 199
54 125 126 127 128 129 130 131 132 133 134 135 136 137 138 141 142 143 144 145 146 147 148 149 150 152 153 154 155 156 157 158 159 160 161 162 163 164 165 166 167 168 169 170 171 172 173 175 176 177 179 181 182 183 184 185 186 187 188 189 190 191 192 193 194 195 197 198 199 200
60 126 127 128 129 130 131 132 133 134 135 136 137 138 139 140 141 142 143 144 145 146 147 149 150 151 152 153 154 155 157 159 160 161 162 163 164 165 166 167 168 169 170 171 172 173 174 175 176 177 178 179 180 182 183 184 185 186 187 188 189 192 193 194 195 196 197 198 199 200
54 127 128 129 130 131 132 134 135 136 137 138 139 140 141 142 144 145 146 147 149 151 152 154 155 156 157 158 159 161 162 163 164 165 167 169 171 172 173 174 175 176 178 180 181 182 183 184 185 186 187 188 189 190 191 192 193 194 195 196 197 198 200
59 128 129 130 132 134 135 136 137 138 139 140 141 142 143 144 145 146 147 149 150 151 152 153 154 155 156 157 158 159 160 161 162 163 164 165 166 167 168 169 171 172 173 174 175 176 177 178 179 180 181 182 183 184 185 186 187 188 189 190 191 192 193 194 195 196 197 198 199 200
48 129 130 131 132 133 134 136 137 138 139 140 141 142 143 144 145 146 147 148 149 150 152 153 154 155 156 157 158 159 161 162 163 164 165 166 168 169 170 171 172 173 174 175 176 177 178 179 180 181 183 184 185 186 188 190 191 192 193 195 196 197 198 199 200
53 130 131 132 133 135 139 140 141 143 144 145 146 147 148 149 151 152 153 154 155 156 157 158 159 160 161 162 163 164 165 167 168 169 170 171 172 173 174 175 176 177 178 179 180 181 182 183 184 185 186 187 188 189 190 191 192 193 194 195 197 198 199 200
32 131 132 133 134 135 136 138 139 140 141 142 143 144 146 147 148 149 150 151 153 155 156 157 158 159 160 161 162 163 164 165 166 167 168 169 170 171 172 173 174 175 176 177 179 180 181 182 184 185 187 188 189 191 193 194 196 197 198 199 200
46 132 133 134 135 137 138 139 140 143 144 145 146 147 148 149 150 151 152 153 154 155 156 157 159 160 161 162 163 164 165 166 167 168 169 170 171 172 175 176 177 178 179 180 182 183 184 185 186 187 189 190 191 192 193 194 195 196 197 199 200
41 133 134 135 136 137 138 140 141 142 143 144 145 147 148 149 150 151 152 153 154 156 157 158 160 161 162 163 164 165 167 168 169 170 171 172 174 175 176 177 178 179 180 181 182 183 184 185 186 187 188 189 190 191 192 193 194 195 196 197 198 199 200
37 134 135 136 137 138 139 140 141 142 143 144 145 146 147 148 150 151 153 154 155 156 157 158 161 163 164 165 166 167 168 169 170 171 172 173 175 176 177 178 179 180 181 182 183 185 186 187 188 189 191 192 193 195 196 197 198 199 200
41 135 136 137 138 139 140 141 142 143 144 145 146 147 148 149 150 151 152 153 154 156 157 158 159 160 161 162 163 165 166 167 168 170 173 174 175 176 177 178 179 180 182 183 184 186 187 188 190 191 194 196 197 198 199 200
36 136 137 139 141 142 143 144 145 146 147 148 149 150 151 152 153 154 156 157 158 159 162 163 165 167 168 170 171 172 173 174 175 176 177 178 179 180 181 182 183 184 185 186 187 188 189 190 191 192 193 194 195 197 198 199 200
43 137 139 140 141 142 143 144 145 146 147 149 150 151 152 153 154 155 156 157 159 160 161 162 163 164 165 166 167 168 169 170 171 172 173 174 175 176 177 178 179 180 181 182 183 184 185 186 187 188 189 191 192 193 194 195 196 197 198 200
40 139 140 141 142 143 144 145 146 147 148 149 150 151 152 153 154 155 156 157 158 159 161 162 163 164 165 166 167 168 169 170 171 172 173 174 175 176 177 178 179 180 181 182 183 184 185 186 188 189 191 192 193 194 195 196 197 198 200
45 139 140 141 142 143 145 147 148 149 150 151 152 153 154 155 156 157 158 159 161 162 163 164 165 166 167 168 170 171 172 173 174 175 176 177 178 179 180 181 182 183 184 185 186 187 188 189 190 191 192 194 195 196 197 198 199
39 140 141 142 143 144 145 146 147 148 149 150 151 152 154 155 156 157 158 159 160 161 162 163 164 165 166 167 168 169 170 171 172 173 175 176 177 178 179 180 181 182 183 184 185 186 187 188 189 190 191 192 194 195 196 197 198 199 200
40 141 142 143 144 145 146 147 148 149 150 151 152 154 155 156 157 158 159 160 161 163 164 166 167 168 169 170 171 172 173 174 175 176 177 178 179 180 182 183 184 185 186 189 190 191 194 195 196 197 198 199 200
51 142 143 144 145 146 148 149 150 151 152 153 154 156 157 159 160 161 162 163 164 165 166 167 168 169 170 171 172 173 174 175 176 177 179 181 182 183 184 185 186 187 188 190 192 193 195 196 198 199 200
51 143 144 146 147 148 150 151 152 153 154 155 156 157 158 159 160 161 162 163 164 166 168 169 170 171 172 173 174 175 176 177 178 179 180 181 182 183 184 185 186 187 188 189 190 191 192 193 195 196 197 198 199 200
51 144 145 146 147 148 150 151 152 153 155 156 157 158 159 160 161 162 163 164 165 166 167 168 169 170 171 172 173 174 176 177 178 179 180 181 182 183 184 185 186 187 188 189 190 191 192 193 194 195 196 197 198 199 200
60 145 146 147 148 149 150 151 152 154 155 156 157 158 159 160 162 163 164 165 166 167 168 169 170 173 174 175 176 177 178 179 180 181 182 183 184 185 186 187 188 189 191 192 193 195 196 198 199 200
57 146 147 148 149 150 151 152 153 154 156 157 158 159 160 161 162 163 164 165 166 168 169 170 171 172 173 174 175 176 177 178 179 180 181 183 184 185 186 187 188 189 191 192 193 195 196 197 199 200
40 147 148 149 150 151 152 153 154 155 156 157 158 159 161 163 164 165 166 167 168 169 170 171 172 173 174 175 176 177 178 179 180 183 184 186 187 188 189 190 191 192 193 194 196 197 198 199 200
56 148 149 150 151 152 153 154 155 156 157 158 159 160 162 163 164 165 166 167 168 169 170 171 172 173 174 175 176 177 178 179 180 181 182 184 185 186 187 188 190 191 192 193 194 195 197 198 199 200
54 149 151 152 153 154 155 156 157 158 159 160 162 163 164 165 166 168 169 170 171 172 175 176 177 178 179 180 181 182 183 184 187 189 191 192 194 195 196 197 198 199 200
55 150 151 152 153 154 155 156 157 158 160 161 162 163 164 165 166 167 169 170 171 172 173 174 175 176 178 179 180 181 182 183 184 185 187 188 189 190 191 192 193 194 195 196 197 198 199 200
32 151 152 153 154 155 156 157 158 159 160 162 163 164 166 167 168 169 170 171 173 174 176 177 178 179 180 181 182 183 184 185 186 187 189 190 191 192 193 195 196 197 198 199 200
34 152 153 155 156 157 158 159 160 161 162 163 164 165 166 167 168 169 170 171 172 173 174 177 178 180 181 182 183 184 186 187 188 189 191 192 193 194 195 196 198 199 200
43 153 154 157 158 159 160 161 162 163 164 165 166 168 169 170 171 172 173 174 176 177 178 179 180 181 182 183 184 186 187 189 190 191 192 193 195 199 200
30 154 155 156 157 158 159 160 161 162 163 164 165 166 167 168 169 170 171 172 173 174 175 176 177 178 179 180 181 182 183 184 185 186 187 188 189 191 192 193 194 195 196 197 198 199 200
43 155 156 157 158 159 160 161 162 163 164 165 166 167 168 169 170 171 172 173 174 175 176 177 178 179 180 181 182 183 184 185 186 187 188 189 190 191 192 193 194 195 196 197 198 199 200
58 156 157 158 159 160 161 162 163 164 165 166 167 168 169 170 171 172 174 175 176 177 178 179 180 181 182 183 184 185 186 187 188 189 191 192 194 196 197 198 199 200
57 157 158 159 160 161 162 164 165 166 168 169 170 171 173 174 177 178 179 180 181 182 183 184 185 186 187 188 189 190 191 193 194 195 196 197 198 199 200
42 158 159 160 161 162 163 164 165 166 167 168 169 170 171 172 173 174 175 176 177 178 179 180 182 183 184 185 186 187 188 189 190 191 194 196 197 198 199 200
41 159 160 161 163 164 165 166 167 168 169 170 171 172 173 174 175 176 177 178 179 180 181 182 183 184 185 186 187 188 189 190 191 192 193 194 195 196 197 199
51 160 161 162 164 165 166 167 168 169 170 171 172 173 174 175 176 177 178 179 181 182 183 184 187 189 190 191 192 193 194 195 196 197 200
39 161 162 163 164 165 167 168 169 170 171 172 173 174 175 177 178 179 180 181 182 183 184 185 186 187 188 189 190 191 192 193 194 195 197 198 199 200
48 162 163 164 168 169 170 171 172 173 174 175 176 177 178 179 180 181 182 183 184 185 186 187 188 189 190 191 192 193 194 195 196 198 200
35 163 164 165 166 167 168 169 170 171 172 173 175 176 177 178 179 180 181 182 183 184 185 186 187 188 189 190 191 192 193 194 195 196 197 198 199 200
47 164 165 166 167 168 169 170 171 172 173 174 175 176 177 178 179 180 182 183 184 185 186 187 188 189 190 191 192 193 194 195 196 197 198 199 200
60 165 166 167 170 172 173 174 175 176 177 178 179 180 181 182 183 184 185 186 187 188 189 190 191 192 193 194 195 196 197 198 199 200
51 168 169 170 171 172 173 174 175 176 177 178 179 180 181 182 183 184 185 186 187 188 189 190 191 192 193 194 195 197 198 199 200
42 168 169 170 171 172 174 175 176 177 178 179 180 181 182 183 184 185 186 187 188 189 190 191 192 193 194 196 197 198 199 200
46 169 170 171 172 173 174 175 176 178 179 180 181 182 183 184 185 186 187 188 190 192 193 194 195 196 197 198 199 200
48 169 170 171 173 174 175 176 177 178 179 180 181 183 184 185 186 187 188 189 190 191 192 193 194 195 197 198 199 200
36 170 171 172 173 174 175 176 177 178 179 180 181 182 183 184 185 186 187 188 190 191 193 194 196 197 198 199 200
30 171 172 173 174 175 176 177 178 179 180 181 182 183 184 185 186 187 188 189 190 191 192 193 194 195 196 197 198 199 200
47 172 173 174 175 177 178 179 181 182 183 184 185 186 187 188 189 190 192 193 194 195 197 198 199 200
55 173 174 175 176 177 178 180 181 182 183 184 185 186 187 189 190 191 192 193 194 195 196 197 198 199
47 174 176 177 178 179 180 181 182 183 184 185 186 187 188 189 190 191 192 193 194 196 197 198 199
55 175 176 177 178 179 180 181 182 183 184 185 186 187 188 189 190 192 193 194 195 196 197 198 199
33 176 177 178 179 180 181 182 183 184 185 186 187 188 189 190 191 192 193 194 195 196 197 198 199 200
38 177 178 179 180 181 182 183 184 185 187 188 189 190 191 192 193 194 195 196 197 198 199 200
38 178 179 180 181 182 183 184 185 186 188 189 190 191 192 193 194 195 197 198 199 200
36 179 180 181 182 183 184 185 186 187 188 189 190 191 192 193 194 195 196 197 198 199 200
44 182 183 184 185 186 187 188 189 190 191 192 193 194 195 196 197 198 199 200
50 181 182 183 184 185 187 188 189 190 191 192 194 196 197 198 199 200
42 182 183 185 186 187 189 190 191 192 193 194 195 196 197 198 199 200
43 183 184 185 186 187 188 189 190 191 192 194 195 196 197 199 200
30 184 185 186 187 188 190 191 192 193 194 195 196 198 199 200
60 185 186 187 188 189 191 192 193 194 196 197 198 199 200
56 186 187 188 189 190 191 192 193 194 195 196 197 198 199 200
36 187 188 189 190 191 192 193 194 195 196 197 198 199 200
39 188 189 190 191 192 193 194 195 196 197 198 199 200
40 190 191 192 193 194 196 199 200
55 190 191 192 193 194 195 196 197 198 199 200
59 191 192 193 194 196 197 198 199 200
41 192 193 194 195 197 198 199 200
45 193 194 195 196 197 198 199 200
59 194 195 196 197 198 200
49 195 196 197 199 200
57 197 198 199 200
34 197 198 199 200
49 198 199
32 200
48 200
30
