100	10	10000	1
0	772	13
0	379	7
0	763	7
0	828	11
0	401	7
0	565	8
0	819	9
0	429	12
0	608	16
0	585	10
1280 2 3 4 5 6 7 8 9 10 11 12 13 14 15 16 17 18 19 20 21 23 24 25 27 29 30 31 32 33 34 35 36 37 38 39 40 41 42 43 44 45 46 47 48 49 50 51 52 53 54 55 56 57 58 59 62 63 64 65 66 67 68 69 70 71 74 75 76 77 78 79 80 81 82 83 84 85 86 87 88 89 90 91 92 93 94 95 96 97 98 99 100
531 3 4 5 6 7 8 9 10 12 13 14 15 16 17 18 19 20 21 22 23 25 26 27 28 29 30 31 32 33 34 36 37 38 39 40 41 42 43 44 45 46 47 48 49 50 51 52 53 54 55 56 57 58 60 61 63 64 66 67 68 69 70 71 72 73 76 77 78 79 81 82 83 84 85 86 87 88 89 90 91 92 93 94 95 96 97 98 100
1243 4 5 7 8 9 11 12 14 15 17 18 19 20 21 22 23 24 25 26 27 28 29 30 31 32 33 34 35 37 38 39 40 41 42 43 44 45 46 48 49 50 51 52 53 54 55 56 57 58 59 60 61 62 63 65 66 67 68 70 71 72 73 74 75 76 78 79 80 81 82 83 84 85 86 88 90 92 93 94 95 96 97 98 100
1448 5 6 7 8 9 10 11 12 13 14 15 16 17 19 20 21 24 25 26 27 28 29 30 31 32 33 34 35 36 37 38 39 40 41 42 43 44 45 46 47 48 49 50 51 52 53 54 55 56 57 58 59 60 61 62 63 65 66 67 68 69 70 71 72 73 74 75 76 77 78 79 80 81 82 85 86 87 88 89 90 91 92 93 94 95 96 97 98 99 100
1373 6 7 8 9 10 11 12 14 15 16 17 18 19 20 21 22 23 24 25 26 27 28 30 31 32 33 34 35 37 38 39 40 41 43 44 45 46 47 48 49 50 51 52 53 54 55 56 57 58 59 60 61 62 63 64 65 67 68 69 71 73 74 75 76 77 78 79 80 81 84 85 86 87 88 89 90 91 93 94 95 96 97 99 100
1250 7 8 9 11 12 13 14 15 16 17 18 19 20 21 22 23 24 25 26 27 28 29 31 32 33 34 35 37 38 39 40 41 42 43 44 45 46 47 48 49 50 51 52 53 54 55 56 57 58 59 60 61 62 63 64 65 66 67 68 69 70 71 72 73 74 75 76 77 78 79 80 81 82 84 85 86 87 88 89 90 92 93 94 96 97 98 99 100
980 8 9 11 12 13 14 15 17 18 19 20 21 23 24 25 26 27 28 29 30 31 33 34 36 37 38 40 41 42 43 44 45 46 47 48 49 50 51 52 53 54 55 56 57 58 59 60 61 62 63 64 66 67 68 69 70 71 72 76 77 78 79 80 81 82 83 84 85 86 87 88 89 90 91 93 94 96 97 98 99 100
732 9 11 12 13 14 15 16 17 18 19 20 22 23 24 25 26 27 28 29 30 31 33 35 37 38 39 40 41 42 43 44 45 46 47 48 49 50 51 52 53 54 55 56 58 59 61 62 63 64 65 66 67 68 69 70 71 73 74 75 76 77 78 79 80 81 82 83 84 85 86 87 88 90 91 92 93 94 95 96 97 98 99 100
1123 10 11 12 13 14 15 16 17 18 19 20 21 22 23 24 25 26 27 28 29 30 31 32 33 34 35 36 38 39 40 41 42 43 44 45 48 49 50 51 52 53 54 55 56 58 59 61 62 63 64 65 66 67 68 69 70 71 72 73 74 75 76 77 78 79 81 82 84 85 86 87 88 89 90 91 92 93 94 95 96 97 98 100
1472 11 12 13 14 15 17 18 19 20 21 22 23 24 25 26 27 28 29 30 31 33 34 35 36 37 38 39 40 41 42 44 45 47 48 49 50 51 52 53 54 55 56 57 58 59 60 61 62 63 64 66 67 68 69 70 71 73 74 75 76 77 78 79 80 81 82 83 84 85 86 87 88 89 90 91 94 95 96 97 98 99 100
1114 12 13 14 15 16 17 18 19 21 23 24 25 26 27 28 29 30 31 32 33 34 35 36 37 38 39 41 42 43 45 46 48 49 50 51 52 54 55 56 57 58 59 60 61 62 63 64 65 66 67 69 70 71 72 73 74 75 76 77 78 79 80 81 82 83 84 85 86 87 88 89 90 91 92 93 94 95 96 97 98 99 100
585 13 14 15 16 18 19 20 21 22 23 24 25 26 27 28 29 30 31 32 33 34 35 37 38 41 42 43 44 45 46 47 48 49 50 51 52 53 54 55 56 57 58 59 60 61 62 63 64 67 68 69 70 71 72 73 74 75 76 77 78 79 80 81 82 83 84 85 86 87 88 89 90 91 92 93 94 95 96 98 99 100
963 14 15 16 18 19 20 22 24 25 26 27 28 29 30 31 32 34 36 37 38 39 40 41 42 43 44 45 46 47 48 49 50 51 52 54 55 56 58 59 60 61 62 63 64 65 66 68 70 71 72 73 74 75 76 77 78 80 81 82 83 84 85 86 87 89 90 91 92 93 94 95 96 97 98 99 100
1367 15 16 17 18 20 21 22 23 25 26 27 28 29 30 31 32 33 34 35 37 38 39 40 41 42 43 44 45 46 47 48 49 50 51 52 53 55 57 58 60 61 62 63 64 65 66 67 70 71 72 73 74 75 76 77 78 79 81 82 83 84 85 86 87 88 89 90 91 93 94 95 96 99 100
761 16 18 19 20 21 22 23 24 25 26 27 28 29 30 31 33 34 35 36 37 38 39 40 41 42 43 44 45 46 47 48 50 51 52 53 54 55 56 57 58 59 60 61 62 63 64 65 66 69 70 71 73 74 75 76 77 78 79 80 81 82 83 84 86 87 88 90 91 92 93 95 96 97 98 99 100
1105 17 18 19 20 21 22 23 24 25 26 27 28 29 31 32 33 34 35 36 37 38 39 40 41 42 44 45 47 48 49 50 51 53 54 55 56 57 58 59 60 61 62 63 65 66 67 68 69 70 71 72 73 74 75 77 78 79 80 81 82 83 84 85 86 87 88 89 90 91 92 93 94 95 97 98 99 100
1444 18 20 21 22 23 24 25 26 27 28 29 30 31 32 33 34 35 36 37 38 39 40 41 42 43 44 45 46 47 49 50 51 52 53 54 55 56 57 58 59 60 61 62 63 64 65 67 68 69 70 71 72 73 74 75 76 77 78 79 80 81 82 83 84 86 87 88 89 90 91 92 93 94 95 96 97 98 99 100
685 19 20 21 22 23 24 25 26 27 28 29 30 31 32 33 34 36 37 38 39 40 41 42 44 45 46 47 48 50 52 53 54 55 56 57 58 59 60 61 63 64 65 66 67 68 69 70 71 72 73 74 75 76 77 78 80 81 82 83 84 86 87 88 89 90 91 93 94 95 96 97 98 100
533 20 21 22 23 24 26 27 28 29 31 32 33 34 36 37 38 39 40 41 42 43 44 45 46 48 49 50 51 52 53 54 55 56 57 58 59 60 61 62 63 64 65 66 67 68 69 70 71 72 73 74 75 77 78 80 81 83 85 86 87 88 89 90 91 92 93 94 95 96 97 98 99 100
797 21 22 23 24 25 26 28 29 30 32 33 34 35 36 37 39 41 44 45 46 47 48 49 50 51 52 53 54 55 56 57 58 59 60 61 62 63 64 65 66 67 68 69 70 71 72 73 74 75 76 78 79 80 81 82 83 84 85 86 87 88 89 90 91 92 93 94 95 96 97 98 99 100
924 22 23 24 25 26 27 28 29 31 32 35 36 37 38 39 40 41 42 43 44 45 47 48 49 50 51 52 53 54 55 56 57 59 60 61 62 63 65 66 67 68 69 70 72 73 74 75 76 77 78 80 82 83 84 85 86 87 88 89 90 93 94 95 96 97 98 99 100
610 24 25 26 27 28 29 30 31 32 33 34 35 36 37 38 39 40 41 42 44 45 46 47 48 50 51 52 53 54 55 56 57 58 59 60 61 62 63 64 65 66 67 68 69 70 71 72 73 74 75 76 77 78 79 80 81 82 83 84 85 86 87 88 89 90 91 92 94 95 96 97 98 100
903 24 25 26 27 29 30 31 32 33 34 35 36 37 38 39 40 41 42 43 45 46 47 48 50 52 53 54 55 56 57 58 60 61 62 63 64 65 66 67 68 69 70 72 73 75 76 77 78 79 80 81 82 83 84 85 86 88 90 91 92 93 94 95 96 97 98 99 100
1328 25 26 27 28 29 30 31 32 33 34 35 36 37 38 39 40 41 43 44 45 46 47 48 49 50 51 52 54 55 56 57 58 59 61 62 63 64 65 66 67 68 69 70 71 72 73 74 75 76 77 78 79 80 81 83 85 86 87 88 89 92 93 94 95 96 97 98 99
1150 26 27 28 29 30 31 32 33 34 35 36 37 38 39 41 42 43 45 46 47 48 49 50 51 52 53 54 55 56 57 58 59 60 61 62 63 64 65 66 67 68 70 72 73 74 75 76 77 78 79 80 81 82 83 84 85 87 88 89 90 91 92 93 94 95 96 97 98 99 100
671 27 29 30 31 32 33 35 36 37 38 39 42 43 44 45 46 48 49 50 51 53 54 55 56 57 58 59 60 62 63 64 65 66 67 68 69 70 71 72 73 74 75 76 77 78 79 81 82 83 84 85 86 87 88 89 90 92 93 94 95 96 97 99 100
1474 28 29 30 31 32 33 35 36 37 38 39 42 43 45 46 47 48 49 50 51 52 53 54 55 56 57 58 59 60 61 62 63 64 65 66 67 68 69 70 71 72 73 74 75 77 78 79 80 81 82 83 84 85 87 88 89 90 93 94 95 96 97 98 99 100
1307 29 30 31 33 34 35 36 38 39 40 41 42 43 44 45 46 47 48 49 50 51 52 53 54 55 56 57 58 59 60 61 62 63 64 65 67 68 69 70 71 72 73 74 75 76 77 78 79 80 81 82 83 85 86 87 88 89 90 92 93 94 95 96 97 98 99 100
772 30 31 32 33 34 35 36 37 38 39 40 41 42 43 44 45 46 47 48 49 50 51 52 53 54 56 57 58 59 61 62 63 64 66 67 68 69 70 71 72 73 74 75 77 78 79 80 81 82 83 85 86 87 88 89 91 92 93 95 96 97 98 99 100
1202 31 32 33 34 35 36 37 38 39 40 41 44 45 46 47 48 49 50 51 52 53 54 55 56 58 59 61 62 63 64 65 66 67 68 69 70 71 72 73 74 75 76 77 78 79 80 81 82 83 84 85 86 87 89 90 91 92 93 94 95 96 97 98 99 100
1040 32 33 34 35 37 40 41 42 43 44 45 46 47 48 49 50 52 53 54 55 57 58 59 60 61 62 63 64 65 66 67 68 69 70 71 72 73 74 75 76 77 78 79 80 81 82 83 84 85 86 87 88 89 90 91 92 94 95 96 97 98 99 100
1066 33 34 35 36 37 38 39 40 41 42 43 44 45 46 47 48 49 50 51 52 53 54 55 57 58 59 60 61 62 64 65 66 67 68 69 70 71 72 74 77 78 79 80 81 82 83 84 85 86 87 88 89 90 91 92 93 94 95 96 97 98 99 100
853 34 35 36 37 38 39 40 41 42 43 44 45 46 47 48 49 50 51 53 54 55 56 57 58 59 60 61 62 63 64 65 66 67 68 69 70 71 72 73 74 75 76 77 78 79 80 81 82 83 84 85 86 87 88 89 90 91 92 93 94 97 98 99 100
1193 35 36 37 38 39 40 41 42 43 44 45 46 47 48 49 50 51 52 53 54 56 57 58 59 60 61 62 63 64 65 66 67 68 69 70 71 72 74 76 78 79 80 81 82 83 84 85 86 87 88 89 90 91 92 93 95 96 97 98 99 100
1019 37 38 39 40 41 42 43 45 46 47 48 49 50 51 53 54 55 57 58 59 60 61 62 63 64 65 66 67 68 69 70 71 72 73 74 75 76 77 78 79 80 82 83 85 86 87 88 89 90 91 92 93 94 95 96 97 98 99 100
991 37 38 39 40 41 42 43 44 46 47 48 49 51 52 53 54 55 56 58 59 60 61 62 63 64 67 68 69 70 71 72 73 74 75 77 78 79 80 82 83 84 85 86 87 88 91 92 93 94 95 97 98 99 100
1289 38 39 40 41 42 44 45 46 47 48 50 51 52 53 54 55 56 57 58 59 60 61 62 63 64 67 68 69 70 71 72 73 74 75 76 77 80 82 83 84 85 86 87 88 89 90 91 92 93 94 95 96 97 98 100
1323 39 42 43 44 45 46 47 48 51 52 53 54 56 57 58 59 60 61 62 64 65 66 67 68 69 70 71 72 73 74 76 77 78 79 80 81 82 84 85 86 87 88 89 90 91 92 93 94 95 96 97 98 99 100
1475 40 41 42 43 44 45 46 47 48 49 50 51 52 53 54 55 56 57 58 59 60 61 62 63 64 65 66 67 68 69 70 71 72 73 75 76 77 78 79 80 81 82 83 84 85 87 88 89 90 91 92 93 94 95 96 97 98 99 100
690 41 42 43 44 45 46 47 48 49 50 51 52 53 54 55 56 57 58 60 61 62 63 64 65 66 68 69 70 71 72 73 75 76 77 78 79 80 81 82 83 84 85 86 87 88 89 90 91 93 94 95 96 97 98 100
810 42 43 44 45 46 47 48 49 50 51 52 53 54 55 56 57 58 59 60 61 62 63 64 65 66 67 68 69 70 71 72 74 76 77 78 79 80 81 82 84 85 86 87 88 89 90 92 93 94 95 96 97 98 99 100
1431 43 44 45 46 47 48 49 50 51 52 53 54 55 56 57 58 59 60 61 62 63 64 66 67 68 69 70 71 72 73 74 75 76 78 79 80 81 82 83 84 85 86 87 89 90 91 92 93 94 95 96 97 99 100
1316 44 46 47 48 49 51 52 53 54 55 56 58 60 61 63 64 65 66 67 68 69 70 71 73 74 75 77 78 79 80 81 82 83 84 85 87 88 89 90 91 92 93 94 97 98 99 100
1272 45 46 47 48 49 50 51 52 53 54 55 56 57 58 59 60 61 62 63 64 65 66 67 69 71 72 73 74 75 76 77 78 79 80 81 83 84 85 86 87 88 89 91 93 94 95 96 97 98 99 100
755 46 47 48 49 50 51 52 53 55 56 58 60 61 62 63 64 65 66 67 68 70 71 72 73 74 75 76 77 78 79 80 82 83 84 86 87 89 90 91 92 93 94 95 97 98 99 100
1423 48 49 51 52 55 56 57 59 60 61 62 63 64 65 66 67 69 70 71 72 73 74 75 76 77 78 79 80 81 82 83 84 85 86 87 88 89 90 92 93 94 96 97 98 99 100
623 48 49 50 51 53 54 55 56 57 58 59 60 61 62 63 64 66 67 68 69 70 71 72 73 74 75 76 77 78 79 80 81 82 83 84 85 86 87 88 89 90 92 93 94 95 96 97 98 99 100
1403 49 50 51 52 53 54 55 57 58 59 60 61 62 63 64 65 66 67 68 69 70 71 72 74 75 76 77 78 79 82 83 84 85 86 87 88 89 90 91 92 93 94 95 96 97 98 99 100
1026 50 51 52 54 55 56 57 59 60 61 62 63 64 65 67 68 69 70 71 72 73 74 75 76 77 78 79 80 81 82 83 84 85 86 87 88 89 90 91 92 93 94 95 96 97 98 99 100
992 51 52 53 54 55 56 57 58 59 60 62 63 64 65 66 67 68 69 70 71 72 74 75 76 77 78 79 80 81 82 83 84 85 86 87 88 89 90 91 92 93 94 95 96 97 98
1332 52 54 55 56 58 59 60 62 63 65 66 67 68 69 70 71 72 73 74 75 76 77 78 79 80 82 83 84 85 87 88 90 91 92 93 94 95 96 97 98 99 100
924 53 54 55 56 58 59 60 61 62 63 64 65 66 67 68 70 71 72 73 74 75 77 78 79 80 81 82 83 84 85 86 87 88 89 90 91 92 93 94 96 97 98 99 100
689 54 55 56 57 58 59 60 61 63 64 66 67 68 69 70 71 72 73 74 75 77 78 80 81 82 83 84 85 86 87 88 89 90 92 93 94 95 96 97 98 99 100
983 55 57 58 59 60 61 63 64 65 66 67 68 69 70 71 72 73 74 76 77 78 79 80 81 82 84 85 86 87 88 89 90 91 92 95 96 98 99
529 56 57 58 59 61 62 63 64 65 66 67 68 69 70 71 72 73 74 75 76 77 78 79 80 81 82 83 84 85 86 88 89 90 91 92 93 94 95 96 97 98 99 100
509 59 60 61 62 63 64 65 66 68 69 70 71 72 73 74 75 76 77 78 79 80 81 82 84 85 86 88 89 90 91 92 93 94 95 96 97 98 99 100
1492 58 59 60 61 62 63 64 65 66 67 68 69 70 71 73 74 75 76 77 80 81 82 83 84 85 86 87 88 89 90 91 92 93 94 95 97 98 99 100
1458 59 60 61 62 63 64 65 66 67 68 70 71 72 73 74 75 77 78 79 80 81 82 83 84 85 86 87 88 89 90 91 92 93 94 95 96 97 98 99 100
1261 60 61 62 63 64 65 66 67 68 69 70 71 72 73 74 75 76 77 78 79 80 81 82 83 84 85 86 87 88 89 90 91 92 93 95 96 97 98 99 100
1033 62 63 64 65 67 68 69 70 71 72 73 74 75 76 77 79 80 81 82 83 84 85 88 89 90 91 92 93 94 95 96 97 98 99 100
737 62 63 64 65 68 69 70 71 72 74 75 76 77 78 79 80 81 82 83 84 85 86 87 88 90 92 93 94 96 98 99 100
710 63 64 65 67 68 69 70 71 72 73 74 75 76 77 78 79 80 81 82 83 84 85 86 87 88 89 90 92 93 94 95 96 97 98 99 100
1007 64 65 66 67 68 69 72 73 74 75 77 78 79 80 82 83 84 85 86 87 88 89 92 93 94 95 96 97 98 99 100
596 65 66 67 70 71 72 73 75 76 77 78 79 80 81 82 83 86 87 88 89 90 91 92 93 94 95 96 98 99 100
1212 68 69 70 71 73 74 75 76 77 79 80 81 84 85 86 88 89 90 91 92 93 94 95 96 97 98 99 100
1282 67 68 69 70 71 73 74 75 76 78 79 80 81 82 83 84 85 86 87 88 90 91 92 93 94 95 96 97 98 99 100
1461 68 69 71 72 73 74 75 76 77 78 79 80 81 82 83 84 85 86 87 88 89 90 91 92 93 94 95 96 97 98 99 100
1279 70 71 72 74 75 77 78 79 82 83 84 86 87 88 89 90 91 92 93 94 95 96 97 98 99 100
1101 70 71 72 73 74 75 77 78 79 80 81 82 83 84 85 86 87 88 89 90 91 92 93 94 95 96 97 98 99 100
588 72 73 74 75 76 77 78 79 80 81 82 83 84 86 87 88 89 91 92 93 94 95 96 97 98
879 72 73 75 76 77 79 80 81 82 83 84 85 86 87 88 89 90 91 92 94 95 96 97 98 99
861 73 74 75 76 77 78 79 80 81 82 83 84 85 86 87 90 92 93 94 95 96 97 98 100
923 74 75 76 77 78 81 82 83 84 86 87 88 89 90 91 92 93 94 95 96 97 98 99 100
839 75 76 77 78 79 80 81 83 84 85 86 87 88 89 91 92 93 94 95 96 98 99 100
526 76 77 78 79 80 82 83 84 85 86 87 88 89 91 92 93 94 95 96 97 98 99 100
926 77 78 79 80 81 82 83 84 85 86 87 88 89 90 91 92 93 94 95 96 97 99 100
1417 78 79 80 81 82 83 84 85 86 87 89 90 91 92 93 94 95 96 97 98 99 100
1366 79 80 81 82 83 84 85 86 87 88 89 91 92 93 94 95 96 98 99 100
875 80 81 82 83 84 85 86 87 89 90 92 93 94 95 96 97 98 100
1179 81 82 83 84 85 86 87 88 89 90 91 92 93 94 95 96 98 100
672 82 83 84 85 86 87 88 89 92 93 94 95 97 98 99 100
1052 83 84 85 87 88 89 90 91 92 93 94 95 96 97 98 99 100
1175 85 86 87 88 89 90 91 92 93 94 95 96 97 98 99 100
892 85 86 87 88 90 91 92 93 94 95 96 97 98 99 100
1031 86 87 88 89 90 91 92 93 94 95 96 97 98 99 100
1083 87 88 89 90 91 92 93 94 95 96 97 98 99 100
704 88 89 90 91 92 93 94 95 96 97 98 99
501 89 90 91 92 94 95 97 98 99 100
1317 90 91 92 93 94 95 96 97 99 100
761 91 92 93 94 96 97 98 99 100
637 92 93 94 96 97 98 99 100
943 93 94 95 96 97 100
902 94 95 96 97 98 99 100
815 95 96 97 98 99 100
1107 96 97 98 99 100
1475 97 98 99 100
1053 98 99 100
1305 99 100
1063
612
