25	10	10000	10
-3	1754	3
-5	480	2
-1	195	3
-3	1963	2
-4	1016	2
-1	1563	2
-4	1107	4
-3	1182	2
-5	1679	3
-1	862	2
1671 2 4 5 7 8 10 11 12 13 15 17 18 19 20 21 22 23 24 25
1770 3 4 5 6 7 8 9 11 13 14 15 16 17 18 19 20 21 22 24 25
1657 4 6 7 8 9 10 11 12 14 15 16 17 19 20 21 22 23 24 25
1942 5 6 8 9 10 11 12 13 15 17 18 21 22 23 25
1904 6 7 8 10 11 12 13 14 15 16 17 18 19 20 21 23 24 25
1218 7 8 9 11 12 14 15 16 17 18 19 21 22 23 24 25
1846 8 9 10 11 12 13 14 15 17 18 19 20 21 22 23 24 25
1716 9 10 11 12 13 14 15 17 18 19 20 22 23 24 25
1407 11 12 13 15 16 17 18 19 20 21 22 23 24 25
1274 11 12 13 14 15 16 17 18 19 20 21 22 23 25
1342 12 13 14 15 17 19 20 21 22 23 24 25
1541 13 14 15 16 17 18 19 20 21 22 23 24 25
1004 14 15 16 17 18 19 20 21 22 24 25
1505 15 16 17 18 19 20 21 22 23 25
1791 16 17 18 19 20 22 23 24 25
1182 17 18 19 20 21 22 23 24
1552 18 20 21 22 23 24 25
1161 19 20 21 22 23 24 25
1931 20 21 22 23 24 25
1197 21 23 24 25
1175 23 24 25
1200 23 24
1790 25
1512 25
1525
