200	5	200	10
-4	39	44
-4	12	35
-1	29	42
-3	14	38
-5	24	41
42 2 3 4 5 6 7 8 9 10 11 12 13 14 15 16 17 18 19 20 21 22 23 24 25 26 27 28 29 30 31 32 33 34 35 36 37 38 39 40 41 42 43 44 45 46 47 48 49 50 51 52 53 54 55 56 58 59 61 62 63 64 65 66 67 68 69 70 71 73 74 75 76 79 80 82 83 85 86 87 88 89 90 91 92 93 94 95 96 97 98 99 100 101 102 103 105 106 107 108 109 110 111 112 113 114 115 116 117 118 119 120 121 122 123 124 125 126 127 128 129 130 131 132 134 136 137 139 142 143 144 145 146 147 148 149 150 151 152 153 154 155 156 157 158 159 160 161 162 163 164 165 166 167 168 169 170 171 172 173 176 177 178 179 180 181 182 184 185 186 187 188 189 190 191 193 194 195 196 197 198 199 200
57 3 4 5 6 7 9 10 11 12 13 14 15 16 17 18 19 20 21 22 23 25 26 27 28 29 30 31 32 33 34 35 36 37 38 39 41 42 43 44 45 46 47 48 50 51 52 53 54 56 57 58 59 60 61 62 63 64 65 66 67 68 69 70 71 72 73 75 76 77 78 79 81 82 83 84 85 86 87 88 89 90 91 92 93 94 95 96 97 98 99 100 101 102 103 104 106 107 108 109 111 112 113 115 116 117 119 120 121 122 123 124 125 126 127 129 130 131 132 133 134 135 136 137 138 139 140 141 142 144 145 148 149 150 151 152 153 154 155 156 157 159 160 161 162 163 164 165 166 168 169 170 171 172 173 174 175 176 177 178 179 180 181 183 184 185 186 187 188 189 190 191 193 194 195 196 197 199
42 4 5 6 7 8 9 10 11 12 13 15 16 17 18 19 20 21 22 23 24 25 26 27 28 29 30 31 32 33 34 35 36 38 39 40 41 42 44 45 46 47 48 49 50 51 52 53 54 55 57 58 59 60 61 62 63 66 67 68 69 70 71 72 73 74 75 76 77 78 79 80 81 82 83 84 85 86 87 88 89 90 91 92 93 94 96 97 98 99 101 102 103 104 105 107 108 109 110 111 112 113 114 115 116 117 118 119 120 121 123 124 125 126 129 130 131 132 133 135 136 137 138 139 140 141 142 143 144 145 146 147 148 149 150 152 153 154 155 156 157 158 159 160 161 162 163 164 165 166 167 168 169 171 172 173 174 176 177 178 179 180 181 182 183 184 185 187 188 189 190 191 192 193 194 195 196 197 198 199 200
59 5 6 7 8 9 10 11 12 13 14 15 16 17 18 19 23 24 25 26 27 28 29 30 31 32 33 34 35 36 38 39 40 41 42 43 44 45 46 47 48 49 50 51 52 53 54 55 56 57 58 61 63 64 65 66 67 68 69 70 71 72 74 75 76 77 78 79 80 81 82 83 84 85 86 87 88 89 90 91 92 93 94 95 96 97 98 99 100 101 102 103 104 105 106 107 108 109 110 111 112 113 114 115 116 117 118 119 120 121 122 123 124 125 126 127 128 129 132 133 134 136 137 139 140 141 142 143 144 145 147 148 149 150 151 152 153 154 155 157 158 159 161 162 163 164 165 166 167 168 169 170 171 172 173 174 175 176 177 178 179 180 181 182 183 185 186 188 189 190 191 192 193 194 195 196 197 198 199 200
46 6 7 8 9 11 12 13 14 15 16 17 18 19 20 21 22 24 25 26 27 28 29 30 31 32 33 34 36 37 38 39 40 41 42 44 45 46 47 48 49 50 52 53 54 55 56 58 59 60 61 62 63 64 65 66 67 68 69 70 71 72 73 74 75 76 78 79 81 82 84 85 86 87 88 89 90 91 92 93 94 95 96 97 98 99 100 101 102 103 105 106 107 108 109 110 111 112 114 115 116 117 118 119 120 121 122 123 124 125 126 127 128 129 130 131 132 133 134 135 136 137 138 139 141 142 144 145 146 148 150 151 152 153 154 155 156 157 158 159 160 161 162 163 164 165 166 167 168 169 170 171 172 173 174 175 176 177 178 179 180 181 183 184 185 186 187 188 189 190 191 192 193 195 196 197 198 199 200
42 7 8 9 11 12 14 15 16 17 18 19 21 22 23 24 26 27 28 29 31 32 33 34 35 36 37 38 39 40 41 42 43 44 45 46 47 48 49 51 53 54 55 56 57 58 60 62 63 64 65 66 67 68 69 70 71 72 73 74 75 76 77 78 79 80 81 83 84 85 86 87 89 90 91 92 93 94 95 96 97 98 100 101 102 103 104 105 106 107 108 109 110 111 112 113 114 115 116 117 118 119 120 122 123 124 126 127 129 130 131 132 133 134 135 136 137 139 140 141 142 143 145 146 147 148 149 151 152 153 154 155 156 157 158 160 161 164 165 166 167 168 169 170 171 172 174 175 176 177 178 179 180 181 182 183 184 185 186 187 188 189 190 191 192 193 194 195 196 197 199 200
44 8 9 10 11 12 13 14 15 16 17 18 19 20 21 22 23 24 25 27 28 29 30 31 32 33 34 35 36 37 38 39 40 41 42 43 44 45 46 47 49 50 51 52 53 54 55 56 57 58 59 60 61 63 66 67 68 70 71 72 73 74 75 76 77 78 79 80 81 82 83 84 85 86 87 88 89 90 91 92 93 94 95 96 97 99 101 102 103 104 105 106 107 108 109 110 111 113 114 115 116 117 118 119 120 121 122 123 124 125 126 127 128 129 130 131 132 133 134 135 136 137 138 139 140 141 142 143 144 145 146 147 149 150 151 152 153 154 155 156 157 158 159 160 161 162 163 164 165 166 167 168 170 171 172 173 174 175 176 177 178 179 180 181 182 183 184 186 187 188 189 190 191 192 194 195 196 197 198 199 200
57 9 10 11 12 13 14 15 16 18 19 20 21 22 23 24 25 26 27 28 29 30 31 32 34 35 36 39 40 41 42 43 44 45 46 48 49 50 51 52 53 54 55 56 57 60 61 63 64 65 66 67 68 70 72 73 75 76 77 78 79 80 81 83 84 85 86 87 88 89 90 91 92 93 94 95 96 97 98 99 100 101 102 104 105 106 107 108 109 110 111 112 113 115 117 118 119 120 121 122 123 124 125 126 127 128 129 130 131 132 134 135 136 137 138 139 140 141 142 143 144 145 146 147 148 149 151 152 153 154 155 156 157 158 160 161 162 163 164 165 166 167 168 169 170 171 172 173 174 175 176 177 178 179 180 181 182 183 184 185 186 187 188 190 191 192 193 194 195 196 197 198 199 200
55 11 13 14 15 17 18 19 20 21 22 23 24 26 27 28 29 30 31 32 33 34 35 36 37 38 39 40 41 42 45 46 47 48 49 50 52 53 54 55 56 57 58 60 61 62 63 64 65 67 69 70 71 73 74 75 76 77 78 79 80 81 82 84 85 86 88 89 90 91 93 94 95 96 97 98 99 100 101 102 103 104 105 106 107 108 109 111 112 113 114 115 116 117 118 119 120 121 122 123 124 125 126 127 128 129 130 131 132 133 134 136 137 138 139 140 141 142 143 144 145 146 147 148 149 150 151 153 155 157 159 160 161 162 164 165 166 167 168 169 170 171 172 173 174 175 176 177 178 179 181 182 184 185 186 187 188 189 190 191 192 193 194 195 197 198 199
44 11 12 13 14 15 16 17 18 19 20 21 22 23 25 26 27 28 29 30 31 32 33 34 35 36 37 38 39 40 41 42 43 44 45 48 49 50 51 52 53 54 55 57 58 59 60 61 62 63 64 65 67 68 69 70 72 73 74 75 76 77 79 80 81 82 83 85 86 87 90 91 92 93 94 95 96 97 98 100 102 103 104 105 106 109 110 111 112 113 114 115 116 117 118 119 120 121 122 123 125 127 128 129 130 131 132 134 135 136 137 138 139 140 141 142 143 144 145 146 147 148 149 150 151 152 153 154 155 156 157 158 159 160 161 162 163 164 165 166 167 168 170 172 173 174 175 176 177 181 182 183 185 186 187 188 189 190 191 192 193 194 195 196 197 198 199 200
40 12 13 14 15 16 17 19 20 21 22 23 24 25 26 27 28 29 30 31 32 34 35 36 37 39 40 41 42 43 45 46 47 48 49 50 51 52 53 54 55 56 57 58 59 60 61 62 63 64 66 67 68 69 70 71 72 73 74 76 77 78 79 80 81 82 83 84 85 86 87 88 90 91 92 94 95 96 97 98 99 100 101 102 103 104 105 106 107 108 109 110 111 112 113 114 115 116 117 118 119 121 122 123 124 126 127 128 129 130 131 132 133 134 135 136 137 138 139 140 141 142 143 144 145 146 147 148 149 150 151 153 154 155 156 157 158 159 160 161 162 163 164 165 166 167 168 169 170 171 172 173 174 175 176 178 179 180 181 182 183 184 185 186 187 188 189 190 191 192 193 194 195 196 197 198 199 200
60 13 15 17 18 19 20 23 24 25 26 27 28 29 30 31 32 33 34 35 36 37 38 39 40 41 42 43 44 45 46 47 48 49 50 51 52 53 54 55 56 57 58 59 60 61 64 65 66 67 68 70 71 72 75 76 77 78 79 80 81 83 84 85 86 87 88 89 90 92 93 95 96 97 98 99 100 101 102 103 104 105 106 107 109 110 111 112 113 114 115 116 117 118 120 121 122 123 125 126 127 128 129 130 131 132 133 134 135 136 137 138 139 140 141 143 144 145 146 147 148 149 150 152 153 155 156 157 158 159 160 161 162 163 164 165 166 167 168 169 171 173 174 175 176 177 180 181 182 183 184 185 186 187 188 189 190 191 192 193 194 195 196 197 198 199 200
59 14 15 16 17 18 19 20 21 22 24 25 26 27 30 32 33 34 35 36 37 38 39 40 41 42 43 44 45 47 48 49 50 51 52 53 54 55 56 57 58 59 61 62 63 64 65 66 68 69 70 71 72 73 74 75 76 77 78 79 81 82 83 84 85 86 87 88 89 91 92 93 94 95 96 98 99 100 101 102 103 104 105 106 107 108 109 110 111 113 114 115 116 119 120 121 122 123 126 127 128 129 130 131 132 133 134 135 136 137 138 140 141 142 144 145 146 147 148 149 150 151 152 153 154 155 157 159 160 161 162 163 164 166 167 168 169 170 171 172 173 174 175 177 179 180 181 182 184 185 186 187 188 190 191 192 193 194 195 196 197 198 200
46 15 16 17 18 20 21 22 23 24 25 26 27 28 31 32 34 35 36 37 38 39 40 41 42 43 45 46 47 48 49 50 51 52 53 54 56 57 58 59 60 61 62 63 65 66 67 69 70 71 73 74 75 76 77 78 79 80 81 82 83 84 85 86 87 88 89 90 91 92 95 97 99 100 101 102 103 104 105 106 107 108 109 110 111 113 114 115 116 117 118 119 120 121 122 123 124 125 126 127 128 129 131 133 134 135 136 137 138 139 140 141 142 143 144 145 146 147 148 149 150 151 152 153 154 155 156 157 159 160 161 162 165 166 167 168 169 170 171 172 173 174 175 176 177 178 180 181 182 183 184 185 186 187 188 190 192 194 195 196 197 198 199 200
40 16 17 18 19 21 22 25 26 27 28 29 30 31 32 33 34 35 36 37 38 39 41 42 43 45 46 47 48 49 50 51 52 53 54 55 56 57 59 60 61 62 64 65 66 67 68 69 70 71 72 73 74 75 76 77 78 79 81 82 83 84 85 86 88 89 90 91 92 93 94 95 96 97 99 100 101 102 103 105 106 107 108 109 110 111 112 113 114 115 116 117 118 119 121 122 123 124 125 127 128 129 130 131 132 134 135 136 137 138 139 140 141 142 143 144 145 146 147 148 149 150 151 152 153 155 156 157 158 159 160 161 162 164 165 167 168 169 170 171 172 173 174 175 176 177 178 179 180 181 182 183 184 185 187 188 190 191 192 193 194 195 196 197 198 199 200
56 17 18 19 21 22 24 26 27 28 29 30 31 32 34 35 36 37 38 39 40 42 43 44 45 46 47 49 50 51 52 53 54 55 56 57 58 59 60 61 62 63 64 65 66 67 68 69 70 71 72 73 74 75 76 77 78 79 80 81 82 83 85 86 87 88 89 90 91 92 93 94 95 96 98 99 100 101 102 103 104 105 106 107 108 109 110 111 112 113 114 115 116 117 118 119 120 121 122 123 124 125 126 127 128 129 130 131 132 133 134 135 136 137 138 139 140 142 143 144 146 147 148 149 150 151 152 153 154 155 156 157 158 159 160 161 162 163 164 166 167 169 170 171 172 173 174 175 176 177 178 179 180 181 182 183 184 186 187 188 189 190 191 192 194 195 196 198 199 200
45 18 19 22 23 24 25 26 27 28 29 30 31 32 33 34 38 39 40 41 42 43 44 45 47 48 49 50 51 52 53 54 55 56 57 58 59 60 61 62 64 65 66 67 68 70 71 72 73 74 75 76 77 79 80 81 82 83 84 85 86 87 88 90 91 92 93 94 95 96 97 98 101 102 103 104 105 106 107 108 109 110 111 112 113 114 115 117 119 120 121 122 123 124 125 126 129 130 131 132 133 134 135 137 138 139 140 142 143 144 145 146 147 148 149 150 151 152 153 154 155 156 157 159 160 161 162 163 164 167 168 169 170 171 172 173 174 175 176 177 178 179 180 181 182 183 184 185 186 187 188 189 190 192 193 194 195 196 198 199 200
59 19 20 21 22 23 24 26 27 28 29 30 31 32 33 34 35 36 37 38 39 40 41 42 43 44 45 46 47 48 49 51 52 53 54 55 56 58 59 60 62 64 65 66 67 68 69 70 71 72 73 74 75 76 77 78 79 80 81 82 83 84 85 86 87 88 89 90 92 93 94 95 96 97 98 99 100 102 103 104 105 106 108 109 110 111 112 114 115 116 117 118 119 120 121 122 123 124 125 126 128 129 130 131 132 133 134 135 136 137 138 139 140 141 143 145 147 148 149 150 151 152 153 154 155 156 157 158 159 160 161 162 163 164 165 167 168 169 170 171 172 174 175 176 177 179 180 181 182 183 184 185 186 187 188 189 190 191 192 193 195 196 197 198 199
55 20 21 22 23 24 25 26 27 28 29 30 31 33 34 35 36 37 38 39 40 41 42 43 44 45 46 47 48 49 50 51 52 53 54 56 57 58 59 60 61 62 63 64 65 68 69 70 71 72 73 74 75 76 77 78 79 80 81 82 84 85 86 87 88 89 91 92 93 94 95 96 97 98 99 100 101 102 103 104 105 106 107 108 109 111 112 113 114 115 116 117 118 119 120 121 122 124 126 127 128 129 130 132 133 134 135 136 137 138 139 140 141 142 145 146 147 149 150 151 152 153 154 155 156 157 158 159 161 162 163 165 166 167 168 169 170 171 173 174 176 177 178 179 180 181 182 184 185 186 187 188 189 191 192 193 194 195 196 197 200
40 21 22 23 24 25 26 27 28 29 30 31 32 33 34 35 37 38 39 40 41 42 43 44 45 46 47 48 49 50 51 53 54 55 56 57 58 59 60 61 62 63 64 65 67 68 69 70 71 72 73 74 75 77 78 79 80 82 84 86 87 88 90 91 92 93 94 95 96 97 100 102 103 104 105 106 107 108 110 111 112 113 114 115 116 117 118 119 120 121 122 123 124 125 126 127 128 129 130 131 132 134 135 136 137 139 140 141 142 143 144 145 146 147 148 149 150 152 153 154 155 156 157 158 159 160 161 162 163 164 165 166 167 168 169 170 171 172 173 174 175 176 177 178 180 181 182 184 185 186 187 188 189 190 191 192 194 195 196 197 198 199 200
52 22 23 24 25 26 27 28 29 30 31 32 33 34 35 36 38 39 40 42 43 44 45 47 48 49 51 52 53 54 56 57 58 59 60 61 62 63 64 65 66 67 68 69 71 72 73 75 76 77 78 79 80 81 82 83 84 85 86 87 88 90 91 92 93 94 95 96 98 99 100 101 102 103 104 105 106 107 108 109 111 112 113 114 115 116 117 119 120 121 122 123 124 125 126 127 128 129 130 131 132 133 134 135 136 137 138 139 140 141 142 143 144 145 146 147 148 149 150 151 152 154 156 157 158 159 160 161 163 164 165 166 167 168 169 170 171 172 173 174 175 176 177 178 179 180 181 182 183 184 185 187 188 189 190 191 192 193 195 196 197 198 199 200
45 23 25 26 28 29 30 31 32 33 34 35 36 37 38 39 40 41 42 43 44 45 47 48 49 50 51 52 53 54 55 56 57 58 59 60 61 62 63 64 65 66 67 68 69 70 71 72 73 74 75 76 77 78 80 81 82 83 84 85 86 87 88 89 90 91 92 93 94 95 96 97 98 99 100 101 103 104 105 106 107 108 109 110 111 112 113 114 116 117 118 119 120 121 122 123 124 127 128 129 130 131 132 133 134 135 136 139 140 141 142 143 144 145 146 147 148 149 150 151 152 154 155 156 157 158 159 162 163 164 165 166 167 168 169 170 171 173 174 175 176 178 179 180 181 182 183 184 185 187 189 190 192 193 194 196 197 198 199 200
55 24 25 26 28 29 30 31 32 33 34 35 36 37 38 39 40 41 42 43 44 45 46 47 48 49 50 52 53 54 55 56 57 58 59 60 61 62 63 64 65 66 67 68 70 71 72 73 74 75 76 77 78 79 80 81 82 84 85 86 87 88 89 90 91 92 93 94 95 96 97 98 99 100 101 102 103 104 105 106 107 110 111 113 114 115 116 117 118 119 120 121 122 123 124 126 127 128 129 130 131 132 133 134 135 137 138 139 140 141 142 143 145 146 147 148 149 150 151 152 153 154 155 156 157 159 160 161 162 163 164 165 166 167 170 172 173 175 176 177 178 179 180 181 182 183 184 185 186 187 189 190 191 192 193 194 195 196 197 198 199 200
44 25 26 28 30 33 34 35 36 37 38 39 40 41 42 43 44 46 47 48 49 50 51 52 53 54 57 58 59 61 62 63 64 65 66 67 68 70 71 72 73 74 76 77 78 79 80 81 82 83 84 85 86 87 88 89 90 91 92 93 94 96 97 98 99 100 101 102 103 104 105 106 107 109 110 111 112 114 115 116 117 118 119 120 121 122 123 124 125 126 127 128 129 130 131 132 133 134 135 136 137 138 139 140 141 142 143 144 145 147 148 150 151 152 153 154 155 156 157 158 159 160 161 162 163 164 165 166 167 168 169 170 171 172 174 177 178 179 180 181 182 183 184 185 186 187 188 189 190 191 192 193 195 196 197 198 199
52 26 27 29 30 32 33 34 35 36 37 38 39 40 41 42 43 44 45 46 47 48 49 50 51 52 54 55 56 57 58 59 60 61 62 64 65 66 68 69 70 71 72 73 74 75 76 77 78 79 80 81 82 83 84 85 86 87 89 90 91 92 93 94 95 96 97 98 99 100 101 104 105 106 107 108 110 113 114 116 117 118 119 120 121 122 123 124 125 126 127 128 129 130 131 132 133 134 135 136 138 140 141 142 143 144 145 146 147 148 149 150 151 152 153 154 156 158 159 160 161 162 163 167 168 169 170 171 172 173 174 175 176 177 178 179 180 181 182 183 184 185 186 187 188 189 190 191 192 193 194 196 197 198 199
46 27 28 30 31 32 33 34 35 36 37 38 39 40 41 42 44 45 46 47 48 49 50 51 52 53 54 55 56 57 58 59 60 61 62 63 64 65 67 68 69 70 71 73 74 75 76 77 78 79 80 81 82 83 84 85 86 87 88 89 90 91 93 94 95 96 97 98 100 101 102 103 105 106 107 110 112 113 114 115 116 117 118 119 120 121 122 123 124 125 127 128 129 130 131 132 133 134 135 136 137 138 139 140 141 142 143 144 145 146 147 148 149 150 151 152 153 154 155 156 157 158 160 161 162 163 164 165 166 168 169 170 171 172 173 174 175 177 178 179 180 181 182 183 185 186 188 190 191 192 194 195 196 197 198 199 200
40 28 29 30 31 32 33 34 35 36 38 39 40 41 42 43 44 45 47 49 51 52 53 54 55 56 57 59 60 61 63 64 65 67 68 69 70 71 72 74 75 76 77 78 79 80 81 82 83 84 86 88 90 91 92 93 94 95 96 97 98 99 100 101 102 103 104 107 108 109 110 111 112 113 114 116 117 118 119 120 121 122 123 125 126 128 129 130 131 132 133 134 135 136 137 138 140 141 142 143 144 145 146 147 149 150 151 152 153 154 155 156 157 158 159 160 161 162 163 164 165 166 168 169 170 171 173 174 175 176 177 178 179 180 181 183 184 185 186 187 189 190 191 192 193 194 195 196 197 198 199 200
46 29 30 31 32 34 35 36 37 38 40 41 42 43 44 45 47 48 49 50 51 52 53 54 55 56 58 59 60 61 63 64 65 66 67 68 69 71 73 74 75 76 77 78 79 80 81 82 83 84 85 86 87 88 89 90 91 92 93 94 95 96 97 98 99 100 101 102 103 105 106 108 109 111 112 113 114 115 116 117 118 119 120 121 122 123 124 125 126 127 128 129 130 132 133 134 136 137 138 139 140 141 142 143 144 145 146 147 148 149 150 151 153 154 155 156 157 158 159 160 161 162 163 164 165 167 168 169 171 172 173 174 175 176 177 178 179 180 182 183 184 185 186 187 188 189 190 191 192 194 196 197 198 199 200
59 30 31 32 33 34 37 38 39 40 42 43 44 45 46 47 48 49 50 51 52 53 54 56 59 60 61 63 64 65 66 67 68 72 74 75 76 77 78 79 81 82 83 84 85 86 87 88 89 90 91 92 93 94 95 96 97 98 99 100 101 102 103 104 105 106 107 108 109 110 111 112 113 114 115 116 118 119 120 121 122 124 125 127 128 129 130 131 132 134 135 136 137 138 139 141 143 144 145 146 147 148 149 150 151 152 153 154 155 156 157 158 159 160 164 165 166 167 168 169 170 171 172 173 174 175 176 177 178 179 180 181 182 183 184 185 186 187 189 190 191 192 193 194 195 196 198 199 200
55 31 32 33 34 35 36 37 38 39 40 42 44 46 47 48 49 50 51 52 53 54 55 56 57 58 59 60 62 64 65 66 67 68 69 70 71 72 73 74 75 77 78 79 80 81 82 84 86 87 88 89 90 91 92 93 94 95 96 97 98 99 100 101 102 103 104 106 107 108 109 110 111 112 113 114 115 116 117 118 119 120 121 122 123 125 127 128 129 130 131 132 133 134 135 136 137 138 139 140 141 143 144 145 146 147 148 149 150 151 152 153 155 156 157 158 160 161 162 163 165 166 167 168 169 170 171 172 173 174 175 176 178 179 180 181 182 183 184 185 186 187 188 189 190 191 192 193 194 195 196 197 198 199 200
40 32 33 34 35 36 37 38 39 40 41 42 44 45 46 48 49 50 51 52 53 54 55 57 58 59 60 61 62 63 64 66 67 68 69 70 71 72 73 74 75 76 77 78 79 80 81 82 84 85 86 87 88 89 90 91 92 93 94 96 97 98 99 100 101 102 103 104 105 106 107 109 110 111 112 113 114 116 117 118 119 120 121 122 124 125 126 128 129 130 131 132 133 134 136 137 138 139 140 142 143 144 145 146 148 149 150 151 152 153 154 155 156 157 158 159 160 161 163 164 165 166 167 168 169 170 171 172 173 174 175 176 177 178 179 180 181 182 183 184 185 186 187 188 189 190 191 193 194 195 196 197 198 199 200
48 33 34 35 36 37 38 39 40 41 42 43 44 45 46 48 49 50 51 52 53 54 55 56 57 58 59 60 61 62 63 64 65 66 67 68 69 70 71 72 75 76 77 78 79 80 81 82 83 84 85 86 87 88 89 90 91 92 93 94 95 96 97 98 99 100 101 102 103 104 105 106 107 108 109 110 111 112 113 114 115 116 118 119 120 121 122 123 124 125 126 127 128 129 130 131 132 134 135 136 137 138 139 140 141 142 143 144 145 146 147 148 149 150 151 153 154 155 156 157 158 159 161 162 163 164 166 168 169 170 171 172 173 174 175 176 177 178 179 180 181 182 183 184 185 187 188 189 190 191 192 193 194 195 196 197 198 200
41 34 35 36 37 38 41 42 43 44 45 46 47 49 50 51 52 53 54 55 56 57 58 59 60 61 62 63 64 65 66 67 69 70 71 72 73 74 75 76 77 78 79 80 81 82 83 85 86 87 88 89 90 91 92 93 94 95 96 97 99 101 102 103 104 105 106 108 109 110 111 112 113 114 115 116 117 118 119 120 121 122 123 124 125 126 127 128 129 130 131 132 133 134 136 137 138 139 140 142 143 145 146 147 148 149 150 151 152 153 155 157 158 160 161 162 163 164 165 166 167 169 170 171 172 173 174 175 176 178 180 181 182 183 184 185 186 187 188 189 190 191 192 193 194 195 196 197 199 200
46 35 36 37 39 40 42 43 44 45 46 47 48 49 50 51 52 53 54 55 56 57 58 59 60 61 62 63 64 65 66 67 68 69 70 71 72 73 74 77 78 79 80 81 82 83 84 85 87 88 89 90 91 92 93 94 95 98 99 100 101 102 103 104 107 108 109 110 111 112 113 114 116 117 118 119 120 121 122 123 124 125 126 127 128 129 130 131 132 133 134 136 139 140 141 142 143 144 145 146 147 148 150 151 152 153 154 156 157 160 161 162 164 165 166 167 168 169 170 171 172 174 175 176 177 178 180 181 182 184 185 186 187 188 189 190 191 192 193 194 195 197 198 199 200
44 37 38 39 40 41 42 43 44 45 46 48 49 50 51 52 54 55 56 57 58 59 60 61 62 64 65 66 67 68 69 72 74 75 76 77 78 79 80 81 82 83 84 85 86 87 88 89 91 92 93 94 95 96 97 98 99 100 101 103 104 106 107 108 109 110 111 112 114 115 116 117 118 119 121 122 123 124 126 127 128 129 130 131 132 133 135 136 137 138 139 140 142 143 144 145 147 148 149 150 151 153 154 155 156 157 158 159 160 161 162 163 164 165 166 167 168 169 170 171 172 173 174 175 176 177 178 179 180 181 183 185 186 187 188 189 190 191 192 193 194 195 196 197 198 199
41 37 38 39 40 41 42 43 45 46 47 48 49 50 51 52 53 54 55 56 57 58 59 60 61 62 64 65 66 67 68 69 70 71 72 73 74 76 77 78 79 80 81 82 83 84 85 87 88 89 90 91 93 95 96 97 98 99 100 101 102 103 104 105 106 108 109 110 111 112 113 114 115 116 117 118 119 120 121 122 123 125 127 128 129 130 131 132 133 134 135 136 137 139 140 142 143 144 145 146 147 148 149 150 151 152 153 154 155 156 157 159 160 161 162 163 164 165 166 168 169 170 171 172 173 174 175 176 177 178 179 180 181 182 183 184 186 188 189 190 191 192 193 194 195 196 197 198 199 200
55 38 39 40 42 43 44 45 47 48 49 50 51 52 53 54 55 57 58 60 61 62 63 64 65 66 67 68 69 70 71 72 73 74 75 77 78 79 80 81 83 85 86 87 88 89 90 91 92 93 94 95 96 97 98 99 100 101 102 103 104 105 106 108 109 110 111 112 113 114 115 116 117 119 120 121 122 123 124 125 126 128 129 130 131 132 133 134 135 136 137 138 139 140 141 142 143 144 145 146 147 148 149 150 151 153 154 156 157 158 159 160 161 162 163 164 165 167 168 169 171 173 174 175 176 177 178 179 180 182 183 184 185 187 188 189 190 191 192 193 194 195 197 198 199
57 39 40 41 43 44 45 46 47 48 49 50 51 52 53 54 55 56 59 60 61 62 64 65 66 67 68 69 70 71 72 73 74 75 76 77 78 79 80 82 83 85 87 88 89 90 91 92 93 94 95 96 97 99 100 102 103 104 105 106 108 109 110 111 112 113 114 115 116 117 118 119 120 121 122 123 124 125 126 127 128 129 130 131 132 133 134 135 136 137 138 139 140 141 142 143 144 145 146 148 149 150 151 152 153 154 155 156 158 159 160 161 162 163 164 165 166 167 168 169 170 171 172 173 175 176 177 179 180 181 183 184 185 186 187 188 189 193 194 195 196 197 198 199 200
55 40 41 42 43 44 45 46 47 48 49 50 51 52 53 54 55 56 57 58 59 60 62 63 64 65 67 69 70 71 72 73 75 76 77 78 79 80 81 83 84 85 86 87 88 89 90 91 92 93 94 95 96 97 98 99 100 101 102 103 104 105 106 107 108 109 110 112 113 114 117 118 119 120 122 123 125 126 127 128 129 130 131 132 133 134 135 136 137 138 139 140 141 142 143 144 145 146 147 148 149 150 151 153 154 155 156 157 159 160 161 162 163 164 165 166 167 168 169 170 171 172 173 174 175 176 180 181 182 183 184 185 186 187 188 189 190 192 193 194 195 198 199 200
55 41 42 43 44 45 46 47 48 49 50 51 52 54 55 56 57 58 59 60 61 62 63 65 66 67 68 69 70 71 72 73 76 77 78 79 80 81 82 83 84 86 87 88 89 90 91 92 93 94 95 97 98 99 101 102 103 104 105 106 107 108 109 110 111 113 114 115 116 117 119 121 122 123 124 125 128 129 130 131 132 134 135 136 137 138 139 140 141 142 144 145 146 147 148 149 150 151 152 153 154 155 156 157 158 159 160 161 162 163 164 165 166 168 169 170 171 173 174 175 176 177 178 179 181 182 183 184 185 186 187 188 189 190 191 192 193 194 195 196 197 198 199 200
42 43 44 45 46 47 48 49 51 52 54 55 57 58 59 60 61 62 63 64 66 67 68 69 71 72 74 75 76 77 78 79 80 81 82 83 84 85 86 87 88 90 91 92 93 94 95 96 97 98 99 100 101 102 103 104 105 106 107 108 109 110 111 112 113 115 116 117 118 119 120 121 122 123 124 125 126 127 128 129 131 132 133 134 137 139 140 141 142 143 144 145 146 147 148 149 150 151 152 153 154 155 156 157 158 159 160 161 162 163 164 165 166 168 169 170 171 172 173 174 175 176 177 178 179 180 181 182 183 184 186 187 188 189 190 192 193 194 195 196 197 198 199 200
46 43 44 45 46 47 48 49 50 52 53 54 55 58 59 60 61 62 63 65 66 67 68 69 70 71 72 73 74 75 76 77 78 79 80 81 83 84 85 87 88 89 90 91 92 93 94 95 96 97 98 99 100 101 102 103 105 106 107 108 109 110 111 112 113 114 115 116 117 118 119 120 121 122 123 124 125 126 127 129 130 133 134 135 136 137 138 139 140 141 142 143 144 145 146 147 148 149 150 151 152 153 154 155 156 157 158 159 160 161 162 163 164 165 166 167 168 169 170 171 172 173 174 175 176 177 178 179 180 181 182 183 184 185 186 187 188 189 190 191 192 193 194 195 196 197 198 199 200
52 44 45 47 49 50 51 52 53 55 57 59 60 61 62 63 64 65 66 68 69 70 71 72 73 74 75 76 77 78 79 80 81 82 83 84 85 86 88 89 90 91 92 93 94 95 96 98 99 100 101 102 103 104 105 106 107 108 109 110 111 112 113 114 116 117 118 119 120 122 123 124 125 127 128 129 130 131 132 133 135 136 137 138 140 141 142 143 144 145 146 147 148 150 151 152 153 154 155 156 157 159 160 161 162 163 164 165 166 167 168 169 170 172 173 174 175 176 177 178 179 180 181 182 183 184 185 186 187 189 192 193 194 196 197 198 200
51 46 47 48 49 51 52 53 54 55 56 57 58 59 60 61 62 63 64 65 66 67 68 69 70 71 72 73 74 75 76 77 78 79 80 82 84 85 86 87 88 89 90 91 92 94 95 96 97 98 99 100 101 102 103 104 105 107 108 109 110 112 113 114 115 116 117 118 119 120 121 122 123 124 125 126 127 128 129 130 131 132 133 134 135 136 137 138 140 141 142 143 145 146 147 148 149 150 151 152 153 154 155 156 157 158 159 160 161 162 164 165 166 167 168 169 170 171 172 174 175 176 177 178 179 180 181 182 183 184 185 186 187 188 189 190 192 193 194 195 196 197 198 199 200
56 46 47 48 49 50 51 53 54 55 56 57 58 59 60 61 62 63 64 65 66 67 69 70 71 72 73 74 75 76 77 78 79 80 81 82 83 84 85 86 87 88 90 91 92 93 94 95 96 97 98 99 100 101 102 103 104 105 106 107 108 109 111 112 114 115 116 117 118 119 121 122 123 124 125 126 127 128 129 130 131 132 133 134 135 136 137 138 139 141 142 143 144 145 146 147 148 149 150 151 152 153 154 156 157 158 159 160 161 162 163 164 165 166 167 168 169 170 171 172 173 175 176 177 178 179 180 181 182 183 184 186 187 188 189 190 191 192 193 195 196 197 198 199 200
49 47 48 49 50 51 52 53 54 55 56 57 58 59 60 61 62 63 64 65 66 67 68 70 71 72 73 75 76 77 79 80 81 82 83 84 85 86 87 88 89 90 92 93 95 96 97 98 99 100 102 103 104 105 106 107 108 109 110 111 112 113 114 115 116 117 118 119 120 121 122 123 124 127 129 130 131 132 133 134 135 136 137 138 139 140 141 142 143 145 146 147 148 149 150 151 152 153 154 155 156 157 158 159 160 163 164 165 166 167 168 169 170 171 172 173 174 175 176 177 178 179 180 181 182 183 185 186 187 188 189 190 192 193 194 196 197 198 200
43 48 50 51 52 53 54 55 56 57 59 60 61 62 63 64 65 66 67 68 69 71 72 73 74 75 77 79 80 81 82 83 84 85 86 87 89 91 92 93 94 95 96 97 98 99 100 101 102 103 104 105 106 108 109 110 112 113 114 115 116 117 118 119 120 121 122 123 124 125 126 127 129 130 131 132 133 134 135 136 137 138 139 140 141 142 143 144 145 146 147 148 149 150 151 153 154 155 156 157 159 160 161 162 164 166 167 168 169 170 171 172 173 174 175 176 177 178 179 180 181 182 183 184 186 187 188 190 192 193 194 195 196 197 198 199 200
49 49 50 52 53 54 55 56 58 59 60 61 62 63 64 65 66 67 69 70 71 72 73 74 75 76 77 78 79 80 81 83 84 85 88 89 90 91 93 94 95 96 97 98 99 100 102 103 104 106 107 108 109 110 111 113 114 115 116 117 118 119 120 121 122 123 124 125 126 127 128 129 130 131 132 133 134 135 137 138 139 140 141 142 143 144 145 146 148 149 150 151 152 153 154 155 156 157 158 159 161 162 163 164 165 166 167 168 169 170 172 173 174 175 176 177 178 179 181 182 183 184 186 187 188 189 190 191 192 193 194 195 197 198 199
57 50 51 52 53 54 55 56 57 59 60 61 62 63 64 65 66 67 68 69 70 71 72 73 74 75 76 77 78 79 80 81 82 83 84 85 86 87 88 90 91 92 93 94 95 96 97 98 101 102 103 104 105 106 107 108 109 110 111 112 113 114 116 117 119 120 122 123 124 125 126 127 128 129 130 132 133 134 135 136 137 138 139 140 141 143 144 145 146 147 148 149 150 151 152 153 156 157 158 159 160 161 162 164 166 167 168 169 170 171 172 173 174 175 176 177 178 179 180 181 183 184 185 186 187 188 189 190 191 192 193 194 195 196 197 198 199 200
50 51 52 53 54 55 56 59 60 61 63 64 65 66 67 68 69 70 71 72 73 74 75 76 77 78 79 80 82 83 84 85 86 87 88 89 90 91 92 93 94 95 96 97 98 99 100 101 102 103 104 105 106 107 108 109 110 111 112 113 114 115 116 118 119 120 121 122 123 124 125 126 127 128 129 130 132 133 134 136 137 138 139 140 141 143 144 145 146 147 148 149 150 152 153 154 155 157 158 159 160 161 162 163 164 165 166 167 168 169 171 172 173 174 175 176 177 178 179 180 182 183 185 186 187 188 189 190 191 192 193 194 195 196 197 199 200
44 52 53 54 55 56 57 58 60 61 62 63 64 65 66 67 68 69 70 71 73 74 75 76 77 78 79 80 81 82 83 85 86 89 90 91 92 93 94 95 96 97 98 99 101 102 103 104 105 106 107 108 109 110 111 112 113 114 115 116 117 118 119 120 121 122 123 124 125 126 127 128 129 130 131 132 133 134 135 136 138 139 141 142 143 144 145 146 147 148 149 150 151 152 154 155 156 157 159 160 161 162 163 164 165 166 167 169 170 171 172 173 174 175 176 177 178 180 181 182 183 184 185 186 187 188 189 190 191 192 193 194 195 196 197 198 199 200
49 53 54 55 56 57 58 59 60 61 62 63 64 65 66 67 68 69 70 71 72 73 74 75 76 77 78 79 80 81 82 83 84 85 86 87 88 90 91 92 93 94 95 96 97 98 99 100 101 102 103 104 105 106 107 108 109 110 111 112 113 114 115 116 118 119 120 121 122 123 124 125 126 127 128 130 131 132 134 136 137 138 139 140 141 142 143 144 145 146 147 148 149 150 152 153 155 156 157 158 159 160 161 162 163 164 165 166 167 168 169 170 171 172 173 174 175 176 177 178 179 180 181 182 183 184 185 186 188 189 190 191 192 194 196 197 198 199 200
46 54 55 57 58 59 60 61 62 63 64 65 66 67 68 69 70 71 72 73 74 75 76 77 78 79 80 81 82 83 84 85 86 87 88 89 90 92 93 94 95 97 98 99 100 101 103 104 105 106 107 108 109 110 111 112 113 114 115 116 117 118 119 120 121 122 123 124 125 126 127 128 129 130 131 132 133 134 135 136 137 138 140 141 142 143 144 145 146 147 148 149 150 151 152 153 154 155 156 157 158 159 160 161 162 163 164 165 166 168 169 171 173 174 177 178 179 180 181 182 183 184 185 186 187 188 189 190 191 192 193 194 195 196 197 199 200
41 55 56 58 59 60 61 62 63 64 65 67 68 69 70 71 72 73 74 75 76 77 79 80 81 82 83 84 85 87 88 89 90 91 92 93 94 95 97 98 100 101 103 104 105 106 107 108 110 112 113 114 115 116 117 118 119 120 121 122 123 124 125 126 127 128 129 131 134 136 137 138 139 140 141 142 143 144 146 147 148 149 150 151 152 153 154 155 156 157 158 159 163 164 165 166 167 168 169 170 171 172 174 175 176 177 178 179 180 181 182 184 185 186 187 188 189 190 191 192 193 194 195 196 197 198 199
41 56 58 59 60 61 62 63 64 65 66 67 68 69 70 71 72 73 74 75 76 78 79 81 82 83 85 86 87 88 89 90 91 92 93 94 95 96 97 98 99 100 101 102 103 104 105 106 107 108 109 110 111 112 113 114 115 116 117 119 120 122 123 124 125 126 128 129 130 131 132 133 134 135 136 137 138 139 140 141 142 143 144 145 146 147 148 149 150 151 152 153 154 155 156 157 159 160 161 162 163 164 165 166 167 168 169 170 171 172 173 174 175 176 177 179 180 181 182 183 184 185 186 187 188 189 190 191 193 194 195 196 197 198 199 200
46 58 59 60 62 63 64 65 66 67 68 69 70 71 72 73 74 75 76 77 78 79 80 81 82 83 84 86 87 88 90 91 92 93 94 95 96 98 99 100 101 102 103 104 105 106 107 108 109 110 111 112 113 114 116 117 118 119 120 121 122 123 124 125 126 127 128 129 131 132 133 134 135 136 137 139 140 142 144 145 146 148 149 150 151 152 153 155 156 157 158 159 160 161 162 164 165 168 169 170 171 173 175 176 177 178 179 180 181 182 183 184 185 186 187 188 189 192 193 194 196 197 199 200
40 60 61 62 63 64 65 66 67 68 70 71 72 73 74 75 76 77 78 79 80 81 82 83 84 85 86 87 88 89 90 91 92 94 95 96 97 98 99 100 102 103 104 105 106 107 108 109 110 112 113 114 115 116 117 118 119 120 121 124 125 126 127 128 129 130 131 132 133 134 135 136 138 139 140 141 142 143 144 145 146 147 148 149 150 151 152 153 154 155 156 157 158 159 160 161 162 163 165 166 167 169 170 171 172 173 174 175 176 177 178 179 181 182 183 184 185 186 187 188 189 190 191 192 193 194 195 196 197 199 200
51 59 61 62 63 64 65 66 67 68 69 70 71 72 73 74 75 76 77 78 79 80 81 82 83 84 85 86 87 88 89 90 91 92 93 94 95 96 97 98 99 100 101 102 103 104 105 107 108 109 110 111 112 113 114 115 118 119 120 122 123 124 125 126 127 128 129 130 131 132 133 134 135 136 137 138 139 140 141 142 143 144 145 146 147 148 149 150 151 152 153 154 155 156 157 158 159 160 161 162 164 165 166 167 168 169 170 171 172 173 175 176 177 178 179 180 181 183 184 185 186 187 188 189 190 191 192 193 195 196 197 198 199 200
50 60 61 63 64 65 66 67 68 69 70 71 72 73 74 75 76 77 78 79 80 81 82 84 85 86 87 88 89 90 91 92 93 94 95 96 97 98 100 102 103 104 105 106 107 108 109 110 111 113 114 115 116 117 118 119 120 121 122 124 125 126 127 128 129 130 131 132 133 134 136 138 139 140 141 142 144 145 146 147 148 150 151 153 154 155 156 157 158 159 161 162 163 164 165 166 168 169 170 171 172 173 174 175 176 177 178 179 180 181 182 183 184 185 186 187 188 189 190 191 192 193 194 195 196 197 198 199 200
41 61 62 63 64 65 66 67 68 69 71 72 73 74 75 76 77 78 79 80 82 83 84 85 86 88 89 90 91 92 93 94 97 98 99 100 101 102 103 104 105 106 107 108 109 110 111 112 113 114 115 116 117 118 119 120 121 122 123 124 125 126 127 128 130 131 132 133 134 135 136 137 138 139 140 141 142 143 144 145 146 147 148 150 151 152 153 154 155 156 157 158 159 160 161 162 163 164 165 166 167 168 169 170 171 172 173 174 175 176 177 178 179 180 181 182 183 184 185 186 187 188 190 191 192 193 194 195 196 197 198 199
59 62 63 65 66 67 68 70 71 72 73 74 75 76 77 78 79 80 81 82 83 84 85 86 87 88 89 90 91 92 93 94 95 96 97 98 99 100 101 102 103 104 105 106 107 108 109 110 111 113 114 115 116 117 118 119 120 121 123 124 125 126 127 128 130 131 132 133 134 135 136 137 138 140 141 142 143 144 145 147 148 149 150 151 152 153 154 156 157 158 159 160 161 162 163 164 165 166 167 168 169 170 171 173 174 175 176 178 179 180 181 182 183 184 185 186 188 189 190 191 192 193 194 195 197 199 200
43 63 64 66 67 68 69 71 72 73 74 75 76 77 78 79 80 82 83 84 85 86 87 88 89 90 91 92 93 94 95 96 97 98 99 100 101 102 103 104 105 107 108 109 110 111 112 113 114 115 116 118 119 120 121 122 123 124 125 126 127 128 129 130 131 132 133 134 135 136 137 138 139 140 141 142 143 144 145 146 147 148 149 150 152 153 154 156 157 158 159 160 161 162 163 164 165 166 167 168 169 170 171 172 173 174 175 176 177 179 180 181 182 184 186 187 188 189 190 192 193 194 195 196 197 198 199 200
42 64 65 66 67 68 69 70 71 72 73 74 75 76 77 78 79 80 81 82 83 84 85 86 87 89 90 91 92 93 94 95 96 97 98 99 100 101 102 104 105 106 108 109 110 111 112 113 115 116 117 118 119 121 122 123 124 125 126 128 129 130 131 133 134 135 136 137 138 139 140 141 142 144 145 146 147 148 149 150 151 152 153 154 155 157 158 159 160 161 162 163 164 166 167 168 169 170 171 172 173 174 176 177 178 179 180 182 183 184 185 186 187 188 189 190 191 192 193 195 196 197 198 199
46 65 66 67 69 70 71 72 73 74 75 76 77 78 79 80 81 82 83 84 85 86 87 89 90 91 92 93 94 95 96 97 98 99 100 101 102 103 104 105 106 107 108 109 110 111 112 113 114 115 116 117 118 119 120 121 123 124 125 126 127 129 130 131 132 133 134 135 136 137 138 139 141 142 144 145 146 148 149 150 151 152 153 154 155 156 157 158 159 160 161 162 164 165 166 167 169 170 171 172 173 174 175 176 177 178 180 181 182 183 184 185 186 187 188 190 191 192 193 194 195 196 197 198 199 200
50 66 67 68 69 70 72 73 74 75 76 77 79 80 82 83 84 85 86 87 88 89 90 92 93 94 95 96 97 98 99 100 101 102 103 104 105 106 107 108 109 111 112 113 115 116 117 118 119 120 121 122 123 124 125 126 127 128 129 130 131 132 133 134 135 137 138 139 140 141 142 143 144 145 146 148 149 150 151 152 153 154 155 156 157 158 159 160 161 162 163 164 165 166 167 168 169 170 171 172 173 174 175 176 177 178 179 181 182 183 184 185 186 187 188 189 190 191 192 193 194 196 197 198 200
47 67 69 70 71 72 73 74 77 78 79 81 83 84 85 86 87 88 89 90 91 92 93 94 95 96 97 98 99 100 102 103 104 105 106 107 108 109 110 112 113 114 117 118 119 120 121 122 123 124 125 126 127 128 129 130 131 132 133 134 135 136 137 138 139 140 141 142 143 145 146 147 148 149 150 151 152 153 155 156 157 158 159 160 162 163 164 165 166 167 168 169 170 171 172 173 174 175 176 177 178 179 180 182 183 184 185 186 188 189 190 191 192 193 194 195 196 197 198 199 200
47 68 69 70 71 72 73 74 75 76 77 78 79 80 81 82 83 84 85 86 87 88 89 90 91 92 93 94 95 96 97 98 99 100 101 102 103 104 105 106 107 108 109 110 111 112 113 114 115 116 117 118 119 120 122 123 124 125 126 127 128 129 130 131 133 134 135 136 137 138 139 140 141 143 144 145 147 148 149 150 151 152 153 154 155 156 157 158 159 160 161 162 163 164 165 166 167 168 169 171 172 173 174 175 176 177 178 179 180 181 183 184 185 186 187 188 189 190 191 192 193 194 195 196 197 200
49 69 70 71 73 74 75 76 77 78 79 82 83 84 85 86 87 88 90 93 94 95 96 97 99 100 102 103 104 105 106 107 108 109 110 111 112 113 114 116 117 118 119 120 121 122 123 124 125 126 127 129 131 132 133 135 136 138 140 141 142 143 144 145 146 147 148 149 150 151 152 153 154 155 156 157 158 160 161 162 163 164 165 166 167 168 169 171 172 173 174 175 176 177 178 179 180 181 182 183 184 185 186 187 188 189 190 191 192 193 194 195 196 197 199 200
60 71 72 74 75 76 77 78 80 81 82 83 84 85 86 87 88 89 90 91 92 93 94 95 96 97 98 99 100 101 102 103 104 105 106 107 108 109 110 111 112 113 114 117 118 119 120 121 123 124 126 127 128 129 131 132 133 134 135 136 138 139 141 142 143 144 145 146 147 148 149 150 151 152 153 154 155 156 157 158 159 160 161 162 164 165 166 167 168 169 170 171 172 173 174 175 176 177 178 179 180 181 183 184 186 187 188 189 190 191 192 193 194 196 197 198 199
48 71 72 73 74 76 77 78 79 80 83 84 85 86 87 88 89 90 92 93 94 95 96 97 98 99 101 103 104 105 106 107 108 109 110 112 113 114 115 116 117 118 119 120 121 122 123 124 125 126 127 128 129 132 133 134 135 136 137 138 139 140 142 143 144 145 146 148 149 150 151 152 153 154 156 158 159 160 161 162 163 164 165 166 167 169 170 171 172 173 174 175 176 177 178 179 180 181 182 183 184 185 186 187 188 189 190 191 192 193 195 196 197 199 200
52 72 74 75 76 77 78 79 80 81 82 84 86 87 89 90 91 92 93 94 95 96 97 98 100 101 102 103 104 106 107 108 109 110 111 112 113 114 115 116 117 118 119 120 121 122 123 124 126 127 129 130 131 132 133 134 135 136 138 139 140 141 142 143 144 145 146 147 148 151 152 155 156 157 158 159 160 161 162 163 164 165 166 167 168 171 172 173 174 175 176 177 178 179 180 181 182 183 184 185 186 187 188 189 190 191 192 193 194 195 196 197 198 199 200
48 73 74 75 76 77 78 79 80 82 84 86 87 88 92 93 94 95 96 97 98 99 100 101 102 103 104 105 106 107 108 109 110 111 112 113 114 115 116 117 118 119 120 121 122 123 124 125 126 127 128 129 130 131 133 134 135 136 137 138 139 140 142 143 144 145 146 147 148 149 150 151 152 153 154 156 157 159 160 161 162 163 164 165 166 167 168 169 170 171 172 173 174 175 177 178 179 180 181 182 183 184 185 186 187 188 189 190 191 192 193 194 195 196 197 198 199 200
58 74 75 76 77 78 79 81 82 83 84 85 86 87 88 89 90 91 92 94 95 96 98 99 100 101 102 103 105 106 108 109 110 111 112 113 115 116 117 118 119 120 122 123 124 125 126 127 128 129 130 131 132 133 134 135 136 137 138 139 140 141 142 143 144 145 146 147 148 149 150 151 152 154 155 156 157 158 159 160 162 163 164 165 166 168 170 172 174 175 176 177 178 179 181 182 183 184 185 186 187 188 189 190 191 192 193 195 196 197 198 199 200
49 75 76 77 78 79 80 81 82 83 84 85 86 87 88 89 90 91 92 93 94 95 96 97 98 99 100 101 102 103 104 105 106 107 108 109 110 111 113 115 116 117 118 119 120 121 122 123 124 125 126 127 129 130 131 132 133 134 135 136 137 138 139 140 141 142 143 144 146 147 148 149 150 152 153 155 156 157 158 159 160 161 162 163 164 165 166 167 168 169 170 171 172 173 174 175 176 177 178 179 181 182 183 184 185 186 187 189 190 191 192 193 194 195 197 198 199 200
41 76 77 78 79 80 81 82 83 84 85 86 87 88 89 90 91 92 95 96 97 98 99 100 101 102 103 105 106 107 108 109 110 111 112 114 115 116 117 119 121 123 124 125 126 127 128 130 131 133 134 135 136 137 138 139 140 141 142 143 144 145 146 147 148 149 150 151 152 153 154 155 156 157 158 159 160 161 162 165 166 167 168 170 171 172 173 174 175 176 177 178 180 181 182 183 184 185 186 187 188 189 190 191 192 193 194 195 196 197 198 199
45 77 78 79 81 82 83 84 85 86 87 88 89 90 91 92 93 94 95 96 97 98 99 100 101 102 103 105 106 107 108 109 110 111 112 114 115 116 117 118 121 122 123 125 126 127 128 129 130 131 132 133 134 135 136 137 138 139 140 141 142 143 144 146 147 148 149 150 151 153 154 156 157 158 159 160 161 162 163 166 167 168 169 170 171 172 173 175 176 177 178 179 180 181 182 183 184 185 186 187 188 189 190 191 193 194 195 196 197 198 200
41 79 80 81 82 83 84 85 86 87 88 89 90 91 92 96 97 98 99 100 101 103 104 105 106 107 108 109 110 111 112 113 115 116 117 118 119 120 123 124 125 126 127 129 130 132 133 134 135 136 137 138 139 140 141 142 144 145 147 149 150 151 152 153 154 155 156 157 158 159 160 163 164 165 166 167 168 169 170 171 172 173 174 175 176 177 178 179 180 181 182 183 184 185 186 187 188 189 190 191 192 193 194 195 196 197 198 199 200
53 79 80 81 82 83 84 85 86 87 88 89 90 94 95 96 97 98 99 101 102 103 104 105 106 107 108 109 110 111 113 114 115 116 118 119 120 121 123 124 125 126 127 128 129 130 131 132 133 134 136 137 139 140 141 142 143 144 145 146 147 148 149 151 152 153 155 156 157 159 160 161 162 163 164 165 166 167 168 170 171 172 173 174 175 176 177 178 179 180 182 183 184 185 186 188 189 190 191 192 193 194 195 196 199 200
48 80 81 82 83 84 85 87 88 89 90 91 92 93 94 95 96 97 98 100 101 102 103 106 107 108 109 110 112 113 114 115 116 117 118 119 120 122 123 124 125 126 127 128 129 130 131 132 134 135 137 138 139 140 141 142 143 144 145 146 148 149 150 152 153 154 155 156 157 158 160 161 162 163 164 166 167 168 169 170 172 173 175 176 177 178 179 180 181 182 183 184 185 187 188 189 190 191 192 193 194 195 196 197 198 199 200
55 81 82 83 84 85 86 87 88 89 90 91 92 93 94 95 96 97 98 99 100 101 102 103 104 105 107 108 109 110 111 112 113 114 115 116 117 118 119 120 121 122 123 124 125 126 127 128 129 130 131 132 133 134 135 136 137 138 139 140 142 143 144 145 146 148 149 150 151 152 153 154 155 156 157 158 159 160 161 162 163 164 165 166 167 168 169 170 171 172 174 175 176 177 178 179 182 183 184 185 186 187 188 189 190 191 192 193 195 196 197 199
58 82 83 84 85 86 87 88 89 90 91 92 93 94 95 96 97 98 99 101 102 103 104 105 106 109 110 111 112 114 115 116 117 118 119 120 121 122 123 124 126 127 128 129 130 131 132 133 134 135 136 137 138 139 140 141 142 143 144 145 146 147 148 149 150 151 152 153 154 156 157 158 159 160 161 162 163 164 165 166 167 168 169 170 171 172 173 174 175 176 177 178 179 180 181 182 184 185 186 187 189 190 191 192 193 194 195 196 197 198 199 200
55 83 84 85 87 88 89 90 91 92 93 94 95 96 101 102 104 105 106 108 109 110 111 112 114 115 116 117 119 120 121 122 123 124 125 126 127 128 129 130 131 132 133 134 136 137 138 139 140 141 142 143 144 145 146 147 148 150 151 152 153 154 155 156 157 158 159 160 162 163 164 165 166 167 168 169 170 171 172 173 174 175 176 177 178 179 180 181 182 183 184 185 186 187 188 189 190 191 192 193 194 197 198 199 200
53 84 85 86 87 88 89 90 91 92 94 95 96 97 98 99 100 101 103 104 106 107 108 109 110 111 112 113 114 115 116 117 119 120 121 122 123 124 126 127 128 129 131 132 134 135 136 137 138 139 140 141 142 143 144 145 146 147 148 149 150 151 153 154 156 157 158 160 161 162 163 164 165 166 167 168 169 170 171 172 173 176 177 178 179 180 181 182 183 185 186 187 188 189 190 191 192 193 194 195 196 198 199 200
59 85 86 87 88 89 90 91 92 93 94 95 98 99 100 101 102 103 104 105 106 107 109 110 111 112 113 114 115 116 117 118 120 121 122 123 124 125 126 127 128 129 130 131 132 133 135 136 137 138 139 140 141 142 143 144 146 147 148 149 150 151 152 153 154 155 156 157 159 160 161 162 163 164 165 166 167 168 169 170 171 172 173 174 176 177 178 179 181 182 183 185 186 187 188 189 190 192 193 194 195 196 197 199 200
56 86 87 88 89 90 91 92 93 94 95 96 97 98 102 103 104 105 106 108 110 111 112 113 114 115 116 117 118 119 120 121 122 123 124 125 126 127 128 129 130 131 132 133 134 135 136 137 138 139 140 141 142 143 144 145 147 148 149 152 153 154 155 156 157 158 159 160 161 162 164 165 166 167 169 170 171 172 173 174 175 176 177 178 179 181 182 183 184 185 186 187 188 189 190 191 192 193 194 195 196 197 198 199 200
57 87 88 89 90 91 92 93 95 96 97 98 99 100 101 102 103 104 105 106 108 109 110 111 112 113 114 115 116 117 118 119 121 122 123 126 127 129 130 131 132 133 134 135 136 137 138 139 140 142 143 144 145 147 148 149 150 151 152 153 154 155 156 157 158 160 161 162 163 164 165 166 167 168 170 171 172 173 174 176 177 178 179 180 181 182 183 184 185 186 187 188 190 191 193 194 195 196 197 198 199 200
43 88 89 90 91 92 93 94 95 96 98 99 100 101 102 103 104 105 107 109 110 111 112 113 114 115 116 118 119 120 122 123 124 125 126 127 128 129 130 131 132 133 134 135 136 137 141 142 143 144 145 147 148 149 151 153 154 155 156 157 158 159 160 161 162 163 164 165 166 167 168 169 170 171 172 173 174 175 176 177 178 179 180 181 182 183 184 186 187 189 191 192 193 194 195 196 197 198 199 200
58 89 90 91 92 93 94 95 96 97 98 99 100 101 103 104 105 106 107 108 109 110 112 113 114 115 116 117 118 119 120 121 122 123 124 125 126 127 128 129 133 134 135 136 137 139 140 143 144 145 146 148 149 150 151 152 153 154 155 156 157 158 160 161 162 163 164 165 166 167 168 169 170 171 172 173 174 175 176 177 178 180 181 182 183 184 185 186 187 188 189 190 191 192 194 195 196 197 198 199 200
56 92 94 95 96 97 100 101 102 103 104 105 106 108 109 110 111 112 113 114 115 116 117 119 120 121 123 124 125 126 127 128 129 130 131 132 133 134 135 136 137 138 139 140 141 142 143 144 145 146 147 148 149 150 151 152 154 155 156 157 158 159 160 161 162 163 164 165 167 168 169 170 171 172 173 174 175 176 177 178 179 180 181 182 184 185 186 187 188 189 190 191 192 193 194 195 196 197 198 200
42 91 92 93 95 96 97 98 99 100 101 103 104 105 106 107 108 109 110 113 114 115 116 117 118 119 120 121 122 123 124 125 126 127 128 129 130 132 133 134 136 137 138 139 140 141 142 143 144 145 146 148 149 150 151 152 153 154 155 156 157 158 159 160 161 162 163 164 165 166 168 169 170 171 172 173 174 175 176 178 179 180 181 182 183 184 185 186 187 188 189 190 192 193 194 195 196 199 200
59 92 93 94 95 96 97 98 99 100 101 102 103 104 105 106 107 108 109 110 112 113 114 115 116 117 118 119 120 121 122 123 124 125 126 127 128 129 130 131 132 133 134 135 137 138 139 140 141 142 143 144 145 146 147 148 149 150 151 152 153 154 155 156 157 158 159 160 161 162 163 164 165 166 167 168 169 170 171 172 173 174 175 176 178 179 180 181 182 183 184 185 186 187 188 189 190 191 192 193 194 195 196 197 198 199 200
46 93 94 95 96 98 99 100 101 102 103 104 105 106 107 108 109 110 111 112 113 114 115 116 117 118 120 121 122 123 124 125 126 127 128 129 130 131 132 133 134 135 136 137 138 139 140 141 142 143 144 145 146 147 148 149 150 151 152 153 155 156 158 159 160 161 162 163 164 165 166 167 168 169 170 171 172 174 175 176 177 178 179 180 181 182 183 184 185 186 187 188 189 190 191 192 193 194 195 196 198 199 200
43 94 95 96 97 98 99 100 101 102 103 104 105 106 107 108 109 111 112 113 114 115 116 117 118 119 120 121 122 123 124 125 126 127 128 129 130 131 133 134 135 136 137 138 139 140 141 144 145 146 147 148 149 150 151 152 153 154 156 159 161 162 163 164 166 167 168 169 171 172 173 174 175 176 177 180 181 182 183 184 185 186 187 188 189 191 192 193 194 195 196 198 199 200
43 96 97 98 99 100 101 102 103 104 105 106 107 108 109 110 111 112 114 115 116 117 118 119 121 122 123 124 125 126 127 128 129 130 132 133 134 135 136 137 138 139 140 141 142 143 144 145 146 147 150 151 152 153 154 155 156 157 158 159 160 161 162 163 164 165 166 168 169 170 171 172 173 175 176 177 179 180 181 182 183 184 185 186 187 188 189 190 192 193 194 195 196 197 198 199 200
42 96 97 99 100 101 102 103 104 105 106 107 108 109 110 111 112 114 115 116 117 118 120 121 122 123 124 125 126 127 128 129 130 131 132 133 134 135 136 137 138 139 140 141 142 143 144 145 146 147 148 149 150 151 152 153 154 155 156 159 160 161 162 163 164 165 167 168 169 170 171 172 173 174 175 176 177 180 181 182 183 184 185 186 187 188 189 190 191 192 193 194 195 197 198 200
51 97 98 99 100 101 102 103 104 106 107 108 109 110 111 112 113 116 117 118 119 120 121 122 124 125 126 127 128 129 130 131 133 134 137 138 139 140 141 142 143 144 145 146 147 148 149 150 151 152 154 155 156 157 158 159 160 161 162 163 164 165 166 167 168 170 171 172 173 174 175 176 177 179 180 181 183 186 187 189 190 192 193 194 195 196 197 198 199 200
51 98 99 100 101 103 104 105 106 107 108 109 110 111 112 113 114 115 116 117 118 119 120 121 122 123 125 126 127 128 129 130 132 134 136 137 138 139 140 141 142 143 144 145 146 147 148 149 150 151 152 153 154 155 156 157 158 159 160 161 162 163 164 166 167 168 169 170 171 172 173 174 175 176 177 178 179 181 182 183 184 185 186 187 188 189 191 192 194 195 197 198 199 200
52 99 100 101 102 103 104 105 106 107 109 110 111 112 113 114 115 116 117 118 119 120 121 122 123 124 125 126 127 128 129 130 131 132 133 134 135 136 137 138 139 140 142 143 144 145 146 147 148 149 150 151 152 153 154 155 156 157 158 159 161 162 163 164 165 167 168 169 170 171 172 173 175 176 177 178 179 180 181 182 183 184 185 186 187 188 189 190 191 192 193 194 195 196 197 198 199 200
44 100 102 104 105 106 107 108 109 111 112 113 114 115 116 117 118 119 120 121 122 123 124 125 126 127 128 129 131 132 133 135 136 137 138 139 140 141 142 143 144 145 146 147 148 149 150 151 152 153 154 155 156 158 159 160 161 162 163 164 165 167 168 169 170 171 172 173 174 175 176 177 179 180 181 182 183 184 185 186 187 188 189 190 191 192 194 195 197 198 199 200
41 101 102 103 104 105 106 107 110 111 112 113 114 115 116 117 118 119 120 121 122 123 124 125 126 127 129 130 131 132 133 134 135 136 137 138 139 140 141 142 143 144 145 146 147 148 149 150 151 152 153 154 155 156 157 158 159 160 161 162 163 164 165 166 167 168 169 170 171 172 173 174 175 176 177 178 180 181 182 183 184 185 186 187 189 190 191 192 193 194 196 197 198 200
58 102 103 104 105 106 107 108 109 110 111 112 113 114 115 116 117 118 119 121 124 125 126 127 128 129 130 131 132 134 135 136 137 138 139 141 142 143 144 145 146 147 148 149 150 151 152 153 155 156 157 158 159 160 162 163 164 165 166 167 168 169 170 171 172 174 175 176 177 178 179 180 181 182 183 184 186 187 188 189 190 191 192 193 194 195 196 197 198 199 200
52 103 105 106 107 108 109 110 111 112 113 114 115 116 117 118 119 120 121 122 123 124 125 126 127 128 129 130 131 132 134 135 136 137 138 139 141 143 145 146 147 149 151 152 153 155 156 157 158 159 160 161 162 163 165 166 167 168 169 170 172 173 174 175 176 177 178 179 180 181 182 183 184 185 186 187 188 189 190 191 192 193 194 195 196 197 198 199 200
45 105 106 107 108 109 110 111 112 114 115 116 117 118 119 120 121 122 123 124 125 126 127 128 129 130 131 132 133 134 135 137 138 139 140 141 142 144 145 146 147 148 149 150 151 152 153 155 156 157 158 159 160 161 162 163 165 166 167 168 169 170 171 172 173 174 175 176 177 178 179 180 181 182 183 184 185 186 187 188 189 190 191 192 193 194 195 196 197 198 199 200
45 105 106 107 108 109 110 111 112 113 114 115 116 117 118 119 120 121 122 123 124 125 126 127 128 129 130 131 132 134 135 136 137 138 139 140 141 142 143 144 145 146 147 148 150 151 152 153 154 156 157 158 159 161 162 163 164 165 166 167 168 169 170 171 172 173 174 175 176 177 178 179 180 181 182 183 184 186 187 188 190 191 192 193 194 195 196 197 198 199 200
49 106 107 108 109 110 111 112 113 114 115 116 117 118 119 120 121 123 124 125 126 127 128 130 132 133 134 136 137 138 139 140 141 143 145 146 147 148 149 150 151 152 153 154 156 158 159 160 161 162 163 164 165 166 167 168 169 170 171 172 173 174 175 176 177 178 179 180 181 182 183 184 185 186 187 188 189 190 192 193 194 195 196 197 198 199 200
45 107 108 109 110 111 112 113 114 115 116 117 118 119 120 121 122 123 125 126 127 128 129 130 131 133 134 135 136 137 138 140 141 142 143 144 145 146 147 148 149 151 152 153 154 155 156 157 158 159 160 162 163 164 165 166 167 168 169 170 171 172 173 174 175 176 177 178 179 180 182 184 185 186 187 188 189 190 191 192 193 194 195 196 197 198 199 200
54 108 109 110 111 112 113 114 115 116 117 118 119 120 121 122 123 124 125 127 128 129 130 131 132 133 134 135 136 137 138 139 140 141 142 143 144 145 146 148 149 150 151 152 153 154 155 156 157 158 159 160 161 162 163 164 165 166 167 168 169 170 171 172 173 174 175 177 178 179 181 182 183 185 186 187 188 190 192 193 194 195 196 197 198 199 200
43 109 110 111 112 113 114 115 116 117 118 119 120 121 122 123 124 127 128 129 130 131 132 133 134 135 136 138 139 140 141 142 143 144 145 146 147 148 149 151 152 153 155 156 157 158 159 160 162 163 164 165 166 167 168 169 170 171 172 173 174 175 176 177 178 179 180 182 183 184 185 186 187 188 189 190 191 192 194 195 196 197 198 199 200
57 110 111 112 114 115 117 118 119 120 121 122 123 124 125 126 127 128 129 130 131 132 133 135 137 138 139 140 141 142 143 144 145 147 148 149 151 152 153 155 156 157 158 159 160 161 162 164 165 166 167 168 169 170 171 172 173 174 175 176 177 179 180 181 182 183 184 185 186 187 189 190 191 192 193 194 195 196 198 199 200
51 112 113 114 115 116 118 119 120 122 123 124 125 126 127 129 130 131 132 133 134 135 136 137 138 139 141 142 143 144 145 146 147 148 149 150 151 152 153 154 155 156 157 158 159 160 161 162 163 164 165 166 167 168 169 171 172 173 174 175 176 177 178 179 180 181 182 183 184 185 186 187 188 189 190 191 192 193 194 195 196 197 198 199 200
50 112 113 114 115 116 117 118 119 120 121 122 124 125 126 127 128 129 130 131 132 134 135 136 137 138 139 140 141 142 143 144 145 146 147 148 149 150 151 154 155 158 159 160 161 162 163 164 165 166 167 168 169 170 171 172 173 174 175 176 177 178 179 180 181 182 183 184 185 186 187 188 190 192 193 194 196 197 198 199
42 113 114 115 116 117 118 119 120 121 122 123 124 125 126 127 128 129 130 131 132 133 134 135 136 137 138 139 140 141 142 144 145 146 147 148 149 150 151 153 154 155 156 157 158 159 160 162 163 164 165 166 167 168 169 170 171 172 173 174 175 176 177 179 180 181 182 183 184 185 186 187 188 189 192 193 194 195 196 197 198 199 200
59 114 115 116 117 118 119 120 121 122 123 124 125 126 128 129 130 131 132 133 134 135 136 137 138 140 141 142 144 145 146 147 148 149 150 151 152 153 155 158 159 160 161 162 163 165 166 168 169 170 171 173 174 175 176 177 179 180 181 182 183 184 186 187 188 189 190 191 192 193 194 195 196 197 198 199
45 115 116 117 119 120 121 122 123 124 125 126 127 128 129 130 131 133 134 135 136 137 138 139 140 141 143 144 145 146 147 148 149 150 151 152 153 154 155 156 157 158 159 160 161 162 163 164 165 166 167 168 169 170 171 172 173 174 175 176 177 178 180 181 183 184 185 186 187 188 190 191 192 193 194 195 196 197 198 199 200
51 116 117 118 119 120 121 122 123 125 126 127 128 129 130 131 132 133 135 136 138 139 140 141 142 144 145 146 147 148 149 150 151 152 153 154 155 156 157 158 159 160 161 162 163 164 165 166 169 170 171 173 174 175 176 177 178 179 180 181 182 183 184 185 186 187 188 189 190 191 192 193 194 195 196 197 198 199 200
45 117 118 119 120 121 122 123 124 125 126 127 128 129 130 132 133 134 136 137 138 139 140 141 142 145 146 147 148 149 150 151 153 154 155 156 158 159 161 162 164 165 166 167 168 169 170 171 172 174 175 178 179 180 181 184 185 186 187 189 190 191 193 194 195 196 197 198 199 200
52 118 119 121 122 123 124 128 129 130 131 132 133 134 135 136 137 138 139 140 141 142 144 145 146 147 148 149 150 151 152 153 154 155 156 157 158 159 160 161 162 163 165 166 167 168 169 170 171 172 173 174 175 176 177 178 179 180 181 182 183 184 185 186 187 189 190 191 192 194 195 196 197 198 199 200
49 120 121 123 124 125 126 127 128 129 130 131 132 133 134 135 136 137 138 139 140 141 142 143 144 145 146 147 148 149 151 152 153 154 155 157 158 159 160 161 162 163 164 165 166 167 168 170 171 172 173 174 175 176 177 178 179 180 181 183 184 185 186 188 189 190 192 193 194 195 196 197 198 199
50 120 121 122 123 124 125 127 128 129 130 131 132 133 134 135 136 137 138 139 141 142 143 144 145 146 147 148 149 150 151 152 154 155 156 157 158 159 160 161 162 163 164 165 166 167 168 170 171 172 173 174 175 179 180 181 182 183 184 185 186 187 188 189 190 191 192 193 194 195 196 198 199
50 122 123 124 125 126 127 128 129 130 131 132 133 134 135 136 137 138 139 140 141 142 143 144 145 146 147 148 149 150 151 152 153 154 155 156 157 158 159 160 161 162 163 164 165 166 167 168 169 170 171 172 173 174 175 176 178 179 180 181 182 183 184 185 186 187 188 189 190 191 192 193 195 196 197 198 199 200
54 122 123 124 125 126 127 128 129 130 132 133 136 137 138 140 141 143 144 145 146 147 148 149 150 152 153 155 156 157 158 159 160 161 162 163 164 165 166 167 168 169 171 172 173 174 175 176 177 178 179 180 181 182 183 184 185 186 187 188 189 191 192 193 194 195 196 197 199 200
52 123 125 127 128 129 130 131 132 133 134 135 137 138 139 140 141 142 143 144 145 146 147 148 149 150 151 152 153 154 155 156 157 158 159 160 161 162 163 164 166 167 168 170 171 172 173 174 175 176 177 178 179 180 182 183 184 185 187 188 189 190 191 192 193 194 195 196 197 198 199
54 124 125 126 127 128 129 130 131 132 133 134 136 137 138 139 140 141 142 143 144 145 147 148 150 151 152 153 154 155 157 158 159 160 161 162 163 164 165 166 167 168 169 170 171 172 173 174 175 176 177 178 179 180 181 182 183 184 185 186 187 188 189 190 191 192 193 194 195 196 197 198 199 200
60 125 126 127 128 129 131 132 133 134 135 136 138 139 141 142 144 146 147 148 150 151 152 153 154 156 157 158 159 160 161 162 164 165 166 167 168 169 170 171 172 174 175 176 177 178 179 180 181 182 183 184 185 186 187 188 189 190 191 193 195 196 197 199 200
50 126 127 128 129 130 131 132 133 134 135 137 138 139 140 141 142 143 144 145 147 148 149 150 152 153 154 155 156 157 159 160 161 162 163 164 165 166 167 168 169 170 171 172 173 174 177 178 179 180 181 182 183 184 185 186 187 188 189 190 191 192 193 194 195 196 197 198 199 200
43 127 129 130 131 133 134 135 136 137 138 139 141 142 143 144 145 146 147 148 149 150 151 152 153 154 155 156 157 158 159 160 161 162 163 164 165 166 167 168 169 170 171 172 173 174 175 176 177 178 179 180 181 184 185 186 187 188 189 190 191 192 193 194 195 196 197 198
42 128 129 130 131 132 133 135 136 137 138 139 141 142 143 144 145 146 147 148 149 150 151 152 153 154 155 156 157 158 160 161 162 163 164 165 167 168 169 170 172 173 174 175 176 177 178 179 180 182 183 184 185 186 187 188 189 190 191 192 193 194 195 196 197 198 199 200
42 129 130 131 132 133 135 136 138 139 140 141 142 143 144 145 146 147 148 149 150 151 152 153 154 155 156 157 158 159 160 161 162 164 165 166 167 168 169 170 171 172 173 174 175 176 177 178 180 181 182 183 185 186 187 188 189 190 191 193 194 195 197 198 199 200
56 130 131 132 133 134 135 136 137 138 139 140 141 142 143 144 145 146 147 148 149 150 151 152 153 154 155 156 157 158 159 160 162 163 165 166 167 168 169 170 172 173 174 175 176 177 179 180 181 182 183 184 185 186 187 188 189 190 191 193 194 195 196 197 198 199 200
55 132 133 134 135 136 137 138 139 140 141 142 143 144 145 146 147 148 150 151 152 153 154 155 156 157 158 159 160 161 162 163 164 165 167 168 169 172 173 174 175 176 177 178 179 180 181 182 183 184 185 186 187 188 189 190 191 192 193 194 195 196 197 198 199 200
41 133 134 135 136 137 138 139 140 141 142 143 144 145 146 147 148 150 151 152 153 154 155 156 157 158 159 160 161 162 163 164 165 166 167 168 169 170 171 172 173 174 175 176 178 180 181 182 183 184 185 186 187 188 189 190 191 193 194 195 197 198 200
42 133 134 135 136 137 138 139 141 144 145 146 147 148 149 150 151 152 154 156 157 158 159 161 162 163 164 165 166 167 168 169 170 171 172 173 174 176 178 180 182 183 184 185 187 188 189 190 191 192 193 194 195 196 197 198 199
46 134 135 136 137 138 139 140 141 142 143 144 145 146 147 148 149 150 151 152 153 154 155 156 158 159 160 161 162 164 165 166 167 168 169 170 171 172 173 175 176 178 179 180 181 183 184 185 186 187 188 189 191 192 193 194 195 196 197 198 199 200
45 135 136 137 138 139 140 141 142 143 144 146 147 148 149 150 151 152 153 154 155 156 157 158 159 160 162 163 164 165 166 167 168 169 170 171 172 173 174 175 176 177 178 179 180 181 182 183 184 185 186 187 188 190 191 192 194 195 196 197 198 199 200
41 136 137 138 139 140 141 142 143 144 145 146 147 148 149 150 151 152 153 154 155 156 157 158 160 161 162 164 167 168 169 170 172 175 177 178 179 180 181 182 184 185 187 188 189 190 191 192 193 194 195 198 200
46 137 138 139 140 141 142 143 144 146 147 148 149 150 151 152 153 154 155 156 158 159 161 162 163 164 165 166 167 168 169 170 171 172 173 174 175 176 177 178 179 180 181 182 183 184 185 186 187 188 189 190 192 194 195 196 197 198 199
58 138 139 141 142 143 144 145 147 148 149 151 152 153 155 156 157 158 159 160 162 163 164 165 166 167 168 169 170 171 172 173 175 176 177 178 179 180 181 183 184 185 186 187 189 191 192 193 194 195 196 197 198 199 200
45 139 140 141 142 143 144 145 146 147 148 149 150 151 152 153 154 155 157 158 160 161 162 163 164 165 166 167 168 169 170 171 172 173 174 175 176 177 178 179 180 181 182 183 184 185 186 188 189 190 191 192 193 194 195 196 199 200
58 140 141 142 143 144 145 146 147 148 149 150 151 152 154 155 156 158 159 160 161 162 163 165 166 167 168 169 170 171 172 173 174 175 176 177 178 179 180 181 182 183 184 185 186 187 188 189 190 191 192 194 195 196 197 198 199 200
42 141 142 143 144 145 146 147 148 149 150 151 152 153 154 155 156 157 158 159 161 162 163 164 165 167 168 169 170 171 172 173 175 176 177 179 180 181 182 183 184 185 186 187 188 189 190 191 192 193 194 195 196 197 198 199 200
51 142 143 144 145 146 147 148 149 150 151 152 153 154 155 156 157 158 159 160 161 162 163 164 165 166 167 168 169 170 171 172 173 174 175 176 177 178 179 180 181 182 183 184 185 186 187 188 190 191 192 193 194 195 196 197 198 199
60 143 144 145 146 147 149 150 152 153 154 155 156 157 158 159 160 161 162 163 165 167 168 169 170 171 172 173 174 175 176 177 178 179 180 181 182 183 184 185 186 187 188 189 190 191 193 194 195 196 197 198 199 200
52 144 145 146 148 149 150 151 152 154 155 156 157 158 159 160 161 162 163 164 165 166 167 168 169 170 171 172 173 174 175 176 177 178 179 181 182 183 184 185 186 188 190 191 192 194 195 196 197 198 199 200
42 145 146 148 149 150 151 152 153 154 155 156 157 158 159 160 161 162 163 164 165 166 167 169 170 171 172 173 174 175 176 177 178 179 181 182 184 185 186 187 188 189 190 191 192 193 194 195 196 197 198 199 200
56 146 147 148 149 151 152 154 155 156 157 160 161 162 163 164 165 166 167 168 169 170 171 172 173 175 176 177 178 179 180 182 183 184 185 186 187 188 189 190 191 192 194 195 196 197 198 199 200
57 147 148 149 150 152 153 155 156 157 158 159 160 161 162 163 164 165 166 167 168 169 170 171 172 173 174 175 176 177 178 179 180 181 182 183 184 185 186 187 188 189 190 191 192 193 194 195 196 197 198 199 200
41 149 150 151 152 153 154 155 156 157 158 159 160 161 162 163 164 165 166 167 168 169 170 171 172 173 174 176 177 178 179 180 181 182 183 184 185 186 187 188 189 190 191 192 193 194 195 197 198 199 200
46 150 151 152 154 155 156 157 158 159 160 161 163 164 165 166 167 168 169 170 171 172 174 175 176 178 179 180 181 182 183 184 187 188 189 190 192 193 194 195 197 198 199 200
50 150 152 153 155 156 157 158 159 160 161 162 163 164 165 166 167 168 169 170 171 172 173 174 175 176 177 179 180 181 182 183 185 186 187 188 189 190 191 192 193 194 195 196 197 198 199 200
60 151 152 153 154 155 156 157 158 159 160 161 162 163 164 165 166 167 168 169 171 172 173 174 175 177 179 180 181 182 183 184 186 189 191 192 193 194 195 196 198 199
60 153 154 155 156 157 158 159 160 161 162 163 164 165 166 167 168 169 170 171 172 173 174 175 176 177 178 179 180 181 182 184 186 187 188 189 190 191 192 193 194 195 196 197 198 199 200
60 153 154 156 157 158 160 161 163 164 166 167 168 169 170 172 173 174 175 176 177 178 179 180 181 182 183 184 185 186 187 188 189 190 191 192 194 195 196 198 199 200
51 154 155 156 157 158 159 160 161 162 163 164 165 166 167 170 171 172 173 174 175 177 179 180 181 182 185 186 187 188 190 191 192 194 195 196 197 198 199 200
57 156 157 159 160 161 162 163 164 165 166 167 168 169 170 172 173 174 175 176 177 178 179 180 181 182 183 184 185 186 187 188 189 190 191 193 194 195 197 198 199 200
43 158 159 160 161 163 164 165 166 168 169 170 171 172 173 174 175 176 177 178 179 181 182 184 185 186 187 188 189 190 192 193 194 195 196 197 198 199 200
55 157 158 159 160 161 163 164 165 166 167 168 169 171 172 173 174 175 176 177 178 180 181 182 183 184 185 186 187 188 189 190 191 192 193 194 195 196 198 199
41 158 159 160 161 162 163 164 165 166 167 168 169 170 171 173 174 175 176 177 179 180 181 182 183 184 185 186 187 188 189 190 191 192 193 194 195 196 197 198 199 200
40 159 160 161 162 163 164 165 166 167 168 169 170 171 172 173 175 176 177 178 179 180 181 182 183 184 185 186 187 189 190 191 193 194 195 196 198 199 200
58 160 161 162 163 164 166 167 168 169 170 171 172 173 174 175 176 177 178 180 181 182 183 184 185 187 188 190 191 192 193 194 195 196 197 198 199 200
48 161 162 165 166 167 168 169 170 171 172 173 174 175 177 178 179 180 181 182 183 184 185 186 187 188 189 190 191 192 193 194 195 196 197 198 199 200
59 162 163 164 165 167 168 169 170 171 172 174 175 176 177 178 179 180 181 182 183 184 185 186 187 188 189 190 191 192 193 194 195 196 197 198 199 200
43 163 164 165 166 167 168 169 170 171 172 173 175 176 177 178 179 180 181 182 183 184 185 186 188 190 191 192 193 194 195 196 198 199 200
48 164 165 166 167 169 170 171 173 174 175 176 177 178 179 180 181 182 183 185 187 188 189 190 191 192 193 194 195 196 197 199
47 165 166 168 169 170 171 172 173 174 175 176 177 178 179 180 181 182 183 184 185 186 187 188 189 190 191 192 194 195 196 197 198 199 200
54 166 167 168 169 170 171 172 173 174 175 176 177 178 180 181 183 184 185 186 187 188 189 190 191 192 193 194 195 196 197 198 199 200
50 167 168 169 170 171 172 173 174 175 176 177 178 179 180 181 182 184 185 186 187 188 189 191 192 193 194 195 196 197 198 199
46 168 169 170 171 172 173 174 175 176 177 178 179 180 181 182 183 184 185 186 187 188 189 190 191 192 193 194 195 196 197 198 199 200
57 169 170 171 172 173 174 175 176 177 178 179 180 181 182 183 184 185 187 188 189 190 191 192 193 194 195 196 197 198 199 200
49 170 171 172 173 174 175 176 177 179 180 181 182 183 185 186 187 188 190 191 192 194 197 198 199
52 171 172 173 174 177 178 179 180 181 182 183 184 185 186 187 188 189 191 192 193 195 196 197 198 199 200
48 173 174 175 176 177 178 179 180 181 182 183 184 185 186 188 189 190 191 192 193 194 196 198 199 200
53 173 175 176 177 178 179 180 181 182 185 186 187 188 189 190 191 192 193 194 195 196 197 199 200
48 174 175 176 177 178 179 180 182 183 184 186 191 193 195 196 197 198 199 200
60 175 176 177 178 180 181 182 183 184 185 186 187 188 189 190 191 192 193 194 195 196 197 198 200
60 176 177 178 179 180 181 182 183 184 186 187 188 189 190 191 192 193 194 195 196 197 198 199 200
59 177 178 180 182 184 185 186 187 188 189 190 191 192 193 194 195 196 197 198 200
43 178 179 180 181 182 183 184 185 186 187 188 190 191 192 193 194 195 197 198 199 200
53 179 180 181 182 183 184 185 186 187 189 190 191 192 193 194 195 196 198 199 200
43 180 181 183 184 185 186 187 189 190 191 192 193 194 196 197 199 200
43 181 182 183 185 186 188 189 190 191 192 193 194 196 197 198 199 200
48 182 183 184 185 186 188 189 191 192 193 194 195 196 197 198 199 200
49 183 185 186 187 188 189 190 191 192 193 194 195 196 197 198 199 200
40 184 186 187 188 189 190 193 194 195 196 197 198 199
48 186 187 188 189 190 191 192 193 194 195 196 197 198 199 200
49 186 187 188 189 190 191 192 193 194 195 196 197 198 199 200
44 187 188 189 190 191 192 193 194 196 197 198 199 200
46 188 189 190 191 192 193 194 195 196 197 198 200
53 190 191 192 193 194 195 196 198 199 200
53 190 191 193 194 195 196 197 198 199 200
40 191 192 193 194 195 197 198 199 200
60 192 193 194 195 196 199 200
59 193 195 196 197 198 199 200
60 194 196 197 198 199 200
41 195 196 197 199 200
60 196 198 199 200
45 197 198 200
49 198 199 200
42 199 200
52 200
56
