50	5	1000	1
0	99	13
0	79	6
0	97	13
0	60	8
0	100	10
43 2 3 4 5 6 7 8 9 10 11 12 13 14 15 16 17 18 20 21 23 24 25 26 27 28 30 31 32 33 34 35 36 38 39 40 41 42 44 45 46 47 48 49 50
89 3 4 5 6 7 8 9 10 11 12 13 14 15 16 17 18 19 20 21 22 23 24 25 26 27 29 30 31 32 33 34 35 36 37 38 39 40 41 42 43 44 45 46 47 48 49 50
97 4 5 6 7 8 9 10 11 12 13 14 15 16 17 18 19 21 22 23 24 25 26 28 29 30 31 32 33 34 35 36 37 38 39 40 41 43 44 45 46 47 48 49 50
80 5 6 7 8 9 10 11 12 13 14 15 17 18 20 21 22 23 24 25 26 27 28 29 31 32 34 35 36 37 38 39 40 41 43 44 45 46 47 48 49 50
21 6 7 9 10 11 12 13 14 15 16 17 18 19 20 21 22 23 25 26 27 28 29 30 31 32 33 34 36 37 38 39 40 41 42 43 44 45 46 47 48 49 50
88 8 10 11 12 13 14 15 17 18 19 20 21 22 23 24 25 26 27 28 29 30 31 32 33 34 35 36 37 38 39 40 41 43 44 45 46 47 49 50
34 8 9 10 11 12 13 14 15 16 17 18 19 20 21 22 23 24 25 26 27 29 30 31 32 33 34 36 37 38 39 40 41 42 43 44 45 46 47 48 49 50
20 9 10 11 12 13 15 16 17 18 20 21 22 23 24 25 26 27 28 29 30 31 32 33 34 35 36 37 38 39 40 41 43 44 45 47 49 50
80 10 11 12 13 14 15 16 17 19 21 22 24 25 26 27 28 29 30 32 33 34 35 36 38 39 40 41 42 43 44 45 47 48 49 50
86 11 12 13 14 15 16 17 18 19 20 21 22 23 24 25 26 27 28 29 30 31 32 34 36 37 38 39 40 41 42 43 44 45 46 47 48 49 50
88 12 13 14 15 17 18 19 20 21 22 23 24 25 26 27 28 29 30 31 32 33 34 35 36 37 40 41 42 43 44 45 46 47 49 50
21 13 14 15 16 18 19 21 22 24 25 26 27 28 29 30 31 32 34 35 37 38 39 40 41 42 43 44 45 46 47 48 49 50
20 14 15 16 17 18 19 20 21 22 23 24 25 26 27 29 30 31 32 33 34 35 36 37 38 39 40 41 42 43 44 45 46 47 48 49 50
80 15 16 17 18 19 20 21 22 23 24 26 28 29 30 31 32 33 34 35 36 37 38 39 41 43 45 46 47 48 49 50
51 16 17 18 19 20 21 22 23 24 25 26 27 28 30 31 32 33 34 36 37 38 39 40 41 42 43 44 45 46 47 48 49 50
28 18 19 20 21 22 23 24 26 27 28 29 31 32 33 34 35 36 37 38 39 41 42 43 44 45 46 47 49
87 18 19 20 21 22 23 24 25 26 28 29 30 31 32 33 34 35 36 37 38 39 40 41 42 43 44 45 46 48 49 50
33 19 20 21 22 23 24 25 26 27 28 29 30 31 32 33 34 35 36 37 38 39 40 41 42 43 44 45 46 47 48 50
29 20 22 23 24 25 26 28 29 30 32 33 34 35 37 38 39 40 41 42 43 44 45 46 47 48 49 50
27 21 22 23 24 25 26 27 29 30 31 32 33 34 35 36 38 39 40 41 42 43 44 47 48 49 50
78 22 24 25 27 28 29 30 31 32 33 34 35 36 38 39 40 41 42 43 44 45 46 47 48 49 50
22 24 25 26 27 28 29 30 31 32 33 34 35 36 37 38 39 41 42 43 44 46 47 48
70 24 25 26 27 28 30 31 32 33 34 35 36 37 38 39 40 41 43 44 45 46 47 48 49 50
65 27 28 29 30 31 32 34 35 36 37 38 40 41 42 43 44 45 47 48 50
88 26 27 28 29 30 31 32 33 34 35 36 37 38 39 40 41 42 43 44 45 46 47 48 49 50
75 27 28 29 30 31 32 33 34 36 37 38 39 40 41 42 43 44 45 46 47 48 50
80 28 29 30 31 32 33 34 35 36 37 38 39 40 41 42 43 44 45 46 47 48 49 50
100 29 30 31 32 33 36 38 39 40 42 43 44 45 46 47 48 49 50
79 30 31 32 33 34 35 36 37 38 40 41 42 43 44 45 46 47 49 50
66 31 33 34 35 36 37 38 40 41 42 43 44 45 46 48 49 50
33 32 33 34 35 36 37 38 39 40 41 42 43 44 45 46 47 48 50
70 33 34 35 36 37 38 39 40 41 42 44 45 47 49 50
63 34 35 36 38 39 40 41 42 43 45 46 47 48 49 50
48 35 36 37 38 39 40 41 42 43 44 45 47 48 49 50
55 36 37 38 40 41 42 43 44 46 47 48 49 50
66 37 38 39 40 41 42 45 46 47 48 49 50
100 38 40 41 42 43 44 45 46 47 48 49 50
52 39 40 41 42 43 44 45 46 47 48 49 50
23 40 41 43 44 45 46 47 48 49 50
50 41 42 43 44 46 47 48 49 50
72 42 43 44 45 46 47 48 49 50
37 43 44 45 46 47 48 49 50
27 44 45 46 47 48 49 50
28 45 46 47 48 49 50
22 46 47 48 49 50
43 47 48 49
38 48 49 50
67 49 50
85
40
