50	5	1000	10
-4	141	11
-4	178	7
-1	114	12
-3	162	9
-5	175	11
138 3 4 5 6 7 8 9 10 11 12 13 14 15 16 17 18 19 20 21 22 23 26 27 28 29 30 31 32 33 34 35 36 37 38 39 40 41 42 43 44 46 47 48 49 50
179 3 4 5 6 7 8 9 10 11 12 13 14 15 16 17 18 21 22 23 24 25 26 27 28 29 30 31 32 33 34 35 36 37 38 39 40 43 44 45 46 47 49 50
191 4 5 6 7 8 9 10 12 13 14 16 17 18 19 20 21 22 23 24 25 26 27 28 29 30 31 32 33 34 36 37 38 39 40 41 42 43 44 45 46 47 48 49 50
214 6 7 8 9 10 11 12 13 14 15 16 17 18 19 20 21 22 23 24 25 26 27 28 29 30 31 32 33 34 36 37 38 39 40 41 42 43 44 45 46 49 50
262 6 7 8 9 10 11 12 13 15 16 17 18 19 20 21 22 23 24 25 26 27 28 29 30 31 32 34 35 36 38 39 40 41 42 45 46 47 49 50
173 7 8 9 10 11 12 13 14 15 17 18 19 20 22 25 26 27 29 30 31 32 33 34 35 39 41 42 43 44 45 46 47 48 49 50
164 8 9 10 11 12 13 14 15 16 17 18 19 20 22 23 24 25 26 27 28 29 30 31 32 33 34 35 36 37 38 39 40 43 44 45 46 47 48 49 50
290 9 11 12 13 15 16 17 18 19 20 21 22 24 25 26 29 30 31 33 34 35 36 37 38 39 40 42 43 44 45 47 48 49 50
143 10 11 12 13 14 15 16 17 18 19 20 21 22 23 24 25 26 27 28 29 30 31 32 33 34 35 36 37 38 39 41 42 43 44 45 46 47 48 49 50
76 11 12 14 15 16 17 18 19 20 22 23 24 25 26 27 28 29 30 31 32 33 34 35 36 37 38 39 41 42 43 45 46 49 50
286 13 14 16 17 18 19 20 21 22 23 24 25 26 27 28 29 30 32 33 34 36 37 38 39 40 41 42 43 44 45 46 47 48 49
300 13 14 15 16 17 18 19 20 22 23 24 25 26 27 28 30 31 32 33 34 35 36 37 38 39 40 41 42 43 44 45 47 48 50
132 14 15 16 17 18 19 20 21 22 23 24 25 26 27 30 31 32 33 34 35 36 37 38 39 40 41 42 43 44 45 46 47 48 49 50
288 15 17 18 19 20 21 22 23 24 25 26 27 28 29 30 31 32 33 35 36 37 39 40 41 42 43 44 45 46 47 48 49 50
290 16 18 19 20 21 22 23 24 25 26 28 29 30 31 32 33 34 35 36 37 38 39 40 41 42 43 45 46 47 48 50
105 17 18 19 20 21 22 23 24 25 27 28 29 30 31 32 33 34 35 36 37 38 39 40 41 42 43 44 45 46 47 49 50
29 18 19 20 21 22 23 24 25 26 27 28 29 30 31 32 34 35 36 38 39 40 41 42 43 44 45 46 47 48 50
120 19 20 21 23 24 25 26 27 29 30 31 33 34 35 36 37 38 39 40 41 42 43 44 45 46 47 48 50
254 20 21 22 23 24 25 27 28 29 30 31 32 33 34 35 36 37 38 39 40 41 43 44 45 46 47 48 49 50
121 21 22 23 24 27 28 29 30 31 32 33 34 36 37 38 39 40 42 43 44 45 46 47 48 49 50
81 22 23 24 25 26 27 28 29 31 32 33 34 35 36 37 38 39 40 42 43 44 45 46 48 49 50
60 24 25 26 27 29 30 31 32 33 34 35 37 38 39 40 41 43 44 45 46 47 48 49 50
41 24 25 26 27 28 29 30 31 32 33 34 35 36 39 40 41 42 43 44 46 47 48 49 50
134 25 27 28 29 30 31 32 34 35 36 37 38 39 40 41 42 43 45 46 48 50
42 26 27 28 29 30 31 32 33 34 35 36 37 38 39 40 41 42 43 44 45 46 47 48 49 50
286 27 28 29 30 31 32 33 34 36 38 39 40 41 42 43 44 45 46 47 49 50
133 28 29 30 31 32 33 34 35 36 37 38 39 40 41 42 43 44 45 46 47 48 49 50
104 29 32 33 34 35 36 37 38 39 41 42 43 44 45 46 47 48 49 50
277 30 31 32 33 34 35 36 37 38 39 40 41 42 43 44 46 47 48 49 50
52 31 32 33 34 35 36 37 39 40 41 42 43 44 45 46 47 48 49 50
217 32 34 36 37 38 39 40 41 43 44 45 46 47 49 50
296 34 35 36 37 41 42 43 44 45 46 47 48 49 50
171 34 35 36 37 38 39 40 41 42 43 44 45 46 47 48 49 50
276 36 37 38 39 40 41 42 43 44 45 46 47 48 49 50
56 36 37 38 39 40 41 42 43 44 45 46 47 48 50
56 37 38 39 40 41 42 43 44 45 46 47 48 49 50
45 38 39 40 41 42 43 44 45 46 47 48 49
278 39 40 41 42 43 44 46 47 48 49 50
262 40 41 42 43 44 45 46 49 50
81 41 43 44 45 46 47 48 49 50
85 42 43 44 45 46 47 48 49 50
114 43 44 45 46 47 48 49
254 44 45 46 47 48 49 50
17 45 46 48 49 50
260 46 47 49 50
159 47 48 49 50
157 48 49 50
207 49 50
224
150
