200	10	10000	1
0	992	21
0	650	22
0	282	17
0	312	17
0	484	21
0	701	18
0	398	21
0	109	19
0	241	21
0	254	23
2824 2 3 4 5 6 7 8 9 10 11 12 13 14 15 16 17 18 19 20 21 22 23 24 26 27 29 30 31 32 33 34 35 36 37 38 39 40 42 43 44 45 46 47 48 49 50 51 52 53 54 56 57 58 59 61 62 63 65 67 68 69 70 71 72 73 74 75 76 77 78 79 80 81 82 83 84 86 87 89 90 91 92 93 94 95 97 98 99 101 102 103 104 105 106 107 108 109 110 111 112 114 115 116 117 118 119 120 121 122 123 124 126 127 128 129 130 131 133 134 135 136 137 138 139 140 141 142 143 144 145 146 147 148 149 150 151 152 153 154 155 156 157 158 160 161 162 163 164 167 169 170 171 172 173 174 175 176 177 178 180 181 182 183 184 185 187 188 189 190 191 193 194 195 196 197 198 199 200
2095 3 4 5 6 7 8 9 10 11 12 13 15 16 17 18 19 20 21 22 23 24 25 26 27 28 30 31 32 33 34 35 36 37 39 40 41 42 43 44 45 46 47 48 49 50 51 52 54 55 56 57 58 59 60 61 62 63 64 65 66 67 68 69 70 71 72 73 74 75 76 77 78 79 80 81 82 83 84 85 86 87 88 89 90 91 92 93 94 95 96 97 98 99 100 101 102 105 106 107 108 109 111 112 113 114 115 116 117 118 119 120 121 122 123 124 125 127 128 129 130 131 132 133 134 135 136 137 138 139 140 141 143 144 145 146 147 148 149 150 151 152 153 154 155 156 157 158 160 161 162 163 164 165 166 167 168 169 170 171 172 173 174 175 176 177 179 180 182 183 184 185 186 187 189 191 192 193 195 196 197 198 199 200
2626 4 5 6 7 8 9 10 11 12 13 14 15 16 17 18 19 21 22 23 24 25 26 27 28 29 30 31 33 34 35 37 38 40 41 42 43 44 45 46 47 48 49 51 52 53 55 56 58 59 60 61 62 63 64 65 66 67 68 69 71 72 73 74 75 76 77 79 81 82 83 84 85 86 87 88 89 90 91 92 93 94 95 96 97 98 99 101 103 104 105 106 107 108 109 110 111 112 114 115 116 117 118 120 121 122 124 126 127 128 129 130 131 133 134 135 137 138 139 140 141 142 143 145 146 147 148 149 150 151 152 153 154 155 156 157 158 159 160 162 163 164 165 166 167 168 169 170 171 172 173 175 177 178 179 180 181 183 184 186 187 188 189 190 191 192 193 194 195 196 198 199 200
2862 5 6 7 8 9 10 11 12 13 14 15 16 17 18 19 22 23 24 26 27 29 30 31 32 33 34 36 37 38 39 40 41 42 43 44 45 46 47 48 49 50 52 53 54 55 56 57 58 59 60 62 64 65 66 67 68 69 70 71 72 73 74 75 76 77 78 79 80 81 82 83 84 85 86 87 88 89 90 91 92 93 94 95 96 98 99 100 101 102 103 104 105 106 107 108 109 110 111 112 113 114 115 116 117 118 119 121 123 124 125 126 127 128 129 130 131 132 133 134 135 136 137 138 139 141 142 143 144 145 146 147 148 150 151 152 153 154 155 157 159 160 161 162 163 165 167 168 169 170 172 173 174 175 176 177 178 179 180 181 182 183 184 185 186 187 188 190 191 192 193 194 195 196 197 198 199 200
2749 6 7 9 10 11 12 13 14 16 17 18 19 20 21 22 24 25 26 27 28 29 30 31 32 33 34 35 36 37 38 39 40 41 42 43 44 45 46 47 48 49 50 51 52 53 54 55 56 57 58 59 60 61 62 63 65 66 68 69 70 71 72 73 74 75 77 78 79 81 82 83 84 85 86 88 89 91 92 93 94 95 96 97 98 99 100 101 104 106 107 108 109 110 111 112 113 114 115 116 117 118 119 120 121 122 123 124 125 126 127 129 130 131 133 134 135 136 137 138 139 140 141 142 143 144 145 146 147 149 150 151 152 153 155 156 157 158 159 160 161 163 164 165 166 167 168 169 170 171 172 173 174 175 176 177 178 180 181 182 183 184 185 186 187 188 189 190 191 192 193 194 195 196 198 199 200
2103 7 8 9 10 11 12 13 14 15 16 17 19 20 21 22 23 24 25 26 27 28 29 30 31 32 33 34 35 36 37 38 39 40 41 42 45 46 47 48 49 50 51 52 53 54 55 56 57 58 59 60 62 63 64 65 66 67 68 69 70 71 72 73 74 75 76 77 79 80 81 82 83 84 86 87 88 89 90 91 92 93 94 95 96 97 98 99 101 102 103 105 107 109 111 112 113 114 115 116 117 118 119 120 121 122 124 125 126 127 128 130 131 132 133 134 135 136 137 138 139 140 141 142 143 144 145 146 147 148 149 150 151 152 153 154 155 156 157 158 159 161 162 163 164 165 166 167 168 169 170 171 173 174 175 176 177 178 179 180 181 182 183 184 185 188 189 190 191 192 193 194 195 196 197 198 199 200
2959 8 9 11 12 13 14 15 16 17 18 20 22 23 24 25 26 27 28 29 31 32 33 34 35 36 37 38 40 41 42 43 44 45 46 47 48 49 51 52 53 54 55 56 57 58 60 61 62 63 64 65 66 67 68 69 70 71 72 73 74 75 76 77 78 79 80 81 83 84 85 86 87 88 89 90 91 93 94 95 96 97 98 99 101 102 103 104 105 106 107 108 109 110 111 112 113 114 115 116 117 118 119 120 121 122 123 125 126 127 128 129 130 131 132 133 134 135 136 137 138 139 140 141 142 143 144 145 146 147 148 149 150 151 152 153 154 155 156 157 159 161 163 165 166 167 169 170 171 172 173 174 175 176 178 179 180 181 182 183 184 185 186 187 188 189 190 192 194 195 196 197 198 199 200
2557 9 10 11 12 13 14 15 16 17 18 19 20 21 22 23 24 25 26 28 29 30 31 32 33 34 35 37 38 39 40 42 43 44 46 48 51 52 53 54 55 56 57 58 59 60 61 62 63 64 65 66 67 68 69 70 71 72 73 74 75 76 77 78 79 80 81 82 83 84 85 86 87 88 89 90 91 92 93 94 95 96 97 98 100 101 102 103 104 105 106 107 108 109 111 112 113 114 115 116 117 118 119 120 121 122 123 124 125 126 127 128 130 131 132 133 134 135 136 140 141 142 143 144 145 147 148 150 151 152 153 154 155 156 158 159 160 161 162 163 164 165 166 167 168 169 170 171 172 173 174 175 176 177 178 179 180 181 182 183 184 185 186 187 188 189 190 191 192 193 195 196 197 198 199 200
2515 11 12 14 16 17 18 19 20 21 22 23 24 25 26 27 28 29 30 32 33 35 36 37 38 39 40 41 42 44 45 46 47 48 49 50 51 52 53 55 57 58 59 60 61 62 63 64 65 66 67 68 69 71 72 73 74 75 76 77 78 79 80 81 82 83 84 85 86 87 88 89 92 93 94 97 98 99 100 101 102 103 104 105 106 107 108 109 110 111 113 114 115 116 117 118 119 120 121 123 124 125 126 127 128 129 130 131 132 133 134 135 136 137 138 139 140 141 142 143 144 145 146 147 149 150 151 153 154 155 156 157 158 159 160 161 163 164 165 166 167 168 169 170 171 172 173 174 176 177 178 179 180 181 182 183 184 185 186 187 188 189 191 193 194 195 196 197 198 199 200
2807 11 14 15 16 17 18 19 23 24 25 26 27 28 29 30 31 32 33 34 35 36 37 38 39 40 42 43 44 45 46 48 49 50 51 52 54 55 56 57 58 59 61 62 63 64 65 66 67 68 69 70 71 72 73 74 75 76 77 78 79 80 81 82 83 84 86 87 88 89 90 91 92 93 94 95 96 98 99 100 101 102 103 104 105 106 107 108 109 110 111 112 113 114 115 116 117 118 119 120 121 122 123 124 125 127 128 129 130 131 132 133 134 135 136 137 138 139 140 141 142 143 144 145 146 147 148 149 150 151 152 153 154 155 156 157 158 159 160 161 162 163 164 165 166 168 169 170 171 172 173 174 175 177 178 179 180 181 183 184 185 186 187 188 189 190 191 192 193 194 195 196 197 198 199
2468 12 13 14 15 16 17 18 19 20 21 22 24 25 26 27 28 29 30 31 32 33 34 35 36 37 38 39 40 41 42 43 44 45 46 47 49 50 51 53 54 55 56 57 59 60 61 62 63 64 65 66 67 68 69 70 71 72 73 74 75 77 78 79 80 81 82 83 84 85 86 87 88 89 90 91 92 95 96 97 98 99 100 101 102 103 104 106 107 108 109 110 111 112 113 114 115 116 118 119 120 121 122 123 124 125 126 127 128 129 132 133 134 135 136 137 138 141 142 143 146 148 150 151 152 153 154 155 156 157 158 159 160 161 162 163 164 165 167 169 170 171 172 174 175 176 177 178 179 180 181 182 183 184 185 186 187 188 189 190 191 192 193 194 195 196 197 198 199 200
2557 14 15 16 17 18 19 20 21 22 23 24 25 26 27 28 29 30 31 32 33 35 37 38 39 40 41 42 43 44 45 46 47 48 49 50 51 52 53 54 55 56 57 58 59 60 61 62 63 64 65 67 68 69 70 71 73 74 75 76 77 78 79 80 81 82 84 85 86 87 88 89 91 93 94 97 98 99 100 101 102 103 104 105 108 109 110 112 113 114 115 117 118 119 121 122 123 124 125 126 128 129 130 131 132 133 134 135 136 138 139 140 141 142 143 144 146 147 148 149 150 151 152 153 154 155 157 159 160 161 162 163 164 165 166 168 169 170 171 173 174 175 176 177 178 179 180 181 182 183 185 186 187 188 189 191 192 193 194 196 197 199
2169 14 15 16 17 18 19 20 22 23 24 25 26 28 29 30 31 32 33 34 35 36 37 38 41 42 43 44 46 47 48 49 50 51 52 53 54 55 56 57 58 59 61 62 63 64 65 66 67 68 69 70 71 72 73 74 75 76 77 79 80 81 82 83 84 85 86 87 88 89 90 91 92 93 94 95 97 98 99 100 101 102 103 104 105 106 107 108 109 110 111 112 113 114 115 116 117 118 119 120 121 122 123 124 125 126 127 128 129 131 132 133 134 136 137 138 139 140 141 142 143 144 145 146 147 148 149 150 151 152 153 154 155 156 157 158 159 160 161 162 163 164 165 166 167 168 169 170 171 172 173 174 175 177 178 179 180 182 183 184 185 186 187 190 191 192 193 194 195 196 197 198 199 200
2905 15 16 17 18 19 20 21 22 23 24 26 27 28 29 31 32 33 34 35 36 37 38 39 40 41 43 44 45 46 47 48 49 50 51 52 53 55 56 57 58 59 60 61 63 65 66 68 69 71 72 73 74 75 76 77 78 79 80 81 82 83 84 85 86 87 88 89 91 92 93 94 95 96 97 98 99 100 101 102 103 104 106 107 108 109 110 111 112 113 114 115 116 117 118 119 120 121 123 124 125 126 127 128 129 130 132 133 134 135 136 137 138 140 141 142 143 144 145 146 147 148 149 150 151 152 153 154 155 156 157 158 159 160 161 162 163 164 165 166 168 169 170 171 172 173 174 175 176 177 178 179 180 181 182 183 184 185 186 187 188 189 190 191 192 193 194 195 196 197 198 199 200
2506 16 17 18 19 20 21 22 24 26 27 28 29 30 32 33 34 35 36 37 39 40 41 42 43 44 45 46 47 49 50 51 52 53 54 55 56 57 58 59 60 61 62 63 64 66 67 69 70 71 72 73 74 75 76 77 78 79 80 81 82 83 84 85 86 87 88 89 90 91 93 94 95 96 97 98 99 101 103 104 105 106 107 108 109 110 111 112 113 114 115 116 117 118 119 121 122 123 124 125 126 127 128 129 130 131 132 133 135 136 137 138 139 140 141 142 143 145 146 147 148 149 150 151 152 153 154 156 157 158 159 160 161 162 163 164 167 169 170 171 172 173 174 175 176 177 178 179 180 181 183 184 185 186 187 188 189 190 192 194 195 196 197 198 199 200
2218 17 18 19 21 22 23 24 25 26 27 28 29 30 31 32 33 34 35 36 37 38 40 41 42 43 45 46 47 48 49 51 52 53 56 57 58 59 60 61 63 65 66 67 68 69 70 71 72 73 74 75 76 78 79 80 81 82 83 84 85 86 87 88 89 90 91 92 93 94 96 97 98 99 100 101 102 104 105 107 109 110 112 113 114 115 116 117 118 119 120 121 123 124 125 126 127 128 129 130 131 132 133 134 135 136 138 139 140 141 142 143 144 145 147 148 149 150 151 152 153 154 155 156 157 158 159 160 161 162 163 164 165 166 167 168 169 170 171 172 173 174 175 176 177 178 179 180 181 182 183 184 185 186 187 188 189 190 191 192 193 194 195 196 197 198 199 200
2734 18 20 21 22 23 24 25 26 27 28 29 31 32 33 34 35 37 38 39 40 41 42 43 44 46 47 48 49 50 51 52 53 55 56 57 58 59 61 62 63 64 66 67 68 69 70 71 72 73 74 75 76 77 78 79 80 81 82 83 84 86 87 89 90 91 92 93 94 95 96 97 99 100 101 102 103 104 106 107 108 109 110 111 112 113 114 115 116 117 118 119 121 123 124 125 126 128 129 130 131 132 133 134 135 136 137 138 139 140 141 142 143 145 147 148 149 150 152 153 154 155 156 157 158 159 160 161 162 163 164 165 166 168 169 170 171 172 173 174 175 176 177 178 179 180 181 182 183 184 185 186 187 188 189 191 192 193 195 196 197 198 199 200
2842 19 20 21 22 25 26 27 28 29 30 31 32 34 35 36 37 38 39 40 41 42 44 45 46 47 48 49 50 51 52 53 54 55 57 58 59 60 63 64 65 66 67 68 69 70 71 72 73 74 75 76 77 78 79 80 81 82 84 85 86 87 88 89 90 92 93 94 95 96 98 99 100 101 102 103 104 105 107 108 110 111 112 113 114 115 116 118 119 120 121 122 123 124 125 126 127 128 129 130 131 132 133 134 135 136 137 138 139 140 141 142 143 144 145 147 148 149 150 151 152 153 154 155 157 158 159 160 161 163 164 168 169 170 171 172 173 174 175 176 179 181 182 183 184 185 186 187 188 189 190 191 192 193 194 195 197 199 200
2043 21 22 23 24 25 26 27 28 29 30 32 33 34 35 36 37 38 39 40 41 42 44 45 46 47 48 49 50 51 52 54 56 57 58 59 60 61 62 63 64 65 66 67 68 69 70 71 72 73 74 75 76 77 78 79 80 81 83 84 85 87 88 89 90 91 92 93 94 95 96 97 98 99 100 101 102 103 104 105 106 107 108 109 110 111 112 113 114 117 118 119 120 121 122 123 124 125 126 127 128 129 130 131 133 134 135 136 137 138 139 140 141 144 145 147 148 149 150 152 154 155 156 158 159 160 161 162 163 164 165 166 167 168 169 170 171 172 173 174 175 176 177 178 179 181 182 183 185 186 187 188 189 191 192 193 194 195 196 197 198 199 200
2210 22 23 24 25 26 27 28 29 30 31 32 33 34 36 37 38 39 40 41 42 43 44 45 46 47 48 49 50 52 53 54 55 56 57 58 59 60 61 62 64 65 66 67 68 69 70 71 72 73 74 76 77 78 79 80 81 82 83 84 85 86 87 88 90 92 93 94 95 96 97 98 99 100 102 103 104 105 106 107 108 109 110 111 112 114 115 116 117 119 120 121 122 124 125 126 127 128 129 130 131 132 133 134 135 136 137 138 140 141 143 144 145 146 147 148 149 150 151 152 153 154 156 157 158 159 160 161 163 164 165 166 167 168 169 170 171 172 173 174 175 176 177 178 179 180 181 182 184 185 186 188 189 190 191 192 194 195 196 197 198 199 200
2866 22 24 25 26 27 28 29 30 31 32 33 34 36 37 38 39 40 41 42 43 44 45 46 47 48 49 50 51 52 53 54 55 56 57 58 59 60 61 62 63 64 65 66 67 68 69 70 72 73 74 75 76 77 78 79 80 82 83 84 85 86 87 88 89 91 93 94 95 96 97 98 99 100 101 102 103 104 105 106 107 108 109 110 111 112 113 114 115 116 117 118 119 120 121 122 123 124 125 126 127 128 129 130 131 132 134 135 137 139 140 143 144 145 146 147 148 150 151 152 153 154 155 157 158 159 160 161 163 164 165 166 167 168 169 170 171 172 173 174 175 176 177 178 179 180 181 182 183 184 185 186 187 188 189 190 191 192 193 194 195 196 197 198 199 200
2633 23 24 25 26 27 28 29 31 32 33 34 35 36 38 39 40 41 42 43 44 45 46 47 48 49 50 51 52 53 54 55 56 57 58 59 60 61 62 64 65 66 67 68 69 70 71 72 73 74 75 76 77 78 79 80 81 82 83 84 85 86 87 88 90 91 92 93 95 96 97 99 100 101 102 103 104 105 107 109 110 111 112 113 114 115 116 117 118 119 120 121 122 124 125 126 127 128 130 131 132 133 134 135 136 137 138 139 140 141 142 143 144 145 146 147 148 149 150 152 153 155 156 158 159 160 161 162 163 164 165 166 167 168 169 171 172 175 176 177 178 179 180 181 182 183 184 185 186 187 188 189 190 191 192 193 194 195 196 197 198 199 200
2747 24 25 26 27 28 29 30 31 32 33 34 35 36 37 38 39 40 41 43 44 45 46 47 48 50 51 52 53 54 55 56 57 58 59 60 61 62 63 64 65 66 67 68 69 70 71 72 73 74 75 76 77 78 80 81 82 83 84 85 86 87 88 90 91 92 93 94 95 98 99 100 101 102 103 104 105 107 108 109 110 111 112 113 114 115 116 117 118 119 121 122 123 124 125 127 128 129 130 133 134 135 136 137 138 139 140 141 142 143 144 145 146 147 149 150 151 152 154 155 156 158 159 161 162 163 164 165 166 167 169 170 171 172 173 174 175 176 177 178 179 180 181 182 183 184 185 186 187 188 189 190 191 193 194 195 196 198 199 200
2920 25 26 27 28 29 30 31 32 33 34 35 36 37 38 39 40 41 42 43 44 45 46 47 48 49 50 52 53 56 57 58 59 60 61 62 63 64 65 66 67 68 69 70 71 72 73 74 75 76 77 78 79 80 81 82 83 84 85 86 87 88 89 90 91 92 93 94 95 96 97 99 100 101 102 103 105 106 107 108 109 110 111 112 115 116 117 118 119 120 121 123 124 126 127 128 129 130 131 132 134 135 136 137 138 139 140 141 143 144 145 146 147 148 149 150 151 152 153 154 155 156 157 159 160 161 162 163 164 166 167 168 169 170 172 173 174 175 176 177 178 179 180 181 183 184 185 186 187 188 189 190 191 192 197 198 200
2195 26 27 28 29 30 31 32 33 34 35 37 38 39 40 43 44 45 46 47 48 49 50 52 53 54 56 57 58 59 60 61 62 63 64 65 66 68 69 70 71 72 73 74 75 76 77 78 79 80 82 83 85 86 87 88 89 90 91 92 93 95 96 97 98 99 100 101 102 103 104 105 106 107 108 109 112 113 114 115 116 117 118 119 120 121 122 123 124 125 126 127 128 129 130 131 132 133 134 135 136 138 139 140 141 142 143 144 146 147 148 149 150 151 152 153 154 155 156 157 158 159 160 161 162 163 164 165 166 167 168 169 170 173 174 175 176 177 178 179 180 181 182 183 184 185 186 187 188 189 190 192 193 196 197 198 199 200
2082 28 29 31 32 33 34 35 37 39 40 41 42 43 44 45 46 48 49 50 51 52 53 55 56 57 58 59 60 61 62 63 64 65 66 67 68 69 70 71 72 73 74 75 76 77 78 79 80 81 82 83 84 85 86 87 88 90 91 92 93 94 95 96 97 98 100 101 102 103 104 105 106 107 108 109 110 111 112 113 114 116 117 118 119 120 121 122 123 124 125 126 127 128 129 130 131 132 133 134 135 136 137 139 140 141 142 143 144 145 146 147 148 149 150 151 152 154 155 156 157 158 160 161 162 163 164 165 166 167 168 169 170 171 172 173 174 175 176 177 178 179 180 181 182 183 184 185 186 187 189 190 191 192 193 194 195 196 197 199 200
2560 28 29 30 31 32 33 34 36 37 38 39 40 41 42 43 44 45 46 48 49 50 51 52 53 54 55 56 57 58 61 62 63 64 66 67 68 69 70 71 72 74 75 76 77 78 80 81 82 83 84 85 86 87 89 90 91 92 93 94 95 96 97 98 99 100 101 102 103 104 106 107 108 109 110 111 112 113 114 115 116 117 118 119 120 121 122 123 125 126 127 128 129 130 131 132 133 134 135 136 137 138 139 140 141 142 143 144 145 146 147 148 149 150 151 152 153 154 155 156 157 158 159 160 161 162 163 164 166 167 169 170 171 172 173 175 176 177 178 179 180 181 182 183 184 185 186 187 188 189 190 192 193 194 195 196 197 198
2091 29 30 31 32 33 34 35 36 37 38 39 40 41 42 43 44 45 46 47 48 49 50 51 52 53 54 55 56 57 58 59 60 61 63 64 65 66 68 69 70 71 72 73 75 76 78 79 80 81 82 83 84 85 86 87 89 90 91 92 93 94 95 96 97 98 99 100 101 102 103 104 106 107 108 109 110 111 112 113 114 116 117 118 119 121 122 123 124 125 126 128 130 131 132 133 134 135 136 137 138 140 141 142 143 145 146 147 148 149 150 151 152 154 155 156 157 158 159 160 161 162 163 164 165 166 167 168 169 170 171 172 173 174 175 176 177 178 179 180 181 182 183 184 185 186 187 188 189 190 192 193 194 195 196 197 198 199 200
2919 30 31 32 33 34 35 36 37 38 39 40 41 42 43 44 45 46 50 51 53 54 55 57 58 60 61 62 64 65 66 67 68 69 70 71 73 77 79 81 82 83 84 85 86 87 88 89 90 91 92 93 94 96 97 98 99 100 102 103 104 105 106 107 108 109 110 111 112 113 114 115 117 118 119 120 121 122 123 124 125 126 127 128 129 130 131 132 133 135 136 137 138 139 140 141 142 143 144 145 147 148 149 150 151 152 153 154 156 157 159 160 161 162 163 164 165 166 167 168 169 170 171 172 173 174 176 177 178 179 180 182 183 184 186 187 188 189 190 191 192 193 194 195 196 198 199 200
2498 31 32 33 36 37 38 39 40 41 42 43 45 46 47 48 49 50 51 52 53 54 55 56 57 58 59 60 61 63 64 65 66 67 68 69 70 71 72 74 75 76 77 78 79 80 81 82 83 84 85 86 87 88 89 90 91 92 93 94 96 97 98 99 100 101 102 103 105 106 107 108 109 110 111 112 114 115 116 118 119 121 122 123 124 125 126 127 129 130 131 132 133 134 135 136 137 138 139 141 142 143 144 145 146 147 148 149 152 153 155 156 158 159 160 161 162 164 165 166 167 168 169 170 172 173 174 175 176 177 179 180 181 182 183 184 186 187 188 189 190 191 192 193 194 195 196 197 198 199 200
2027 32 35 36 37 38 39 40 41 42 43 44 45 46 47 48 49 50 51 52 53 54 55 56 57 58 59 60 61 62 63 64 67 68 69 70 71 72 73 75 76 77 78 79 80 81 84 85 86 88 90 91 92 93 94 95 96 98 99 100 101 102 103 104 105 106 107 108 109 111 112 113 114 115 117 118 120 121 122 123 126 128 129 130 132 133 135 136 137 138 139 140 141 142 143 144 145 146 147 148 149 150 151 152 153 154 155 156 159 160 161 162 164 165 166 167 168 169 170 171 172 173 174 175 176 177 178 179 180 181 182 183 184 185 186 187 188 189 190 191 192 196 198 200
2650 33 34 35 36 37 38 39 40 41 42 43 44 48 51 52 53 54 55 56 57 59 62 63 64 65 66 68 69 70 71 72 73 74 75 77 78 79 80 82 83 84 85 86 87 88 89 90 91 92 93 94 96 97 98 99 100 101 102 103 104 105 106 107 108 109 111 112 113 114 115 117 119 121 122 123 125 126 127 128 129 131 132 133 135 136 137 138 139 140 141 142 143 145 146 148 149 150 151 152 153 154 155 156 157 159 161 162 163 164 165 166 167 168 169 170 171 172 173 174 175 176 177 178 179 180 181 182 183 184 185 188 189 190 191 192 193 194 195 196 197 198 199 200
2037 34 35 36 37 39 40 42 43 44 45 46 47 49 50 51 52 53 54 56 57 58 60 61 62 63 64 65 66 68 69 70 71 72 73 74 75 76 77 78 79 80 81 82 83 84 85 86 87 88 89 90 91 92 93 94 95 96 97 98 99 100 102 103 104 105 106 107 109 110 111 112 113 114 115 116 117 118 119 121 122 123 124 125 126 127 128 129 130 131 132 133 134 135 136 137 138 139 140 141 143 144 145 146 147 148 150 151 152 153 154 155 156 157 158 159 161 162 163 164 166 167 168 169 171 172 173 174 175 176 177 178 179 182 183 184 185 186 187 188 189 191 192 193 195 196 197 198 199 200
2490 36 37 38 39 40 41 42 43 44 45 46 47 48 49 50 51 52 53 54 55 56 57 58 59 60 62 63 65 66 67 68 70 71 72 73 74 77 78 80 81 82 83 84 85 86 87 88 89 90 91 92 93 94 95 96 97 98 99 100 101 102 103 106 107 108 109 110 111 112 113 114 115 116 117 118 119 120 121 122 123 124 125 126 127 128 129 130 131 132 133 134 135 136 137 138 139 140 141 142 143 144 145 146 147 148 149 151 152 153 154 155 156 157 158 159 161 163 164 166 167 168 169 171 172 173 174 176 177 178 180 181 182 183 184 185 186 188 189 190 191 192 193 194 195 196 197 198 199 200
2855 36 37 38 40 42 43 44 45 46 47 48 49 50 51 52 53 55 56 57 58 59 60 61 62 63 65 66 67 68 70 71 72 73 74 75 76 77 78 79 80 81 82 83 84 85 86 87 88 89 90 91 92 93 94 95 96 97 98 101 103 104 105 106 107 109 110 111 112 113 114 115 116 117 118 119 120 121 122 123 125 126 128 129 130 131 132 133 134 135 136 137 138 139 140 142 143 144 145 146 147 148 149 150 151 152 153 154 155 156 157 158 159 160 161 162 164 165 166 168 169 170 171 172 173 174 175 176 177 178 179 180 181 182 183 184 185 186 187 188 190 191 192 193 195 196 197 198 199 200
2611 37 38 39 40 41 42 43 44 45 46 47 48 50 52 53 54 55 56 57 58 59 60 61 63 64 65 67 68 69 70 72 73 74 75 76 77 78 79 80 81 83 84 86 88 90 91 92 94 95 96 97 98 100 101 102 103 105 106 107 108 109 110 111 112 113 114 115 116 117 118 119 120 121 122 123 126 127 129 130 132 133 134 135 136 137 138 139 140 141 142 143 144 145 146 147 148 149 150 151 152 153 154 155 156 157 158 160 161 162 163 165 166 167 168 169 170 172 173 174 175 176 177 179 180 181 182 184 186 187 188 189 191 192 193 194 195 196 197 198 199 200
2343 38 40 41 42 43 44 45 46 47 48 49 50 53 54 56 57 58 59 60 61 63 64 65 66 67 68 69 70 71 72 73 75 76 77 78 79 80 81 82 83 84 85 86 87 89 90 91 92 93 94 95 96 97 98 99 100 102 103 104 105 106 107 108 109 110 111 113 114 115 116 117 118 119 120 121 122 123 124 125 126 127 128 129 130 131 132 133 134 135 136 137 138 139 140 141 142 143 144 145 146 147 148 149 150 151 152 153 154 155 157 158 160 161 162 163 164 165 166 167 168 169 170 171 172 173 174 175 176 177 178 179 180 181 182 183 184 185 186 187 188 189 190 191 192 193 194 195 196 197 198 199 200
2001 39 40 41 42 43 44 45 46 47 49 50 51 52 53 56 57 58 59 60 61 63 64 65 67 68 69 70 71 73 74 75 76 77 78 79 80 81 82 83 84 85 86 87 88 90 91 92 93 94 96 97 98 99 100 101 102 103 104 105 106 107 108 109 110 111 112 113 115 116 117 118 119 120 121 122 123 124 125 126 127 129 130 131 132 133 134 135 136 137 138 139 140 141 143 144 145 146 147 148 149 150 151 152 153 154 155 156 157 158 159 160 161 162 164 165 166 167 168 169 170 171 172 173 174 175 176 177 178 179 180 181 182 183 184 185 186 187 188 189 190 191 192 193 194 195 196 197 198 199 200
2857 40 41 42 43 44 45 46 47 48 49 50 51 52 53 54 55 56 57 58 59 60 61 62 63 64 65 66 67 68 69 70 71 72 73 74 76 77 78 79 80 81 82 83 84 85 86 87 88 89 90 91 92 93 94 95 96 97 99 103 104 105 107 108 109 110 111 112 113 114 115 116 117 118 119 120 121 122 123 124 125 126 127 128 129 130 131 132 133 134 136 137 138 139 140 141 142 144 145 146 147 148 149 150 152 153 154 155 156 157 158 159 160 161 162 163 164 165 166 167 168 169 170 171 172 174 175 176 177 178 179 180 181 182 184 185 186 187 188 189 190 191 192 193 194 195 196 197 199 200
2195 41 42 44 45 46 47 48 49 50 51 52 53 54 55 56 57 58 59 60 61 62 63 65 66 67 68 69 70 71 73 74 75 76 77 78 79 80 81 82 83 84 85 86 87 88 89 91 92 93 95 96 98 99 100 101 102 103 104 105 106 107 109 110 111 112 113 114 115 116 117 119 120 122 123 124 125 126 127 128 129 131 132 133 134 135 136 138 139 140 141 142 144 145 146 147 148 149 150 151 152 153 154 155 156 157 158 159 160 161 162 164 165 166 167 168 169 170 171 172 173 174 175 176 178 179 180 181 183 185 186 187 189 190 192 193 194 195 196 197 198 199 200
2622 42 43 44 45 46 47 48 49 50 52 53 54 56 57 58 59 60 61 62 63 64 65 66 67 68 69 71 72 73 74 75 76 78 79 80 81 82 83 84 85 86 87 88 89 90 92 93 94 95 96 97 99 100 102 103 104 106 107 109 110 111 113 115 117 118 119 120 121 123 124 125 126 127 128 129 132 133 134 135 136 137 139 140 141 142 143 144 146 147 148 150 151 152 153 154 155 156 157 158 159 160 161 162 163 164 165 166 167 168 169 170 171 172 173 175 176 177 178 179 180 181 182 183 184 185 186 187 188 189 190 192 193 195 196 197 198 199 200
2022 43 44 45 46 47 48 49 50 51 54 55 56 57 58 59 60 61 62 63 64 65 66 67 68 69 70 71 72 73 74 75 76 77 78 79 80 81 83 84 86 87 88 89 90 91 92 93 95 96 97 98 99 100 101 102 103 104 105 106 108 109 110 111 112 113 114 115 116 117 118 119 120 121 123 124 126 127 128 129 130 131 133 134 135 136 137 138 139 140 141 142 143 144 146 147 148 149 150 152 153 155 156 158 159 160 161 162 163 164 165 166 167 168 169 170 171 172 173 174 175 177 178 179 180 181 183 184 185 186 187 189 190 191 192 193 194 195 196 197 198 199
2882 44 46 47 48 49 50 52 53 55 56 57 58 59 60 61 62 63 64 65 66 67 68 69 70 71 72 73 74 75 76 77 78 79 80 81 82 83 84 85 86 87 88 89 90 91 92 93 94 95 96 97 98 99 100 101 102 103 104 105 106 107 109 111 114 115 116 117 118 119 120 121 122 123 124 125 127 128 129 130 132 133 134 136 137 138 139 140 141 142 143 145 146 147 148 149 150 151 153 154 156 157 158 159 160 161 162 163 166 167 168 169 170 171 172 173 174 175 176 177 178 179 180 181 182 183 185 186 187 188 189 190 191 192 193 194 195 196 197 198 199 200
2288 45 46 47 48 49 50 51 52 54 55 56 57 58 59 60 61 62 63 64 65 66 67 68 69 70 71 72 73 74 75 76 77 78 79 80 81 82 83 84 85 86 87 88 89 90 91 92 93 94 95 96 97 98 99 100 102 103 104 105 107 108 109 110 111 112 113 114 115 116 117 119 120 121 122 123 124 125 126 127 128 129 130 131 132 133 135 136 137 138 140 141 142 143 145 146 147 148 149 150 151 152 153 154 156 157 158 159 160 161 163 164 165 166 167 168 169 170 171 172 174 175 176 177 178 179 180 181 182 183 184 185 186 187 188 189 190 191 192 193 194 195 196 197 198 199 200
2773 46 47 48 49 50 51 52 53 54 55 56 57 58 59 60 61 62 63 64 65 66 67 68 70 71 72 73 74 75 76 77 78 79 80 81 82 83 85 87 89 90 91 92 93 94 95 96 97 98 99 100 101 102 103 105 106 107 108 109 110 111 112 113 114 115 116 117 118 119 120 121 122 123 124 125 126 127 128 129 130 131 133 134 135 136 138 139 141 142 143 144 145 146 147 148 149 150 151 152 154 155 156 157 158 159 161 162 163 164 165 166 167 168 169 171 172 173 175 176 177 178 180 181 182 183 184 185 186 188 189 190 191 192 193 194 195 196 197 198 199 200
2317 47 48 49 51 52 53 54 55 57 58 59 60 61 62 63 64 65 66 67 68 69 70 71 72 73 74 75 77 78 79 80 81 82 83 84 85 86 87 88 89 91 92 93 94 95 96 99 101 102 103 104 106 107 108 109 110 111 112 113 114 115 116 117 118 119 120 121 122 123 124 125 126 128 129 130 131 132 133 134 135 136 137 138 139 140 142 143 144 145 146 147 148 149 150 152 153 154 155 156 157 158 159 160 161 162 163 164 165 166 167 168 169 170 171 172 173 174 175 176 177 178 179 180 182 183 186 187 188 189 190 191 192 193 196 197 198 199 200
2822 48 49 50 51 52 53 54 55 56 57 58 59 60 62 63 64 66 67 68 69 70 71 72 73 74 75 76 77 79 80 81 82 83 84 85 86 87 88 89 90 91 92 93 94 95 96 97 98 99 100 101 102 103 104 105 107 108 110 111 112 113 114 115 116 117 118 119 120 121 123 124 125 126 127 128 130 132 133 134 135 136 137 138 139 140 141 143 144 145 147 148 149 150 151 152 153 154 155 156 158 159 160 161 162 163 164 165 166 167 168 169 170 171 172 173 174 175 176 177 178 179 181 182 183 186 187 189 191 192 193 194 195 196 198 199 200
2033 49 50 51 52 53 54 55 56 58 60 61 63 64 65 66 69 71 72 73 74 75 76 77 79 80 82 84 85 86 87 88 90 91 92 93 94 95 96 97 98 99 100 101 102 104 105 106 107 108 109 110 111 112 114 115 116 117 118 119 120 121 122 123 124 125 126 127 128 129 130 131 133 135 136 137 138 139 140 141 142 143 145 146 147 148 149 150 151 153 154 155 156 157 158 159 160 161 162 163 164 165 166 168 170 171 172 173 174 175 176 177 178 179 180 181 182 183 184 185 187 188 189 190 191 192 193 194 195 196 198 199 200
2897 50 51 52 53 54 56 57 58 59 61 62 63 64 65 66 67 68 69 71 72 73 74 75 76 77 78 79 80 81 82 84 85 86 87 89 90 92 93 95 96 97 98 99 100 101 102 104 105 106 107 108 109 110 111 112 116 117 118 119 120 121 123 124 126 127 128 129 130 131 132 133 134 135 136 137 138 139 141 142 143 144 145 146 147 148 149 150 151 152 153 154 155 156 157 158 159 160 161 162 163 164 165 166 167 168 169 170 172 174 175 176 177 178 179 182 183 184 185 186 187 188 189 190 191 193 194 195 196 197 198 199 200
2945 51 52 53 54 56 57 58 59 60 61 63 64 65 66 67 68 69 70 71 73 74 75 76 77 78 79 80 83 84 85 86 87 88 89 90 91 92 93 94 95 96 97 98 99 100 101 102 103 104 105 106 107 108 109 110 111 112 113 114 115 116 117 118 119 120 121 122 123 124 125 126 128 129 130 131 132 133 134 135 136 138 139 140 141 142 143 144 145 146 147 148 149 150 151 152 153 154 155 156 157 158 159 160 161 162 163 164 165 166 167 168 169 171 172 173 175 176 177 178 179 180 181 183 184 185 186 187 188 190 191 192 193 194 195 196 197 198 199 200
2340 52 53 55 56 57 58 60 61 62 63 64 65 66 67 69 70 72 73 74 76 77 78 79 80 82 83 84 85 86 87 88 89 92 94 95 96 97 98 101 102 103 104 105 106 107 108 109 110 111 112 113 114 115 116 117 118 119 120 121 122 123 124 125 126 127 128 130 132 133 135 136 137 138 139 140 144 145 146 147 148 149 150 152 153 154 155 156 157 158 160 161 162 163 164 165 166 167 168 169 170 171 172 173 174 175 176 177 178 179 180 181 182 183 184 185 186 188 189 190 191 192 193 194 195 196 198 199 200
2875 53 54 56 57 59 60 61 62 63 64 65 66 67 68 69 70 71 72 73 74 75 76 77 78 79 80 81 82 83 84 86 87 88 89 90 91 92 93 94 95 96 97 98 99 100 102 103 104 105 106 108 109 110 111 112 113 114 115 116 117 118 119 120 121 122 123 124 126 127 128 129 131 132 133 134 135 136 137 138 139 140 141 142 143 144 145 146 147 148 149 150 151 152 153 155 156 157 158 159 160 161 162 163 164 165 166 167 168 169 170 171 172 173 175 176 177 178 179 180 181 182 183 184 185 187 188 189 190 191 193 194 195 197 199
2735 54 56 57 58 59 60 61 62 63 64 65 66 67 68 69 70 71 72 73 74 75 76 77 78 80 81 82 83 84 86 87 88 89 90 91 92 93 94 97 98 99 101 102 103 104 105 106 107 108 109 110 111 112 113 114 115 116 117 118 119 120 121 122 124 125 126 127 128 129 130 131 132 133 134 135 136 137 138 139 140 141 142 143 144 145 146 148 149 150 152 153 154 155 156 157 158 159 160 161 162 163 164 165 166 167 169 170 171 172 173 174 175 176 177 180 181 182 183 184 185 186 187 188 190 191 192 193 194 195 196 197 198 199 200
2865 55 56 58 59 60 61 62 63 64 65 66 67 68 69 70 71 73 74 75 76 77 78 79 80 81 82 83 84 86 87 88 89 90 92 93 94 95 96 97 98 99 101 102 103 104 105 106 107 108 109 110 111 112 113 114 115 116 117 118 119 120 121 122 123 124 125 126 127 128 129 130 131 132 133 134 136 137 138 140 141 142 143 144 145 146 147 148 149 150 152 153 154 155 156 157 158 159 161 164 165 166 167 168 169 171 172 175 176 177 178 179 180 181 182 183 184 185 186 187 188 189 190 191 192 193 194 195 196 197 198 199 200
2350 56 57 58 59 60 61 63 64 65 66 67 68 69 70 71 72 73 74 75 76 78 80 81 82 83 84 85 86 87 88 89 91 93 94 95 96 97 98 99 100 103 104 105 106 107 108 109 110 111 112 113 114 115 116 117 118 119 120 121 122 123 126 127 128 129 131 132 133 134 135 136 137 138 139 140 141 142 143 144 145 146 147 148 149 150 151 152 153 154 155 157 158 159 160 161 162 163 164 165 166 167 168 170 171 172 173 174 175 176 177 178 179 180 181 182 183 184 185 186 187 188 189 190 191 192 193 194 195 196 197 198 199 200
2013 57 58 60 61 62 63 64 65 66 68 69 70 71 72 73 74 75 76 77 78 79 80 81 82 83 84 85 86 87 88 89 90 91 92 94 95 97 98 99 100 101 102 103 105 106 107 108 110 111 112 113 114 115 118 120 121 122 123 124 125 126 127 128 129 130 131 132 133 134 135 136 137 138 139 140 141 142 143 144 145 146 147 148 149 150 151 152 153 154 155 156 157 158 159 160 161 162 163 164 165 167 168 169 170 171 172 173 174 175 176 177 178 179 180 181 182 184 185 186 187 188 189 190 191 192 193 195 196 197 199
2457 58 59 60 61 62 63 64 65 66 67 68 69 70 71 72 73 74 75 76 77 78 79 80 81 82 83 84 85 86 87 89 90 91 92 93 94 95 96 97 98 100 101 102 103 104 105 106 107 108 109 110 111 112 113 114 115 116 117 118 119 120 121 122 123 124 125 127 130 131 132 133 134 135 136 137 138 139 140 141 142 143 144 146 148 149 150 151 152 153 155 156 157 158 161 162 163 164 165 166 167 168 169 170 171 172 174 176 178 179 180 181 182 183 184 185 187 188 189 190 191 192 193 194 195 196 197 198 199 200
2015 59 60 61 62 63 64 65 66 67 69 70 72 73 74 75 76 77 78 79 80 81 82 83 84 86 87 88 89 90 91 92 93 94 95 96 97 98 100 101 102 103 104 105 106 107 109 110 111 112 113 114 115 116 117 119 120 121 122 123 124 125 127 128 130 131 132 133 134 136 137 139 140 141 142 145 146 147 148 149 150 151 152 153 154 155 156 157 158 159 160 161 162 163 164 165 166 167 168 170 171 172 173 174 175 176 177 178 180 181 183 184 185 186 187 188 189 190 191 192 193 194 195 197 199 200
2102 60 61 62 63 65 66 67 68 69 70 71 72 73 74 75 76 77 78 80 81 84 85 86 87 88 89 91 92 93 94 95 96 97 99 100 101 102 103 104 105 106 107 108 109 110 111 112 113 114 115 116 117 118 119 120 122 123 124 125 126 128 129 130 132 133 134 135 136 137 138 139 141 142 143 144 145 146 147 148 149 150 151 152 153 154 156 157 158 159 160 162 163 164 165 166 167 168 169 170 171 172 173 174 175 176 177 178 179 180 181 182 183 184 185 186 188 189 190 191 192 193 194 195 196 197 198 199 200
2285 61 62 63 64 65 67 68 69 70 71 72 73 74 76 77 78 79 80 81 82 83 84 87 88 89 90 91 92 93 94 95 97 98 99 100 101 102 103 105 106 107 108 109 110 111 112 113 114 116 117 118 119 120 121 122 123 124 125 127 129 132 134 135 136 137 138 139 141 142 143 144 145 146 147 148 150 152 153 154 155 156 157 159 160 161 162 163 164 165 166 167 168 169 170 171 173 174 175 176 177 178 179 180 181 182 183 184 185 187 188 189 190 191 192 193 194 195 197 198 199 200
2516 62 63 64 65 66 67 68 70 71 72 73 74 75 76 77 78 79 80 81 82 83 84 85 86 87 88 89 90 91 92 93 94 95 96 98 99 100 101 102 104 105 106 107 109 110 111 112 113 114 115 116 117 118 119 120 121 122 123 124 125 126 127 128 129 130 131 132 133 134 135 138 139 140 141 142 144 145 146 147 148 150 152 153 154 155 156 157 158 159 160 161 162 163 164 165 166 167 168 169 170 171 172 173 174 175 176 177 178 179 180 181 182 183 184 185 186 187 188 189 190 191 192 193 194 196 198 200
2989 63 66 67 69 70 71 72 74 75 76 78 79 80 81 82 83 84 85 86 87 88 89 90 91 92 93 94 95 96 97 99 101 102 103 104 105 106 107 108 109 110 111 112 113 114 115 116 117 119 120 121 122 123 124 125 126 127 128 129 130 131 132 133 134 135 136 137 138 139 141 142 143 144 145 146 147 148 149 150 151 152 153 156 157 158 159 160 161 162 163 165 166 167 168 169 170 171 173 174 175 176 177 178 179 180 181 182 183 184 185 186 187 188 189 190 192 193 194 195 196 197 198 199 200
2822 64 65 66 67 68 69 70 71 72 73 74 75 76 77 78 79 80 81 82 83 84 85 86 87 88 90 91 92 93 94 95 96 97 98 99 100 101 102 103 104 105 106 107 108 109 110 111 112 113 114 115 116 117 118 119 120 122 123 125 126 127 128 129 130 131 132 133 134 135 136 137 138 139 140 141 142 143 144 145 147 148 149 150 151 152 153 154 155 156 157 158 159 160 161 163 164 166 167 168 169 170 171 172 173 174 175 176 177 178 179 180 181 182 183 184 185 186 187 188 189 190 191 193 194 195 196 197 198 199 200
2841 65 66 67 68 69 70 72 73 74 75 77 78 79 80 81 82 83 84 85 86 87 88 89 90 91 92 93 94 95 96 97 98 100 101 102 103 104 105 106 107 109 110 111 112 113 115 116 117 118 120 121 122 123 124 125 126 127 128 129 130 131 132 133 135 136 137 138 139 140 141 142 143 144 145 146 147 148 149 150 151 152 153 154 155 156 157 159 160 161 162 164 165 166 167 168 169 171 172 174 175 176 177 178 179 180 181 184 185 186 187 188 189 190 191 192 193 194 195 196 197 198 199 200
2869 66 68 69 70 71 73 75 76 77 78 79 80 81 82 83 84 86 87 88 89 90 91 92 93 94 95 96 98 100 101 103 104 105 106 107 108 109 110 111 112 113 114 115 116 117 118 119 120 121 122 123 124 126 127 128 130 131 132 133 134 135 136 137 138 139 140 141 142 143 145 146 147 149 150 151 152 153 154 155 156 157 158 159 160 161 162 163 164 165 166 168 170 171 172 173 174 176 177 178 180 181 182 184 185 186 187 188 189 190 191 192 193 195 196 197 198 199 200
2916 67 68 70 71 74 75 76 77 78 79 80 81 82 83 84 85 86 87 88 89 90 91 92 93 94 95 96 97 98 99 100 101 102 103 104 105 106 107 108 109 110 111 112 113 114 115 116 118 119 120 121 122 123 124 125 126 128 129 130 131 132 133 134 135 136 138 139 140 141 142 143 144 145 146 147 148 149 150 151 153 154 155 156 157 158 159 160 161 162 163 166 167 168 169 170 171 172 173 174 175 177 178 179 180 181 182 184 185 186 187 188 189 190 191 192 193 195 196 197 198 199 200
2248 68 69 70 72 73 74 75 76 77 78 79 80 81 82 83 84 85 86 87 88 89 90 91 92 93 94 95 96 97 98 100 101 102 104 105 106 107 108 109 110 111 112 113 114 115 116 117 118 119 120 121 122 123 124 125 126 129 130 131 132 133 134 135 136 137 139 140 141 142 143 144 147 148 149 150 151 152 153 155 156 157 158 159 160 161 162 163 164 165 166 167 168 169 171 172 173 174 175 177 178 180 181 182 183 184 185 186 188 189 190 191 192 193 194 195 196 197 198 199 200
2380 69 70 72 73 74 75 76 77 78 79 80 81 82 83 84 85 86 87 88 89 90 91 92 93 95 96 98 99 100 102 103 104 105 106 107 108 109 110 111 112 113 114 115 116 117 118 119 120 121 122 123 124 125 126 128 129 130 131 132 133 134 135 136 137 139 140 142 143 144 145 146 147 148 149 150 151 152 154 155 156 157 158 159 160 161 162 163 164 165 166 167 168 169 170 171 173 174 175 176 177 178 179 180 181 182 183 184 186 187 188 190 191 192 193 194 195 196 197 198 199 200
2046 70 71 72 73 74 75 76 77 78 79 80 81 82 83 84 85 86 87 88 89 90 91 92 93 94 95 96 97 98 99 100 102 103 104 105 106 107 108 109 110 111 112 113 114 116 117 118 119 120 121 122 123 124 125 126 127 129 130 132 133 134 135 137 138 139 140 141 142 143 145 146 147 148 149 150 151 153 154 155 156 157 158 159 160 161 162 163 164 165 166 167 168 169 170 171 172 174 175 176 177 178 179 180 181 182 183 184 186 187 188 189 190 191 192 193 194 195 196 197 198 199 200
2620 72 73 75 76 77 78 79 80 82 83 84 85 86 87 88 89 90 91 92 93 95 96 97 98 99 101 103 104 105 106 107 108 110 111 113 115 116 117 118 119 120 121 123 124 125 126 127 128 129 130 131 132 133 134 136 137 138 139 140 141 142 143 144 145 146 148 149 150 151 152 153 154 155 156 157 158 159 160 161 162 165 166 167 168 169 170 172 173 174 175 176 178 179 180 182 183 184 186 188 189 190 191 192 193 194 195 196 197 198 200
2984 72 73 74 75 76 77 78 79 80 81 82 83 85 86 87 88 89 90 92 93 94 95 96 97 98 99 100 101 102 103 104 106 107 108 109 110 111 112 113 114 115 116 117 118 119 120 121 122 126 127 128 129 130 131 132 133 134 135 136 137 138 140 141 142 144 145 146 147 148 149 150 151 152 153 154 155 157 158 159 161 162 163 164 165 166 168 169 170 171 172 173 174 175 177 178 179 180 181 182 183 185 186 187 188 189 191 192 193 194 195 196 197 198 199 200
2744 73 74 75 77 78 79 80 81 82 83 84 85 86 87 89 90 91 92 94 95 96 97 98 100 101 104 105 106 107 108 109 110 111 112 113 114 115 116 117 118 120 121 122 123 124 126 127 129 131 132 134 135 137 138 139 140 141 142 143 145 146 147 148 149 150 151 152 153 154 155 156 157 158 159 160 161 163 164 165 166 167 168 169 170 171 172 173 174 175 176 178 179 180 181 182 183 184 185 186 189 190 191 192 193 194 195 196 197 198 199 200
2073 74 76 77 78 79 80 81 82 83 84 85 86 87 88 89 90 91 92 93 94 95 96 97 98 99 100 101 102 103 105 106 107 108 110 111 112 113 114 115 116 118 119 121 122 123 124 125 126 127 128 129 130 131 132 133 134 135 136 137 138 139 140 141 142 143 144 145 146 147 148 149 150 151 152 153 154 155 156 157 158 159 160 161 162 163 164 165 166 167 168 171 172 173 174 175 176 177 178 179 180 181 182 183 184 185 186 187 188 189 190 191 193 194 195 196 197 199 200
2989 75 76 78 79 80 81 82 83 85 86 87 88 89 90 91 92 93 94 95 96 97 99 100 101 102 103 104 105 106 107 108 109 110 111 112 113 114 117 118 119 120 121 122 124 125 126 127 128 129 130 131 132 133 134 135 136 137 138 139 141 142 143 144 145 146 147 148 149 150 151 152 153 154 155 156 157 158 160 161 162 164 165 166 167 169 172 173 174 175 176 177 178 179 180 181 182 183 184 185 187 188 189 190 191 192 193 194 196 197 198 199 200
2780 76 77 78 79 80 81 82 83 84 85 86 87 88 89 90 91 92 93 94 95 96 97 98 99 100 101 102 103 104 105 106 108 109 113 114 115 116 117 119 120 122 123 124 125 126 128 131 132 134 135 136 138 139 140 141 142 143 144 145 146 147 148 149 150 151 152 153 154 155 156 157 158 159 160 161 162 163 164 165 166 168 169 171 172 173 174 175 176 177 178 179 180 181 182 183 184 185 186 187 189 190 191 192 193 194 195 196 197 198 200
2228 77 78 79 80 81 82 83 84 85 87 88 89 90 91 92 93 94 96 97 99 100 102 103 104 105 106 107 108 109 110 111 112 113 114 115 116 117 118 119 120 121 123 124 125 126 127 129 130 131 132 133 134 135 136 137 138 139 140 141 142 143 144 145 146 147 148 149 150 151 152 153 154 155 156 157 158 159 160 161 162 163 164 165 166 167 168 169 170 171 172 173 174 175 176 177 178 179 180 181 182 183 184 185 186 188 189 190 191 193 194 196 197 198 199 200
2894 78 79 80 81 82 83 84 86 87 88 89 90 91 92 94 95 96 97 99 100 101 102 103 104 105 106 107 108 109 110 111 112 113 114 115 116 117 118 119 120 122 123 124 126 127 128 129 130 131 132 133 134 135 137 138 139 140 141 143 144 145 146 147 148 149 150 151 152 153 154 155 156 157 158 159 160 162 163 165 166 167 168 169 170 171 172 173 174 176 177 178 179 180 181 182 183 184 185 187 189 190 191 193 194 195 196 198 199 200
2988 79 80 81 82 83 84 85 86 87 88 89 90 91 92 93 94 95 96 98 99 100 101 102 103 104 105 106 107 108 109 110 111 112 114 115 116 117 118 119 120 121 122 123 125 126 127 128 129 131 132 133 134 135 137 138 139 140 141 142 143 144 145 146 147 148 149 150 151 152 153 154 155 156 157 158 159 161 162 163 164 165 166 167 168 170 171 172 173 174 176 177 178 179 181 182 183 184 185 186 187 188 189 190 191 192 193 194 195 196 197 198 199 200
2991 80 81 82 83 84 86 87 88 90 91 92 93 94 95 96 97 98 99 101 102 103 104 105 106 107 108 109 110 112 113 114 115 116 117 118 119 120 121 122 123 125 126 128 129 130 131 132 133 134 135 136 137 138 139 140 141 142 144 145 146 147 148 150 151 152 153 156 157 158 159 161 162 163 164 165 166 167 168 169 170 172 174 176 177 178 181 182 183 184 185 186 187 188 189 190 191 192 193 194 195 196 197 198 199
2931 81 82 83 84 85 86 87 89 91 92 93 94 95 96 97 98 100 101 102 103 104 105 106 107 108 109 110 111 113 114 115 116 117 118 119 120 121 122 123 124 125 126 127 128 129 132 133 134 136 137 138 139 140 141 142 144 145 146 147 148 149 150 151 152 153 154 155 156 157 158 159 160 161 163 164 165 166 167 168 170 171 172 173 174 175 176 178 179 180 181 182 183 184 186 188 189 191 193 194 195 196 197 198 199 200
2564 83 84 85 86 87 88 89 90 91 92 93 94 96 97 98 99 100 101 102 103 104 105 106 107 108 109 110 111 112 113 114 116 117 118 119 120 121 122 124 125 126 127 128 129 130 132 133 134 135 136 137 138 139 140 141 142 144 145 146 147 148 150 151 152 153 154 155 157 158 159 160 161 162 163 164 165 166 167 168 169 170 171 172 173 174 175 176 177 178 179 181 182 183 184 185 186 187 188 189 190 191 192 193 194 196 197 198 199 200
2723 83 84 85 86 87 89 90 91 92 93 94 95 96 97 98 99 100 102 103 104 105 106 107 108 109 110 111 112 113 114 115 116 117 118 119 120 121 122 123 125 126 127 129 130 131 132 133 134 135 136 137 138 139 140 141 142 143 144 145 146 147 148 149 150 151 152 153 154 155 156 157 158 159 160 161 162 164 165 166 167 168 169 170 171 172 174 175 176 177 178 179 180 181 183 184 185 186 187 188 190 191 192 193 194 195 196 197 198 199 200
2188 84 85 86 87 88 89 90 91 92 95 96 98 99 100 101 102 103 104 105 107 108 109 110 111 113 115 116 117 118 119 120 121 122 123 124 125 126 127 128 129 130 131 133 134 135 136 137 138 139 140 142 143 144 145 146 147 148 149 150 151 152 153 154 155 156 157 158 159 162 163 164 165 167 168 169 170 171 172 173 174 177 178 179 180 181 182 183 184 185 186 187 188 189 190 191 192 193 194 195 196 197 198 199 200
2487 85 86 87 89 90 91 92 93 95 96 97 98 99 100 101 102 103 104 105 106 107 108 109 110 111 112 113 114 115 116 117 118 119 120 121 122 123 124 125 128 129 130 131 132 133 134 135 136 137 138 139 140 141 143 144 145 146 147 148 149 150 151 152 153 154 155 156 158 159 161 162 164 165 166 167 168 169 170 171 172 174 175 176 177 178 179 180 181 182 183 184 185 188 189 190 191 192 193 194 195 196 197 198 199 200
2461 86 87 89 90 91 93 94 95 96 97 98 99 101 102 103 104 105 106 107 108 109 110 111 113 114 115 116 117 118 119 120 121 122 123 124 125 127 128 129 130 131 132 133 134 135 136 137 138 139 140 141 142 143 144 145 146 148 150 151 152 154 156 157 158 159 160 161 162 163 164 165 166 167 168 169 170 171 172 173 174 175 176 177 178 179 181 182 183 184 185 186 187 188 189 190 191 192 193 194 195 196 197 198 199 200
2119 87 88 89 91 92 93 94 95 96 97 98 99 100 101 102 103 104 105 106 107 108 109 110 112 113 114 115 116 118 119 121 122 123 124 126 127 128 129 130 131 133 134 135 136 137 138 139 140 141 142 143 144 145 147 148 149 150 151 152 153 154 156 157 158 159 160 161 162 163 164 165 166 167 168 169 170 171 172 173 174 175 176 178 179 180 181 182 183 184 185 186 187 188 189 190 191 193 194 195 196 197 198 199
2071 88 89 90 92 93 94 95 96 97 98 99 100 101 102 103 104 105 106 107 108 110 111 112 113 114 115 116 117 118 119 120 121 122 124 125 126 127 128 129 130 131 134 135 136 137 138 139 140 141 142 143 144 145 146 147 148 149 150 151 152 153 154 155 156 157 159 160 161 162 163 164 165 166 167 168 169 170 172 173 174 175 176 177 178 179 180 181 182 184 185 186 187 188 190 191 192 193 194 195 196 197 198 199 200
2358 89 90 91 92 93 94 95 96 97 98 99 100 101 102 103 104 105 106 107 108 110 111 112 113 114 115 116 118 119 120 121 122 123 124 125 126 127 128 129 130 131 132 133 134 135 136 137 138 140 141 143 144 145 146 147 148 150 151 152 153 154 155 156 158 159 160 161 162 163 164 165 166 167 168 170 171 172 173 174 175 176 177 178 179 180 181 182 183 184 185 186 187 188 189 190 191 192 193 195 196 197 198 199 200
2367 90 91 92 93 95 97 98 99 100 101 102 103 104 105 106 107 108 109 110 111 112 113 114 115 116 117 119 120 121 123 125 126 127 128 129 130 131 132 133 134 135 136 137 138 139 140 141 142 143 144 145 146 147 148 149 151 152 153 154 155 157 158 160 161 162 164 165 166 167 168 170 171 172 173 174 175 176 177 180 181 182 183 184 185 186 187 188 189 190 191 192 193 194 195 196 197 198 199 200
2664 91 92 93 94 95 96 97 98 99 100 101 104 105 106 107 109 110 111 112 113 114 115 116 118 119 120 121 122 123 124 125 126 127 128 129 130 131 132 133 134 136 138 139 140 141 142 144 146 147 148 149 150 151 152 153 154 155 156 157 158 159 161 162 163 164 165 166 167 168 169 170 171 173 174 175 176 177 178 179 180 181 182 183 184 185 186 187 189 190 191 192 193 194 196 197 198 199
2157 92 95 96 97 98 99 100 101 102 103 104 105 106 107 109 110 111 112 113 114 115 116 118 119 120 121 122 123 124 125 126 127 128 129 130 132 133 134 135 136 137 138 139 141 143 144 145 147 148 149 150 151 152 153 154 156 157 158 159 160 161 162 163 164 165 166 167 168 169 170 171 172 173 174 175 177 178 179 180 182 183 184 185 186 188 189 190 191 192 193 195 197 198 199
2138 93 94 95 96 98 99 100 101 103 104 105 106 107 108 109 110 111 112 113 114 115 117 118 119 120 121 122 123 124 125 126 127 128 129 130 131 132 133 134 135 136 137 138 139 140 141 142 143 144 145 146 148 149 150 151 153 154 156 157 158 159 160 161 162 163 164 165 166 167 168 169 170 171 173 174 176 177 178 179 180 181 182 184 185 186 187 188 189 190 191 192 193 194 195 197 198 199 200
2397 94 95 96 97 98 101 103 104 105 106 107 108 109 110 111 112 113 114 115 116 117 118 121 122 123 124 125 126 127 128 129 130 131 132 133 134 136 137 138 139 140 141 142 143 144 145 146 147 148 150 151 152 153 154 155 156 157 158 160 161 162 163 164 165 166 167 168 169 170 172 173 174 175 176 177 178 179 180 181 182 183 184 185 186 187 188 190 191 192 193 194 195 196 197 198 199
2718 95 96 97 98 99 100 101 102 103 104 105 106 107 108 109 110 111 112 113 114 115 116 117 118 119 120 121 122 123 124 125 126 127 128 129 130 131 132 133 134 136 137 138 139 140 141 142 144 145 146 147 148 149 150 151 152 153 154 155 156 157 158 159 160 161 162 163 164 165 166 167 168 169 170 171 172 173 174 175 176 177 178 179 181 182 184 186 187 188 189 190 191 192 193 194 195 196 197 198 199 200
2286 96 97 98 99 100 101 102 103 106 107 108 109 110 111 112 113 114 115 116 117 118 119 120 122 123 124 125 126 127 128 129 130 131 132 133 134 135 136 137 138 139 140 141 142 143 145 146 147 148 149 150 151 152 153 154 155 156 157 158 159 160 161 163 164 165 166 167 168 169 170 171 172 173 174 175 176 177 178 179 180 181 183 184 185 186 187 188 190 191 192 193 194 195 196 197 198 199
2935 97 98 99 100 101 102 103 104 105 106 107 108 109 110 111 112 113 114 115 116 117 118 119 120 122 123 124 125 126 127 129 130 131 132 133 134 135 136 137 138 139 140 141 142 143 144 145 146 147 148 149 150 151 152 153 154 155 157 158 159 160 161 163 164 165 166 167 168 169 170 171 172 175 176 177 178 179 180 181 182 183 184 185 186 188 189 190 192 193 194 196 197 198 199
2136 98 99 101 102 103 104 105 106 107 108 109 110 111 112 113 114 115 116 117 118 119 120 121 122 123 124 125 126 128 129 130 131 132 133 134 135 137 138 139 141 142 143 145 146 147 148 149 151 152 153 154 155 156 157 158 159 160 161 162 164 165 166 167 168 169 170 171 172 173 174 175 176 177 178 179 181 183 184 185 189 191 192 193 194 195 196 197 198 199 200
2571 99 100 101 102 103 104 106 107 108 110 113 114 116 117 118 119 120 121 122 123 125 126 127 128 129 130 131 132 133 134 135 136 137 138 139 140 141 143 146 147 148 149 150 151 152 153 154 155 156 157 158 159 160 161 162 163 164 165 166 167 169 170 171 172 173 174 175 176 177 178 179 181 182 183 184 185 187 188 189 190 191 192 193 194 196 197 198 199
2483 100 102 103 104 105 106 108 109 110 111 112 113 114 115 116 117 118 119 120 121 122 123 124 125 126 127 128 129 130 131 132 133 134 135 136 138 139 140 141 142 143 145 147 148 149 151 152 153 154 155 156 157 158 160 161 163 164 165 166 167 168 169 170 171 172 174 175 176 177 178 179 180 181 182 183 184 185 186 187 188 189 191 193 196 197 198 199
2444 101 102 103 104 106 107 108 110 111 112 113 114 116 117 118 120 121 123 124 125 126 127 128 129 130 131 132 133 134 135 136 137 138 139 140 141 142 143 144 145 146 148 149 150 151 152 153 154 155 156 157 158 159 160 161 162 163 164 165 166 167 168 170 171 172 173 174 175 176 177 178 179 180 181 182 183 184 185 186 187 188 189 190 191 192 194 195 197 199 200
2625 102 103 104 105 106 107 108 109 110 111 112 114 115 116 118 119 120 122 123 124 125 126 127 129 130 132 133 134 135 136 137 138 139 140 141 142 143 144 145 146 147 148 149 150 151 152 153 155 156 158 159 160 161 162 163 165 166 167 168 169 170 171 172 173 174 175 176 177 178 179 180 181 182 187 188 189 190 191 192 193 194 195 196 197 198 199 200
2249 104 108 109 110 111 112 114 115 116 117 118 119 120 121 122 123 124 125 126 127 129 130 131 132 133 134 135 136 137 138 139 140 141 142 143 144 145 146 147 148 149 150 151 152 153 154 155 156 157 158 159 161 162 163 165 167 168 169 170 171 172 173 174 175 176 177 178 179 180 181 182 184 186 187 189 190 191 192 193 194 195 196 197 198 199 200
2720 104 105 106 107 108 109 110 111 112 113 114 115 116 117 118 120 121 122 123 124 125 126 127 129 130 131 132 133 134 135 136 137 138 139 142 143 144 145 146 147 149 150 151 152 153 154 155 156 157 158 159 160 161 162 164 165 166 167 168 169 170 171 172 173 174 176 177 178 179 180 181 182 183 184 186 187 188 189 190 191 193 194 195 198 199 200
2896 105 106 107 108 109 110 111 112 113 114 115 116 118 119 120 122 123 124 125 126 127 128 129 130 131 132 133 134 135 136 137 138 139 140 141 142 143 144 145 146 147 148 149 150 151 152 153 154 155 156 157 158 159 161 162 163 164 165 166 167 168 169 170 171 172 173 174 176 177 178 179 183 184 185 186 187 189 190 191 194 195 196 197 198 199 200
2834 106 107 108 110 111 112 113 114 115 116 117 118 119 120 121 122 123 124 125 126 128 130 131 132 133 134 135 136 137 138 139 140 141 142 143 144 145 146 147 148 149 150 151 152 153 154 155 156 157 158 159 160 161 162 163 164 165 166 167 168 169 170 171 172 174 175 176 177 178 179 180 181 182 183 184 185 186 187 188 189 190 191 193 194 195 197 198 199 200
2084 107 108 109 110 111 112 113 114 115 116 118 119 120 121 123 124 126 127 128 129 130 134 135 136 137 138 139 140 141 142 143 144 145 147 148 149 151 152 153 154 155 157 158 159 160 161 162 163 164 165 166 168 169 170 171 172 173 174 175 177 178 179 180 181 182 183 184 185 186 187 188 189 190 191 192 193 194 195 196 197 199 200
2627 108 109 110 111 112 113 114 116 117 119 120 122 123 124 125 126 127 128 129 130 131 132 133 134 135 136 137 138 139 141 142 143 144 145 148 149 150 153 154 155 156 157 158 160 161 163 164 165 166 167 168 169 170 171 172 173 174 175 176 177 178 179 181 182 183 185 186 187 188 189 190 192 193 194 195 196 197 199 200
2865 109 110 111 112 113 114 115 117 119 120 121 122 123 124 125 126 127 129 130 131 132 133 134 136 137 139 140 142 143 144 147 148 149 150 151 152 154 155 156 157 158 159 160 161 162 163 164 165 166 167 168 169 170 171 173 174 175 176 177 178 180 182 183 184 185 187 188 189 190 191 192 193 194 195 196 197 198 199 200
2853 111 112 113 114 115 117 118 119 120 121 122 123 124 125 126 128 129 130 131 132 133 134 135 136 137 138 139 140 141 143 144 145 147 148 149 150 151 152 153 155 156 157 158 159 160 161 162 163 164 165 166 167 168 169 170 171 172 173 174 175 176 177 178 179 180 181 182 184 185 186 188 189 190 191 192 193 194 195 196 197 198 199 200
2397 111 112 113 114 115 116 117 118 119 120 121 122 123 125 126 127 129 130 131 132 133 135 137 138 139 140 141 142 143 144 145 146 147 148 149 150 151 154 155 156 157 158 159 160 161 162 163 164 165 166 167 168 169 170 172 173 174 175 176 177 178 179 180 181 182 183 184 185 186 187 189 190 191 192 193 194 195 196 197 198 199 200
2604 113 115 116 117 118 119 120 122 123 124 125 126 127 128 130 131 132 133 134 135 136 137 138 139 141 142 143 144 145 146 147 148 149 150 151 152 154 156 157 158 159 160 161 162 163 164 165 166 168 169 170 171 173 174 175 176 177 178 179 181 182 183 184 185 186 187 188 189 190 191 192 193 194 195 196 197 198 199 200
2163 113 114 115 116 117 118 119 120 121 122 123 125 126 127 128 129 131 132 133 134 135 136 137 138 139 140 141 142 143 144 145 147 148 149 150 151 152 153 154 155 156 157 158 159 160 161 162 163 164 165 166 167 168 169 170 171 172 173 174 175 176 177 178 179 180 181 182 183 184 185 186 188 189 190 191 192 193 194 195 196 197 198 199 200
2319 114 115 116 117 118 119 121 122 123 125 126 128 129 130 132 133 134 136 137 138 139 140 141 142 143 144 145 147 148 149 150 151 152 154 155 156 157 158 159 160 161 162 163 164 165 166 167 168 169 170 172 173 174 175 176 177 178 179 180 181 182 183 184 185 186 187 189 190 191 192 193 194 195 196 197 198 199 200
2117 115 116 117 118 119 120 121 122 123 124 125 126 127 128 129 130 131 132 133 135 136 137 138 140 144 145 146 147 148 149 151 152 153 154 155 156 157 158 159 160 161 163 164 165 166 167 168 169 170 171 172 173 174 175 176 177 178 179 180 181 182 183 184 185 186 187 188 189 190 191 192 193 194 196 197 198 199 200
2969 116 117 118 119 120 121 122 123 124 125 126 127 128 129 131 132 133 134 135 136 137 138 139 140 141 142 143 145 146 147 150 151 152 153 154 155 156 157 158 159 160 162 164 165 166 167 168 169 170 171 172 174 175 176 177 178 179 180 181 182 183 184 185 186 187 188 189 191 192 193 195 196 197 198 199 200
2960 117 118 119 122 123 124 126 127 128 129 130 131 132 133 134 135 136 137 138 139 140 141 142 143 144 145 146 147 148 149 150 151 152 153 154 155 156 157 158 159 160 161 162 163 164 165 168 169 170 171 172 173 174 175 177 178 179 180 182 183 184 185 186 187 188 189 190 191 192 193 194 195 196 197 198 199 200
2776 118 119 120 121 122 123 124 125 126 127 128 129 130 131 132 133 134 135 136 138 139 140 141 142 143 144 145 146 147 149 150 151 152 153 154 155 156 157 158 159 160 161 163 164 165 167 168 170 171 172 173 175 176 177 178 180 181 182 185 186 187 188 189 190 191 193 194 195 196 197 198 200
2041 119 121 122 123 124 125 127 128 129 130 131 132 133 134 135 136 137 138 139 140 141 142 143 144 147 148 149 150 151 152 153 154 156 158 159 160 161 162 163 164 165 166 167 168 169 170 171 172 173 174 175 176 177 178 179 182 183 184 185 186 187 188 189 190 191 192 193 194 195 196 197 198 200
2940 120 121 122 123 125 126 127 128 129 130 132 133 134 135 136 139 140 141 142 143 144 145 147 148 149 150 151 152 153 154 155 156 158 160 161 162 163 164 165 166 167 168 169 170 171 172 173 174 175 176 178 179 181 182 183 184 186 187 188 189 191 192 193 194 195 196 197 199 200
2727 121 122 123 124 125 126 127 128 129 130 131 132 133 134 135 136 137 138 139 140 141 142 143 144 145 146 147 148 149 150 151 152 153 154 155 156 158 161 162 163 164 166 167 168 169 170 171 172 174 175 176 177 178 179 180 181 182 183 184 185 186 187 188 189 190 191 192 193 194 195 196 197 198 199 200
2324 122 123 124 125 126 127 128 129 130 131 132 133 134 135 136 137 138 142 144 145 146 147 148 149 150 151 152 153 154 156 157 158 160 161 162 164 165 166 167 168 169 170 171 172 173 174 175 177 178 179 180 181 182 183 184 185 186 187 188 189 190 191 192 193 194 197 198 199 200
2857 123 124 125 126 127 128 129 130 132 133 134 135 136 138 139 140 141 142 143 144 145 146 148 149 150 151 152 153 154 155 156 157 158 160 161 162 163 164 165 166 167 168 169 170 171 172 173 174 175 176 177 178 179 180 181 182 183 184 185 186 187 188 189 190 191 192 193 194 195 196 197 198 199 200
2593 124 125 126 127 128 129 130 131 132 133 134 136 137 140 141 143 144 145 146 148 149 150 152 153 154 155 156 157 159 160 163 165 166 167 168 169 170 171 172 173 174 175 176 177 178 179 180 182 183 184 186 187 188 189 190 191 192 194 196 197 198 199 200
2835 125 126 127 130 132 133 134 135 136 137 138 139 140 141 142 143 144 145 146 147 148 150 151 152 153 154 155 156 157 158 159 161 162 163 164 165 166 167 169 170 171 172 173 174 175 177 178 179 180 181 182 183 185 186 187 188 189 190 192 193 194 195 197 198 199 200
2093 126 127 128 129 130 131 132 133 134 135 136 137 138 139 140 142 144 145 146 147 148 149 151 152 153 154 155 156 157 158 159 160 161 162 163 165 166 167 168 169 170 171 172 173 174 175 176 177 178 179 180 181 182 183 184 185 186 187 188 190 191 192 193 194 195 196 197 198 199 200
2635 127 128 129 130 131 132 133 134 135 136 137 138 139 141 142 143 144 145 146 147 149 150 151 152 153 154 155 156 157 158 159 161 162 163 164 165 166 167 168 169 170 171 172 173 175 177 179 180 181 182 183 184 186 187 189 190 191 192 193 194 195 196 197 198 199 200
2184 128 129 130 131 132 134 135 136 137 138 139 140 141 142 143 144 146 147 148 149 150 151 152 153 154 156 157 158 159 160 161 162 163 164 165 166 167 168 169 170 171 172 173 176 177 178 179 182 183 185 186 187 188 190 191 192 193 195 196 197 198 199 200
2204 130 131 132 133 134 135 137 138 139 140 141 142 144 145 146 147 148 149 150 151 152 153 154 155 156 157 158 159 160 161 163 165 166 167 169 170 171 172 173 174 175 177 178 179 180 181 183 185 186 187 188 189 190 191 192 193 195 196 197 199 200
2921 130 131 132 133 134 135 136 137 138 139 140 141 142 143 144 145 146 147 148 149 150 152 153 154 155 156 157 158 159 160 161 162 163 164 165 166 167 168 169 170 173 174 175 176 177 178 179 180 181 182 183 184 186 187 189 190 191 192 194 195 196 197 198 200
2848 131 132 133 134 135 136 139 141 142 143 144 145 146 147 148 149 150 151 152 153 154 155 156 159 160 161 162 163 164 165 166 167 168 169 170 171 173 174 175 176 177 178 179 180 181 182 183 184 186 187 188 189 191 192 193 194 195 196 197 198 199 200
2032 132 133 134 135 136 137 138 139 141 142 143 144 145 147 149 150 151 152 153 154 155 156 157 158 159 160 161 162 163 164 165 166 167 168 170 171 172 173 174 176 177 178 179 180 181 182 183 184 185 186 187 188 189 190 191 192 193 194 195 197 199 200
2892 133 134 135 136 137 139 140 141 142 143 144 145 146 147 148 149 150 151 154 155 156 157 159 161 162 163 164 165 166 167 169 170 171 172 173 174 175 178 179 180 181 182 183 184 185 186 187 188 189 190 191 192 193 196 197 199 200
2192 134 135 136 137 138 139 140 141 142 143 144 145 146 147 148 149 150 151 152 153 154 155 156 157 158 159 160 161 162 163 164 165 166 167 168 169 170 171 172 173 174 175 176 177 178 179 180 181 182 183 184 185 186 187 188 190 191 192 193 194 195 196 197 198 199 200
2972 136 137 139 140 141 142 143 144 145 146 147 148 149 151 152 153 154 155 157 158 159 160 161 162 163 164 165 166 167 168 169 170 171 172 173 174 175 176 177 178 179 180 181 183 184 185 186 187 189 190 191 192 193 194 195 196 197 198 199 200
2323 136 137 138 139 140 141 142 143 144 145 146 147 149 150 151 152 153 154 156 157 158 159 161 162 163 164 166 167 168 169 170 171 172 173 175 177 178 179 181 182 183 186 187 188 189 190 191 192 194 195 196 197 198 199 200
2642 138 139 140 142 143 144 145 146 148 150 151 152 153 154 155 156 157 158 159 160 161 162 163 164 165 166 167 168 169 170 171 173 174 175 176 177 178 179 180 181 182 183 185 186 187 188 189 190 191 192 193 194 195 197 198 199 200
2381 138 140 141 142 143 144 145 146 147 151 152 153 154 156 159 160 161 162 163 165 166 167 169 170 171 172 174 175 176 177 178 179 181 182 183 184 185 187 188 189 190 191 192 193 194 195 196 197 198 199
2366 139 140 141 142 143 144 145 146 147 148 149 150 151 152 153 154 155 156 157 158 159 160 161 162 163 164 165 166 167 168 169 170 171 172 173 175 176 177 179 180 181 182 183 184 185 186 187 188 189 191 192 193 194 195 196 197 198 199 200
2886 142 143 144 145 146 147 148 149 150 151 152 153 154 155 156 157 158 159 161 162 164 165 166 167 168 169 170 171 172 173 175 176 178 179 180 181 182 184 185 186 187 188 189 190 191 192 193 194 195 196 197 198 199 200
2847 141 142 143 144 145 146 147 148 149 151 152 153 156 157 158 159 161 162 163 164 165 166 167 168 169 170 171 172 173 174 175 176 177 178 179 181 182 183 184 185 186 187 188 189 190 191 192 193 195 196 197 198 199 200
2111 142 143 145 146 147 148 149 150 152 153 155 156 157 158 159 160 161 163 164 165 169 170 172 173 175 176 177 178 179 180 181 182 183 184 186 187 189 191 192 193 194 195 196 197 198 199 200
2093 143 144 145 146 148 149 150 151 152 153 154 155 156 157 158 159 160 161 162 163 164 165 166 167 168 169 170 171 172 174 175 176 177 178 179 180 181 182 183 185 186 187 188 190 191 192 193 195 196 197 198 199 200
2676 144 145 146 147 148 149 150 151 152 153 154 155 156 157 158 159 160 161 162 163 164 165 168 169 170 171 172 173 174 175 176 177 178 179 180 181 182 183 184 185 186 187 188 189 190 191 192 193 194 195 196 197 198 199 200
2040 145 146 147 148 149 150 151 152 153 154 155 156 157 158 160 161 162 163 164 165 166 167 168 170 172 173 175 176 177 178 179 180 181 182 183 185 187 188 189 190 191 192 193 194 195 196 197 198 199 200
2858 146 147 148 149 151 152 153 154 155 156 157 158 159 160 161 162 164 165 166 167 168 169 170 171 172 173 174 175 177 178 179 180 181 183 184 185 187 188 189 190 191 193 195 196 198 199
2681 147 149 150 151 152 153 154 155 156 157 159 161 162 163 165 166 167 168 169 170 171 172 173 174 175 176 178 179 181 182 183 184 185 186 187 188 189 190 191 192 193 194 195 196 197 199 200
2697 148 149 150 151 152 153 154 155 156 158 159 160 161 162 163 164 165 167 168 169 172 173 174 175 176 177 178 179 180 182 183 184 185 186 187 188 189 190 191 192 193 194 195 196 197 198 199 200
2360 149 150 151 152 153 154 155 158 159 160 161 162 163 164 165 166 167 169 170 171 172 173 175 176 177 179 180 181 182 184 185 186 187 188 189 190 191 192 194 196 197 198 199 200
2387 150 151 152 154 155 156 157 158 160 161 162 163 164 165 166 167 168 169 170 171 172 175 176 177 178 179 180 181 182 183 184 185 187 188 189 190 191 192 193 194 195 196 197 198 199 200
2065 151 152 153 154 155 156 158 159 160 161 162 163 164 165 166 167 168 169 170 171 172 173 174 176 177 178 179 180 181 182 183 184 185 186 187 188 189 190 191 192 193 194 195 196 197 198 199 200
2929 152 153 154 156 157 158 159 160 161 162 163 164 166 167 168 169 170 171 172 173 174 175 176 177 179 181 182 183 184 185 186 187 188 190 191 192 193 194 195 197 198 200
2051 153 154 156 157 158 159 160 161 162 163 164 165 166 167 168 169 171 172 173 175 176 177 178 179 180 181 183 185 186 187 188 189 190 191 192 193 194 195 196 197 199 200
2874 155 156 157 158 159 160 161 162 163 164 165 166 167 168 169 170 171 172 174 175 176 177 178 179 180 181 182 185 186 188 189 190 191 192 193 194 195 196 197 198 199 200
2819 155 156 157 158 159 160 161 162 163 164 165 166 167 168 169 170 171 172 173 174 175 176 177 178 179 180 181 182 183 184 185 186 187 188 189 190 191 192 193 194 195 196 198 199 200
2729 156 157 158 159 161 162 163 164 165 166 167 168 169 170 171 172 173 175 177 178 179 180 181 182 183 184 185 187 188 189 190 191 192 193 194 195 196 197 198 199 200
2655 157 158 159 160 161 162 163 164 165 166 168 169 170 171 172 173 174 177 178 179 182 183 184 185 186 187 188 189 190 192 193 194 195 196 197 198
2497 158 159 160 161 162 163 164 165 166 167 168 169 171 172 173 175 176 177 178 179 180 181 182 183 184 185 186 188 189 190 191 192 193 195 196 197 198 199 200
2722 159 160 161 162 163 164 165 166 167 168 169 170 171 172 173 174 175 176 177 178 179 180 181 182 183 184 185 186 187 189 190 191 192 193 194 195 196 197 198 199 200
2103 160 161 162 163 164 165 166 169 170 171 172 173 174 175 176 177 178 179 180 181 182 183 184 185 186 187 188 190 191 192 193 194 195 196 197 198 199 200
2488 161 162 163 164 165 167 168 169 171 172 173 174 175 176 177 178 179 180 181 182 183 184 185 186 187 189 190 191 192 193 194 195 197 198 199 200
2266 162 163 164 165 166 167 168 169 170 171 172 173 174 175 176 177 178 179 180 181 182 183 184 185 187 188 189 190 191 192 193 194 195 196 197 198 199 200
2937 163 164 165 166 167 168 169 170 171 173 174 175 176 177 178 179 180 181 182 183 184 185 186 187 188 190 191 193 194 195 196 197 198 199 200
2458 164 165 166 167 168 169 170 171 172 173 174 176 177 178 179 180 181 182 183 185 186 187 189 190 191 192 193 194 195 196 197 198 199 200
2955 165 166 167 168 169 170 172 173 174 176 177 178 179 180 181 182 183 184 185 186 187 188 189 190 191 192 193 196 197 198 199
2208 166 167 168 169 170 171 172 173 174 175 176 178 179 180 181 182 183 186 187 189 190 191 192 193 194 195 196 197 198 199 200
2699 167 168 169 170 171 172 174 175 176 177 178 179 180 181 182 183 184 185 186 187 188 189 190 191 192 193 194 195 196 198 199 200
2282 168 169 170 171 172 173 174 175 176 177 178 179 180 181 182 183 184 185 186 187 188 190 191 192 193 194 195 196 197 198 199 200
2831 169 170 171 172 173 174 175 176 177 178 179 180 182 183 184 185 186 187 188 189 190 191 192 193 195 196 197 198 199 200
2616 170 171 172 173 174 175 176 177 178 179 181 184 185 186 187 188 189 190 191 192 193 197 198 199 200
2256 172 174 175 176 177 178 179 180 181 182 183 184 185 186 187 188 189 191 192 193 194 195 196 197 198 199 200
2939 173 174 175 176 177 178 179 180 181 182 183 184 185 186 187 188 189 190 191 193 194 195 196 197 199 200
2707 173 174 175 176 177 178 179 180 181 182 183 184 185 186 188 189 190 191 192 193 194 195 196 197 198 200
2906 174 175 176 177 179 180 181 182 183 185 186 187 188 189 190 191 193 194 196 199 200
2618 178 179 180 181 182 184 185 186 187 188 190 191 192 193 194 195 196 197 198 199 200
2986 176 177 178 179 180 181 182 183 184 185 186 187 188 189 190 191 192 193 194 195 196 197 198 199 200
2626 177 178 179 180 181 182 183 184 185 186 187 188 189 190 191 192 193 194 195 196 198 199 200
2836 178 179 180 181 182 183 184 185 186 187 188 189 190 191 192 193 194 195 196 197 198 200
2913 179 180 183 184 185 186 187 188 189 190 191 192 193 194 195 196 198 199 200
2923 180 181 182 183 184 185 186 187 188 189 190 191 192 193 194 195 196 197 198 199 200
2227 181 182 183 184 186 187 188 189 190 191 192 193 194 195 196 197 198 199 200
2560 182 184 187 188 189 190 191 192 193 194 195 196 197 198 199 200
2294 183 184 185 186 187 188 189 190 191 192 194 195 197 198 199 200
2817 184 185 187 188 189 190 191 192 193 194 195 196 198 199 200
2247 185 186 187 188 189 190 191 193 194 195 196 197 198 199 200
2672 186 187 188 189 190 192 193 194 195 196 197 198 200
2845 187 188 189 190 191 192 193 194 195 196 197 198 199 200
2645 188 189 191 192 193 194 196 197 198 199 200
2649 189 190 191 192 193 194 195 196 199 200
2122 190 191 192 193 195 196 197 198 199 200
2022 191 193 194 196 197 198 199 200
2103 192 194 195 196 197 198 199 200
2173 193 194 195 196 197 198 199 200
2895 194 195 197 198 199 200
2294 195 196 197 198 199
2135 196 197 198 199 200
2196 197 199 200
2895 198 199 200
2428 199 200
2931 200
2671
