75	10	200	1
0	31	10
0	33	4
0	31	5
0	20	10
0	37	4
0	37	5
0	39	8
0	39	11
0	30	13
0	34	5
52 2 3 4 5 6 7 8 10 12 13 14 15 16 17 18 19 20 21 22 23 24 25 27 28 29 30 31 32 33 35 36 37 38 39 40 41 42 43 44 45 46 47 49 50 51 52 53 55 56 57 58 59 60 61 62 63 64 65 66 67 68 70 71 72 73 74 75
30 3 4 5 6 7 8 9 10 11 12 13 14 15 16 17 18 19 20 21 22 23 24 25 26 27 28 29 30 31 32 33 34 36 37 39 40 41 42 43 44 45 46 47 49 50 51 52 53 54 55 56 57 58 59 60 61 62 65 66 67 68 69 70 71 72 73 74 75
46 5 6 7 8 9 10 11 12 13 15 16 17 18 19 20 21 22 23 24 25 26 27 28 29 30 31 32 33 35 37 38 40 41 42 43 44 45 46 47 48 49 50 51 52 53 56 57 58 59 60 61 63 64 66 67 68 69 70 71 72 73 74 75
43 5 6 7 8 9 10 11 12 13 14 15 16 17 18 19 20 21 23 25 26 27 28 29 30 32 33 34 35 36 38 39 40 41 42 43 44 45 46 49 50 51 52 53 54 55 56 57 58 59 61 62 63 64 66 67 68 69 70 71 73 74 75
45 6 7 8 9 10 11 12 13 14 15 16 17 18 20 21 22 23 24 25 27 29 30 31 32 33 34 35 36 37 38 39 41 42 43 44 45 46 47 48 49 50 51 52 53 54 56 57 58 59 60 61 62 63 64 65 66 67 68 69 70 71 72 73 74 75
45 7 8 10 11 12 13 14 15 16 17 19 20 21 22 23 25 26 27 28 29 30 31 33 34 35 36 37 38 39 40 41 43 44 45 46 48 49 50 51 52 54 55 56 57 58 59 60 61 62 63 64 66 67 68 69 71 72 74 75
39 8 9 11 12 13 14 15 16 17 18 19 20 22 23 24 25 27 28 29 30 31 32 34 35 36 37 38 39 40 41 42 43 44 46 47 48 50 51 54 55 56 57 59 61 62 64 66 67 68 69 70 71 72 73 74 75
54 9 11 12 13 14 16 17 18 19 20 21 22 23 24 25 26 27 28 29 30 31 32 33 34 35 36 37 38 39 40 41 42 43 44 46 47 48 49 50 51 52 53 54 55 56 58 59 60 61 62 63 64 65 67 68 70 71 72 73 74 75
42 10 11 12 13 14 15 16 18 19 20 21 22 23 24 25 26 29 30 31 32 33 34 35 36 37 38 39 40 42 43 44 46 47 48 49 51 52 53 54 56 57 58 59 60 61 62 63 64 65 66 67 68 69 71 72 73 74 75
45 11 12 13 14 15 16 17 18 19 20 21 22 23 24 25 27 28 29 30 31 32 33 34 36 37 38 39 40 41 42 43 44 45 46 47 48 49 50 51 52 53 54 55 56 57 58 60 61 62 64 65 66 67 68 69 71 72 73 75
38 12 13 15 16 18 19 21 22 23 24 25 26 28 29 30 31 32 33 34 35 36 37 38 39 40 42 43 44 45 46 47 48 49 50 51 52 53 54 55 56 57 58 59 60 61 62 63 64 65 66 67 68 69 70 71 74 75
45 13 14 15 16 17 18 20 22 23 24 25 26 27 28 29 30 31 32 33 34 35 37 38 39 40 41 42 43 44 45 46 47 48 49 50 51 52 53 54 55 56 57 58 59 60 61 62 63 64 65 66 67 69 70 71 72 73 74 75
58 14 15 17 18 19 20 21 22 23 24 25 26 27 30 31 33 34 35 36 37 38 39 40 41 42 43 44 45 46 47 48 49 50 51 52 53 55 56 57 58 59 60 61 63 64 65 66 67 68 69 70 71 72 73 74 75
35 15 16 17 18 19 20 21 22 23 24 25 26 27 28 29 30 31 32 33 34 36 37 38 39 40 41 42 44 45 46 47 48 49 50 51 52 53 54 55 56 57 58 61 62 63 64 65 66 67 68 69 70 71 72 73 74 75
48 16 17 18 19 20 21 22 23 24 25 26 27 28 29 30 31 32 33 34 35 36 37 39 40 41 42 43 44 45 46 49 50 51 53 54 56 57 58 59 60 62 64 65 66 67 68 69 70 71 72 73 74 75
41 17 18 19 20 21 22 23 24 25 26 27 28 29 30 31 32 33 34 35 36 37 40 41 42 43 45 46 47 48 49 50 51 53 54 55 56 57 58 59 60 61 62 63 64 65 66 67 68 69 70 72 74 75
46 18 19 20 21 22 23 24 25 26 27 28 29 31 33 34 35 36 37 38 39 40 41 42 43 44 45 46 47 49 50 51 52 53 54 55 56 57 58 59 60 61 62 63 64 65 66 67 68 69 70 71 72 73 74 75
35 19 20 21 22 23 24 25 26 27 28 29 30 32 33 34 35 36 37 38 39 40 41 42 43 44 45 46 48 50 51 53 54 55 56 57 58 59 60 61 63 65 66 67 68 69 70 71 73 74 75
46 20 21 22 23 24 25 26 27 29 30 31 32 33 34 35 36 37 38 39 40 41 42 44 45 46 47 49 51 52 53 54 55 56 57 58 59 62 63 64 65 66 67 68 69 70 71 72 73 74 75
33 21 22 23 24 27 29 30 31 32 33 34 35 36 38 39 40 41 42 43 45 46 48 49 50 51 52 53 54 55 56 57 58 59 60 61 62 63 64 65 66 67 68 69 70 71 72 73 75
48 22 23 24 25 26 27 28 29 30 31 32 33 35 36 37 38 39 40 41 42 43 44 45 46 47 48 49 50 52 53 54 55 56 57 58 59 60 61 62 63 64 65 66 67 68 69 70 71 72 73 75
43 24 25 26 27 29 30 32 33 34 35 36 37 38 39 40 41 42 43 44 46 47 48 49 50 52 53 54 55 56 57 58 59 60 61 62 63 64 65 66 67 69 70 71 72 73 74 75
54 24 26 27 28 29 30 31 32 34 35 36 37 38 39 40 41 42 43 44 45 46 47 48 49 50 51 53 54 55 56 57 59 60 61 62 64 68 69 70 72 74 75
41 25 26 27 29 30 31 32 33 34 35 36 37 38 39 40 41 42 43 44 45 47 48 49 50 51 52 53 54 55 56 57 58 59 61 62 63 64 65 66 67 68 69 70 71 72 73 74 75
51 26 27 28 30 31 32 33 35 36 37 38 39 40 41 42 43 44 45 46 47 48 49 50 51 52 53 54 56 57 58 59 60 61 62 63 64 65 66 67 68 69 70 71 72 74 75
54 27 28 29 30 31 32 33 35 36 37 38 40 41 42 44 45 46 47 48 50 51 52 53 55 57 58 59 60 61 62 63 64 65 67 68 69 70 71 72 73 74 75
39 28 29 30 31 32 33 34 35 36 37 38 39 40 41 42 43 44 45 46 47 48 50 51 52 53 54 55 56 58 59 60 62 63 64 65 66 67 68 69 70 71 72 73 75
53 29 30 31 32 33 34 35 36 37 38 39 40 41 42 44 45 46 47 48 49 50 51 54 55 56 58 59 60 61 62 63 64 65 66 67 68 69 70 71 73 75
47 31 32 33 34 35 36 37 38 40 41 42 43 44 45 46 47 48 49 50 51 52 54 55 56 57 58 59 60 61 62 63 64 65 66 67 68 69 70 71 72 73 74 75
59 31 32 33 34 35 37 39 40 41 43 44 45 48 49 50 51 52 54 55 56 58 59 60 61 62 64 65 66 67 68 69 70 72 73 74 75
33 34 35 36 37 38 39 40 41 42 43 44 45 46 47 48 49 50 51 52 53 54 55 56 57 58 59 60 62 64 65 66 67 68 69 70 71 72 73 74 75
48 33 35 36 37 38 39 40 41 42 43 44 45 47 48 49 50 51 52 53 54 55 57 58 59 60 61 62 63 65 66 67 68 69 70 71 72 73 74 75
51 34 35 36 37 38 39 40 41 42 43 44 45 47 48 49 50 51 52 53 55 56 57 58 59 60 62 63 64 65 66 67 68 69 70 71 72 73 74 75
30 35 36 37 38 41 42 43 44 45 46 47 48 49 50 51 52 54 55 56 57 59 60 62 63 64 65 66 67 68 69 70 71 72 73 74 75
58 36 37 38 39 40 41 42 43 44 45 47 48 49 50 51 52 53 54 55 56 57 58 60 61 62 63 64 65 68 69 70 71 72 73 74 75
32 37 38 39 40 41 42 43 44 45 46 47 48 49 52 53 54 55 57 58 59 60 61 63 64 65 66 67 68 69 70 71 72 74 75
60 38 40 41 42 43 44 45 46 47 48 49 50 51 52 53 54 56 57 58 59 60 61 62 63 64 65 66 67 68 69 70 71 72 73 74 75
48 39 40 41 42 43 44 45 46 48 49 50 51 52 53 54 55 56 57 59 60 61 62 63 64 65 66 67 68 69 70 71 72 73 74 75
55 40 42 43 44 45 46 47 48 49 50 51 52 54 55 56 57 58 59 60 61 62 63 65 66 67 69 70 71 72 73 74 75
43 42 43 44 45 46 47 48 49 50 51 52 53 54 55 56 57 59 60 61 63 64 65 66 67 68 69 70 71 72 73 74 75
51 42 43 44 45 46 48 49 51 52 53 54 55 56 57 58 59 60 61 63 64 65 66 67 68 69 70 71 72 73 75
46 43 44 45 46 47 48 49 50 51 52 53 54 55 56 59 60 61 62 64 65 66 67 68 69 70 71 72 73 74 75
43 44 45 46 47 48 49 50 51 52 53 54 55 56 57 58 59 60 61 62 63 64 65 66 67 68 69 70 71 72 73 74 75
41 45 46 47 48 49 50 51 52 53 54 55 56 57 58 59 60 62 63 64 66 67 68 69 70 72 73 74 75
46 46 47 48 49 50 51 52 53 54 55 58 59 60 61 62 63 64 65 66 68 69 70 71 72 73 74 75
60 47 48 49 51 52 53 54 55 56 57 58 59 60 61 62 63 64 65 67 68 69 70 72 73 74 75
45 48 49 50 51 52 53 54 55 56 58 59 60 61 62 64 65 67 68 69 70 71 72 73 74 75
30 50 51 52 54 55 56 57 58 59 60 61 62 63 64 65 66 68 69 70 71 72 73 74 75
38 50 52 53 54 55 56 57 58 59 60 61 62 63 65 66 67 68 69 71 72 73 74 75
60 51 52 53 54 55 56 58 59 60 61 62 63 64 65 66 67 68 69 70 71 72 73 74 75
47 52 53 54 55 56 57 58 59 60 61 62 63 64 65 67 69 70 71 73 74 75
60 53 55 56 59 60 61 62 63 64 65 66 67 68 69 70 71 72 73 74 75
57 55 56 58 59 60 61 62 63 64 65 66 67 68 69 70 71 72 73 74 75
51 55 57 58 60 61 62 63 64 65 66 68 69 70 71 72 73 74
53 56 57 58 59 61 62 63 64 65 66 67 68 69 70 71 72 73 75
59 57 58 59 60 61 62 63 64 65 66 67 68 69 71 72 73 74 75
56 58 59 60 61 63 64 65 66 67 68 69 70 71 72 74 75
30 59 60 61 62 63 64 65 66 67 68 69 70 71 72 73 74 75
59 60 61 63 64 65 67 69 72 73 74 75
59 61 62 63 64 65 66 67 69 70 72 74
42 64 65 66 67 68 69 70 71 72 73 74 75
58 63 64 65 66 67 68 69 70 72 73 74 75
33 64 65 66 67 68 69 70 71 72 73 74 75
37 66 67 68 69 70 72 73 74
37 66 67 69 70 71 72 73 74 75
49 67 68 69 70 71 72 73 74 75
55 68 70 72 73 75
36 69 70 71 72 73 75
36 70 71 72 73 74 75
43 71 72 75
54 72 73 74 75
57 73 74 75
48 74 75
42 75
41
