25	10	200	1
0	38	3
0	28	3
0	39	2
0	32	2
0	25	3
0	26	2
0	28	2
0	21	2
0	35	4
0	23	2
13 4 6 7 8 9 10 11 12 13 14 15 16 17 18 19 20 21 22 23 24 25
23 3 4 5 6 7 8 9 10 11 13 14 15 16 17 18 19 20 21 22 23 24 25
26 4 5 6 7 8 9 11 12 13 14 15 16 17 19 20 22 23 24 25
28 5 6 7 8 9 10 12 13 14 15 16 17 18 19 20 21 22 24 25
17 6 7 8 9 10 12 13 15 16 17 18 19 20 22 23 24 25
26 7 8 9 11 12 13 14 15 16 17 18 19 20 21 22 23 24 25
17 8 9 10 11 12 13 14 15 16 17 18 19 21 22 23 24 25
18 10 11 12 13 14 15 16 18 21 22 24 25
27 10 11 12 13 14 15 16 17 19 20 21 22 23 24 25
25 11 12 13 14 15 16 17 18 19 22 23 24 25
21 12 14 15 16 18 19 20 21 22 23 24 25
22 13 16 17 18 19 20 21 22 23 24 25
23 14 15 16 17 18 19 20 21 22 23 24 25
17 15 16 17 18 19 20 21 22 23 24
10 16 17 18 19 20 21 22 23 24 25
11 17 18 19 20 21 22 23 24 25
28 18 19 20 21 22 23 24 25
15 19 20 21 22 23 24 25
12 20 21 23 24 25
28 21 22 23 24 25
25 23 24 25
29 23 24 25
18 25
18 25
13
