50	10	200	10
-4	22	3
-4	22	7
-1	24	5
-3	24	4
-5	21	3
-4	22	7
-4	37	2
-3	32	3
-4	36	8
-3	28	8
53 2 3 4 5 6 7 8 9 10 11 13 14 15 16 17 18 19 20 21 22 23 24 25 26 28 29 30 31 32 33 34 35 36 37 39 40 41 42 43 44 45 48 49 50
7 3 4 5 6 7 8 9 10 11 12 14 15 16 19 20 21 23 24 25 26 27 28 29 30 31 32 33 35 36 37 38 39 40 41 42 43 44 45 46 47 49 50
41 4 5 6 7 8 9 10 11 12 13 14 15 16 18 19 20 21 22 23 24 25 26 27 28 29 30 31 32 33 34 35 36 38 39 41 42 43 44 46 47 48 49 50
41 5 6 7 8 9 10 11 12 14 15 16 18 19 20 22 23 24 26 27 28 29 30 31 32 33 34 35 36 37 38 39 40 41 42 44 46 47 48 49 50
48 6 8 9 10 12 13 14 15 16 17 18 19 21 22 24 25 26 27 29 30 31 32 33 34 36 38 39 40 41 43 44 45 46 47 48 49 50
59 7 8 9 10 11 12 13 14 15 16 17 18 19 20 21 22 23 25 26 27 28 29 30 31 32 33 34 35 36 37 38 39 41 42 44 45 46 48 50
14 8 9 10 11 12 13 14 15 18 19 20 21 22 23 24 25 26 27 28 29 30 31 32 33 34 35 36 37 38 39 40 41 42 43 44 45 46 47 48 49
7 9 10 11 12 13 14 15 16 17 18 19 20 21 23 24 25 26 27 29 30 31 32 33 34 35 36 37 38 39 40 41 42 43 44 45 46 47 48 49 50
21 10 11 12 13 15 16 17 18 20 21 23 24 26 28 29 30 31 32 34 35 36 37 39 40 41 42 43 45 46 47 48 49 50
37 11 13 14 17 18 20 22 23 24 25 26 27 28 29 30 31 33 34 35 36 37 38 39 40 41 42 43 45 46 47 48 50
20 13 14 15 16 17 19 20 21 22 23 24 27 28 30 31 32 33 34 35 36 37 38 39 40 41 43 44 45 46 47 48 49 50
50 13 14 16 17 18 19 20 21 23 24 26 27 28 29 30 31 32 33 34 36 37 38 39 40 41 42 43 44 45 46 47 48 49 50
21 15 16 17 18 19 20 22 23 24 25 26 27 28 29 30 31 32 33 34 36 37 38 39 40 41 43 44 45 46 47 48 49 50
53 15 16 17 18 19 20 21 22 23 24 25 26 27 28 29 30 31 32 33 34 35 36 37 38 39 40 42 43 44 45 46 48 49 50
4 16 17 18 19 20 21 22 23 25 26 27 28 29 30 31 32 33 34 35 39 40 41 43 44 45 46 47 49 50
34 17 18 19 20 22 23 24 25 26 27 29 30 31 32 33 34 35 36 37 38 39 40 41 42 43 44 45 46 47 48 49 50
37 19 20 21 22 23 24 26 27 28 29 30 31 32 33 34 35 36 37 38 39 40 42 44 45 46 47 48 49 50
53 20 21 23 24 25 27 28 29 30 31 32 33 34 35 36 37 38 39 40 41 42 43 44 45 46 47 48 49 50
54 20 21 22 23 24 25 26 27 29 31 32 33 34 35 36 37 38 39 40 43 44 45 46 47 48 49
60 21 22 24 25 26 27 28 29 30 31 32 33 34 35 36 37 38 39 40 41 42 43 45 46 47 48 49
13 22 23 26 27 28 29 30 31 32 33 35 36 38 39 40 41 42 44 45 46 47 50
32 23 25 27 28 29 30 32 33 34 35 36 37 38 39 40 41 42 43 44 46 47 48 49 50
32 24 25 26 27 28 29 30 31 32 33 34 35 36 37 38 39 40 41 42 43 44 45 46 47 48 49 50
29 25 26 27 28 29 30 31 32 33 34 35 36 37 38 39 40 41 42 43 44 45 46 47 48 49 50
41 26 28 29 31 32 33 34 35 36 37 38 39 40 41 44 45 46 47 48 49 50
17 28 29 31 32 33 34 35 36 37 38 39 40 41 42 43 44 45 46 47 48 49 50
47 29 30 31 32 33 34 35 36 37 38 39 40 41 42 43 44 45 46 47 48 49 50
58 29 30 31 34 35 36 37 38 39 41 42 43 45 46 47 50
54 31 32 33 34 35 36 37 38 39 40 41 42 44 45 46 47 48 49
47 31 32 34 35 36 37 38 39 40 41 42 43 44 45 46 47 48 50
22 32 33 34 35 36 37 39 40 41 42 43 44 45 46 47 49 50
30 33 34 35 36 37 38 39 40 41 43 44 45 47 48 49 50
54 35 36 37 38 39 42 43 44 45 46 48 49 50
7 35 36 37 38 39 40 41 43 44 46 47 48 49 50
47 36 37 38 39 40 41 42 43 44 45 46 47 48 49 50
8 37 38 39 40 41 42 43 44 45 46 47 48 49 50
18 38 39 41 42 43 44 45 49 50
60 39 40 41 42 43 44 45 46 47 48 49 50
30 40 41 42 44 45 46 47 48 49 50
33 41 43 44 45 46 47 48 49
20 42 43 44 45 46 47 48 50
15 43 44 45 46 48 50
59 44 46 47 48 49 50
59 45 46 47 48 49 50
16 46 47 48 49 50
37 47 48 50
20 48 49 50
53 49 50
17 50
44
