100	5	10000	10
-2	1989	24
-2	1785	19
-3	1059	22
-5	1807	16
-3	1692	19
1702 2 3 4 7 8 9 10 11 12 13 14 15 16 17 18 19 20 21 22 23 24 25 26 28 29 30 31 32 33 35 36 37 38 39 40 41 42 44 45 46 48 49 50 51 52 53 54 55 56 57 58 59 60 61 62 63 64 65 66 68 69 70 71 72 73 74 75 76 77 78 79 80 81 82 83 84 85 86 87 88 89 90 91 93 94 95 96 97 98 99 100
2033 3 4 6 7 8 9 10 11 12 13 14 15 16 17 19 20 21 22 23 24 25 26 27 28 29 30 31 32 33 34 35 36 37 38 39 40 42 44 45 46 47 48 49 50 51 53 54 55 56 57 58 59 60 61 62 63 64 65 66 67 68 72 73 74 75 77 78 79 81 82 83 84 85 86 88 89 90 91 92 93 94 95 96 97 98 99 100
2623 4 5 6 8 9 10 11 12 13 14 15 16 17 18 19 20 21 22 25 26 27 28 29 30 31 32 33 34 35 36 37 39 40 41 42 45 46 47 48 49 51 52 53 54 55 56 57 58 59 60 61 62 63 64 65 66 67 68 69 70 71 73 74 75 76 77 79 80 81 82 84 85 86 87 88 89 91 92 93 94 95 96 97 98 99 100
2954 5 6 7 8 9 10 11 12 13 14 15 17 18 19 20 21 22 23 24 25 26 27 28 30 31 32 33 34 35 36 37 38 39 40 41 42 43 44 45 46 47 48 49 51 52 53 54 55 56 57 58 59 60 61 62 63 64 66 67 68 69 70 71 72 73 75 76 78 79 80 82 83 84 85 86 87 88 89 90 91 93 94 95 96 97 98 99 100
2941 6 9 10 11 12 13 14 15 17 18 19 20 21 22 23 24 25 26 27 28 29 30 31 32 33 34 35 36 38 39 40 41 43 44 45 46 47 48 49 50 51 52 54 55 56 57 58 59 60 61 62 63 64 65 66 67 69 70 71 72 73 74 75 76 77 78 80 81 82 83 84 85 86 87 88 89 91 92 93 94 95 96 97 98 100
2417 7 8 9 10 11 12 13 14 15 16 17 18 19 20 21 22 23 24 25 26 27 28 29 30 31 32 33 34 35 37 38 39 41 42 43 44 45 47 48 50 51 52 53 54 55 56 57 58 59 60 61 62 64 65 66 67 68 69 70 71 72 73 74 75 76 77 78 79 82 83 84 85 86 87 88 90 91 92 93 94 95 96 97 98 99 100
2947 8 9 10 11 12 13 14 15 16 17 18 19 20 21 23 25 26 27 28 29 30 31 32 33 34 35 36 37 38 39 40 41 42 43 44 45 46 47 48 49 50 51 52 53 54 55 56 57 58 60 61 62 64 65 66 67 68 69 71 73 74 75 76 77 78 79 80 81 82 83 84 85 86 87 89 90 91 92 93 94 95 96 98 99 100
2411 9 10 11 12 13 14 16 17 18 19 20 21 22 23 24 25 26 28 30 31 33 34 35 36 37 38 39 40 41 42 43 44 45 46 47 48 49 51 52 53 54 55 56 57 58 59 60 61 62 63 64 66 67 69 70 71 72 73 74 75 76 77 78 79 80 82 84 85 86 87 88 89 90 91 92 93 94 95 96 97 98 99 100
1882 10 11 12 14 15 16 17 18 19 20 21 23 24 25 26 27 28 29 30 32 33 34 35 36 38 40 41 43 44 45 46 48 49 50 52 53 54 55 56 57 58 60 61 62 63 64 65 66 67 68 69 70 71 72 73 74 75 76 77 78 79 80 81 82 83 84 85 87 88 89 90 91 92 93 94 95 96 97 98 99 100
2475 11 13 14 15 16 17 19 20 21 22 23 24 25 26 27 29 31 32 33 34 35 36 37 38 39 40 41 42 43 44 45 46 47 48 49 50 51 52 53 54 55 56 57 58 59 60 61 62 63 64 65 66 67 68 69 70 71 72 73 74 75 76 77 78 79 80 81 82 83 84 85 86 87 88 89 90 92 93 94 96 98 100
1806 13 14 15 16 20 21 22 24 26 27 29 31 32 33 34 35 36 37 38 39 40 41 42 43 46 47 48 49 50 51 52 53 54 55 56 58 59 60 61 62 63 64 65 66 67 68 69 70 71 73 74 75 76 77 78 79 80 82 83 85 86 87 88 89 90 92 93 95 96 97 98 99 100
2754 13 15 16 17 18 19 20 21 22 23 24 25 26 27 28 29 30 31 32 33 34 35 36 38 39 40 41 42 43 44 45 46 47 48 49 50 51 52 53 54 55 56 57 58 59 60 61 62 63 64 65 66 67 68 70 71 72 73 74 75 76 77 78 79 80 81 83 84 85 86 87 88 89 90 91 92 93 94 95 96 97 98 99 100
1627 14 15 16 17 18 19 20 21 22 23 24 25 26 27 28 29 30 32 33 35 36 37 38 39 40 42 43 44 45 46 48 49 50 51 52 53 54 57 58 59 61 64 66 67 69 70 71 72 73 74 75 76 77 78 79 81 82 83 84 85 86 87 89 91 93 94 95 96 97 98 99
2733 15 16 17 18 19 20 21 22 23 25 27 28 29 30 31 32 33 34 35 36 37 38 39 40 41 42 43 44 46 47 48 49 50 51 52 53 54 55 56 57 58 59 60 61 62 63 64 65 66 68 69 70 71 72 73 74 75 76 77 78 79 80 81 82 83 84 85 86 87 88 89 90 91 92 93 94 95 96 97 98 99 100
1554 16 17 18 19 20 21 22 23 24 25 26 27 28 29 30 31 32 33 34 35 36 37 38 39 40 41 42 43 44 45 46 47 48 49 50 51 53 54 55 56 57 58 59 60 61 62 65 66 67 68 69 70 71 73 74 75 76 77 78 79 80 81 82 83 84 85 86 87 88 89 90 91 92 93 94 95 96 97 98 99 100
1737 17 18 19 21 22 23 24 25 26 27 28 29 30 31 32 33 34 35 37 38 39 40 42 43 44 45 46 48 50 51 52 53 54 55 56 57 58 59 60 61 62 63 64 65 66 67 68 69 70 71 72 74 75 76 77 78 80 81 82 83 84 85 86 87 88 89 90 91 92 93 94 95 96 97 98 99 100
2740 18 19 21 22 23 24 25 27 28 29 30 31 32 33 34 35 36 37 38 39 40 41 42 43 44 45 46 47 48 49 51 52 53 54 55 56 57 58 59 60 62 63 64 66 69 70 71 72 74 75 76 77 78 79 80 81 82 83 84 85 86 87 88 89 90 91 93 94 95 97 99 100
2970 19 20 21 22 23 24 25 26 27 28 30 31 32 33 34 35 36 37 38 39 40 41 42 43 44 46 47 48 49 50 51 54 55 57 58 60 61 62 63 64 67 68 69 70 72 73 74 75 76 77 78 79 80 81 82 83 84 85 86 87 88 89 90 91 92 93 95 96 97 99 100
2989 20 21 23 24 25 26 27 28 30 31 32 33 34 35 36 37 38 39 40 41 42 43 44 45 46 47 49 50 52 53 54 56 57 58 59 60 61 62 63 64 66 67 68 69 70 72 73 74 75 76 77 78 79 80 81 82 83 84 85 86 88 89 90 91 92 93 94 97 98 99 100
2891 21 22 23 24 25 26 27 28 29 30 31 33 34 35 36 37 38 39 40 41 42 43 44 45 46 47 48 49 50 51 52 53 54 55 56 57 58 59 61 62 63 65 66 67 68 69 70 71 72 73 74 76 77 78 80 81 82 83 84 85 86 87 88 89 90 91 93 94 95 96 97 98 99 100
2770 23 24 25 26 27 28 29 30 31 32 33 34 35 36 38 39 40 41 42 43 44 45 47 48 49 50 51 52 53 54 55 56 57 58 59 60 62 63 64 66 67 70 71 73 74 75 76 77 78 79 80 81 82 83 84 85 86 87 88 89 90 91 92 94 95 96 98 99 100
2032 23 24 25 26 27 28 29 30 31 32 33 34 35 36 37 38 40 41 42 43 44 45 46 47 48 49 50 51 52 53 54 55 56 57 58 59 60 61 62 63 64 65 66 67 69 70 71 73 74 75 76 77 78 79 80 81 82 83 85 87 89 90 91 92 93 94 95 96 97 99 100
1952 24 25 26 27 28 29 30 31 33 34 35 36 37 38 39 42 43 45 46 47 48 49 50 51 52 53 54 55 56 57 58 59 60 61 62 63 64 65 66 67 68 69 70 71 72 73 74 75 76 77 79 80 82 84 85 86 87 88 89 90 91 92 93 94 95 97 98 99 100
1869 25 26 27 28 29 30 31 32 33 34 35 36 38 39 40 41 42 43 44 45 46 47 48 49 50 51 52 53 54 55 56 57 58 59 60 62 63 64 65 66 67 68 69 70 71 72 73 74 75 76 78 79 80 81 82 83 84 85 87 88 89 90 92 93 94 95 96 97 98 99 100
2694 26 27 28 29 30 31 32 33 34 35 36 37 38 39 40 41 42 43 44 45 46 47 48 49 50 51 52 53 54 55 57 58 59 60 61 62 63 64 65 66 67 68 69 70 72 76 77 78 79 80 81 82 83 84 85 86 87 88 89 90 91 92 94 96 97 98 99
2533 27 29 30 31 33 34 35 36 37 38 39 40 41 43 44 45 46 47 48 50 51 52 53 54 55 57 58 59 61 62 64 65 66 67 70 71 72 73 74 75 76 77 78 79 81 82 83 84 85 86 87 88 89 90 91 92 93 94 95 96 97 99 100
2077 28 29 30 32 33 34 35 36 37 38 39 40 41 42 43 44 45 46 47 48 49 50 51 52 53 54 55 56 57 58 59 60 61 62 63 64 65 66 67 68 69 70 71 72 73 74 76 77 79 80 81 82 83 84 85 86 87 88 89 90 91 92 93 95 96 97 98 99 100
2751 29 30 31 32 33 34 35 36 37 38 40 41 42 43 44 45 46 47 48 49 50 51 52 53 54 55 56 57 58 62 63 64 65 66 67 68 69 70 71 72 73 74 75 76 77 78 79 80 81 82 83 84 85 86 87 88 89 90 91 92 93 94 95 96 97 98 99
2182 30 31 32 33 34 35 36 37 38 42 43 44 45 47 48 49 50 51 52 53 54 56 57 58 59 60 61 62 63 64 65 66 67 68 69 71 72 73 74 75 77 78 79 80 81 82 83 84 85 86 87 88 90 91 93 94 95 96 97 98 99 100
1954 31 32 33 34 35 36 37 38 39 40 41 42 43 44 45 46 47 48 49 50 52 53 55 56 57 58 59 60 61 62 63 64 65 66 67 68 69 70 71 72 73 74 75 76 78 79 80 81 82 83 84 85 86 87 88 89 90 91 92 93 94 95 96 97 98 99 100
2606 32 33 34 35 37 38 39 40 41 42 44 45 46 47 48 49 50 51 52 53 54 55 56 58 60 61 62 63 64 65 66 67 68 69 70 71 72 73 74 75 76 77 78 79 80 81 82 83 86 87 88 89 90 91 92 93 94 95 96 97 98 100
1876 33 34 35 36 37 38 39 40 41 42 43 44 45 46 47 48 49 50 51 52 55 56 57 58 59 60 61 62 63 64 65 66 67 68 69 70 71 72 73 74 75 76 77 78 79 80 81 82 83 84 85 86 87 88 90 91 92 93 94 95 97 98 99 100
1683 34 35 36 37 38 39 42 43 44 45 46 47 48 49 50 51 52 53 54 55 56 57 58 59 60 62 63 64 65 66 68 69 70 72 73 74 75 76 77 78 79 80 81 82 83 85 86 87 88 89 91 92 93 94 95 96 97 98 99 100
1982 35 36 37 38 39 40 41 42 43 44 45 46 47 48 49 50 51 52 53 54 55 56 57 58 59 60 62 63 64 65 66 67 68 69 70 71 72 73 74 76 77 78 79 80 81 82 83 84 85 86 87 88 89 90 91 92 93 95 96 97 98 99 100
1889 36 37 38 39 40 41 42 43 44 45 46 47 48 49 50 51 52 53 54 55 57 58 59 60 61 62 63 64 65 66 67 68 69 70 71 72 73 74 75 76 77 79 80 82 83 84 86 87 88 89 90 91 95 96 97 98 99 100
1739 37 38 39 40 41 42 43 44 45 46 47 48 49 51 52 54 55 56 57 58 59 60 62 63 64 65 66 67 68 69 70 71 72 73 74 75 77 78 79 80 81 82 83 84 85 86 87 88 89 90 91 92 94 96 97 98 99 100
2261 38 39 40 41 42 43 44 45 46 47 48 49 50 51 52 53 54 55 56 57 58 59 60 61 62 63 64 65 67 68 69 70 71 72 73 74 75 77 78 79 80 81 82 83 84 85 86 87 88 89 90 91 92 93 94 95 96 97 98 99 100
1799 39 40 41 42 43 44 46 47 48 49 50 51 52 53 54 55 56 57 58 59 62 63 64 65 66 67 68 70 71 74 75 76 77 78 79 80 81 82 83 84 85 86 87 88 89 90 91 92 93 94 95 96 97 98 99
2800 40 41 42 43 45 46 47 50 51 52 53 54 55 56 57 58 60 61 62 63 64 65 66 67 68 69 70 71 72 74 75 77 78 79 80 81 82 83 84 85 88 89 90 91 92 93 96 97 98 99 100
1898 41 42 43 44 45 46 47 48 49 51 52 53 54 55 56 57 58 59 60 61 62 64 65 68 70 71 72 73 74 75 76 78 79 80 81 82 83 84 85 86 87 88 89 90 91 93 94 95 96 98 99 100
2481 42 43 44 45 46 47 48 49 50 51 52 53 54 55 57 58 59 61 62 63 64 65 66 67 68 69 70 71 72 73 74 75 76 77 78 79 80 81 82 83 85 86 87 88 89 90 92 93 94 95 96 97 98 99 100
2666 43 44 45 46 47 48 49 50 51 52 53 54 55 57 58 59 61 62 64 65 66 67 68 69 70 71 72 73 74 75 76 77 78 79 80 81 82 83 85 86 87 88 89 90 92 93 94 95 96 97 98 99 100
2928 44 45 46 47 48 49 50 51 53 54 55 57 59 61 62 63 64 65 67 68 70 71 72 74 75 76 77 79 80 81 82 83 85 86 87 88 89 91 92 93 94 96 97 98 99 100
1582 45 46 47 49 50 51 52 53 54 55 56 57 58 59 60 61 62 63 64 65 66 67 68 69 70 71 72 73 74 75 77 78 79 80 81 82 83 84 85 86 87 90 91 93 94 96 97 98 99 100
2329 46 47 48 49 50 51 53 54 55 56 58 59 60 61 62 63 64 65 66 67 68 69 70 71 72 73 74 75 76 77 78 79 80 81 82 83 84 85 86 87 89 90 91 92 93 94 95 96 97 98 99 100
2476 47 48 49 50 51 52 53 54 55 56 57 58 59 60 61 62 63 64 65 66 67 69 70 71 72 73 74 75 76 77 79 81 82 83 84 85 86 87 90 91 92 93 94 95 96 97 98 99 100
1800 48 49 50 51 52 53 54 55 56 57 58 59 60 61 62 63 64 65 67 68 69 70 72 73 74 75 76 77 78 79 80 81 82 83 84 85 86 87 88 89 90 91 92 94 95 96 97 98 99 100
2900 49 50 52 53 54 55 56 58 59 60 61 62 63 64 65 67 68 71 72 73 75 76 77 79 80 81 82 83 84 88 89 90 91 92 93 94 95 96 97 98 99 100
1706 50 51 52 53 54 56 57 58 59 60 61 62 63 65 66 67 68 69 70 71 72 73 74 75 76 77 78 79 80 81 82 83 84 85 86 87 88 89 90 91 92 93 94 95 96 97 98 99 100
2389 51 52 53 54 55 56 57 58 59 60 61 63 64 65 66 67 68 69 70 71 72 73 74 75 76 79 80 81 82 83 84 85 86 87 88 89 90 91 92 93 95 96 97 98 100
2995 52 53 54 55 56 57 58 59 60 61 62 63 64 65 66 67 68 69 71 72 73 74 76 77 78 80 81 82 83 84 85 86 87 88 89 91 93 94 95 97 98 99 100
1664 53 54 55 56 57 58 59 60 61 62 63 64 66 67 68 69 70 71 72 73 74 75 76 77 78 80 81 82 83 84 85 86 87 88 89 90 91 92 93 94 95 96 97 98 99 100
1723 54 55 57 58 60 61 62 63 64 65 66 67 68 69 70 72 73 74 75 76 78 79 80 81 82 83 84 85 86 87 88 89 91 92 94 95 96 97 98 100
2628 55 57 58 59 60 61 62 63 65 66 67 68 69 70 71 72 73 74 76 77 78 79 80 81 82 83 84 85 86 87 88 89 90 91 92 93 94 95 96 97 98 99 100
2621 56 57 58 59 60 62 63 64 65 66 67 68 71 72 73 74 75 76 77 78 79 80 81 82 83 84 85 86 87 88 89 90 91 92 93 97 98 99 100
2703 57 58 59 60 61 62 63 64 65 66 67 68 69 70 72 73 74 75 76 77 78 79 80 81 82 83 84 85 86 88 89 90 91 92 93 94 95 96 97 98 99 100
1995 58 59 60 62 63 65 66 68 69 70 71 72 73 74 75 76 77 78 79 80 81 82 83 84 85 86 87 88 89 90 91 92 93 94 95 96 97 98 99
2754 59 60 61 62 64 65 67 68 70 71 72 73 74 75 76 77 79 80 81 82 83 84 85 86 87 89 90 91 92 94 95 96 97 98 99 100
2508 60 61 62 63 64 66 67 68 69 70 71 72 73 74 75 76 77 78 79 81 83 84 85 86 88 89 90 91 93 94 95 96 97 99 100
1668 61 63 64 65 66 68 69 71 72 73 74 75 76 77 78 79 80 81 82 84 86 87 88 89 90 91 92 93 94 95 96 97 98 99 100
2790 62 63 64 65 66 67 68 69 70 71 72 73 75 76 77 78 79 80 81 82 83 84 85 87 88 89 90 91 92 93 94 95 96 97 98 99 100
1533 63 64 65 66 67 68 69 70 71 72 73 74 76 77 78 79 80 81 82 86 87 88 89 90 91 92 93 94 95 97 98 99 100
1687 64 65 66 70 71 74 77 78 79 80 81 82 83 84 85 86 87 88 89 90 91 92 93 94 95 96 97 98 99 100
2824 65 66 67 68 69 70 71 72 73 75 76 77 78 79 80 81 82 83 84 85 86 87 89 90 91 92 93 94 95 96 97 98 99 100
1908 66 67 68 69 70 71 72 73 74 75 76 77 78 79 80 81 82 83 84 85 86 87 88 89 90 91 92 93 94 95 96 98 99 100
2288 67 68 70 71 72 73 74 75 77 78 79 80 81 83 85 86 87 88 89 90 91 92 93 94 95 96 97 99 100
2547 68 69 70 71 72 73 74 75 76 77 78 79 81 82 83 84 85 86 87 88 89 90 91 93 94 95 96 97 98 99 100
2631 69 70 71 72 73 74 75 76 77 78 79 80 81 82 83 84 85 86 87 88 89 91 92 93 95 96 97 98 99 100
1691 70 73 74 75 76 77 78 79 80 81 82 84 85 86 87 88 90 91 92 93 94 95 96 97 98 99 100
2753 71 72 73 74 75 76 77 78 79 80 81 82 83 85 86 87 88 89 90 92 93 94 95 96 97 99 100
2540 72 73 75 76 77 78 79 80 81 82 85 86 87 88 89 91 92 93 94 96 97 98 99 100
2721 73 74 75 76 78 79 80 81 82 84 85 86 87 88 89 91 92 93 94 95 97 98 99 100
2899 74 75 76 77 78 79 80 81 83 84 85 86 87 88 89 90 91 92 93 94 95 96 97 98 99 100
2063 75 76 77 78 79 80 81 82 83 84 85 86 87 88 89 90 91 92 93 94 95 96 98 99 100
2181 76 77 78 79 80 81 82 83 84 85 86 87 88 89 90 92 93 94 95 96 97 98 99 100
1745 77 78 79 80 81 82 83 84 85 86 87 88 89 90 91 92 93 94 96 97 98 99 100
2614 78 79 80 82 83 84 86 87 88 89 90 91 92 93 94 95 96 97 98
2217 79 80 81 82 83 84 85 86 87 88 89 90 91 92 93 94 95 96 98 99 100
2531 80 81 82 84 85 86 87 88 89 90 91 92 93 94 95 96 97 99 100
1706 81 82 83 84 85 86 87 88 89 91 92 93 94 95 96 97 98 99 100
2234 82 83 84 85 86 88 89 90 91 92 93 94 95 96 97 98 99 100
1694 83 84 85 86 87 88 90 91 92 93 94 96 97 98 99 100
2013 84 85 86 87 88 89 90 91 92 93 95 98 99 100
2944 85 86 88 89 90 92 93 94 95 96 97 98 99 100
2466 86 87 88 89 90 91 92 94 95 96 97 98 100
2406 87 88 89 90 91 93 94 95 96 97 99 100
1891 88 90 91 92 93 94 95 96 97 98 100
1791 89 90 91 92 93 94 95 96 97 98 99 100
2735 90 91 92 93 94 95 96 98 99 100
2149 91 92 93 94 95 96 97 98 99 100
1664 92 94 95 96 97 98 99 100
2944 93 94 95 97 98 99 100
2064 94 95 96 97 98 99 100
2891 95 96 97 98 99 100
2358 96 97 98 99 100
2496 97 98 99 100
1592 98 99 100
2798 99 100
2741 100
1580
