25	10	1000	10
-4	157	2
-2	100	2
-4	196	3
-2	176	3
-5	112	2
-2	126	3
-5	155	2
-2	189	3
-1	127	2
-4	183	3
298 2 3 4 5 8 9 11 12 13 14 15 16 17 18 19 22 23 24 25
173 3 4 5 6 7 8 9 10 11 12 15 17 18 19 20 21 22 23 24 25
171 4 5 6 7 8 9 10 11 12 13 14 15 16 17 18 19 20 21 22 23 24 25
239 6 7 8 9 11 12 13 14 16 17 18 19 20 21 22 23 24 25
237 6 7 8 9 10 11 12 13 14 15 16 17 18 19 20 21 22 24 25
286 7 8 9 10 11 12 13 15 16 18 19 20 21 22 23 24 25
258 8 9 10 11 12 13 14 15 16 17 19 20 21 22 23 24 25
271 9 10 11 13 14 15 16 17 18 19 20 22 23 24 25
252 10 12 13 14 15 16 17 18 19 22 23 24 25
202 11 13 14 15 16 17 18 20 21 22 24 25
248 12 13 14 15 16 17 18 19 20 21 22 23 24 25
214 13 14 15 16 17 18 20 21 22 23 24 25
214 14 16 17 18 20 21 22 23 25
211 15 16 17 18 19 20 21 22 23 24 25
200 16 17 18 20 21 22 23 24 25
158 18 19 20 21 22 23 24 25
225 18 19 20 21 22 23 24 25
271 19 20 21 22 23 24 25
289 20 21 22 23 24 25
222 21 22 23 24 25
208 22 23 24 25
197 23 24 25
154 24 25
278 25
166
