25	5	10000	1
0	1533	3
0	1266	5
0	1063	6
0	1824	5
0	1940	6
1133 2 3 4 5 6 7 9 10 11 12 13 14 15 16 17 18 19 20 21 22 23 24 25
1247 3 4 5 6 7 8 9 10 11 12 14 15 16 17 18 20 21 22 23 24 25
1420 4 5 6 7 9 10 11 12 13 14 15 16 17 19 20 22 23 24 25
1016 5 7 8 9 10 11 12 13 14 15 16 17 18 19 20 21 22 23 24 25
788 7 8 9 10 11 12 13 14 15 16 17 18 19 20 21 22 23 24
1273 7 8 9 10 12 13 14 15 16 17 18 19 20 21 22 23 24 25
817 8 10 13 14 15 17 18 19 20 22 23 24 25
1489 9 10 11 12 13 14 15 16 17 18 19 20 21 22 23 24 25
1488 10 11 12 13 14 15 16 17 18 19 20 21 22 23 24 25
1491 11 12 13 15 16 17 18 19 20 21 22 23 24 25
1431 12 13 15 16 17 18 19 20 21 22 23 24 25
983 14 16 17 18 19 20 21 22 23 24 25
944 14 15 16 17 18 19 20 21 22 23 24
1125 15 16 17 18 19 20 21 22 23 24 25
1276 16 17 21 22 23 24 25
541 17 18 19 20 21 24 25
1440 18 19 20 21 22 23 24
866 19 20 21 22 23 24 25
1386 20 21 22 23 24 25
997 21 22 23 24 25
1413 22 23 24 25
1222 23 24 25
1423 24 25
603 25
988
