100	10	200	10
-4	31	9
-4	7	12
-1	23	7
-3	4	10
-5	36	11
-4	19	7
-4	10	8
-3	17	11
-4	32	10
-3	24	15
57 2 3 4 5 6 7 8 9 10 12 13 14 15 16 17 18 19 20 21 22 23 25 26 27 28 29 30 31 32 33 35 36 37 38 39 40 41 42 43 44 45 46 47 48 50 51 52 53 54 55 56 57 58 59 60 61 62 63 64 65 66 67 68 69 71 72 73 74 75 76 77 78 79 80 81 82 83 85 86 87 88 89 90 91 92 93 94 96 97 98 99 100
42 3 5 6 7 8 9 10 11 13 15 16 17 18 19 20 21 22 23 24 25 26 27 28 29 30 31 32 33 34 35 36 37 38 39 40 41 42 43 44 45 46 47 49 50 51 53 54 55 56 57 58 61 62 63 64 65 66 67 68 69 70 71 72 73 74 75 76 77 78 79 80 81 82 83 84 85 87 88 89 90 91 92 93 95 96 97 98 99 100
59 4 5 6 7 8 9 10 12 13 14 15 17 18 19 20 21 22 23 24 25 26 27 28 29 30 31 32 33 34 35 36 37 38 39 41 42 43 45 46 47 48 49 50 51 52 53 55 56 57 58 59 61 62 63 64 65 66 67 68 69 70 71 72 73 74 75 76 77 78 81 82 83 84 85 86 87 88 89 90 91 92 93 94 95 96 97 98 99 100
59 5 6 7 8 9 11 12 13 14 15 16 18 19 20 21 22 23 24 25 26 27 28 29 30 31 32 33 36 37 38 39 40 41 42 43 44 45 47 48 49 50 51 52 53 54 55 57 58 59 60 61 62 63 64 65 66 67 68 69 70 71 72 74 75 76 77 78 79 80 81 82 83 84 85 86 87 88 89 90 92 93 94 95 96 97 98 99 100
46 6 7 8 9 10 12 13 14 15 16 17 18 19 20 21 23 25 26 27 28 29 30 31 32 33 35 36 37 39 40 41 43 44 45 46 47 48 49 50 52 53 54 55 56 57 58 59 60 61 62 63 65 66 67 68 69 70 71 72 74 75 76 77 78 79 80 81 82 83 84 85 86 87 88 89 90 91 92 93 94 95 96 97 98 99 100
40 7 8 9 10 11 12 14 15 16 17 18 19 20 21 22 23 24 25 26 27 28 29 30 31 33 35 36 37 38 39 40 41 42 43 44 45 46 47 48 49 50 51 52 53 54 55 56 57 58 59 60 61 62 63 64 65 67 68 69 70 71 72 73 74 75 76 77 78 79 80 81 82 83 84 86 87 88 89 90 91 92 93 94 95 96 97 98 99
56 8 10 11 12 13 14 15 16 17 18 19 20 21 23 24 25 26 27 28 29 30 32 33 34 35 36 37 38 39 40 41 42 43 44 45 46 47 48 49 50 51 52 53 54 56 58 59 60 61 62 64 65 66 68 69 70 72 73 74 75 76 77 78 79 80 81 82 83 84 85 86 87 88 89 90 91 92 94 95 96 97 99 100
45 10 11 12 13 14 15 16 17 18 19 21 22 24 26 27 28 29 30 31 33 34 35 36 37 38 39 40 41 42 43 44 45 47 48 49 50 52 54 55 56 57 58 60 61 62 63 64 65 66 67 68 69 70 72 73 74 75 76 77 78 79 80 81 82 83 84 85 86 87 88 89 90 91 92 93 94 95 96 97 98 99 100
55 10 11 12 13 15 16 17 18 19 20 21 22 23 24 25 26 27 30 31 32 33 34 35 36 37 39 40 41 42 44 45 46 47 48 49 50 51 52 53 54 55 56 57 58 59 60 61 62 63 64 65 66 67 68 69 71 72 73 74 75 76 78 79 81 83 84 85 86 87 88 89 90 91 93 94 95 96 97 98 99 100
59 11 13 14 15 16 17 19 20 21 22 23 24 25 27 28 30 31 33 34 35 36 37 38 39 40 41 43 44 45 46 47 48 49 50 51 52 53 54 55 56 58 59 60 61 62 63 64 65 66 67 68 69 70 71 72 73 74 75 76 77 78 79 80 81 82 83 85 87 88 90 91 92 93 94 95 96 97 98 99 100
50 12 13 14 15 17 18 19 20 21 22 23 24 25 26 27 28 29 30 31 32 33 34 35 36 37 38 39 40 41 42 43 44 45 46 47 48 49 50 51 52 53 54 55 56 57 58 59 60 61 62 64 65 66 67 68 69 70 71 72 73 74 75 76 77 78 79 80 82 83 84 85 86 87 88 89 90 91 94 95 96 97 98 99 100
51 13 14 15 16 17 19 20 21 22 23 24 25 26 27 28 30 32 34 35 36 37 38 39 40 41 43 45 46 47 48 49 50 51 52 53 54 55 56 57 58 59 60 61 62 63 64 65 66 67 68 69 71 72 73 76 77 78 79 81 82 83 84 85 86 87 88 89 90 91 92 93 94 95 96 97 98 99 100
46 15 16 17 18 19 20 21 22 23 24 25 26 27 28 29 30 31 32 33 34 35 36 38 39 40 41 42 44 45 46 47 50 51 52 53 54 56 58 59 60 63 64 66 67 69 70 71 72 73 74 75 76 77 78 79 80 81 82 83 84 85 86 87 89 90 91 92 93 94 95 97 99 100
42 15 16 17 18 20 21 22 23 24 25 26 27 28 29 30 33 34 35 36 37 38 39 40 41 42 44 45 46 47 49 50 51 53 54 55 56 58 59 60 61 62 64 65 66 67 68 69 70 72 73 74 75 76 77 78 79 80 81 82 83 84 85 86 87 88 89 90 91 92 93 94 95 96 97 98 99 100
44 16 17 18 19 20 21 22 23 24 25 26 27 28 29 30 31 32 33 35 36 37 38 39 40 41 42 43 45 46 47 48 49 52 53 54 55 56 57 58 59 60 62 63 64 67 68 69 70 71 72 73 75 76 77 78 79 80 81 82 84 85 86 87 88 89 90 91 92 93 94 95 97 98 99 100
57 17 18 19 20 21 22 23 24 25 26 27 28 29 30 31 32 33 34 35 36 37 38 39 40 41 42 43 44 45 46 47 48 49 50 52 53 54 55 56 58 59 60 61 62 63 64 65 66 67 68 69 70 71 72 73 74 76 77 78 79 80 81 82 83 84 85 86 87 89 90 91 93 94 95 97 98 99 100
55 18 19 20 21 22 23 24 25 26 27 28 29 30 31 32 33 34 35 36 37 39 40 41 42 43 44 45 46 49 50 53 54 55 56 57 58 59 61 62 63 64 65 67 68 69 70 71 72 73 74 75 77 78 79 80 81 82 83 84 85 86 87 88 89 90 91 92 93 94 95 96 97 99 100
44 19 20 21 22 23 24 25 26 27 28 29 31 32 33 34 36 37 38 39 40 41 42 43 44 45 46 47 48 49 50 51 52 53 54 55 56 57 58 59 60 61 62 63 64 65 66 67 68 69 70 71 72 73 74 75 76 77 79 80 81 82 83 84 85 86 87 88 89 90 91 92 93 95 96 97 98 99 100
40 20 21 22 23 24 25 26 27 28 29 31 32 33 35 36 37 38 39 40 41 42 43 44 45 46 47 48 49 50 51 52 53 54 55 56 57 58 59 60 61 62 63 64 65 66 67 69 70 71 72 73 74 75 76 77 78 79 80 81 82 83 85 86 88 89 90 91 94 95 96 97 98 99 100
60 21 22 23 24 25 26 27 28 29 30 31 33 34 35 36 38 40 41 42 43 44 45 46 47 48 49 50 52 53 54 55 56 57 58 59 60 62 63 64 66 67 68 69 70 71 72 73 74 75 78 79 80 81 82 83 84 85 86 88 91 92 93 94 95 96 97 98 99 100
59 22 23 24 25 26 27 29 30 31 32 33 34 35 36 37 38 39 40 42 43 44 45 46 47 49 51 53 54 55 56 57 58 59 60 61 62 63 64 65 66 67 68 69 70 71 72 73 77 78 79 81 82 83 84 86 87 88 89 90 91 92 93 94 95 96 97 98 99
46 23 24 25 26 27 29 30 31 32 33 34 35 37 38 39 40 41 42 43 44 45 46 48 50 51 52 53 54 55 56 57 58 59 60 61 62 63 64 65 66 67 68 69 70 71 72 73 74 75 76 77 78 79 80 81 82 83 84 85 86 87 88 89 90 91 92 93 94 95 96 97 98 99 100
41 24 25 27 29 30 31 32 33 34 35 36 37 38 39 40 41 43 44 45 46 47 48 49 50 51 52 53 54 56 59 60 61 62 63 64 65 66 67 68 69 70 71 72 73 74 75 76 77 78 80 81 82 83 86 87 89 91 92 93 94 95 96 97 99 100
41 25 26 28 29 30 31 32 33 34 35 36 38 39 40 41 42 43 44 45 46 47 48 49 50 51 52 53 54 55 56 57 58 59 60 61 62 63 64 65 66 67 68 69 70 71 72 74 75 76 77 78 79 80 82 83 84 85 87 88 89 90 91 92 93 94 95 96 97 99 100
50 26 27 28 29 30 31 32 33 34 35 36 37 38 39 40 41 42 43 44 45 47 48 49 50 51 52 53 54 56 57 58 59 60 61 63 64 65 66 67 68 69 70 71 72 73 74 75 76 77 78 79 81 82 84 85 86 89 90 91 92 94 95 96 97 98 99 100
43 27 28 29 30 31 32 33 34 35 36 37 38 39 40 41 42 43 44 45 46 47 48 49 50 51 52 53 54 56 57 58 59 61 62 63 64 65 66 67 68 69 70 71 72 73 74 75 76 77 78 79 80 81 82 83 84 85 86 87 88 89 90 91 92 94 95 96 97 98 99 100
46 28 29 30 31 32 33 34 35 36 37 38 39 40 41 42 43 44 45 46 47 48 49 51 52 53 54 55 57 59 60 61 62 63 64 65 66 68 69 70 71 72 73 74 75 76 77 78 79 80 81 82 83 84 86 87 88 89 90 93 94 95 96 98 99 100
50 29 30 31 32 33 34 35 37 38 39 40 41 42 43 44 45 46 47 48 50 51 52 54 55 56 57 58 59 60 61 62 63 64 65 67 68 69 70 71 72 73 74 75 76 77 80 81 82 83 84 86 87 88 89 90 91 92 93 95 96 97 98 99 100
57 31 32 33 34 35 36 37 39 40 41 42 43 44 45 46 47 48 49 50 52 53 54 55 56 57 58 59 60 62 63 64 65 66 67 68 69 70 71 72 73 74 75 76 77 78 79 80 81 82 83 85 87 88 89 90 91 92 93 94 95 96 97 98 99 100
50 31 32 33 34 35 36 37 38 40 41 42 43 44 45 46 47 48 49 50 51 52 53 54 55 56 57 58 59 60 61 62 63 64 65 66 67 68 69 71 72 73 74 75 76 77 78 79 81 82 83 84 85 86 88 89 90 91 92 93 94 95 96 97 98 99 100
44 32 33 34 35 36 37 38 39 40 41 42 43 44 45 46 48 49 50 51 52 53 54 55 56 57 58 59 60 61 62 63 64 65 66 67 68 69 70 71 72 73 74 75 76 77 78 79 80 81 82 83 84 85 87 90 94 95 96 97 98 99 100
49 33 34 35 36 37 38 39 40 41 42 43 44 45 46 47 48 49 50 53 54 55 56 57 58 59 60 61 63 64 65 66 67 68 69 70 71 72 73 74 75 76 77 78 79 80 82 83 84 85 86 87 88 89 90 91 92 94 95 96 97 99 100
46 34 36 37 38 39 40 41 42 44 45 46 47 48 49 50 51 52 53 54 55 56 59 61 62 63 64 65 66 67 68 69 70 71 72 73 74 75 76 77 78 79 80 81 82 83 84 85 86 87 88 89 90 91 92 93 94 95 96 97 98 99 100
40 35 36 37 38 39 40 41 42 43 44 45 46 47 49 50 51 52 53 54 56 57 58 59 60 61 62 65 66 67 68 69 70 71 73 74 75 76 77 79 80 81 82 83 84 85 86 87 88 89 90 91 93 94 95 96 100
51 36 37 38 39 40 41 42 43 44 45 46 47 48 50 51 52 53 54 55 56 57 58 59 60 61 62 63 64 65 66 67 69 70 72 73 74 75 76 78 79 80 81 82 83 84 85 86 87 88 89 90 91 92 93 94 96 97 98 99 100
41 37 38 39 40 41 42 44 45 46 48 49 50 51 52 53 54 55 56 57 58 61 62 63 64 65 66 67 68 69 70 71 72 74 75 76 77 78 79 80 81 82 83 84 85 87 89 90 91 92 93 94 95 96 97 98 99 100
59 38 39 40 41 42 43 45 46 47 48 49 50 51 52 53 54 55 56 57 58 59 60 61 62 63 64 65 66 68 69 70 71 72 73 74 75 76 77 78 79 80 81 82 83 85 86 87 88 90 91 92 93 94 95 96 97 98 99 100
42 41 42 43 45 46 47 48 49 50 51 52 53 54 55 56 57 58 59 60 61 62 63 64 65 66 67 68 69 70 72 73 75 76 77 78 79 80 81 82 83 84 85 86 87 88 89 90 91 92 93 94 96 97 98 99 100
44 40 41 42 43 44 45 46 47 49 50 51 52 53 54 55 56 57 58 59 60 61 62 64 65 66 67 68 69 70 71 72 73 74 75 76 77 78 79 80 81 82 83 84 85 86 87 88 89 90 91 93 94 95 96 97 98 99
57 41 43 44 45 46 48 49 50 51 52 53 54 55 56 57 58 59 60 61 63 64 65 66 68 69 70 71 72 73 75 76 77 78 79 80 81 82 83 85 86 87 88 89 90 91 92 93 94 96 97 98 99 100
43 42 43 44 45 46 47 48 49 50 51 52 53 54 55 56 57 58 59 60 61 63 64 65 66 67 68 69 70 71 72 73 74 75 76 77 79 80 81 82 83 85 86 87 88 89 91 92 93 94 95 96 97 98 100
57 43 45 46 48 49 50 51 52 53 54 55 56 57 58 59 60 61 63 64 65 66 68 69 71 72 73 74 75 76 77 78 80 81 82 83 84 85 86 87 88 89 90 91 92 93 94 95 96 97 98 99 100
43 44 45 46 47 48 49 50 52 53 54 55 56 57 58 59 60 61 62 63 64 65 66 67 68 69 71 72 73 74 76 77 78 79 80 81 82 83 84 85 86 87 88 90 91 92 94 95 96 97 98 99 100
56 45 46 47 48 49 51 52 53 54 55 57 58 59 60 61 62 64 65 66 67 68 69 71 72 74 75 76 77 78 79 80 81 83 84 85 86 87 89 90 91 92 93 94 95 96 97 98 99 100
43 46 47 48 49 50 51 53 56 57 58 59 60 61 62 63 64 65 66 67 68 69 70 71 73 74 75 76 77 78 79 80 81 82 83 84 85 86 87 88 89 90 91 92 93 94 95 96 97 98 99 100
42 47 48 49 50 51 52 53 54 55 56 57 58 59 60 61 62 63 65 66 67 68 70 71 72 73 74 76 77 78 79 80 81 82 83 84 85 86 87 88 89 90 91 92 93 94 95 96 98 99 100
51 48 51 52 54 55 56 57 58 59 60 61 62 63 65 66 68 69 70 71 72 73 76 77 78 79 80 81 82 83 84 85 86 88 89 90 91 92 93 94 95 96 97 98 100
51 49 50 51 52 53 54 55 56 57 58 59 60 61 62 63 64 65 66 68 69 70 71 72 73 74 75 76 77 78 79 81 82 83 84 85 86 87 88 89 90 91 94 95 96 97 98 99 100
44 50 51 52 54 55 56 57 58 59 60 61 62 64 66 67 68 69 70 71 72 73 74 75 76 77 78 79 81 83 84 85 86 87 88 90 91 92 93 94 95 96 97 98 99 100
56 51 53 54 55 56 57 58 59 61 62 63 64 65 66 68 69 70 71 73 74 75 76 77 78 79 80 81 82 83 84 86 88 89 90 91 92 93 94 95 96 97 98 99 100
58 52 54 55 56 57 58 59 60 61 62 63 64 65 66 67 68 69 70 71 72 73 74 75 76 78 79 80 81 82 83 84 85 86 87 88 89 90 91 92 93 94 95 96 97 98 99 100
42 54 55 57 58 59 60 61 62 63 64 65 66 67 68 69 70 71 72 73 74 75 76 77 78 79 80 81 82 83 84 85 86 87 88 89 91 92 93 95 96 97 98 100
59 54 56 57 58 59 60 61 62 63 64 66 67 68 69 70 71 72 73 74 75 76 78 79 80 81 82 83 84 85 86 87 88 90 91 92 93 94 95 96 97 98 99 100
46 55 56 57 58 60 62 63 64 65 66 67 68 69 70 71 72 73 74 75 76 77 78 79 80 81 83 84 85 86 87 88 89 90 91 92 93 94 95 97 98 99 100
43 56 59 61 62 63 64 65 66 68 69 70 71 73 74 75 76 77 78 80 81 82 83 84 85 86 87 88 89 90 91 92 93 94 95 96 97 98 99 100
52 57 58 59 60 61 62 63 64 65 66 67 68 70 72 73 74 76 77 78 79 80 82 83 84 85 86 87 88 89 90 91 93 94 95 96 97 98 100
50 58 59 60 61 62 63 64 65 68 69 70 71 72 73 74 75 76 77 78 79 80 82 83 84 85 86 87 88 89 90 91 92 93 94 95 96 97 98 99 100
60 59 60 61 62 63 64 66 67 68 69 70 71 72 73 74 75 77 78 79 80 82 83 84 85 86 88 89 90 91 92 93 94 95 96 97 98 99
56 60 61 62 63 65 66 67 68 69 70 71 72 73 74 75 76 77 78 79 80 81 82 83 85 86 87 88 89 91 92 94 95 96 97 98 99 100
41 61 62 63 64 65 66 67 68 69 70 71 72 73 74 75 76 77 78 79 80 81 82 84 85 86 87 88 89 90 91 92 94 95 98 99 100
42 63 64 65 66 67 69 70 71 72 73 75 76 77 78 79 80 81 82 83 84 85 86 87 88 89 91 93 94 95 96 100
45 63 64 65 67 68 69 70 71 72 73 74 75 76 77 79 81 82 84 85 88 90 93 94 96 97 98 99 100
46 64 65 66 67 68 71 72 73 75 76 77 78 79 80 82 83 84 85 86 87 90 93 94 95 96 97 98 99
58 65 66 67 68 69 70 71 72 73 74 75 76 77 78 79 81 82 83 84 85 86 87 88 89 90 91 92 93 94 96 97 98 99 100
57 67 68 69 70 71 72 73 74 75 76 77 78 79 80 81 82 83 84 85 86 87 88 89 90 91 92 93 94 95 96 97 98 99
54 67 68 69 70 72 73 74 75 77 78 79 80 81 82 84 85 86 87 88 89 90 92 93 95 96 99 100
50 69 70 71 72 73 74 75 76 77 78 79 80 81 82 83 84 85 86 87 88 89 90 91 92 94 95 97 98 99 100
43 69 70 71 72 73 74 75 77 78 79 80 81 82 84 85 86 87 88 89 90 91 92 93 95 96 97 98 99 100
42 70 71 74 75 76 77 78 80 81 82 83 84 85 87 88 89 90 91 92 93 94 95 96 97 98 99 100
42 71 72 73 74 75 76 78 79 80 81 82 83 84 86 88 89 90 91 92 93 94 95 96 97 98 99
55 72 73 74 75 76 77 78 79 81 82 83 84 85 86 87 90 91 92 93 94 96 97 98 99 100
46 73 74 75 76 77 78 79 80 82 83 84 85 86 88 89 90 91 92 93 94 96 97 98 99 100
41 74 75 76 77 78 79 80 82 83 85 86 87 88 89 90 91 92 93 94 95 96 97 98 99 100
58 75 76 78 79 80 81 82 83 85 86 87 88 89 90 91 92 93 94 95 96 97 98 99 100
45 77 79 80 81 83 84 85 86 87 88 89 90 91 92 93 94 95 96 97 98 100
44 77 78 79 80 81 82 83 84 85 86 87 88 89 90 91 92 93 94 95 96 97 98 99 100
48 78 79 80 82 83 84 86 87 88 89 90 91 92 93 94 95 96 97 98 99 100
54 79 80 81 82 83 84 85 86 87 88 89 90 91 92 93 94 95 96 98 99 100
50 80 81 82 83 84 85 86 87 88 89 91 92 93 94 95 96 97 98 99 100
46 81 82 83 84 85 86 87 88 89 90 91 92 93 95 96 97 98 100
59 82 83 84 85 86 87 88 89 90 91 92 94 96 97 98 99 100
53 83 84 85 86 88 89 92 93 94 95 97 100
48 84 87 88 89 90 92 93 94 95 96 97 98 99
49 85 87 88 89 90 91 92 93 94 95 96 97 98 99
40 86 87 88 89 91 92 93 94 95 96 97 98 99 100
46 87 88 89 90 91 92 93 94 95 96 97 100
44 88 89 90 91 92 93 94 95 96 97 98 99 100
60 90 92 93 94 95 96 98 99 100
47 90 91 92 93 94 95 96 97 98 99 100
57 91 92 93 94 95 98 99 100
49 92 93 94 95 96 97 98 99 100
52 93 94 95 96 97 98 99 100
48 94 95 97 98 99 100
53 95 96 97 98 99 100
48 96 97 98 99 100
60 97 98 99
60 98 99 100
43 99 100
43 100
43
