75	5	1000	1
0	54	12
0	47	12
0	18	16
0	31	21
0	30	14
215 3 6 7 9 11 12 14 15 16 17 18 19 20 21 22 24 25 26 27 28 29 30 31 32 34 35 36 37 38 39 40 41 42 43 45 46 47 48 50 52 53 55 57 58 59 60 61 62 64 66 67 68 69 70 71 72 73 74 75
276 3 5 7 8 9 11 13 15 16 17 18 19 20 21 22 23 25 26 27 28 30 31 32 33 34 35 37 38 39 40 42 44 46 47 48 51 52 53 54 55 56 57 58 59 60 63 64 65 66 67 68 69 70 73 75
274 4 5 6 7 9 10 11 12 13 14 15 16 18 19 20 21 22 23 24 25 27 28 29 30 31 32 33 34 35 37 38 39 40 41 42 43 44 46 48 49 50 51 52 53 54 55 56 57 58 59 60 61 62 63 64 65 67 68 70 71 72 73 74 75
249 5 6 7 9 10 11 12 13 14 15 16 18 19 20 21 23 24 25 26 27 28 29 30 31 32 33 34 35 36 37 39 40 41 43 44 45 46 47 48 49 51 52 53 55 56 57 58 59 60 61 62 64 65 66 67 68 70 71 73 74 75
156 6 7 8 9 10 11 12 13 14 15 16 19 20 21 22 23 24 26 29 31 32 34 35 36 40 42 43 45 47 48 49 50 52 53 55 56 57 58 59 60 62 63 64 65 66 67 68 69 70 71 72 73 75
197 7 8 9 10 11 12 14 15 16 17 19 20 21 22 23 24 25 26 28 29 31 32 33 34 35 36 37 39 40 41 43 45 46 47 48 50 51 52 53 55 56 57 58 59 61 62 63 64 65 66 68 71 72 73 74 75
272 8 9 10 11 12 14 16 17 19 20 21 22 23 24 25 27 28 29 30 31 32 33 34 35 36 37 38 39 40 41 43 44 45 46 48 49 50 51 52 53 54 56 59 60 61 64 65 66 67 69 70 71 72 73 74 75
191 9 10 11 12 13 14 15 18 20 21 22 23 24 25 26 27 28 29 32 33 35 36 37 39 40 42 43 44 45 46 47 48 49 50 51 52 53 54 55 56 59 60 61 62 63 64 65 66 67 69 70 71 72 73 75
270 10 11 12 13 14 15 16 17 18 19 20 21 22 23 24 25 27 28 29 30 31 32 33 34 36 37 38 39 42 43 44 45 46 47 48 49 51 52 53 54 56 57 58 59 60 62 63 64 65 66 69 70 72 73 74 75
228 11 13 15 16 17 18 19 20 22 23 25 26 27 28 29 30 31 32 33 34 36 37 38 39 40 41 42 43 44 45 46 47 48 49 50 51 52 53 54 55 56 57 58 59 60 62 63 64 65 66 67 69 70 71 72 73 74 75
168 12 13 14 16 17 19 21 22 23 24 25 26 27 30 31 33 34 35 37 38 41 42 43 44 45 47 48 49 50 51 53 54 55 56 57 58 59 61 64 65 66 67 68 70 71 72 74 75
154 13 14 15 17 18 20 21 23 24 25 26 27 28 29 30 32 33 34 35 36 37 38 39 41 42 43 44 45 46 47 50 51 52 53 54 56 57 58 59 60 61 63 64 65 66 67 68 69 70 71 72 73 74 75
295 15 16 17 18 19 20 21 22 24 25 26 27 29 30 31 32 33 34 35 36 37 38 40 41 42 43 44 45 46 47 48 49 50 51 53 54 55 56 57 59 60 61 62 63 64 65 66 67 68 69 71 72 73 74 75
176 16 18 20 24 25 28 29 31 33 36 37 39 41 42 44 45 46 48 49 50 52 53 56 57 58 59 60 61 62 64 65 66 67 69 70 71 72 73 74 75
267 17 18 20 21 24 25 26 27 28 29 30 31 33 35 36 37 38 39 40 41 42 43 44 45 47 48 49 50 51 53 56 58 59 61 62 63 64 65 66 67 68 69 70 71 72 73 74 75
227 17 18 19 20 21 22 23 24 25 26 27 28 29 30 32 33 34 35 36 38 40 42 43 45 46 47 48 51 52 53 54 55 56 57 58 59 60 61 62 63 64 65 66 67 69 70 71 72 73 74 75
253 22 23 24 25 26 28 29 30 31 32 33 34 37 38 39 40 41 42 43 44 45 46 47 48 49 51 53 54 55 56 57 58 60 61 62 63 64 65 66 67 69 70 72 74 75
278 20 21 22 24 25 26 27 30 31 33 34 35 36 37 38 40 42 43 44 46 47 48 49 50 52 53 54 55 56 58 59 60 61 62 63 64 65 66 67 68 70 71 72 73 74 75
153 20 21 22 23 24 25 26 27 28 30 31 32 33 34 35 37 40 41 42 43 45 46 47 49 50 51 55 56 57 58 60 61 63 64 65 66 67 68 69 72 73 75
288 21 22 23 24 25 26 27 28 29 32 33 34 36 37 38 39 41 42 43 45 46 47 48 49 50 51 53 54 55 57 58 59 60 62 63 64 65 66 68 69 71 72 74 75
282 22 23 24 25 26 27 29 30 31 33 34 35 37 39 40 41 42 44 45 47 48 49 50 52 54 55 56 58 59 61 62 63 64 67 68 71 72 73 74 75
279 23 24 27 28 29 31 32 34 35 36 37 38 40 41 43 44 45 47 48 49 50 51 52 54 55 56 57 58 59 60 61 62 63 64 65 66 67 69 71 72 73 75
195 25 26 27 28 30 31 32 33 35 36 37 38 39 40 41 42 43 44 47 48 49 52 53 55 57 58 59 60 61 62 63 64 65 66 67 68 69 70 71 72 73 74 75
173 26 28 29 30 31 32 34 35 37 38 39 40 41 42 43 44 45 46 47 48 49 50 51 53 54 55 56 57 58 59 60 61 62 63 64 65 66 67 68 69 71 72 73 74 75
157 28 29 30 31 33 34 35 37 38 39 40 41 42 43 46 47 48 49 50 51 52 53 54 55 56 57 58 59 61 62 63 64 66 69 70 71 72 74 75
209 27 28 29 30 31 32 33 35 39 40 41 42 43 44 45 46 47 48 50 51 52 53 54 56 57 59 60 61 62 63 64 65 66 67 68 69 70 71 72 73 74
155 28 30 31 32 33 34 36 37 38 39 40 41 42 43 44 45 46 47 49 50 51 52 53 54 57 59 60 62 63 65 66 67 68 69 71 72 73 74 75
180 30 31 33 34 36 37 40 41 42 43 44 45 46 47 49 50 51 53 54 55 56 57 58 59 60 61 64 65 66 67 68 69 71 72 73 74 75
278 30 31 32 33 35 36 37 38 40 41 43 44 45 48 49 50 53 54 55 56 59 61 62 63 65 66 67 68 69 70 71 72 73 74 75
300 31 32 33 34 35 36 37 38 39 41 43 45 46 47 48 49 51 53 54 55 57 58 61 62 63 64 65 66 67 68 69 70 71 73 74 75
290 32 36 37 39 40 41 42 44 45 46 47 48 49 50 52 53 54 55 56 57 58 59 61 62 64 65 66 67 68 69 70 71 72 73 74
172 33 34 36 37 39 40 42 45 46 48 49 51 52 53 54 56 58 59 60 62 63 64 66 67 68 69 70 72 73 75
275 34 35 36 37 38 39 40 41 42 43 44 46 47 48 49 50 51 52 53 54 56 57 58 59 60 61 62 64 65 66 67 69 70 71 72 73 74 75
297 35 36 37 38 39 40 41 42 43 44 45 46 47 48 49 50 51 52 53 54 55 56 57 58 59 60 61 62 63 65 66 67 68 70 71 72 74 75
267 37 38 39 40 41 42 43 45 46 47 48 49 50 51 52 53 54 55 56 57 58 60 61 62 63 64 65 66 67 68 70 72 73 74
290 37 38 39 40 42 43 44 45 46 47 48 49 50 51 52 53 55 57 58 59 60 62 63 64 66 67 68 70 71 73 74 75
256 38 40 41 42 43 44 46 47 48 49 52 53 54 55 56 57 58 59 60 61 62 63 64 65 66 67 69 70 71 72 73 75
150 39 40 41 43 44 45 46 47 49 50 51 52 53 54 55 56 57 58 59 60 61 62 63 64 65 66 67 68 69 70 71 72 73 74 75
213 41 42 43 44 46 47 48 49 50 51 52 53 54 55 56 57 59 60 61 65 66 67 68 69 70 71
178 41 42 44 46 47 48 50 51 55 56 57 58 59 60 61 62 63 64 65 66 67 68 69 72 73 74
270 43 44 45 46 47 48 49 53 55 57 58 59 60 61 62 63 64 67 68 69 70 71 72 73 74 75
203 43 44 45 46 47 48 49 51 52 53 54 55 56 57 58 59 60 61 62 63 64 65 66 67 68 70 72 73 74
150 44 45 46 47 48 49 50 51 52 53 54 55 56 57 58 59 61 62 63 64 65 66 67 68 69 71 72 74 75
218 45 46 48 49 50 51 52 53 54 55 57 58 59 60 62 63 64 65 66 67 68 69 70 71 72 73 75
205 46 48 50 51 53 54 55 56 57 58 60 61 62 63 64 67 68 69 70 72 73 74 75
157 48 49 50 51 52 54 55 56 57 58 61 63 64 65 66 67 68 69 70 73 74 75
276 50 51 52 53 55 56 57 58 61 62 63 64 65 66 67 68 69 70 71 72 73 74
292 49 50 51 52 53 54 56 57 59 60 61 62 63 65 68 70 71 72 73 74 75
279 50 51 52 53 54 55 57 58 60 62 63 64 66 67 68 69 70 71 72 73 74 75
279 52 53 54 55 56 57 58 59 60 61 62 63 65 66 67 68 69 70 71 72 74 75
300 52 53 54 55 57 58 59 60 61 63 64 65 66 67 69 72 73 75
194 53 54 56 57 59 60 61 62 64 65 66 68 69 70 71 72 73 75
280 54 55 56 60 61 62 63 65 66 67 68 69 70 72 73 74 75
193 55 56 57 58 59 60 61 63 64 65 66 67 68 69 70 71 72 73 74 75
281 57 59 60 61 62 64 65 66 68 69 70 71 72 73 74 75
281 57 58 59 60 61 62 63 64 65 66 67 68 71 72 73 74 75
164 58 59 62 63 64 65 66 67 68 69 70 71 72 73 74 75
243 59 60 61 62 63 65 66 67 68 69 71 72 73 74 75
274 61 62 63 64 66 68 69 71 72 73 74 75
157 61 63 64 65 66 67 68 69 70 71 72 73 74 75
153 62 63 64 65 66 67 68 70 71 72 73
152 63 64 65 67 68 69 70 71 72 73 74
206 64 65 67 69 70 71 72 73 75
209 65 66 67 68 73 74 75
250 67 68 69 72 73 74 75
298 67 68 69 71 72 73 74 75
209 68 69 71 72 74 75
151 71 72 73 74 75
202 70 71 72 73 74 75
291 71 72 73 74 75
288 72 74 75
234 73 74 75
299 74 75
215 75
197
