200	5	10000	10
-4	481	43
-5	992	34
-3	650	39
-1	282	40
-2	312	44
1273 2 3 4 5 6 7 8 9 10 13 14 15 16 17 18 19 20 21 22 23 24 25 26 27 30 31 32 33 35 37 38 39 40 42 43 44 46 47 48 50 51 52 53 54 55 56 57 58 59 60 61 62 63 64 65 66 67 68 69 70 71 72 73 74 75 78 79 80 81 82 84 85 87 88 89 90 91 92 93 94 97 98 99 100 101 102 104 105 106 107 110 113 115 116 118 119 120 121 123 124 125 127 128 129 130 131 132 133 134 135 136 137 138 139 140 141 142 143 146 147 148 149 151 153 154 155 156 157 158 159 160 161 162 164 165 166 167 168 169 170 171 174 175 176 177 178 179 180 181 183 184 185 186 187 188 191 192 193 194 196 198 200
817 3 4 5 6 7 8 9 10 11 12 13 14 15 16 17 18 19 20 21 22 23 24 26 27 28 29 30 31 32 33 35 36 37 39 42 43 44 46 48 49 51 52 53 54 55 56 57 60 61 62 63 64 65 66 67 68 69 70 71 72 73 74 75 76 78 79 80 81 82 84 86 87 89 90 91 95 96 97 98 99 100 101 102 103 104 105 106 107 108 109 110 111 112 114 115 116 117 118 119 121 122 123 124 125 126 127 128 129 130 131 132 133 134 135 137 138 139 140 141 142 143 144 147 148 149 151 152 153 154 155 156 157 161 162 163 164 165 166 167 168 170 171 172 173 174 175 176 177 178 179 180 181 182 183 184 185 187 188 189 190 193 194 196 197 198 199 200
1247 5 6 8 9 10 11 12 14 15 16 17 20 21 22 23 24 25 26 27 28 29 30 31 32 33 34 36 37 38 39 40 41 42 43 45 46 47 48 49 50 51 52 54 57 58 59 60 62 63 64 65 66 67 69 70 72 74 75 76 77 78 81 82 83 84 85 86 87 88 89 90 91 92 93 94 96 98 99 100 101 102 103 104 105 106 107 108 109 110 112 113 114 116 118 119 121 122 124 125 126 127 129 130 131 132 133 135 136 137 139 140 141 142 144 145 146 147 148 149 151 152 154 155 156 157 158 159 160 161 162 163 164 165 168 169 170 172 173 175 176 178 179 180 181 182 183 184 185 186 187 188 189 190 191 192 193 194 195 196 197 198 199 200
766 5 6 7 8 10 11 13 14 15 16 18 19 20 21 22 23 24 25 26 27 28 29 30 31 32 33 34 36 37 38 39 40 41 42 44 45 46 47 48 49 52 53 54 55 56 57 58 59 60 62 63 64 65 66 67 68 69 70 71 72 73 74 75 76 77 79 80 81 82 83 84 85 86 87 89 90 91 93 95 96 97 99 100 101 102 103 104 105 106 107 108 109 110 111 112 114 115 116 117 118 119 121 123 124 125 126 127 128 129 130 131 132 133 134 138 140 141 142 144 145 146 147 148 149 150 151 154 155 156 157 159 160 164 165 166 167 168 169 170 171 173 174 175 176 177 178 179 180 181 182 183 184 185 186 187 188 189 191 193 195 196 197 198 199 200
1437 6 8 9 10 11 12 14 16 17 18 19 20 21 22 23 27 28 29 30 32 33 34 35 38 39 40 41 42 43 44 45 46 48 50 52 53 54 56 59 61 62 63 64 65 66 67 68 70 71 72 73 74 75 76 77 78 79 80 82 83 84 85 86 87 88 89 91 92 93 94 95 96 97 98 99 100 101 102 103 104 105 107 108 109 110 111 112 113 114 115 117 118 119 120 122 123 124 125 126 127 129 130 131 132 133 134 135 137 138 139 140 141 142 143 144 145 146 149 151 152 154 155 156 158 159 162 163 165 166 167 168 169 170 171 172 173 174 175 176 177 178 179 180 181 182 185 186 187 188 192 193 196 197 198 199
1227 7 8 10 13 14 16 17 18 20 21 22 26 27 28 30 31 32 33 34 35 36 37 39 42 44 48 49 50 51 54 55 56 58 59 60 61 62 63 64 65 66 67 68 69 70 72 73 74 75 76 77 80 81 82 83 84 85 86 87 90 91 93 94 95 99 100 101 104 105 106 107 108 109 110 111 113 114 115 116 119 120 121 122 123 124 125 126 128 129 130 131 134 135 136 137 138 139 140 141 142 143 144 146 147 148 149 152 153 154 155 156 157 158 159 160 161 162 163 164 165 167 168 169 170 172 174 175 176 178 179 180 181 182 183 184 185 186 188 190 192 193 194 195 196 197 198 200
1220 8 9 10 11 12 13 14 15 16 18 19 20 21 24 25 26 27 28 29 30 31 32 33 34 36 37 38 39 41 42 43 45 46 47 48 50 51 52 53 55 56 60 62 63 65 66 67 68 69 71 72 73 75 76 77 78 79 80 81 82 83 84 86 87 88 89 90 91 92 93 94 95 96 97 98 99 101 102 103 104 105 106 107 108 109 110 111 112 113 114 115 116 117 118 119 121 122 123 124 125 126 127 128 129 130 131 132 133 134 135 136 137 138 139 140 142 143 144 146 147 148 149 150 151 152 153 154 155 157 158 159 161 162 164 165 169 170 171 173 174 175 176 177 178 180 181 183 184 186 187 188 189 190 192 193 194 195 196 198 199 200
958 9 10 12 15 16 17 18 19 20 21 22 23 24 25 26 27 29 30 31 32 33 34 36 38 39 40 42 43 44 45 46 47 48 50 52 53 54 55 56 57 58 59 60 61 63 64 65 66 67 68 69 71 72 73 75 76 77 78 80 81 82 83 86 87 88 89 90 92 93 94 95 96 98 99 100 101 102 106 108 109 110 111 112 113 114 115 116 119 120 123 124 125 127 128 130 131 133 134 135 136 137 138 139 140 141 142 143 145 147 148 149 150 151 152 154 156 157 158 159 161 162 164 165 166 167 168 169 170 172 174 175 176 177 178 179 180 181 182 184 185 188 189 190 191 192 193 195 196 197 198 199 200
1223 11 12 15 16 18 19 20 21 22 23 24 25 26 27 28 29 30 31 32 33 35 37 38 39 40 44 45 46 47 48 49 50 51 52 53 56 58 59 60 61 63 64 65 67 68 69 70 71 72 73 74 75 76 77 78 79 80 81 83 84 85 86 87 88 89 90 91 92 94 95 96 97 98 99 100 102 105 106 107 108 109 110 111 112 113 114 115 116 117 118 119 122 123 124 125 126 127 128 129 130 131 136 137 138 139 140 141 142 143 144 145 146 147 148 149 150 151 152 153 154 155 156 158 160 161 163 164 166 168 169 170 171 172 173 174 175 176 177 178 179 180 181 182 183 184 185 186 187 191 192 194 196 197 199 200
987 12 14 15 16 17 18 19 20 21 23 24 25 26 27 29 30 31 32 33 34 35 38 39 40 41 42 43 44 45 46 47 48 49 50 52 53 54 56 57 58 60 61 62 63 65 66 67 69 71 72 73 74 76 78 79 80 82 83 84 85 86 87 89 90 91 93 94 97 98 99 100 101 102 103 104 105 106 107 108 110 111 112 113 114 117 119 120 121 122 125 126 127 128 129 130 131 132 134 136 138 139 140 143 144 145 149 152 153 154 155 157 158 160 162 164 165 166 167 168 170 172 173 174 176 178 179 180 182 183 186 187 188 189 190 192 194 195 196 197 200
1445 12 13 14 15 16 17 19 20 21 22 23 24 27 28 29 30 31 32 33 35 36 37 40 41 43 44 45 47 49 50 51 53 54 55 56 57 58 59 60 61 63 64 66 67 69 71 74 76 77 78 79 80 81 82 83 85 86 88 89 91 92 94 96 97 98 99 100 102 104 105 106 107 108 109 110 111 112 113 115 116 117 118 119 120 121 124 126 127 128 129 131 132 134 135 136 137 139 140 143 144 145 147 149 150 151 152 154 155 157 158 159 160 161 162 163 164 166 167 168 169 170 173 174 175 176 177 178 179 180 181 182 183 184 185 187 188 189 190 193 194 195 196 197 198 199 200
1362 13 14 15 16 18 20 21 22 23 24 25 26 27 29 30 31 32 33 34 35 36 37 40 42 43 44 45 46 47 48 49 50 52 53 54 56 57 58 59 60 61 63 64 65 66 67 68 69 70 71 72 73 74 75 77 78 79 80 81 82 84 85 86 87 88 89 90 91 92 93 94 95 96 97 98 99 100 102 103 104 105 106 107 108 109 110 111 112 114 115 116 117 118 119 120 122 123 125 127 129 131 132 133 134 136 137 138 140 142 143 144 145 146 147 148 151 152 153 154 155 156 157 159 160 161 162 164 165 166 167 168 170 171 172 173 174 175 176 177 178 179 180 181 182 183 184 185 187 188 189 190 191 192 193 195 196 197 198 199
1127 14 16 17 18 19 21 22 24 25 26 27 28 29 30 31 33 34 35 36 37 39 41 42 43 44 45 46 47 48 51 52 53 55 56 57 58 59 61 62 63 64 66 67 69 70 71 72 74 75 77 79 80 81 82 83 84 85 86 87 88 90 91 92 93 94 95 96 98 99 101 102 103 104 106 108 109 110 111 112 113 114 115 117 118 119 120 121 122 123 124 125 126 127 128 129 130 131 132 133 134 135 138 139 140 141 142 145 146 147 148 149 150 151 153 155 156 157 159 160 161 162 163 165 166 167 168 169 170 171 172 173 174 175 176 177 178 179 180 181 182 184 185 186 187 188 189 191 192 193 194 195 196 198 199
748 15 17 18 19 20 21 22 24 25 26 27 28 29 32 33 34 35 36 37 38 39 40 41 42 44 45 46 47 48 49 54 55 56 57 58 60 62 63 64 65 66 67 70 71 72 74 75 78 79 80 82 83 84 85 86 87 88 89 90 91 92 93 94 95 97 99 100 101 102 103 104 105 107 108 109 110 111 112 113 114 117 118 119 120 121 122 123 124 125 126 127 128 129 130 131 132 133 135 136 137 138 140 141 142 143 144 145 146 147 149 151 152 153 154 158 159 161 162 164 165 168 171 172 173 174 176 178 179 180 182 183 184 185 186 187 188 189 190 191 192 193 195 196 197 199
1335 16 17 19 20 21 22 23 24 25 26 27 28 29 30 31 32 33 34 35 38 40 41 42 43 44 45 47 48 49 50 51 52 53 54 55 56 57 58 60 61 62 63 64 65 66 67 69 76 77 78 79 80 81 82 83 84 85 86 87 88 90 93 94 96 98 99 100 102 104 105 106 109 110 111 112 113 114 115 117 118 120 121 122 123 124 125 126 127 129 130 131 132 133 134 135 136 137 138 139 140 141 142 143 145 146 147 148 149 150 151 152 153 154 157 158 159 160 161 162 163 164 165 166 167 168 169 171 172 173 174 175 176 179 180 181 182 183 184 185 186 187 188 189 192 193 194 195 196 197 198 199 200
1116 17 18 20 21 22 23 25 26 27 28 29 30 31 32 33 34 36 37 38 39 40 41 42 43 45 46 47 49 50 51 52 53 54 55 56 58 60 61 62 63 64 65 67 69 70 71 73 74 75 76 77 78 79 80 81 82 84 85 86 87 88 90 91 92 93 94 95 96 97 98 100 101 102 103 104 105 106 107 108 109 110 111 112 114 115 116 117 118 119 120 121 122 123 124 125 126 127 128 131 133 135 138 139 140 141 142 143 144 145 146 147 148 149 150 151 152 153 154 155 156 158 159 160 161 162 163 165 166 167 168 169 170 171 172 173 175 176 177 179 180 183 184 185 186 187 190 192 193 194 195 197 198 199 200
527 18 19 20 23 24 25 27 28 29 30 31 32 33 34 35 37 38 40 41 42 44 45 46 47 48 49 50 52 53 54 55 57 58 59 60 62 63 64 65 68 69 70 71 72 73 74 75 76 77 78 79 80 81 82 84 85 86 87 88 89 90 92 93 94 95 96 97 98 99 100 101 102 103 104 105 107 109 110 111 112 113 114 115 116 117 118 119 120 121 122 123 125 126 127 128 129 130 131 132 133 134 135 136 137 138 139 140 141 142 143 144 145 147 148 149 150 151 152 153 155 156 157 158 161 162 163 164 165 167 170 171 173 174 175 176 177 178 179 180 181 182 183 184 185 186 187 188 189 190 191 192 193 194 195 196 197 198 199
1353 19 20 22 23 24 25 26 28 29 30 31 32 33 34 35 37 38 39 40 41 42 43 44 46 47 48 49 50 51 53 54 55 56 58 59 61 62 63 64 65 66 67 68 69 70 72 73 74 77 78 79 80 81 82 83 84 85 86 88 90 93 94 95 96 97 98 100 101 102 104 105 106 111 114 115 117 118 119 120 121 122 123 125 126 127 128 129 130 131 132 134 135 136 138 139 140 141 143 144 145 146 147 148 149 150 151 153 154 156 159 160 161 162 163 164 165 166 168 169 170 171 172 174 176 177 178 179 180 181 182 183 184 185 186 187 188 190 191 192 194 195 197 198 200
1235 21 22 23 24 25 26 27 28 29 30 31 33 34 36 37 38 39 40 41 42 43 44 46 47 49 51 52 53 54 56 57 59 60 61 62 63 64 66 67 68 69 70 71 73 74 75 76 77 78 79 80 81 83 84 86 87 88 89 90 91 94 95 96 97 98 99 100 101 103 104 106 108 109 110 113 114 115 117 118 119 120 121 122 123 124 125 128 129 130 131 132 133 134 135 136 137 138 139 140 141 142 144 145 147 148 151 152 153 154 155 156 157 159 160 161 162 164 165 166 167 168 169 170 171 172 173 175 176 180 182 186 187 188 190 192 193 194 195 196 197 198 200
1244 21 22 23 25 26 27 28 29 30 31 32 34 35 36 37 38 39 40 42 43 45 46 47 49 51 52 53 54 57 58 59 60 61 62 63 64 66 67 68 69 70 71 72 74 75 76 77 78 79 80 81 82 83 84 85 86 87 88 89 90 91 92 93 94 95 96 97 98 99 100 101 102 103 104 105 106 107 108 110 112 113 114 115 116 117 118 119 120 121 122 123 124 125 126 127 128 129 130 135 136 137 138 139 140 144 145 146 148 149 151 152 154 155 157 158 159 161 162 164 165 167 168 170 171 172 174 175 176 178 179 180 181 182 183 184 185 186 187 188 189 190 192 193 194 195 197 198 199
1459 22 23 24 25 28 29 30 31 32 33 34 35 37 38 39 40 41 42 43 44 46 47 48 49 50 51 52 54 55 56 57 58 59 61 62 64 66 67 68 69 70 71 73 78 79 80 81 83 84 85 86 88 89 90 91 92 93 94 97 98 100 101 102 103 105 106 109 110 111 112 113 114 115 117 119 120 121 123 124 125 126 127 128 130 131 132 133 134 135 136 137 138 140 141 142 143 144 145 146 147 148 149 150 151 152 153 154 155 157 158 159 161 162 163 165 166 167 168 169 170 171 172 173 174 175 176 177 178 179 180 181 182 183 185 186 187 189 190 191 192 193 194 196 197 198 200
1135 23 24 25 26 27 28 29 30 32 33 34 36 37 39 40 41 42 43 44 45 48 50 51 52 53 54 55 56 58 59 60 63 65 66 67 68 69 71 72 73 74 75 76 79 81 82 83 84 85 87 91 92 93 95 96 97 98 99 101 103 105 106 107 109 110 111 112 113 114 115 116 117 118 120 121 122 123 124 125 126 127 128 129 131 132 133 135 136 137 138 139 140 141 142 143 144 145 146 147 148 149 150 151 152 153 154 156 157 158 159 160 162 163 165 166 167 168 171 172 174 175 176 177 179 180 182 186 188 189 190 191 192 194 195 196 198 199 200
684 24 25 26 27 28 29 30 31 32 35 36 37 38 39 41 42 44 45 46 47 50 52 54 55 57 58 59 60 64 65 66 70 71 72 73 75 76 78 79 81 82 83 84 85 86 88 90 91 92 93 94 96 97 98 99 100 101 102 105 106 107 108 109 110 111 112 113 114 115 116 117 118 119 120 121 122 123 124 125 126 127 128 129 130 132 133 134 135 136 137 138 139 140 141 143 144 146 147 148 149 153 154 155 156 158 159 162 164 165 167 168 169 171 172 173 176 177 180 183 184 185 186 187 188 190 191 192 193 194 195 196 197 199
1489 26 27 28 29 31 33 36 37 38 39 41 42 43 44 45 46 47 48 49 50 52 53 54 55 56 58 59 60 61 62 63 64 65 66 67 68 71 72 74 77 78 79 80 82 83 84 86 87 88 90 91 93 97 98 99 101 102 103 104 105 106 108 109 110 111 112 113 117 118 119 120 121 122 123 124 125 126 127 128 129 131 132 133 134 135 136 137 138 140 142 143 144 145 146 147 149 150 151 152 153 154 155 156 157 160 161 162 165 167 168 170 171 172 173 175 176 177 178 179 181 182 183 184 185 186 187 188 189 190 191 192 193 194 195 196 197 198 199 200
756 27 29 30 32 33 34 35 38 39 40 41 42 43 46 47 48 49 50 51 52 53 54 55 57 58 59 60 61 62 63 64 65 66 67 69 70 71 73 74 77 78 79 81 82 83 84 85 86 90 91 92 93 94 95 96 97 99 100 103 104 105 106 107 108 109 110 111 112 113 114 115 116 118 119 120 121 122 123 124 125 126 127 128 129 130 131 132 133 134 137 138 139 140 141 143 144 146 147 148 149 150 151 152 153 154 155 156 157 158 160 162 164 165 167 168 169 170 171 172 173 174 175 176 177 180 181 182 184 185 187 188 189 191 192 193 194 197 199
1207 29 31 32 33 34 35 36 37 38 40 41 42 44 45 46 47 50 51 53 55 56 57 62 63 65 66 67 68 69 72 73 75 76 78 80 81 83 84 86 88 89 90 91 92 93 94 95 96 97 98 100 101 103 104 105 106 107 108 109 110 112 113 114 115 116 119 120 121 123 125 127 128 129 130 131 132 135 136 137 138 139 140 141 142 143 144 145 146 147 149 150 151 152 153 154 155 157 158 159 160 161 162 163 164 165 166 168 169 171 173 175 176 177 179 180 181 183 185 186 187 188 190 191 194 195 196 197 198 200
968 28 29 30 31 32 34 35 36 37 39 40 41 42 43 45 46 47 49 50 51 52 53 54 55 56 58 59 60 62 63 64 66 67 69 70 72 75 76 78 79 82 83 84 85 86 87 88 89 90 91 92 93 94 95 96 97 98 99 100 101 102 104 105 106 108 109 110 111 112 113 114 115 116 118 119 120 121 122 123 125 126 127 129 133 134 135 136 137 138 139 140 141 142 144 145 146 147 148 150 151 152 153 154 155 156 157 159 160 162 163 164 165 166 167 168 169 170 171 172 173 174 175 176 178 179 180 181 183 184 185 186 187 188 189 190 191 192 193 194 195 196 197 198 199 200
843 29 30 31 32 33 34 35 36 37 38 39 41 43 44 45 46 47 48 49 50 51 52 53 54 55 56 57 58 59 60 61 62 63 64 65 66 67 68 69 70 73 74 75 79 80 81 82 83 84 85 86 87 88 89 90 91 92 93 94 95 96 97 100 101 102 103 104 105 106 108 109 110 111 112 114 115 117 119 122 123 124 125 126 127 128 130 131 132 133 134 135 136 137 138 140 141 142 144 145 146 147 149 150 151 152 153 155 156 160 161 162 163 164 166 167 168 169 170 171 172 173 175 177 178 179 181 182 183 184 185 186 187 188 189 190 191 192 194 196 197 198 199 200
1348 30 31 32 33 34 36 37 38 39 41 42 44 46 47 48 49 51 52 53 54 56 57 58 59 60 61 63 64 65 66 67 68 69 71 72 74 75 76 77 79 81 82 84 85 87 89 90 92 93 94 95 96 98 99 100 101 106 107 108 109 110 111 112 113 114 115 117 119 120 123 124 126 127 128 129 130 131 133 134 135 136 137 138 139 140 142 143 144 145 146 147 149 150 151 152 153 154 155 158 159 160 161 162 163 164 165 166 167 168 169 170 171 172 173 174 175 176 177 178 179 182 183 186 187 188 189 190 193 194 196 197 199 200
928 31 32 33 34 36 39 40 41 42 43 44 46 47 48 50 51 52 54 55 56 57 59 60 61 63 64 65 66 67 68 69 71 72 74 75 76 77 78 79 80 81 82 83 84 85 86 87 89 90 91 93 94 95 96 97 98 99 100 101 103 104 105 106 107 108 109 110 112 116 117 118 119 120 121 122 124 126 127 128 129 130 131 132 133 134 135 137 138 140 142 143 144 145 146 147 148 152 153 154 155 159 160 161 162 163 165 166 168 169 170 171 172 173 175 176 177 178 179 180 181 182 184 185 186 187 188 189 191 192 194 195 196 197 198 199 200
1118 32 33 34 35 36 37 38 39 40 41 43 45 46 47 48 50 52 53 54 55 56 57 58 59 60 61 62 63 64 65 66 68 71 72 73 74 75 76 77 78 79 80 81 82 83 86 87 88 89 90 92 93 95 96 97 98 99 101 102 103 104 105 106 107 108 109 110 111 112 113 115 116 117 118 119 120 121 122 123 126 127 129 130 131 133 135 136 138 139 140 141 142 143 144 145 146 147 148 149 150 152 153 154 155 156 159 160 161 162 163 164 165 166 168 170 171 173 174 176 177 178 179 180 181 183 184 185 187 189 191 192 193 194 196 197 198 199 200
1405 33 34 35 36 37 38 40 42 43 44 45 46 47 48 49 50 52 53 54 55 56 57 58 59 60 61 62 63 64 65 66 67 69 70 71 72 73 74 75 76 79 80 81 83 85 88 89 90 91 92 94 95 96 97 98 99 100 101 102 103 104 105 106 107 108 109 111 112 113 114 115 116 117 118 119 122 124 125 126 127 128 129 130 131 133 134 135 136 137 138 139 141 142 143 144 146 148 149 150 151 152 153 154 155 158 159 160 161 162 163 164 165 166 167 170 171 172 173 175 176 177 178 179 181 182 183 184 186 187 188 190 191 192 193 194 195 196 197 198 199 200
1486 35 37 38 39 40 41 44 45 46 47 48 49 51 52 53 55 57 60 61 62 63 64 65 67 68 70 77 78 79 80 81 82 83 84 85 86 87 89 90 91 92 93 94 95 96 98 99 100 101 102 104 106 107 108 109 110 111 112 113 114 115 116 117 118 121 122 123 124 125 126 127 128 129 132 133 134 135 136 137 138 139 140 141 146 147 148 149 150 151 152 153 154 156 158 159 160 161 163 165 166 167 168 169 170 171 172 174 175 176 178 179 181 183 185 186 187 188 189 190 191 192 194 195 196 197 199
823 35 36 38 39 40 41 42 43 44 45 46 47 49 50 52 53 55 56 60 61 62 66 67 68 69 70 71 72 73 74 75 76 78 79 80 81 82 83 84 85 86 87 88 89 90 91 92 93 94 95 96 98 99 100 101 102 103 106 107 108 109 110 113 116 117 118 119 120 121 122 124 125 126 127 128 130 131 132 133 134 135 136 138 140 141 142 143 144 145 146 147 148 149 150 151 152 153 154 155 157 158 159 163 164 165 166 167 171 174 176 177 180 182 184 185 187 188 189 190 191 192 193 194 196 197 198 199 200
718 36 37 38 40 42 44 45 46 47 48 49 51 52 53 58 59 60 61 62 63 65 66 67 69 70 71 72 73 74 75 76 79 80 81 82 83 84 85 86 88 91 92 93 94 95 96 97 98 99 100 101 102 104 105 106 107 111 112 113 114 116 118 119 121 122 123 124 125 126 127 128 130 131 133 134 136 137 138 139 140 141 142 143 144 145 146 148 149 150 151 152 153 154 155 156 157 158 159 160 161 162 163 164 165 167 168 169 170 172 175 176 177 178 180 181 182 183 184 185 187 188 189 190 191 192 193 194 196 197 198 199
1234 37 38 39 40 41 42 43 44 45 47 48 51 52 53 54 56 58 59 61 62 63 66 67 68 70 71 72 74 76 77 78 79 80 81 82 83 84 85 86 87 88 89 90 91 92 93 95 97 98 101 102 105 106 108 109 110 111 112 113 114 116 117 118 119 122 123 125 127 128 129 130 131 133 134 137 138 140 141 142 143 144 147 148 149 152 154 155 156 159 160 162 163 164 165 166 167 168 169 171 172 173 175 176 177 180 181 182 183 184 186 187 188 189 190 191 192 193 194 195 196 197 198 199 200
1126 38 39 40 41 42 43 44 45 46 47 48 49 50 51 52 53 54 55 56 59 60 61 62 63 64 65 67 68 69 70 71 72 73 76 77 78 80 81 82 83 84 85 88 91 92 94 96 97 100 101 102 103 104 105 107 109 110 111 112 113 114 115 117 118 119 120 121 122 123 125 126 127 128 129 130 131 132 133 134 135 136 138 139 140 141 142 143 144 145 146 148 150 151 152 153 154 155 157 158 160 161 162 165 167 168 169 170 171 172 173 175 176 178 179 180 181 182 183 184 185 186 187 189 190 191 192 193 194 195 196 197 198 199 200
695 39 40 41 42 43 44 45 46 48 49 50 51 52 53 54 56 57 58 59 61 63 64 65 66 68 69 70 71 73 75 76 77 79 80 83 84 86 87 89 90 92 93 94 95 96 97 98 99 100 101 102 103 104 105 106 107 108 109 111 112 114 116 117 118 119 120 121 122 123 124 125 127 128 129 133 134 136 137 138 139 140 141 143 145 146 148 149 150 151 153 156 157 158 160 161 162 164 165 166 167 168 169 170 171 172 173 174 175 176 178 179 180 181 182 183 184 185 186 187 190 191 192 193 194 195 197 198 199 200
1142 40 41 42 43 44 46 49 51 52 53 54 55 58 59 60 61 62 63 64 65 66 67 68 69 70 71 72 73 74 75 76 77 78 79 80 81 82 83 84 85 86 87 88 89 90 92 93 94 95 96 97 98 99 100 101 102 104 106 107 108 110 111 114 115 116 117 118 120 121 123 124 127 128 129 130 131 132 133 134 135 136 137 138 140 142 143 144 145 147 148 150 151 152 153 154 155 156 157 160 162 164 165 166 168 169 170 171 172 173 174 176 177 178 179 180 181 182 183 184 185 187 188 190 191 192 193 195 197 198 200
1319 41 42 43 44 45 46 47 48 49 50 51 52 54 56 57 58 60 61 62 63 64 65 66 67 68 69 70 71 73 74 75 76 77 79 80 81 83 84 85 86 88 89 91 92 93 94 95 96 97 98 99 100 101 102 104 105 106 107 108 109 110 112 113 114 115 116 117 118 119 121 122 123 124 125 126 127 128 129 130 131 132 133 134 135 137 138 139 140 141 142 143 144 145 146 150 153 154 156 157 158 159 160 161 163 164 165 166 168 169 170 171 172 173 174 176 177 178 179 180 181 183 184 185 188 189 190 191 192 193 194 195 196 197 198 199 200
785 42 44 45 46 47 48 49 50 51 52 53 54 55 56 57 58 59 61 62 63 64 65 66 67 68 71 73 74 76 78 79 80 82 83 84 85 86 88 89 91 92 93 94 95 96 97 98 101 102 103 105 106 108 109 111 113 114 115 116 117 118 119 120 121 122 123 124 125 126 127 128 129 130 131 132 133 135 136 137 138 139 140 142 143 144 145 147 148 149 150 151 152 155 157 158 159 160 161 162 164 165 166 167 168 169 172 175 176 177 178 179 180 181 182 185 186 187 188 189 190 191 193 194 195 197 198 199 200
543 45 46 47 49 50 53 54 57 58 60 62 63 64 65 66 67 69 72 73 74 75 76 77 78 79 80 81 82 84 85 87 88 89 92 93 94 95 96 98 99 100 101 103 104 105 106 107 108 109 111 112 113 114 115 116 117 118 120 122 123 124 125 126 127 130 131 132 133 134 135 136 137 138 139 140 142 143 144 145 146 147 148 149 150 151 152 153 156 158 159 161 164 165 167 168 169 170 173 174 176 177 178 179 180 181 182 183 184 185 186 187 188 189 190 191 192 193 194 195 196 197 198 199 200
1431 45 46 48 49 50 51 52 53 55 56 57 58 59 61 62 64 65 66 67 68 69 72 73 75 76 79 80 81 82 84 85 86 87 88 89 91 92 93 94 96 98 100 102 103 104 106 107 108 109 110 111 112 114 115 116 117 118 119 120 121 122 123 124 125 127 128 130 131 132 133 134 135 137 138 139 140 141 142 143 145 146 147 148 149 150 151 152 153 155 157 158 160 161 162 163 164 165 166 167 169 171 172 173 175 176 177 179 180 181 183 184 185 186 187 189 190 191 192 194 197 198 199 200
1413 45 46 47 48 50 51 52 53 54 55 56 57 58 59 60 61 62 63 64 66 67 69 70 71 72 73 75 76 77 78 79 81 83 85 86 87 88 89 93 95 96 98 99 100 101 102 103 104 105 106 107 108 109 113 114 115 116 117 118 119 120 121 122 123 124 125 126 127 128 129 132 133 134 135 137 138 139 140 141 145 146 147 148 150 152 153 154 155 156 157 158 159 161 162 165 166 167 169 170 171 172 173 174 175 176 179 180 181 183 184 185 186 189 190 191 192 193 194 195 196 197 199 200
1016 46 47 48 49 50 51 52 53 55 56 57 58 60 61 62 63 64 65 67 68 69 71 72 73 74 75 76 77 79 80 81 83 84 85 86 87 88 91 92 95 96 97 99 100 101 103 104 105 106 108 109 111 112 114 115 116 117 120 121 122 123 124 125 126 127 128 129 130 131 132 133 135 136 137 138 139 140 141 145 147 148 149 150 151 153 154 155 156 157 158 159 160 161 163 164 168 169 170 171 172 173 174 175 176 177 178 180 181 182 183 184 185 186 187 189 190 191 192 193 194 195 196 197 198 199 200
788 47 48 49 50 51 52 55 56 57 58 59 60 62 64 65 66 67 69 70 72 73 75 76 77 79 80 81 83 84 85 86 87 89 90 91 92 93 95 96 97 98 99 100 101 103 104 105 106 107 111 112 113 114 116 117 118 119 120 121 122 124 125 127 128 129 132 133 134 135 136 138 140 141 142 143 144 145 146 147 149 151 152 154 155 156 157 158 160 161 163 165 166 168 169 170 171 172 173 175 176 177 178 179 180 182 183 184 185 186 187 188 189 190 192 197 198 199 200
1423 48 49 50 52 55 56 58 59 60 61 63 65 67 69 72 73 74 75 76 77 78 79 80 81 82 84 85 86 88 89 90 92 94 95 96 99 100 101 103 104 105 106 107 110 113 115 116 117 118 119 120 121 122 125 126 127 131 133 134 135 136 137 138 139 140 141 142 143 144 145 146 147 148 149 150 151 153 155 157 158 159 161 162 163 164 165 166 167 168 169 170 171 172 174 175 176 177 178 179 180 182 183 185 186 187 188 189 190 191 193 196 197 198 199 200
1125 50 52 53 54 55 60 61 62 63 64 65 66 68 69 70 71 72 73 75 77 78 79 80 81 82 83 84 85 86 87 88 89 90 91 93 94 96 97 98 99 100 101 104 106 107 108 111 112 113 114 115 116 117 119 120 121 122 123 124 126 127 128 129 130 131 132 135 137 138 141 142 143 145 146 147 149 150 151 152 154 155 156 157 159 160 161 162 163 164 165 166 167 168 169 170 172 174 175 176 177 178 179 180 181 182 183 184 185 187 188 190 191 192 193 194 195 196 197 199 200
727 50 51 52 53 54 55 57 58 59 61 62 64 65 66 67 68 70 71 72 73 75 76 77 78 79 80 81 82 83 84 85 86 87 88 89 90 91 92 93 94 96 98 99 100 101 102 103 106 107 108 109 110 111 113 115 116 118 119 121 122 123 124 126 127 128 129 130 131 132 134 136 137 138 139 140 141 142 143 144 145 147 149 150 151 152 153 154 155 156 157 158 159 161 162 164 166 167 168 172 173 174 175 176 177 178 180 181 182 183 185 186 188 189 191 193 195 196 198 200
1322 52 53 54 55 56 57 58 60 61 62 63 64 65 67 69 70 71 75 76 77 79 80 81 82 83 84 85 86 87 89 90 91 92 93 94 95 96 98 99 100 101 102 103 104 105 106 107 108 109 110 111 112 113 114 115 117 118 119 122 124 125 126 129 131 132 133 134 135 138 139 140 142 148 149 151 152 153 154 156 157 158 159 160 161 162 163 164 165 166 167 168 169 170 171 172 173 174 175 177 179 181 182 183 184 186 187 188 190 192 193 195 196 197 198 199
688 52 53 54 56 57 60 61 62 64 65 66 67 69 70 71 72 73 74 75 76 77 78 79 80 81 82 83 84 85 86 87 88 89 90 91 92 94 95 97 98 100 101 102 103 104 106 107 108 109 110 111 112 113 117 119 120 122 123 124 125 126 127 128 129 130 131 132 133 134 135 136 137 138 139 140 141 142 143 144 145 146 148 149 150 152 154 155 156 157 158 161 162 164 165 166 167 168 170 172 173 174 175 176 178 179 180 181 182 183 185 186 187 188 189 192 193 194 195 196 197 198 199 200
1341 53 54 55 56 57 59 61 62 63 64 65 66 67 68 69 70 72 73 74 75 76 77 78 79 81 82 83 84 86 87 88 90 91 92 95 96 97 98 99 100 101 103 104 105 106 107 108 109 110 112 114 116 117 118 119 121 122 123 125 126 127 128 129 130 131 132 133 134 135 136 137 138 139 141 143 144 145 147 148 149 150 152 153 154 156 157 158 159 161 162 164 165 166 167 168 170 171 173 174 175 176 177 178 179 180 181 182 183 184 185 186 187 188 190 191 192 194 197 198 200
591 56 57 58 62 63 64 65 67 68 69 70 71 72 73 74 75 77 79 80 81 82 83 84 86 88 90 91 92 94 95 96 97 98 101 102 103 105 106 107 108 109 111 112 113 114 115 116 117 118 119 120 121 122 123 125 126 127 128 129 130 131 132 133 134 135 136 138 139 140 142 144 146 148 149 151 152 154 155 156 157 159 160 161 163 164 166 167 168 169 170 171 172 173 174 175 176 177 178 179 180 181 182 183 184 185 186 187 189 190 191 192 193 196 197 198 199 200
1397 55 56 57 59 60 61 62 63 64 65 66 68 69 70 71 72 73 74 75 76 77 78 79 80 81 83 84 85 86 87 88 89 91 92 93 94 98 99 100 101 102 103 105 106 107 108 109 111 112 113 114 115 118 119 120 121 122 123 124 126 129 131 132 135 136 137 138 139 140 141 142 145 146 147 149 150 151 152 153 154 155 156 157 158 159 160 161 162 163 164 165 166 167 168 169 170 171 173 174 175 176 177 178 179 180 181 183 184 185 186 187 190 191 192 194 195 196 197 198 199 200
1331 56 57 59 60 61 62 63 64 65 66 67 68 70 71 72 74 75 76 77 78 79 80 81 82 83 84 85 86 87 88 89 91 92 93 94 96 99 100 102 103 104 105 106 107 108 109 110 111 112 113 115 116 117 118 119 121 122 123 124 125 126 127 129 130 131 132 133 134 135 136 137 139 141 142 143 144 145 147 148 149 150 151 152 153 155 156 157 158 159 160 161 162 163 165 167 169 171 172 173 175 176 178 179 180 183 185 186 188 189 190 191 192 193 195 196 198 199 200
1369 57 58 59 60 61 62 63 64 65 66 67 68 69 71 72 74 75 76 77 79 80 82 83 84 85 86 87 88 89 90 91 92 93 94 95 97 98 100 101 102 103 104 105 106 107 108 109 111 112 113 114 115 120 121 122 123 125 128 129 130 131 132 133 134 135 138 139 141 142 143 144 146 148 149 151 152 153 154 155 156 157 159 160 161 164 165 166 167 168 170 171 172 173 174 175 176 178 179 181 182 183 185 186 188 189 190 192 193 194 195 196 198 199 200
1365 58 59 61 63 64 65 66 67 68 69 71 72 73 74 75 77 78 79 82 83 85 86 87 88 90 91 92 93 95 96 97 100 101 102 103 104 105 106 107 108 109 110 113 114 115 117 118 119 120 121 122 123 124 125 126 128 129 132 133 134 136 137 138 139 140 142 143 144 145 147 148 149 150 151 152 153 154 155 156 157 158 160 162 163 167 168 170 171 172 173 175 176 177 178 179 180 182 183 184 185 186 187 189 190 191 192 193 195 196 197 198 199 200
619 59 60 61 62 63 65 67 68 69 70 72 73 74 75 76 77 78 79 80 81 82 83 84 85 86 87 88 89 90 92 93 95 97 98 99 100 103 104 105 106 107 108 109 110 111 112 113 114 115 117 119 120 121 122 123 124 125 126 127 128 129 130 132 133 134 136 137 138 139 140 142 144 145 146 147 148 149 150 151 152 153 154 155 156 157 158 159 160 161 162 163 164 166 167 168 169 170 171 172 173 174 175 176 177 178 179 180 181 182 183 184 185 186 187 189 191 192 193 194 195 196 197 198 199 200
880 60 61 62 63 64 65 66 67 68 70 72 73 74 75 76 77 78 79 80 81 82 83 84 85 86 88 90 91 92 93 96 97 98 99 100 101 102 103 104 105 106 107 108 110 111 113 114 116 117 120 121 122 123 124 126 127 128 129 130 131 133 136 139 140 141 142 145 146 149 150 151 152 153 155 156 157 158 159 160 161 164 165 166 168 169 170 173 175 176 178 180 181 182 184 185 186 187 188 189 190 191 192 193 194 195 196 197 198
603 61 63 64 65 66 67 68 69 70 71 72 73 74 75 76 78 79 80 81 82 83 84 85 86 87 88 89 90 91 92 94 95 97 98 99 100 101 103 108 109 112 115 116 117 118 119 120 121 122 123 124 125 127 128 129 130 131 132 136 137 138 139 140 141 143 145 146 147 148 149 150 151 152 154 155 156 158 159 160 161 162 164 167 168 169 170 171 172 173 174 175 177 178 179 180 181 183 184 185 186 187 188 189 190 191 192 193 194 195 196 197 198 199
1375 62 63 64 65 66 68 69 70 71 72 73 74 75 76 77 78 79 80 81 82 83 84 86 87 88 89 90 92 93 94 95 96 97 98 99 100 102 103 104 105 106 107 108 111 112 115 116 117 121 122 124 125 126 127 128 130 131 132 133 134 135 136 137 138 139 141 142 143 144 146 147 148 149 150 151 152 153 154 155 156 157 158 160 161 163 164 165 166 168 170 172 173 174 175 176 177 178 180 181 182 183 184 186 187 188 189 190 191 192 193 194 195 196 198 199 200
1150 63 64 67 68 69 70 71 72 73 74 75 76 77 78 81 83 86 88 89 90 91 92 93 94 95 96 98 99 100 101 102 104 105 106 107 108 112 116 117 118 119 120 121 123 124 125 126 128 129 130 131 133 135 136 137 138 139 140 141 143 144 145 146 148 149 150 151 152 154 155 156 158 159 160 161 162 163 164 165 166 167 168 169 170 171 172 173 174 175 177 179 180 181 182 184 185 186 187 188 189 190 191 192 193 194 197 198 199 200
522 66 69 70 71 72 73 75 76 77 78 79 80 81 82 83 84 85 86 88 89 90 91 92 94 95 96 97 98 99 100 101 102 103 104 105 106 107 108 109 110 111 112 113 114 115 116 117 118 119 120 121 124 125 126 127 128 129 130 131 132 133 134 135 136 137 138 140 141 142 146 147 148 149 150 151 153 154 155 156 157 158 159 160 161 162 163 164 165 167 168 169 170 172 173 174 176 177 178 179 180 181 182 183 184 185 186 187 188 189 190 193 194 196 198 199 200
1484 65 66 68 69 70 71 72 74 75 76 79 80 84 85 86 87 88 89 90 91 92 93 94 95 96 97 98 99 100 101 102 103 106 108 111 112 113 115 116 117 118 119 122 123 124 125 126 128 129 130 131 132 134 136 137 139 141 142 143 144 145 147 148 149 150 151 152 154 156 157 158 159 160 161 163 164 165 166 168 169 170 171 172 173 174 175 176 177 179 180 181 182 186 188 189 190 191 192 193 194 195 196 197 198 199 200
990 67 68 69 70 71 72 74 75 76 77 78 79 80 82 83 84 85 88 89 90 91 92 93 94 97 98 101 103 104 105 106 107 108 109 110 111 112 113 114 115 116 119 120 121 122 123 124 125 126 127 128 130 131 132 135 137 138 139 140 141 142 143 145 147 148 149 150 151 153 154 155 156 157 158 159 160 161 162 163 164 165 166 167 170 171 173 174 175 176 177 179 180 181 182 183 184 185 187 188 189 190 192 193 194 195 197 198 199 200
571 68 69 70 72 73 75 76 77 78 79 83 84 86 88 90 91 92 93 94 96 97 98 99 100 101 102 103 104 105 106 108 109 110 111 112 113 114 115 116 117 119 121 122 123 124 127 128 129 130 132 133 135 136 137 138 139 140 141 142 143 144 145 146 147 148 149 150 151 152 153 154 155 156 157 158 159 160 161 162 163 164 165 166 167 169 170 171 173 174 175 176 178 179 181 183 185 186 187 188 189 190 191 192 193 194 195 196 197 199
673 68 69 70 72 73 74 75 77 78 79 80 81 82 83 85 87 88 89 90 91 94 95 96 97 98 99 100 101 102 103 104 106 108 110 111 112 113 115 116 117 119 120 122 123 124 125 126 127 130 133 134 135 136 137 138 139 140 142 143 144 145 146 147 148 149 151 153 154 155 156 157 158 159 160 161 162 164 165 166 167 168 169 170 171 172 173 175 176 177 178 179 180 181 182 183 184 186 187 189 190 191 192 193 195 196 197 198
1307 69 71 74 75 76 77 78 80 81 82 83 84 85 86 87 90 91 93 94 95 96 98 99 100 101 102 103 104 105 107 108 109 110 111 113 115 116 117 119 120 121 123 125 127 129 130 132 133 134 135 136 137 138 139 140 141 143 144 146 148 149 151 152 154 157 158 159 160 161 162 163 165 166 167 170 171 172 175 176 177 178 180 183 184 185 186 187 188 189 190 191 192 194 196 197 198 199
1365 70 71 72 73 74 75 76 77 79 81 82 83 84 85 86 87 89 90 91 92 93 95 96 97 98 99 101 102 103 104 105 106 107 108 109 110 111 112 114 116 117 118 119 121 122 123 124 125 126 127 128 129 130 132 133 134 135 136 138 139 140 141 142 143 144 146 147 148 149 151 152 153 154 155 157 158 159 160 161 162 163 164 165 166 167 168 169 170 172 173 174 176 177 178 179 180 181 182 183 184 185 186 188 191 192 193 194 195 197 198 199 200
1181 71 72 73 74 75 76 77 78 79 80 81 83 85 86 88 89 90 91 92 95 97 98 99 100 101 102 103 104 106 107 109 110 112 113 115 117 118 119 120 121 122 124 125 126 127 128 129 130 131 132 133 135 136 137 138 143 144 146 148 149 150 151 152 153 155 156 157 158 159 160 161 162 163 164 166 167 170 171 172 173 174 175 176 177 179 180 182 184 186 189 190 191 193 195 196 199 200
638 72 73 74 75 76 77 78 79 80 83 86 87 88 89 90 92 93 94 95 96 97 98 99 100 103 105 106 108 109 110 111 112 113 114 115 116 117 118 120 121 122 123 124 125 126 127 128 130 131 132 134 135 136 137 139 142 143 144 145 147 148 150 151 152 153 155 156 157 158 160 161 162 163 164 165 166 167 168 169 170 173 174 177 178 179 180 182 183 184 185 186 187 188 189 190 191 192 193 194 195 196 199 200
663 73 74 76 77 78 80 81 82 84 85 86 87 88 89 90 91 92 93 95 96 97 98 99 100 101 102 103 104 105 106 108 109 110 111 112 113 114 115 116 117 118 120 123 124 125 127 128 129 130 132 134 135 136 137 138 139 140 141 142 143 144 145 146 147 151 152 153 154 155 157 158 159 160 161 162 163 164 165 166 167 169 170 171 173 174 177 178 179 180 181 182 183 184 185 186 187 188 189 190 191 193 194 195 197 199 200
1218 74 75 76 77 78 79 80 81 82 83 84 85 86 87 88 90 91 92 93 94 95 96 97 98 100 101 102 104 105 106 108 109 110 111 112 113 114 115 116 117 118 119 121 122 123 124 126 127 128 130 132 133 136 137 138 139 140 142 143 144 146 147 149 151 152 153 154 155 156 157 158 159 160 161 162 163 164 165 166 168 169 170 171 172 173 174 176 177 178 179 180 181 182 184 185 186 187 188 189 190 191 193 194 195 197 198 199 200
1357 75 78 79 80 81 82 83 84 86 88 89 90 91 92 93 95 96 98 99 100 102 103 104 105 106 107 108 110 111 112 113 114 115 117 118 119 120 122 124 126 127 130 131 132 133 134 135 136 137 138 139 141 142 143 144 145 147 148 150 152 153 154 155 157 159 161 162 163 164 165 166 167 168 169 171 172 173 174 175 176 177 178 179 180 181 182 183 184 185 186 187 188 189 190 191 192 193 194 196 197 198 199 200
1122 76 77 78 79 80 81 83 84 85 87 88 90 91 93 94 95 97 98 99 100 101 102 103 104 105 106 107 108 110 111 112 113 115 116 117 118 120 121 122 123 124 125 126 127 128 133 134 135 136 137 138 139 140 141 142 143 144 145 146 147 148 149 150 151 152 154 155 156 157 160 161 162 163 164 165 166 168 169 170 172 174 175 177 178 179 180 181 183 184 185 186 187 188 189 190 191 192 195 196 197 198 199 200
786 77 78 80 81 82 83 85 87 88 89 90 91 92 93 94 95 96 97 98 101 102 103 104 105 106 107 108 109 112 113 115 116 117 119 120 121 122 123 124 125 126 127 128 129 130 131 133 134 135 137 138 139 140 141 142 143 146 147 149 150 151 152 153 155 158 159 162 163 164 165 166 167 168 171 172 174 175 176 177 178 179 180 181 182 183 184 185 186 187 188 189 190 191 192 193 194 195 196 197 199 200
617 78 79 80 82 83 84 86 87 88 89 90 91 94 96 98 100 101 103 104 105 107 108 109 110 113 116 117 118 119 120 121 123 126 127 128 129 130 131 133 134 135 136 137 138 139 140 141 142 143 144 145 146 147 148 149 150 151 152 153 154 155 157 158 159 160 161 162 163 164 166 167 168 169 170 172 173 174 176 177 179 180 181 182 183 184 185 186 187 188 189 190 191 192 193 194 195 196 198 200
541 79 80 82 83 84 86 87 88 89 90 91 92 93 94 95 97 98 99 100 101 102 103 104 105 106 108 109 110 111 112 114 116 118 119 120 121 122 126 127 128 131 135 136 138 139 140 141 142 143 144 145 146 147 148 149 151 152 153 154 155 156 157 158 159 160 161 162 163 164 166 167 168 169 170 171 172 173 174 175 177 178 179 181 182 183 184 185 186 187 188 191 192 194 195 196 197 198 199 200
1440 80 81 82 83 84 85 86 87 88 89 90 92 94 95 96 97 98 99 100 101 104 107 108 110 111 112 113 114 115 116 117 118 119 121 122 123 124 125 126 127 128 129 130 132 133 134 136 140 141 143 145 146 147 148 149 150 151 152 153 154 155 158 160 161 162 163 164 165 166 167 168 169 170 171 173 174 175 176 177 178 179 180 181 183 184 186 187 188 191 192 193 194 195 198 199
1133 81 82 83 85 86 87 88 92 93 97 98 99 100 103 104 105 106 107 108 109 110 111 113 114 115 116 117 118 119 120 122 123 124 125 126 127 129 131 132 133 134 135 136 137 138 139 141 143 144 145 147 149 150 151 153 154 155 156 157 158 160 161 162 163 164 165 166 167 168 169 171 172 173 174 175 176 178 179 180 181 182 183 184 185 186 187 188 189 191 192 193 194 195 196 197 198 199 200
1420 83 84 85 87 88 90 91 93 94 95 96 99 100 102 103 105 106 107 108 109 110 111 112 113 115 116 117 118 119 120 121 122 123 124 125 126 128 129 130 131 136 138 139 140 141 142 143 144 146 147 148 149 151 152 153 155 156 157 158 159 162 163 165 166 168 169 170 171 172 173 174 175 176 177 178 179 180 181 183 184 185 186 187 188 189 190 191 192 196 197 198 199 200
603 83 84 86 87 89 90 91 92 93 94 95 96 97 99 100 102 103 104 105 107 109 110 111 112 114 116 117 118 119 120 121 122 123 124 125 127 128 129 130 131 132 133 134 135 136 137 139 140 141 142 143 144 145 146 147 148 149 150 151 152 153 154 155 156 157 158 159 160 161 162 163 164 165 166 167 168 169 170 171 172 173 175 176 177 178 179 182 183 184 185 186 187 189 190 192 193 194 196 197 198 199
944 84 85 87 89 90 91 92 93 94 95 96 97 100 101 103 104 105 106 107 108 109 110 111 112 113 114 116 117 118 119 120 122 124 125 127 128 129 133 134 135 137 138 139 140 141 142 143 144 146 147 148 149 150 152 154 155 156 157 158 159 160 161 164 165 167 168 169 170 171 172 173 174 175 176 177 179 180 181 182 183 184 185 186 187 188 190 191 192 193 194 195 197
1347 85 88 89 90 91 93 94 95 96 98 99 100 102 104 105 106 107 110 111 112 113 114 115 116 117 118 119 120 121 122 123 124 125 126 128 129 130 131 132 133 134 135 136 137 139 141 142 143 144 146 147 148 149 150 151 152 153 154 155 156 158 159 160 162 163 164 166 167 168 169 171 172 173 174 175 176 177 178 179 180 181 182 183 184 185 186 187 188 189 191 192 193 195 196 197 198 199 200
749 86 87 88 89 91 94 95 96 97 99 101 102 103 104 105 106 107 109 112 115 116 117 118 119 120 121 122 123 124 125 127 128 131 132 134 135 136 138 139 140 141 142 143 144 145 146 147 148 149 150 152 153 154 155 156 157 158 159 161 162 163 165 166 167 168 169 170 171 172 174 175 176 177 178 179 180 181 182 183 184 185 186 188 190 191 192 193 195 196 197 199
582 87 88 89 90 92 93 94 95 96 97 99 100 101 102 103 104 105 106 107 108 109 110 113 114 115 116 117 118 119 120 122 123 125 126 128 129 131 132 133 134 135 137 139 140 141 143 144 145 146 148 149 150 151 154 155 156 157 158 159 160 161 162 166 167 168 173 174 175 176 177 179 180 181 182 183 184 185 186 187 188 189 191 192 194 195 196 197 198 199 200
611 88 89 90 91 92 93 94 95 96 97 98 99 100 101 103 104 105 106 107 108 109 110 111 112 114 115 116 117 118 119 120 124 127 128 129 130 131 133 134 135 137 138 139 140 143 144 145 146 147 148 149 150 151 152 153 154 155 156 157 158 159 160 161 162 163 164 165 166 169 170 171 172 173 174 175 176 177 178 179 180 181 182 185 186 187 188 190 191 192 193 194 196 197 198 199 200
1064 89 90 94 95 96 97 98 99 100 103 104 105 106 107 110 111 114 115 116 118 120 121 122 123 124 126 127 128 129 132 133 134 138 140 141 142 143 144 145 147 148 150 151 152 153 154 155 157 158 159 160 162 163 164 165 166 167 168 169 170 171 172 173 174 175 176 179 180 182 183 184 185 186 187 188 189 190 191 193 194 195 196 197 198 199 200
1060 90 91 93 94 95 96 97 98 100 101 103 104 106 107 109 112 113 114 115 116 117 118 119 120 121 122 124 126 127 128 129 132 133 134 135 138 139 140 142 143 144 145 146 147 148 149 150 151 152 153 154 155 156 157 158 159 160 161 162 164 165 167 168 169 170 171 172 173 174 176 177 178 179 181 182 185 186 188 189 190 191 192 193 194 195 196 197 198 199 200
747 91 93 94 95 96 97 99 100 101 102 103 104 105 107 109 110 111 112 114 117 118 119 120 121 123 124 125 126 127 128 129 131 132 133 134 135 136 137 138 139 140 141 142 143 144 145 146 147 148 151 152 154 155 156 157 158 159 160 161 162 165 168 170 172 173 174 175 177 179 180 181 183 184 186 187 188 189 190 192 193 195 196 197 198 199 200
1172 92 93 95 96 97 98 99 100 101 103 104 105 106 107 110 111 113 114 115 116 117 118 119 120 121 122 123 124 125 126 127 128 129 130 133 134 135 136 137 139 140 142 143 144 145 149 151 152 153 154 155 156 157 158 159 160 161 162 163 164 165 166 167 169 170 172 173 174 175 176 177 178 179 180 181 182 183 185 186 187 189 191 192 193 194 195 196 197 198 200
1093 93 94 95 96 97 98 99 100 101 102 103 104 105 106 107 109 111 112 113 116 119 121 122 123 124 125 128 130 131 132 133 134 135 136 138 139 141 142 143 144 145 146 147 148 149 150 151 152 154 155 157 158 159 162 163 165 166 168 169 172 173 175 176 179 180 181 182 183 184 186 187 189 191 195 196 197 199
1176 94 95 97 99 100 101 102 103 104 105 106 107 108 109 110 111 112 113 114 115 116 117 118 120 121 122 124 125 127 128 129 130 131 132 133 134 135 136 137 138 139 140 141 142 145 146 148 149 150 151 152 155 156 157 158 160 161 162 163 164 166 167 171 172 173 175 176 178 179 180 181 182 183 184 185 186 187 188 189 191 192 193 195 196 197 198 199 200
584 95 96 99 101 102 103 104 106 107 108 109 110 113 114 116 118 119 120 121 123 124 125 126 128 129 130 132 133 135 136 138 139 140 142 144 146 147 148 149 150 151 152 153 154 156 157 159 160 161 163 164 165 167 168 169 171 172 173 174 176 177 178 179 181 182 183 184 185 186 187 188 190 191 193 194 195 196 197 198 199 200
1145 97 98 99 100 101 102 103 104 105 106 107 108 109 110 112 113 114 117 118 119 120 122 123 124 125 126 127 128 129 130 131 132 133 134 136 137 138 139 140 141 142 144 145 146 147 148 149 150 151 152 153 154 156 157 158 159 160 162 164 165 166 168 170 171 172 173 174 175 176 177 178 179 180 181 182 184 185 186 187 189 190 192 194 196 197 198 199 200
1249 97 98 99 100 102 103 105 106 107 108 109 112 113 114 115 116 117 118 120 121 122 123 124 125 128 129 130 132 133 134 136 140 141 142 143 144 145 146 147 149 150 153 154 155 156 158 161 162 163 164 167 170 171 172 173 174 176 178 179 181 182 184 185 186 187 188 189 193 194 195 196 197 198
593 98 99 103 104 105 106 107 109 110 111 112 115 116 117 118 119 120 121 122 123 124 125 126 127 128 129 130 131 132 133 134 135 138 139 140 142 143 144 145 148 151 153 154 155 158 159 160 161 162 164 165 166 168 170 171 172 173 174 175 177 178 179 180 181 182 183 184 186 187 188 189 191 193 194 195 196 197 199 200
1355 99 100 101 102 103 105 106 107 108 110 111 112 114 115 116 117 118 119 120 121 122 123 124 125 126 127 130 131 132 133 135 136 138 139 140 142 143 144 145 146 147 148 149 152 153 155 157 158 159 161 162 163 164 165 166 167 168 170 171 172 174 176 178 180 181 182 183 184 185 186 187 188 189 190 191 192 193 195 196 197 198 199 200
573 100 102 103 104 105 107 108 110 111 112 113 114 115 118 119 122 123 124 125 126 127 128 129 130 131 132 133 134 135 136 137 138 139 140 141 142 143 145 146 147 148 149 150 152 154 155 156 157 158 159 160 162 163 164 166 167 168 169 170 171 173 174 176 177 178 179 180 183 185 187 188 189 190 191 192 193 194 196 198 199 200
704 102 103 104 105 106 107 109 111 112 115 116 117 118 122 123 125 126 127 128 129 130 131 132 135 136 137 138 139 140 141 144 146 147 148 149 150 151 152 153 154 155 156 158 159 160 162 164 165 166 168 169 171 174 175 176 177 178 179 181 182 183 184 185 186 188 189 190 191 192 193 194 195 198 199 200
1439 102 103 105 106 107 108 110 111 112 113 114 115 117 118 119 121 122 125 128 129 130 131 132 133 134 135 137 138 140 141 143 144 145 146 147 148 149 150 151 153 154 155 156 157 160 162 163 165 166 167 168 169 170 171 172 173 174 175 177 178 179 180 181 182 183 184 185 186 187 188 190 191 193 195 196 197 198 199 200
1164 104 105 106 108 110 111 112 114 115 116 117 119 120 121 123 125 126 128 129 130 131 132 133 134 136 138 139 140 142 143 144 146 147 148 149 150 153 154 155 156 157 158 159 160 162 164 165 166 167 168 169 171 172 174 175 176 177 178 179 180 182 183 184 185 187 188 189 191 192 194 196 198 199 200
897 104 106 107 108 109 110 111 112 113 114 116 117 118 122 123 124 126 127 128 129 130 131 133 135 136 137 138 139 140 141 142 146 147 148 149 150 151 152 153 156 157 159 160 161 163 164 165 166 167 168 169 171 172 174 175 177 178 179 181 182 183 184 185 186 187 188 189 190 191 192 193 194 195 196 197 198 199
1057 105 106 107 108 109 110 111 112 114 115 116 117 118 119 120 121 124 125 126 127 128 129 130 131 132 134 135 136 138 141 143 144 145 146 148 149 150 152 153 154 156 157 158 159 160 161 162 163 164 165 167 168 169 170 172 173 174 175 176 177 178 182 183 184 185 186 187 188 189 192 194 195 196 197 198 199 200
794 107 108 109 110 112 113 114 115 116 117 118 119 121 122 123 124 125 126 127 128 130 131 132 133 134 135 136 138 141 142 144 145 147 148 149 150 151 152 155 156 157 158 160 161 163 164 165 167 170 171 172 174 175 176 177 178 182 183 184 185 187 188 190 191 192 194 195 196 197 198 200
635 107 108 109 110 111 112 113 115 116 117 118 119 120 121 122 123 124 125 126 127 128 129 130 131 133 134 135 136 137 139 140 142 144 145 147 149 150 151 155 156 157 158 160 161 162 163 164 165 167 168 169 170 171 172 173 174 176 177 178 179 180 182 183 186 187 188 189 190 191 192 193 195 196 197 198 200
696 108 109 110 111 113 114 116 122 123 124 125 126 127 128 129 131 132 134 135 136 137 139 140 142 143 144 146 148 149 150 152 153 154 156 157 158 159 160 161 162 164 166 167 168 169 173 174 175 177 178 179 181 182 184 185 189 190 191 192 193 194 195 196 197 200
565 111 112 113 115 116 118 119 120 121 122 123 124 126 127 128 129 130 131 132 133 134 135 136 138 139 140 142 143 144 145 146 147 148 151 153 154 155 156 157 158 159 160 161 162 163 164 165 166 167 170 172 173 174 175 176 177 178 179 180 181 182 184 185 186 188 189 190 191 192 193 194 195 196 197 198 199 200
1006 110 115 116 117 118 119 120 121 123 124 125 126 128 129 131 135 136 137 138 139 141 142 143 144 145 146 147 152 153 154 155 157 158 159 160 161 162 166 167 168 169 170 171 172 173 174 177 178 179 180 181 182 184 185 186 191 192 195 196 197 198 199
1394 111 112 113 114 115 116 117 119 120 121 122 123 124 126 127 128 129 131 132 133 135 136 137 141 142 146 147 148 149 150 152 153 154 155 157 158 159 160 161 163 164 165 166 167 168 169 170 171 172 174 175 176 177 178 179 180 181 182 184 185 186 187 188 189 190 191 192 193 194 195 196 197 198 199 200
522 112 113 115 116 117 118 119 121 122 124 125 126 128 131 132 133 135 136 137 139 140 141 143 144 145 146 147 148 149 150 152 153 154 157 158 162 163 165 166 167 169 170 172 173 174 175 176 177 178 179 180 181 184 185 186 187 188 189 192 193 194 195 196 198 199 200
1382 113 114 116 117 119 120 123 124 125 126 127 128 129 130 131 132 133 134 135 136 137 138 139 140 142 143 144 145 146 147 148 150 151 152 153 154 155 156 157 159 160 161 162 163 164 165 166 167 168 169 170 171 172 174 175 176 177 178 179 180 181 182 183 184 186 187 189 191 192 193 194 195 197 198 199
1336 114 116 118 119 120 122 123 124 125 126 127 128 129 130 131 132 133 134 135 136 137 138 141 142 143 144 146 147 148 149 151 152 153 155 157 158 159 160 161 163 164 165 166 167 169 170 171 172 173 174 175 177 178 180 181 184 185 186 187 188 189 190 191 192 194 195 196 197 199 200
710 115 118 119 122 123 124 125 126 129 131 132 133 134 135 136 137 138 139 140 141 142 143 144 145 146 148 149 150 151 155 156 157 158 159 160 161 162 163 164 166 167 168 169 170 171 173 174 175 177 178 179 180 183 184 185 187 188 190 191 192 195 197 198 199 200
1071 116 117 119 120 122 123 124 125 126 127 128 129 130 131 133 134 135 136 138 139 140 141 142 143 144 145 146 148 149 150 151 152 153 155 156 157 158 159 160 161 162 163 164 165 166 167 168 169 173 174 176 178 179 180 182 183 184 186 187 188 190 191 192 195 197 198 199 200
1469 119 120 121 122 123 124 126 127 128 129 132 133 134 135 137 138 140 141 142 143 144 147 148 150 151 152 153 154 155 156 157 158 159 160 161 162 163 165 168 169 171 172 173 174 175 176 177 178 179 180 182 183 184 185 186 187 189 190 193 194 197 198 200
1364 118 119 121 122 123 124 126 127 128 129 130 132 133 134 136 137 140 142 143 144 145 146 147 148 149 151 153 154 155 156 158 159 160 163 164 165 166 167 170 171 172 173 174 176 177 178 180 181 182 183 185 186 187 188 190 191 192 193 194 195 197 198 199 200
1276 119 120 121 122 123 124 126 127 128 129 130 131 132 133 137 138 139 140 141 142 144 145 146 147 148 149 150 151 152 153 154 155 156 157 159 160 161 162 163 164 165 168 169 170 171 172 174 175 176 177 178 179 181 182 183 184 185 186 187 188 189 190 191 192 193 194 197 198 199 200
997 120 122 123 125 126 127 129 130 131 132 133 134 135 136 138 140 141 142 143 144 146 147 148 149 150 151 153 154 155 156 157 158 159 160 161 163 165 167 168 169 170 171 172 174 178 181 182 183 185 186 188 189 190 191 192 193 194 195 196 197 200
1491 122 123 125 126 127 128 129 130 131 132 135 136 139 140 141 142 143 144 145 146 147 148 149 150 151 152 153 154 155 156 157 158 159 160 161 162 164 165 166 167 168 171 172 173 174 176 177 178 179 180 181 183 184 186 188 189 193 194 195 196 197 200
988 122 124 125 126 127 128 129 130 131 133 134 135 136 137 138 139 140 141 142 143 145 146 147 148 149 150 151 152 153 154 155 156 158 159 160 163 164 165 167 168 170 171 173 174 175 176 177 179 180 181 182 183 184 185 186 187 188 189 190 192 193 194 195 196 198 199 200
595 123 125 126 127 128 129 130 131 132 133 134 136 138 139 140 141 143 145 146 147 149 150 152 153 156 157 158 159 160 161 162 163 164 165 167 169 171 172 173 174 175 176 177 178 179 180 181 182 183 184 186 188 192 195 197 198 199 200
1126 125 126 127 128 129 130 131 132 133 134 135 136 137 138 139 140 142 143 144 145 147 148 150 151 153 154 156 157 158 159 160 162 163 165 167 168 169 171 172 173 174 176 177 178 179 180 181 182 184 185 186 187 188 189 190 191 192 193 194 195 197 198 199 200
1455 125 126 127 128 129 130 131 132 133 134 135 136 137 138 139 140 141 142 143 144 145 146 147 148 149 150 151 153 154 155 156 157 158 160 162 163 164 165 166 168 169 170 172 173 174 176 177 178 179 180 181 182 183 184 187 188 189 190 191 194 196 197 198 199
794 126 127 128 130 131 132 134 135 136 137 138 140 141 142 144 145 146 147 148 151 152 153 154 155 156 157 158 159 160 162 163 166 167 168 169 171 172 173 174 175 176 178 180 181 182 183 184 185 186 187 188 189 190 191 192 193 194 195 196 197 198 200
1317 128 129 130 131 132 133 134 135 136 137 138 139 140 141 142 145 146 147 148 149 150 151 156 157 158 159 160 161 162 163 164 165 166 167 169 170 171 172 173 174 175 176 177 178 179 181 182 183 185 187 188 189 191 192 193 194 195 196 197 198 199 200
1199 128 129 131 132 133 135 136 137 138 139 140 142 143 144 145 147 148 149 151 152 153 155 156 157 159 160 162 163 164 165 166 167 168 169 171 172 173 174 175 176 177 178 180 181 182 183 184 185 186 187 188 189 190 191 192 193 195 196 197 199 200
1345 129 130 131 132 133 134 135 136 137 139 140 141 143 144 145 147 148 149 150 151 155 156 157 158 159 160 161 162 164 165 166 167 168 170 171 172 173 174 175 176 177 178 180 181 182 183 184 185 186 187 188 191 193 194 196 197 198 199 200
961 130 131 132 133 135 136 137 139 140 141 142 143 144 145 146 147 149 150 151 152 153 154 155 156 157 159 160 161 163 164 165 166 167 168 169 170 172 173 174 175 177 178 179 180 181 182 183 184 185 186 187 189 190 192 193 194 197 199 200
840 131 134 135 136 137 138 139 140 141 142 143 144 145 146 148 151 152 153 154 155 156 157 158 162 163 164 165 167 168 169 170 171 172 173 175 177 178 179 180 181 182 183 185 186 187 188 189 191 192 194 195 196 197 199 200
622 132 133 134 135 136 137 139 140 142 143 145 146 147 149 150 152 153 154 155 156 157 158 159 160 161 162 163 164 165 167 168 169 172 174 175 176 177 178 179 180 181 182 183 184 185 188 189 190 191 192 193 194 195 197 198 199
1057 133 134 135 136 137 138 139 140 141 142 143 144 145 146 147 148 150 151 152 153 154 155 157 158 159 160 161 162 163 164 165 166 167 171 172 173 174 176 177 180 181 182 183 184 186 187 188 189 191 192 193 194 195 196 199
858 134 135 136 137 138 139 140 141 142 143 144 146 147 148 149 152 154 155 156 157 158 159 160 161 162 163 164 165 166 167 168 169 170 171 172 173 174 175 176 177 178 180 181 182 183 184 185 186 187 188 189 191 192 193 194 195 196 197 198
1015 135 137 138 140 141 142 143 144 145 146 147 148 150 151 152 153 154 155 159 160 161 162 163 164 165 166 167 169 170 171 172 173 174 175 176 177 178 179 180 181 182 183 184 185 186 187 189 190 191 192 194 195 197 198 199
603 136 137 138 139 140 141 142 143 145 146 147 149 150 151 153 154 156 157 158 159 160 161 162 163 164 165 167 168 169 170 171 172 173 174 175 176 177 178 179 180 181 182 183 185 186 187 189 190 193 194 195 196 197 198 199 200
867 137 139 140 141 142 143 144 145 146 148 150 152 153 154 156 157 158 159 161 164 165 166 167 168 169 170 172 173 174 175 176 177 178 179 182 183 185 186 187 188 189 190 191 192 193 194 195 196 197 198 200
1111 138 139 140 141 143 145 146 147 148 149 150 151 154 155 157 158 159 160 161 162 163 164 165 166 167 168 169 170 172 173 174 175 176 177 178 179 180 181 184 185 187 188 189 190 191 193 194 195 196 197 198 199 200
513 139 140 141 142 143 144 145 146 147 148 149 150 151 153 154 155 157 158 159 161 163 164 167 168 170 171 172 173 174 176 177 178 179 181 182 183 184 185 187 188 189 190 191 193 194 196 197 198
1197 140 141 142 143 144 145 147 148 149 150 151 153 154 155 156 158 159 160 161 163 164 165 166 167 169 171 172 173 175 176 177 179 180 181 182 183 184 185 186 187 189 190 191 192 193 194 195 196 197 198
1280 141 142 143 144 145 147 148 149 150 151 152 153 155 156 157 158 159 160 161 162 163 164 165 166 167 168 169 170 171 172 173 174 175 177 178 179 180 183 185 186 188 189 191 192 194 196 198 199 200
897 144 145 147 148 151 153 154 155 156 157 158 159 160 161 163 164 165 166 167 170 171 172 175 177 178 179 180 182 183 184 185 186 187 189 190 191 192 193 194 195 196 197 198 199 200
728 144 145 147 148 149 150 151 152 153 154 155 156 157 159 160 162 163 165 166 167 168 170 171 172 173 174 175 176 177 178 180 181 183 184 185 186 189 190 191 192 193 197 198 199 200
1395 145 146 148 149 150 151 152 153 154 156 157 158 159 162 163 164 165 166 168 169 171 172 173 174 175 177 178 179 181 183 184 185 186 188 189 192 193 194 195 196 197 199 200
532 146 147 148 150 151 153 154 155 156 157 158 159 161 162 163 164 165 166 167 168 170 171 172 174 175 176 177 178 179 180 181 182 183 184 185 186 187 190 191 192 194 195 196 197 198 199 200
669 146 147 148 149 150 151 152 153 154 155 156 158 159 160 161 162 163 164 165 166 167 168 169 170 172 173 175 176 177 179 180 181 182 183 184 186 187 189 190 191 192 193 194 195 196 199 200
1406 147 148 149 150 151 152 153 155 157 158 159 160 161 162 164 165 166 167 168 170 171 172 175 176 177 180 181 182 183 184 185 186 187 188 190 192 194 195 196 197
819 148 150 151 152 153 154 155 156 157 158 160 162 163 164 166 167 168 169 170 171 173 174 176 177 178 179 181 182 183 184 185 186 187 188 189 190 193 194 196 198 199 200
551 150 151 153 154 155 156 157 158 159 160 162 164 165 166 167 169 170 171 172 173 174 175 178 179 180 181 182 183 184 185 186 187 188 189 191 192 193 194 195 196 197 198 199
515 150 151 152 155 156 158 159 160 161 164 166 167 168 169 170 171 173 174 175 176 177 178 179 180 182 183 184 185 186 188 189 191 192 193 194 195 196 197 198 199 200
1472 151 152 153 154 155 156 157 158 159 160 163 164 165 166 167 168 169 170 171 172 173 174 175 176 179 180 181 182 183 184 185 186 188 189 190 191 192 193 195 196 197 198 199 200
602 154 156 158 161 163 164 166 167 168 169 170 172 173 174 175 176 178 179 182 183 184 185 186 187 188 189 190 192 194 196 198 199 200
1374 154 155 156 157 158 159 160 161 162 163 164 165 166 168 169 170 171 172 174 175 176 177 179 180 181 184 185 186 188 189 190 191 194 195 196 197 198 199 200
1435 154 157 158 159 161 162 163 165 166 167 169 171 173 174 175 176 177 178 179 180 181 182 183 184 185 186 187 188 189 190 191 192 193 194 195 197 198 199
1171 155 156 157 158 160 161 163 164 166 167 168 169 170 171 172 175 177 178 179 180 182 183 184 185 186 187 188 189 190 191 193 194 195 196 197 198 199 200
1229 158 159 161 162 164 165 166 167 168 169 171 172 173 174 176 178 179 180 181 182 183 185 187 189 190 191 192 193 195 199 200
1155 157 159 160 161 163 164 165 166 167 168 169 171 172 173 176 177 178 179 181 182 183 184 185 186 187 188 189 190 191 192 193 194 195 196 197 199 200
1488 159 161 162 163 164 165 166 167 169 170 171 172 174 175 176 177 178 179 180 181 183 184 185 186 187 188 189 190 191 193 194 195 196 197 198 199
866 159 160 161 162 163 164 165 167 168 170 171 172 174 175 177 178 179 180 181 182 183 184 186 187 188 189 190 191 192 193 195 196 197 198 199 200
1431 160 161 162 165 166 167 168 169 170 171 172 173 174 175 176 177 178 179 180 181 182 183 184 185 186 187 188 189 190 191 192 194 195 196 197 199
1222 161 163 165 166 167 168 169 170 171 172 173 174 175 176 177 180 181 182 183 184 185 186 187 189 190 191 192 193 194 195 196 197 198 199 200
983 162 163 166 167 169 170 171 172 173 174 176 177 179 180 181 184 185 186 187 188 189 192 193 194 196 197 198 200
1489 163 165 166 169 170 172 173 174 175 176 177 178 179 181 182 183 184 185 186 187 188 189 190 191 192 193 194 195 196 197 198 199 200
1386 164 165 166 167 168 169 170 171 172 173 174 175 177 178 179 181 182 183 184 185 186 187 188 189 190 191 192 194 195 196 198 199
1324 165 166 167 169 170 171 172 173 174 175 176 178 179 182 183 184 185 186 187 188 189 190 192 193 194 195 196 197 200
695 168 169 170 171 172 174 175 177 178 179 180 181 183 184 185 186 187 188 189 191 192 193 194 195 196 197 198 199 200
1322 167 168 170 172 173 174 175 176 177 178 179 181 182 183 184 185 186 187 189 191 192 193 194 195 196 197 198 199 200
1396 168 169 170 171 172 173 174 175 176 177 178 180 181 182 185 186 187 188 189 193 195 196 198 199
1334 169 170 171 172 173 174 176 177 178 179 180 181 182 184 185 187 188 190 191 192 193 195 196 199 200
708 170 171 172 175 176 177 178 181 182 183 184 186 187 188 189 191 192 193 195 196 197 198 199 200
1060 171 173 174 175 178 180 181 182 183 185 186 187 189 190 191 195 197 198 199
593 172 173 174 175 176 177 178 179 180 181 182 183 184 185 186 187 188 190 191 192 193 194 195 196 198 199
824 173 175 176 177 178 179 180 181 182 183 184 185 186 187 190 191 192 193 195 196 197 199 200
533 174 176 177 178 179 180 181 182 183 185 187 189 190 191 192 193 194 195 196 197 198 200
1419 175 176 177 178 179 180 181 182 183 184 185 186 187 188 189 190 191 192 193 194 195 196 197 198 199 200
1357 176 178 179 181 182 183 185 186 188 189 191 193 194 196 197 198 199 200
782 177 178 179 180 181 182 183 184 185 187 190 191 193 194 195 196 197 198 199 200
1416 178 179 181 182 184 186 187 188 189 190 192 193 194 195 196 197 198 200
998 179 180 181 183 185 186 187 188 189 190 191 192 193 194 195 196 197 198
546 180 182 183 185 186 187 188 189 190 191 192 193 194 195 196 197 198 199 200
1149 183 186 188 189 190 193 194 196 197 198 199 200
1120 182 184 185 186 187 188 189 190 192 193 194 197 198 199 200
537 183 184 185 186 187 188 189 190 192 194 195 197 199 200
540 184 186 187 188 189 190 191 192 193 195 196 197 198 199 200
1358 186 187 189 190 191 192 193 194 197 198 200
850 186 187 188 189 190 191 192 193 194 195 196 198 199 200
1421 187 189 190 191 194 195 196 197 198
1395 188 189 190 191 192 195 196 197 198 200
657 190 191 192 193 194 196 197 198 199 200
860 190 192 193 194 195 196 197 198 199 200
1104 191 192 193 194 195 196 197 198 199 200
501 192 193 195 198 199 200
887 193 194 195 196 197 198 199 200
1392 194 195 196 198 200
957 195 196 197 198 199 200
1429 197 198 199
692 197 198 199 200
1342 199 200
636 199 200
1460 200
1366
