25	10	1000	10
-3	166	2
-2	170	3
-5	129	2
-5	194	2
-4	130	2
-1	153	3
-1	181	2
-4	119	4
-2	149	2
-2	139	3
186 2 3 4 5 6 7 8 9 10 13 15 16 17 18 19 20 21 23 24
166 3 5 6 7 8 9 11 12 13 14 18 19 20 23 24 25
105 5 6 8 11 12 13 14 16 17 18 20 21 22 23 24 25
100 5 7 9 10 11 12 13 14 15 17 18 19 20 21 22 23 24 25
122 6 7 8 9 10 11 12 13 14 15 16 17 18 19 20 21 22 23 24
159 7 8 9 11 12 13 14 16 18 20 21 22 23 24
192 8 9 10 11 12 13 14 15 17 18 19 20 21 23 24 25
160 9 13 14 15 16 17 18 21 22 23 24 25
127 11 12 13 14 15 16 18 19 20 21 22 23 24 25
135 11 13 15 16 17 18 19 20 21 22 23 24 25
155 12 13 14 15 17 18 19 20 21 22 24
126 13 14 15 17 19 20 21 22 23 24 25
196 15 16 17 18 21 23 24 25
126 16 17 18 19 20 21 22 24 25
190 17 18 19 20 21 23 25
177 17 18 19 20 21 22 23
153 19 20 21 22 23 24
148 20 21 22 23 24
168 20 22 23 24 25
144 21 22 23 24 25
192 22 23 24 25
123 23 25
102 25
176 25
120
