100	5	200	10
-4	17	22
-4	32	24
-1	24	18
-3	20	18
-5	24	18
12 2 3 4 5 6 8 10 12 13 14 15 16 17 19 20 21 22 23 24 25 26 27 28 29 31 32 33 35 36 37 38 39 40 41 42 43 44 46 47 49 50 51 54 55 56 57 58 59 60 62 64 65 66 67 68 69 70 75 77 78 80 82 83 85 87 88 89 90 91 92 93 94 96 97 98 99
13 4 5 6 7 10 11 12 15 16 17 19 20 21 22 23 26 28 29 30 31 32 35 36 37 38 40 41 42 43 44 46 47 48 49 50 52 53 54 55 57 58 60 62 63 64 65 66 67 68 70 71 72 73 74 76 78 79 80 81 82 83 84 85 86 87 89 90 91 92 93 94 95 96 97 98 100
14 4 6 11 12 13 14 15 16 17 19 20 21 24 25 26 27 29 30 31 32 33 35 36 37 39 40 41 43 44 45 46 47 48 49 50 51 53 54 55 56 57 59 60 62 64 65 66 67 68 69 70 71 72 74 75 76 77 78 79 80 81 82 83 84 85 86 87 88 89 91 92 93 94 96 97 98 99 100
17 5 7 9 10 11 12 13 14 15 16 17 18 19 20 21 22 23 24 25 26 27 28 29 31 32 33 34 35 38 39 40 41 42 43 45 46 48 50 51 52 53 54 55 56 58 59 60 61 62 63 65 66 67 68 69 70 71 73 74 75 76 78 79 80 81 82 83 84 85 86 87 88 89 90 91 92 93 94 98 99 100
12 7 8 9 10 11 12 13 14 15 16 17 18 19 20 21 23 24 25 26 28 30 31 32 33 34 35 36 37 38 39 40 41 42 43 44 45 46 47 48 49 50 51 53 54 55 56 57 59 61 62 63 64 65 66 67 68 69 70 71 72 74 75 76 77 78 80 81 82 83 84 85 86 87 88 89 90 91 92 93 94 95 97 98 100
11 8 9 10 11 13 14 15 16 17 18 20 21 22 23 24 25 27 28 30 32 33 34 35 36 37 38 39 40 41 42 43 44 46 47 48 49 50 51 53 54 56 57 58 59 62 63 64 65 68 69 70 71 72 73 74 76 77 78 79 82 84 85 88 90 92 93 94 95 96 97 98 99 100
19 8 9 10 11 12 14 15 17 18 19 20 22 23 25 27 28 30 31 32 33 34 37 38 40 42 44 45 46 49 50 51 52 53 54 55 56 58 59 60 61 63 66 67 69 71 72 73 74 76 77 78 79 80 81 82 83 84 86 87 89 90 91 92 93 94 95 97 98 99
6 10 11 14 16 17 18 19 20 22 23 24 25 26 27 28 29 30 32 33 34 35 38 39 40 42 43 44 45 46 47 48 49 50 52 54 55 56 57 58 59 60 61 64 65 66 67 68 69 71 72 73 74 75 76 79 80 81 82 84 85 86 87 90 91 92 94 96 98 100
19 10 11 12 13 14 16 18 19 20 22 23 25 27 28 29 30 31 32 33 34 35 36 38 39 41 42 43 44 45 46 47 48 49 51 52 53 55 56 57 58 60 62 63 65 66 67 68 69 70 71 72 73 74 75 76 77 78 79 80 81 82 83 84 85 86 90 91 93 94 96 98 99 100
6 11 12 13 16 19 21 22 23 25 26 27 29 30 31 32 33 34 36 37 42 44 47 49 50 52 53 54 56 57 58 59 60 62 63 64 65 67 68 69 70 72 73 75 76 77 78 79 81 82 83 84 85 86 87 88 89 90 91 92 93 94 95 96 97 98 99
5 12 14 15 17 18 19 20 21 23 24 25 26 27 29 31 32 33 35 36 39 40 41 42 43 44 45 46 47 48 50 51 52 54 55 56 57 58 59 60 62 63 64 65 66 67 68 69 71 74 75 76 77 78 79 81 82 84 85 86 87 88 90 91 92 93 96 97 99 100
14 13 14 15 16 17 19 20 21 22 23 24 26 28 29 30 31 32 33 34 35 36 38 39 41 42 43 45 46 47 48 49 51 53 54 55 56 57 58 59 60 61 62 63 64 65 66 68 69 70 71 72 73 74 75 76 79 81 82 83 84 86 88 90 91 92 94 96 97 98 99 100
13 15 16 18 19 21 23 24 26 27 28 29 31 32 33 34 35 37 38 39 40 41 42 43 44 45 46 48 49 50 51 52 53 54 57 59 60 62 63 65 66 67 68 69 70 71 72 73 75 77 78 80 81 83 84 85 86 87 88 90 91 92 93 95 96 97 98 99 100
3 15 17 18 19 20 21 22 24 25 27 29 30 31 32 34 35 36 38 39 40 41 42 43 44 45 46 48 49 50 52 53 54 56 57 58 59 60 61 62 63 64 65 67 71 72 75 76 77 78 79 80 81 82 84 85 86 87 90 91 92 94 95 96 97 99
17 16 17 19 20 21 22 23 25 27 28 29 30 31 32 34 36 37 38 39 41 42 43 44 45 46 49 50 51 52 54 55 56 57 58 59 61 62 63 64 65 66 67 68 69 71 72 74 75 76 77 78 79 82 84 85 86 88 89 94 95 96 97 98 99
19 17 18 19 21 22 23 24 25 26 27 28 29 30 33 34 35 37 38 39 40 41 42 43 45 46 47 48 49 50 51 52 53 54 55 56 58 59 61 63 64 65 66 67 68 69 70 71 73 74 75 76 77 78 79 80 81 82 83 86 87 88 89 91 93 95 96 97 98 99 100
18 18 20 21 22 24 25 26 27 28 29 31 33 34 36 37 38 39 41 42 43 45 46 47 49 51 52 54 55 56 57 59 60 61 62 63 65 66 67 68 69 71 72 73 74 75 76 77 78 79 80 81 82 83 84 86 88 89 91 92 93 94 96 97 98 100
7 19 20 22 23 24 28 29 30 31 33 34 35 36 37 38 39 40 41 43 44 45 46 48 51 52 53 54 55 56 57 58 60 61 62 64 65 66 67 68 69 70 71 73 74 75 76 77 78 79 82 83 84 85 87 88 89 90 91 92 93 94 95 96 97 98 99 100
16 20 21 23 24 25 26 27 28 29 30 31 32 33 34 35 36 37 38 39 40 41 42 47 48 49 50 51 52 53 54 55 56 57 58 59 60 61 62 63 64 65 67 68 69 70 71 72 73 74 76 77 79 80 82 83 84 86 88 89 90 91 92 93 94 95 96 97 98 99
16 21 23 24 25 26 28 30 31 33 34 35 36 37 38 39 41 42 43 44 45 46 47 48 50 51 53 55 57 58 59 60 61 62 63 65 66 67 69 71 72 73 74 77 78 79 80 81 82 83 84 86 88 89 90 91 92 96 97 98 100
12 24 26 28 29 30 31 32 33 35 36 37 38 39 40 41 42 43 44 45 47 48 49 50 51 52 53 54 55 56 57 58 59 60 62 63 65 66 67 68 70 71 72 73 74 75 76 78 79 80 81 83 84 85 87 88 89 90 93 94 96 97 98 99 100
19 26 27 29 31 32 33 36 38 39 40 41 42 43 45 46 47 48 50 51 53 54 55 56 60 61 62 63 64 65 66 67 69 71 72 73 74 76 77 78 79 80 82 83 84 85 87 88 89 90 91 94 95 96 97 98 99 100
18 25 26 28 29 31 33 34 36 37 38 39 40 41 42 43 44 45 46 47 48 49 51 52 54 55 56 57 58 59 60 63 64 65 66 67 68 69 70 71 72 73 74 75 76 78 79 81 82 83 84 85 86 87 88 90 91 92 94 95 99 100
11 25 26 27 28 29 31 32 33 35 36 37 38 39 40 43 45 46 47 48 49 50 51 52 53 54 55 58 59 60 62 63 64 66 67 68 69 71 72 73 74 75 77 78 79 80 81 82 83 84 86 87 88 89 90 91 92 93 94 95 96 97 98 99 100
5 27 28 29 30 31 32 33 35 36 37 41 42 43 44 45 47 48 51 52 53 54 55 56 58 59 60 61 65 68 71 72 73 74 76 77 78 79 81 82 84 85 86 87 88 89 90 91 92 93 95 96
20 27 28 31 32 33 34 35 36 37 38 40 43 44 46 47 51 52 53 54 60 61 62 63 64 65 66 67 68 69 71 72 75 78 79 80 81 83 84 85 86 89 90 91 92 93 94 95 96 97 99 100
9 28 29 30 31 33 34 35 36 37 38 41 42 43 44 45 46 49 51 52 53 54 55 56 57 58 59 60 62 64 65 66 68 69 70 71 72 74 75 76 77 78 79 80 83 84 85 86 87 88 89 90 91 93 94 95 96 98 99
19 30 32 33 34 35 37 38 39 40 41 42 44 45 46 47 48 49 50 51 54 55 56 57 58 59 60 61 62 63 64 65 66 67 68 70 71 72 73 74 75 77 78 79 80 81 82 83 84 85 87 89 90 91 92 98 99 100
19 30 35 38 39 42 44 45 46 47 48 50 51 52 53 54 55 56 57 58 60 61 62 64 67 68 69 70 72 73 74 75 78 79 80 81 82 83 84 85 86 88 89 91 92 93 94 95 96 98 99 100
11 31 32 33 34 35 36 37 40 42 44 45 46 47 48 49 50 52 53 54 55 56 59 61 62 63 65 66 71 72 73 74 75 76 77 80 81 82 83 84 85 86 87 88 89 90 91 93 94 95 96 97 98 99 100
8 32 33 34 35 36 37 38 41 42 43 45 47 48 49 50 52 53 54 55 56 58 59 61 62 63 64 65 66 67 68 69 70 71 72 73 74 75 78 79 80 81 82 83 84 85 88 89 90 91 92 93 94 95 96 97 98 99 100
3 33 34 35 37 38 40 41 42 43 45 46 47 48 49 50 51 53 54 55 56 57 58 60 61 63 64 65 67 68 69 70 71 72 73 74 75 77 78 79 81 82 83 84 85 86 87 88 89 90 92 93 94 99 100
3 34 38 39 40 41 42 43 44 46 47 48 49 51 52 53 54 56 57 59 60 61 62 63 64 65 66 67 69 70 71 72 73 74 75 76 77 79 80 81 82 83 84 85 86 87 88 89 90 92 93 94 95 96 97 98 99 100
8 38 41 42 43 44 46 47 48 49 50 51 52 53 54 55 56 57 59 61 62 64 65 66 67 68 69 71 72 73 74 75 79 82 83 84 85 86 87 88 89 91 93 94 95 96 98 99 100
2 36 37 38 39 41 43 44 50 51 52 53 54 55 56 59 60 62 63 64 65 66 67 68 69 70 71 72 73 74 75 76 77 78 79 80 81 82 83 84 86 87 88 89 91 92 93 95 97 99
13 37 38 39 42 43 44 45 46 47 48 49 50 51 52 53 54 55 56 57 58 60 61 64 65 66 68 69 70 71 72 74 75 76 78 79 80 82 83 85 86 87 88 89 90 91 92 93 94 95 96 97 100
12 38 39 40 41 43 45 47 48 49 50 52 53 54 55 57 58 59 60 61 62 63 64 66 67 68 69 71 72 73 74 75 76 77 78 81 82 85 87 90 91 92 93 94 95 96 97 98 99
3 39 40 41 42 43 44 45 46 47 48 49 50 51 52 53 54 57 58 59 60 61 62 63 64 67 68 69 71 72 73 76 77 79 81 82 83 84 86 88 90 91 92 93 94 95 97 100
20 40 44 45 46 47 48 49 50 51 53 54 55 56 57 59 60 61 63 65 66 67 68 69 70 71 72 74 75 76 77 78 79 80 81 82 83 84 85 86 87 89 90 91 92 93 94 96 97 98 99 100
7 42 43 44 45 46 47 48 51 52 53 54 55 56 57 58 59 60 61 62 63 64 65 66 67 68 69 70 71 73 74 75 76 77 79 80 81 84 85 87 88 89 90 91 92 93 94 96 97 98 99
3 42 43 44 46 47 48 51 52 53 54 55 56 57 58 59 62 63 64 65 69 71 72 73 74 76 77 80 82 83 85 86 87 88 89 90 92 93 94 95 96 97 98 99 100
4 43 45 46 47 48 50 51 52 53 54 55 56 57 58 59 60 61 63 64 65 66 67 68 70 72 75 78 79 80 81 82 83 85 86 87 88 89 90 91 93 94 95 96 97 98 100
8 44 45 46 47 48 49 50 51 52 53 55 56 57 58 59 60 61 62 63 64 65 68 69 70 71 72 73 74 75 77 78 79 80 81 83 84 85 86 87 88 90 91 92 93 94 95 96 97 98 99 100
12 45 46 47 49 50 51 52 53 54 55 56 57 58 59 60 61 62 64 65 66 67 68 69 70 71 73 75 77 78 82 83 84 85 86 87 88 91 92 93 94 95 96 97 99 100
2 46 47 48 49 50 52 53 54 55 56 57 58 59 60 61 62 63 64 65 67 68 69 70 71 72 74 75 77 79 80 81 82 83 84 85 87 88 90 91 92 93 94 95 96 97 98 99 100
19 47 48 49 50 52 53 54 55 57 58 59 60 61 63 64 66 67 68 69 70 71 72 73 74 75 76 77 78 79 80 81 82 83 84 85 86 88 89 90 91 93 94 95 96 98 99 100
17 48 49 51 52 53 54 55 57 58 59 60 61 62 63 64 65 69 70 71 72 76 79 80 82 83 85 86 88 89 90 91 92 94 95 96 97
20 49 50 51 52 53 54 55 56 57 58 59 60 63 65 66 67 68 69 70 72 73 74 75 76 77 79 82 83 84 85 86 87 88 89 90 91 92 94 95 96 97 98 99 100
5 50 51 52 53 55 56 58 59 60 61 62 63 64 67 68 69 73 74 77 78 79 81 82 84 85 86 88 89 90 92 93 94 95 96 97 99 100
3 51 52 53 54 57 58 59 60 62 63 64 65 67 68 69 70 71 72 73 74 75 76 77 79 80 81 82 83 85 86 87 88 89 90 91 92 93 94 95 96 97 98 99 100
9 52 53 54 55 56 57 58 59 60 61 62 64 65 67 68 69 70 71 72 73 75 76 77 78 79 80 82 84 85 86 87 88 89 90 91 92 93 96 98 99 100
4 53 54 55 56 57 59 60 61 62 63 64 65 66 67 69 70 71 72 74 75 76 77 78 80 83 84 85 86 87 89 91 92 94 95 96 97 98 99 100
19 54 55 56 57 58 59 60 62 63 64 65 66 67 68 69 70 71 72 73 74 75 76 77 78 79 80 81 84 85 87 88 89 90 91 92 93 95 96 97 98 99 100
20 55 56 57 58 59 60 61 62 63 65 66 67 69 70 72 73 74 78 79 80 81 82 83 84 85 86 87 88 89 90 91 92 93 95 96 98 100
18 56 57 59 61 62 63 65 66 67 68 69 71 73 74 75 76 77 78 79 80 81 82 84 85 86 87 88 89 90 91 92 94 95 96 97 98 99 100
4 57 58 59 60 61 62 63 64 66 67 68 69 70 71 72 73 74 75 76 77 78 79 82 83 84 85 86 87 89 91 92 93 94 95 96 98 100
5 59 60 63 64 65 66 67 69 70 71 72 73 74 75 76 77 78 79 80 81 82 83 84 85 86 87 88 89 90 91 92 93 94 97 98 99 100
8 59 60 63 64 66 67 68 69 70 71 72 73 75 76 77 78 79 81 82 83 84 85 86 87 88 89 90 91 92 93 96 98 99 100
5 60 61 62 63 64 68 69 70 71 72 74 75 77 78 79 81 83 84 85 86 87 88 90 91 92 93 94 95 97 99 100
4 62 63 64 65 66 67 68 69 70 71 72 73 75 77 78 79 81 82 83 84 85 87 88 90 91 92 93 94 95 96 97 98 99 100
13 62 63 64 65 66 67 69 70 71 73 74 75 76 77 78 79 80 81 82 83 84 85 86 88 89 91 93 94 95 96 98 100
13 63 64 65 66 67 68 70 72 73 74 75 76 77 78 79 80 81 83 84 85 86 87 88 89 91 93 94 95 96 97 98 99 100
13 64 65 66 68 69 71 72 73 76 77 78 79 80 82 83 84 86 87 88 89 90 91 92 93 94 95 96 97 98 100
6 66 67 68 70 71 72 73 74 75 76 77 78 79 80 81 82 83 84 85 86 87 88 89 90 91 92 94 96 97 98 99 100
14 67 68 69 70 71 72 73 74 75 76 77 78 80 81 82 83 84 85 86 87 89 90 91 92 93 94 95 96 98 99 100
19 67 69 70 73 76 77 79 81 82 83 84 85 86 87 88 90 91 93 94 95 96 98 100
12 69 70 71 72 73 76 77 79 80 81 82 84 85 86 88 89 90 91 92 93 94 95 96 97 98
18 69 70 71 73 75 76 77 78 80 81 82 83 84 85 86 87 88 89 90 91 92 93 95 96 97 100
4 70 71 72 73 74 75 77 78 79 80 82 83 84 85 86 87 90 91 92 93 94 95 96 97 99 100
4 71 72 73 75 76 77 78 79 80 81 82 83 84 85 86 87 89 91 94 97 100
4 73 74 75 76 77 78 79 80 81 82 83 84 85 87 88 90 91 92 93 95 96 98 99 100
18 73 74 75 76 77 78 81 83 84 85 86 87 88 89 90 91 92 94 96 98 99 100
17 74 75 76 77 78 79 80 81 82 83 84 85 86 87 88 89 90 91 93 94 96 98 99 100
20 76 77 79 81 82 83 84 85 86 87 88 89 90 91 92 93 94 96 97 98 99
3 76 77 78 79 80 82 83 84 85 88 89 90 91 92 93 94 95 96 98 99 100
5 77 79 80 81 82 83 84 85 86 87 88 89 90 91 93 94 95 96 98 99 100
7 78 79 80 81 82 83 84 86 87 90 91 92 93 94 95 96 97 98 99 100
3 79 80 81 82 83 84 85 86 87 88 90 91 92 93 94 95 96 97 98 99 100
8 81 82 83 84 85 87 88 89 91 92 93 94 95 97 98 100
20 81 82 83 84 86 87 88 89 93 94 95 96 97 99 100
15 82 83 84 86 88 90 91 92 93 94 95 96 97 98 99 100
10 83 84 85 86 88 89 90 91 92 95 96 97 98 99 100
10 84 85 86 87 88 90 91 92 93 94 95 97 98 99
6 85 86 88 89 90 91 92 93 94 95 96 97 98 99
8 86 87 88 89 90 91 92 93 94 95 96 97 98 100
17 87 88 89 90 91 92 94 96 97 99
2 88 89 90 91 92 93 94 96 97 98 99 100
17 90 91 92 93 94 96 97 98 99 100
11 90 91 92 94 95 96 97 98 99 100
11 91 93 94 96 97 98 99 100
14 92 93 94 96 98 99 100
10 94 95 96 97 98 99 100
15 94 95 97 98 99 100
10 96 97 98 99
19 96 97 98 99 100
4 98 100
2 98 99
5 100
10 100
18
