100	5	10000	10
-4	1463	23
-4	458	19
-1	127	22
-3	1065	16
-5	1495	20
2901 2 4 5 6 7 8 10 11 12 13 14 16 17 18 20 21 22 23 24 26 27 29 30 31 32 33 34 35 36 37 38 39 43 45 46 47 48 49 50 51 52 53 54 55 56 57 58 60 61 62 63 64 65 66 67 68 69 70 71 72 74 81 82 83 84 86 87 88 89 90 91 92 94 95 96 97 98 100
2347 3 4 5 7 8 10 12 13 14 15 16 17 18 19 21 22 23 24 25 26 27 28 30 31 32 33 34 35 37 38 39 42 43 44 48 49 50 51 52 54 55 56 57 58 59 60 61 62 63 64 65 66 68 69 70 71 72 73 74 75 76 77 79 80 81 82 83 84 85 86 87 88 89 90 91 92 93 95 96 98 99
482 4 6 7 8 10 11 13 15 16 18 20 21 22 24 25 28 29 30 31 32 33 34 35 39 40 41 42 43 44 45 46 47 48 49 51 52 53 54 55 56 59 60 61 62 63 64 65 66 67 68 69 70 71 72 73 74 75 76 77 78 80 81 82 84 85 86 88 89 90 91 92 93 94 95 96 97 98 99 100
2606 5 7 8 9 13 14 15 16 17 18 19 21 22 23 24 25 26 27 28 29 30 31 32 33 34 35 36 38 39 43 44 45 47 48 52 53 56 57 58 59 60 61 62 63 64 65 66 67 68 70 71 72 73 74 75 76 77 78 79 80 81 82 84 85 86 87 89 91 92 93 94 95 96 97 98 99 100
882 6 7 10 12 14 15 16 17 18 19 20 22 23 24 25 27 29 30 31 32 33 34 36 37 38 39 40 41 42 43 45 46 47 48 49 50 51 53 54 56 57 58 59 62 66 68 69 70 71 72 73 74 75 76 78 80 81 82 83 84 85 86 87 88 90 92 93 94 95 97 99 100
429 7 8 10 11 13 16 17 20 21 22 23 25 27 30 31 32 33 34 35 36 37 38 39 40 41 44 45 46 48 49 50 52 53 56 57 58 59 60 61 64 65 66 67 68 69 70 71 72 73 74 75 76 77 78 79 80 81 82 83 84 85 86 88 89 91 93 94 96 97 98 99
2342 8 9 10 11 15 18 19 20 22 23 24 25 26 27 28 29 30 31 32 33 34 36 37 38 39 41 42 43 44 45 46 47 48 49 50 51 52 53 54 55 56 57 58 59 60 61 62 63 67 68 69 70 72 73 74 75 76 77 79 81 82 83 84 85 87 88 89 90 91 92 93 94 95 96 97 98 99 100
2542 9 10 11 13 14 15 16 17 18 19 21 22 23 24 25 26 27 28 29 30 32 33 34 36 37 39 40 43 44 46 47 48 49 52 53 54 55 56 57 58 59 60 61 62 63 64 66 67 68 70 71 72 73 75 76 77 79 81 82 84 85 87 88 89 90 91 92 93 94 95 97 98 99
2609 10 11 15 17 18 19 22 23 24 25 27 28 30 32 33 35 36 37 38 39 40 42 44 45 46 47 48 49 50 51 52 53 55 56 57 59 61 63 64 65 66 67 68 69 70 71 73 74 75 76 77 78 79 83 84 85 87 88 89 90 91 94 95 96 97 98 100
467 11 12 13 14 16 17 18 19 20 22 24 25 27 29 30 31 33 34 35 36 37 38 39 40 42 43 44 45 47 48 49 50 51 52 53 54 55 58 59 61 62 63 64 66 67 68 69 70 71 72 73 75 76 77 78 79 80 81 82 83 84 86 88 89 90 91 93 94 96 97 98 99 100
428 12 14 15 17 18 19 20 21 22 23 24 25 26 27 28 29 30 32 33 34 35 36 37 38 39 41 42 43 44 45 46 47 48 49 51 52 54 55 56 57 58 59 60 61 62 64 65 66 67 68 69 70 71 72 73 75 77 78 79 80 81 82 83 84 85 87 88 90 91 92 95 99 100
2092 13 14 15 16 18 19 20 21 23 25 26 27 28 31 32 33 34 35 36 37 38 39 41 42 43 45 46 47 48 49 50 51 53 54 56 57 58 60 61 63 65 67 68 69 70 71 73 74 75 76 78 80 82 84 85 86 87 91 92 93 94 95 96 97 99
699 14 15 16 17 18 19 20 22 23 24 25 27 28 29 30 31 33 34 35 36 37 39 40 42 43 45 46 49 50 51 52 53 54 55 57 58 59 60 61 62 65 67 68 69 70 71 72 73 74 75 78 79 82 83 84 85 86 87 88 90 91 92 93 94 95 96 98 100
209 15 17 18 19 21 22 24 26 29 30 31 33 34 35 36 37 38 39 40 41 42 43 44 46 47 48 49 51 52 53 54 56 59 60 61 62 63 64 65 68 69 70 71 72 73 74 75 76 77 78 79 81 82 83 84 86 87 88 89 91 92 93 95 96 98 99 100
2700 17 18 19 20 21 22 23 24 25 26 29 30 31 32 34 35 36 38 40 41 42 44 45 46 48 49 50 51 52 53 54 55 56 57 59 60 62 64 65 66 67 68 69 72 74 76 77 78 79 80 81 82 83 84 85 86 87 88 89 90 91 92 93 94 95 96 97 98 100
2580 17 18 19 20 21 23 25 26 27 28 29 31 32 34 35 36 38 39 41 42 43 45 46 47 48 50 51 52 53 54 55 60 62 64 65 67 68 72 73 74 75 76 77 78 79 80 81 82 83 85 86 88 89 90 91 92 93 95 96 98 100
897 18 22 23 24 26 27 29 30 31 32 34 35 36 37 38 40 41 42 44 45 46 48 49 50 51 52 53 54 55 56 58 59 61 62 63 64 65 67 68 69 70 71 72 74 75 76 77 80 81 82 83 85 87 88 89 90 93 95 96 99 100
2882 19 23 24 25 26 27 28 29 30 31 32 33 34 35 36 37 38 39 40 41 42 43 44 46 47 49 50 51 52 54 55 56 58 59 61 62 63 64 65 66 67 68 69 71 72 73 74 75 77 78 79 80 81 82 83 84 85 86 87 89 90 91 92 93 94 95 96 99 100
2329 20 22 23 25 27 29 30 32 33 34 35 36 37 38 39 41 42 43 46 47 48 49 51 52 53 54 55 59 60 61 62 64 65 66 69 70 71 72 73 74 75 78 79 81 82 83 84 86 87 88 89 90 92 93 95 99 100
1164 22 23 24 25 30 31 32 33 36 37 39 40 41 42 44 45 46 47 48 49 50 51 52 53 54 55 56 57 58 59 60 61 63 64 65 67 69 70 71 72 74 75 76 77 78 79 80 81 84 85 86 87 88 90 91 92 93 95 96
1004 22 23 26 27 29 30 31 32 33 34 35 36 37 38 40 42 45 46 47 48 49 50 51 52 55 58 59 62 63 64 65 66 67 68 70 71 72 73 74 76 77 78 79 80 81 82 83 84 85 86 87 89 90 92 93 94 95 96 97 98 99
2749 23 24 25 26 28 29 31 32 33 35 36 37 38 40 41 42 44 45 46 48 49 50 51 52 54 55 56 57 59 62 63 64 65 66 67 68 70 71 72 73 74 75 76 77 78 79 80 81 82 83 85 86 87 88 89 90 91 92 93 94 95 96 97 98 99 100
2162 24 25 28 29 30 31 32 33 34 35 36 37 38 40 41 43 44 46 48 49 50 51 52 53 54 56 57 58 61 62 63 64 65 66 67 68 69 70 71 72 73 74 75 76 78 79 80 81 82 83 84 86 87 88 90 91 92 93 94 95 96 98
2167 26 28 29 30 31 32 33 34 35 36 38 39 40 41 42 43 44 45 46 47 48 50 52 53 54 56 57 60 61 62 63 64 66 67 68 70 71 72 73 74 75 76 77 78 79 80 81 82 83 84 85 86 87 88 90 92 93 94 95 97 99
1254 27 28 29 30 31 32 33 34 35 36 37 38 41 42 43 44 45 46 47 48 49 50 51 52 54 55 56 57 58 59 60 62 63 65 66 67 68 69 70 72 73 75 76 79 80 81 82 83 85 86 87 88 90 91 92 93 94 95 96 99 100
488 27 28 29 30 31 32 33 34 36 37 38 39 40 41 42 43 44 46 47 48 49 50 51 52 54 55 56 57 58 59 60 61 62 63 64 66 67 68 69 70 71 72 73 74 75 76 77 78 79 80 81 82 83 84 86 87 88 89 90 91 93 95 96 97 98 100
2363 28 29 30 31 32 33 35 36 37 38 39 40 41 42 43 44 46 50 51 52 53 54 55 56 60 61 62 63 64 66 67 68 69 70 72 73 75 76 77 78 80 81 83 84 85 87 90 91 92 93 94 95 96 97 99 100
1432 29 30 31 32 33 34 35 37 38 39 40 41 42 43 44 46 47 49 50 51 52 53 54 55 56 57 58 59 62 63 64 65 66 67 68 69 71 72 74 75 76 77 78 79 80 81 83 84 85 86 87 88 89 90 91 92 94 95 96 97 98 99 100
683 30 32 33 36 37 38 40 41 43 44 45 46 47 49 51 52 53 54 55 56 57 60 61 62 63 64 65 66 68 69 70 71 72 73 74 75 76 77 79 80 81 84 85 86 87 88 91 92 93 94 95 96 97 100
2570 31 32 33 35 36 37 38 39 40 41 42 43 44 45 47 48 49 50 51 53 55 57 58 59 60 63 64 65 66 67 68 69 70 72 73 74 78 79 81 83 86 87 88 89 91 92 93 94 96 97 98 99 100
864 33 34 35 36 38 39 40 41 42 43 44 45 46 47 48 49 50 52 53 54 55 56 57 59 60 61 62 63 65 66 67 68 69 70 71 72 73 75 76 78 79 81 82 84 85 86 87 88 89 90 92 93 94 95 96 97 98 99
712 34 36 37 38 39 42 43 44 45 46 48 49 50 51 52 54 55 56 57 58 59 60 63 64 65 66 70 71 72 73 78 79 80 81 82 83 84 85 86 87 88 90 93 94 95 96 97 98 99 100
2883 35 36 37 38 39 40 41 42 43 44 46 48 49 50 52 54 55 56 57 59 60 61 62 63 64 65 66 67 68 70 71 72 73 74 75 76 77 78 79 81 82 84 86 87 89 90 91 92 93 94 95 96 97 98 99 100
166 35 36 37 38 39 40 41 42 43 44 45 46 47 48 49 50 51 53 54 55 56 57 58 60 61 62 63 64 66 67 70 71 72 74 75 76 77 78 79 80 84 86 88 89 91 93 95 96 97 98 99 100
1623 36 37 38 40 41 42 43 44 45 46 47 48 49 50 51 52 53 54 55 56 57 59 60 61 63 64 65 66 68 70 71 72 73 74 75 76 77 78 80 81 83 85 86 87 88 89 90 91 92 94 96 97 98 99 100
1462 38 39 40 41 42 43 44 45 46 48 49 50 51 52 53 55 56 58 60 61 62 64 65 66 67 68 69 70 71 72 73 74 75 76 77 78 79 81 82 83 84 85 86 88 89 90 91 92 93 94 95 96 97 98 99
285 38 39 40 42 43 44 46 48 49 50 51 52 53 54 55 56 59 60 61 62 63 64 66 67 70 71 72 73 74 75 76 77 78 80 81 82 83 85 86 87 88 89 90 91 92 93 94 96 97 98 99
2583 39 40 41 42 43 44 45 46 48 49 50 51 52 53 54 55 56 58 59 60 62 63 64 65 66 68 69 70 71 72 73 75 76 79 80 81 82 83 84 85 86 87 90 91 92 93 94 95 96 97 98 99
607 40 41 42 43 44 45 46 47 48 49 51 52 54 55 56 57 58 59 60 61 62 63 64 65 67 68 69 71 72 74 75 79 80 81 82 83 85 87 91 92 93 94 95 98 99
2957 41 42 43 44 45 46 48 50 51 52 53 54 55 56 57 58 59 60 62 63 65 66 67 68 69 70 71 72 73 74 75 76 77 78 79 81 83 84 85 86 87 89 90 91 93 96 97 98 99 100
337 42 43 44 45 46 47 48 50 51 53 54 55 56 57 58 59 60 61 62 63 64 65 66 67 68 69 71 72 75 76 77 79 80 83 84 85 86 87 88 91 92 93 95 99 100
763 43 44 45 46 47 48 49 50 51 52 54 55 56 57 58 60 61 62 63 64 65 66 67 68 69 70 71 73 75 76 77 78 80 81 83 87 88 89 90 91 92 93 94 95 96 97 98
2052 44 45 46 47 48 49 50 51 52 53 54 57 58 59 60 61 62 63 64 66 67 68 69 71 72 73 74 75 76 78 79 80 81 82 83 85 86 87 88 89 90 91 92 93 94 95 96 97 98 99 100
2489 46 47 48 50 52 53 54 55 57 58 59 60 61 62 63 65 66 67 68 69 70 71 72 73 74 75 76 77 78 80 81 82 83 84 85 86 87 88 89 90 93 94 95 98 99
504 46 48 49 50 51 52 53 54 55 56 57 58 59 60 62 63 64 65 66 68 71 72 73 74 75 76 77 78 80 81 83 84 86 87 88 89 90 91 92 93 95 96 97 98 99 100
2033 48 49 50 51 52 53 54 56 58 59 60 62 63 64 65 66 67 68 69 70 71 72 73 74 75 76 77 78 79 80 81 82 83 84 85 86 87 88 89 90 92 93 95 96 97 98 100
1878 49 50 51 52 53 54 55 56 57 58 59 60 61 62 63 64 65 66 68 69 70 71 72 73 74 76 77 78 80 81 82 83 84 85 86 87 88 89 90 91 93 94 96 97 98 99 100
2602 49 50 51 52 54 56 57 58 59 60 61 63 64 65 66 67 68 70 73 75 76 77 78 80 81 82 83 84 85 86 87 88 90 91 92 93 94 95 96 97 98 99 100
2180 50 51 52 53 55 56 57 59 60 61 63 64 65 67 68 69 70 71 72 73 75 77 78 79 80 81 82 83 85 86 87 88 89 90 91 92 93 94 95 96 97 98 100
2357 52 53 54 55 57 58 59 60 61 62 63 65 66 67 68 69 72 73 74 75 76 77 79 80 81 83 84 85 87 88 89 90 91 94 95 97 98 100
2994 52 54 55 56 57 58 59 61 62 63 64 65 66 68 69 70 72 73 74 75 76 77 78 79 80 82 84 85 86 87 88 89 90 91 92 93 94 95 96 97 98 99 100
2313 54 55 56 57 58 60 61 62 63 64 65 66 67 68 69 70 71 72 73 74 75 76 77 78 79 80 82 83 84 85 86 87 88 89 90 93 94 97 99 100
1922 55 57 58 59 60 61 62 63 65 66 67 68 69 70 73 74 76 77 78 79 80 81 82 83 84 85 86 88 89 90 91 92 94 95 96 97 98 99 100
853 55 56 57 58 60 61 62 64 65 67 68 69 70 71 72 73 74 75 76 78 79 80 81 82 83 84 85 86 87 89 90 91 92 93 95 96 97 98 99 100
2051 56 57 59 60 61 63 64 65 66 67 68 69 70 71 72 73 74 75 76 78 79 80 82 83 84 85 86 89 90 91 92 93 94 95 96 97 98 99 100
437 57 58 59 60 61 64 65 66 67 68 69 72 73 74 75 76 77 78 79 80 81 82 84 85 86 87 89 91 92 93 94 95 97 98 100
2609 58 59 60 61 63 64 65 67 69 70 72 73 75 76 77 78 80 82 84 85 86 87 88 89 90 92 93 94 95 96 97 98 99 100
879 59 60 61 62 63 64 65 67 68 69 70 71 72 74 75 76 77 78 79 80 81 82 83 84 85 86 87 88 89 90 91 92 93 94 95 98 99 100
579 60 61 62 65 67 68 70 71 74 75 78 79 80 81 82 83 84 86 87 90 92 94 95 96 97 99 100
575 62 63 64 65 66 67 68 70 71 75 77 78 79 80 82 84 85 86 87 88 89 90 91 92 93 94 96 97 98 99 100
1534 62 63 64 65 66 68 69 70 71 75 76 78 79 80 81 82 83 84 85 87 88 89 90 93 95 96 97 98 100
1568 63 64 66 67 68 69 70 71 72 73 77 78 79 81 82 83 84 85 87 89 90 93 94 95 96 98 99 100
2268 64 65 66 67 68 69 70 71 72 73 74 75 76 77 79 80 81 82 83 84 86 87 88 89 90 92 94 95 96 98 100
580 65 66 67 68 69 70 71 72 73 74 75 76 77 78 79 80 81 82 83 84 85 86 87 88 89 90 91 93 94 95 96 97 98 99
1758 66 67 68 69 70 71 73 74 75 76 78 80 81 83 85 86 87 88 89 90 91 92 93 94 96 97 98 99 100
1913 67 68 71 72 73 74 75 76 79 80 81 82 83 85 86 87 88 89 92 96 98 99 100
2836 68 69 70 71 73 74 75 76 80 81 82 83 84 86 87 89 90 91 92 93 94 95 96 97 98 99
1464 69 70 71 72 73 74 75 76 79 80 81 82 83 84 85 86 87 88 91 92 93 94 95 97 100
546 70 71 72 74 75 77 79 80 82 83 84 85 86 87 88 90 91 92 93 94 95 96 97 98 99 100
1398 71 72 73 74 75 76 77 79 80 81 82 83 84 85 87 88 89 90 92 93 94 95 96 97 99 100
2988 72 73 75 77 78 79 81 82 83 85 86 88 89 90 92 93 94 95 96 97 98 100
2117 73 75 76 77 78 79 80 82 83 84 85 87 88 89 91 92 93 94 95 97 98 99 100
354 74 75 78 83 84 85 87 88 89 91 92 93 94 95 96 97 98 99 100
474 75 77 78 79 80 81 82 83 84 85 86 87 88 90 91 93 94 95 97 98 99 100
962 76 77 78 80 81 82 83 85 86 88 89 90 91 92 93 94 95 96 97 98 99 100
2641 77 78 80 81 84 85 86 87 88 89 90 91 92 93 94 95 97 98 99
838 78 79 80 81 83 85 86 87 88 89 91 92 93 94 96 97 98 99 100
261 79 81 82 84 85 87 89 90 91 92 93 94 95 96 97 98 99 100
916 80 81 82 83 84 85 86 87 88 89 90 91 92 93 94 95 96 98 99 100
2433 82 84 85 86 87 88 89 90 91 92 94 95 96 97 98
1126 84 86 87 88 89 90 91 92 93 94 96 97 99 100
2988 83 84 86 87 88 89 90 91 92 94 95 96 97 98 99
701 84 85 86 87 88 89 90 91 93 94 95 96 97 98 99
512 85 86 87 91 92 93 94 96 98 99 100
1166 86 88 89 91 92 93 94 96 99 100
1008 87 88 89 91 92 93 97 98 99
1934 88 89 90 91 92 93 95 97 99 100
2506 89 91 93 94 95 96 97 99 100
1091 90 91 92 93 94 95 97 98 99 100
2899 91 92 94 95 96 98 100
1228 92 93 94 95 97 98 100
1064 93 94 95 96 97 98 100
1817 94 95 96 97 98 100
1227 95 96 97 98 99 100
2681 96 97 98 99 100
2697 98 100
2566 98 99 100
590 99 100
513 100
1911
