100	5	200	10
-4	18	19
-4	11	21
-1	37	19
-3	2	18
-5	31	23
42 3 4 5 6 7 8 10 13 15 16 17 18 19 20 21 22 23 24 25 27 28 29 30 32 33 34 35 36 38 40 41 42 43 44 45 46 47 48 50 51 52 53 56 57 58 59 60 61 62 63 64 66 67 68 69 70 72 73 75 76 77 78 79 80 82 85 86 87 88 89 90 91 92 93 94 96 97 98 99
57 3 4 5 6 7 8 9 10 11 12 13 14 15 16 17 18 19 20 21 22 23 24 26 27 28 29 30 31 33 34 35 37 38 39 40 41 42 43 46 50 51 52 53 54 55 56 57 58 59 61 62 63 64 65 66 67 68 70 71 72 74 75 76 77 78 79 80 83 84 86 88 89 90 91 92 93 95 96 97 98 99 100
42 5 6 7 8 9 10 11 13 14 15 16 17 18 19 20 21 22 24 25 26 27 28 29 30 31 32 34 35 40 41 42 44 48 49 50 51 54 55 58 59 60 61 62 63 64 66 67 68 69 70 71 72 73 74 75 76 77 78 79 80 81 82 84 85 87 88 89 91 92 93 94 95 96 100
59 6 7 8 9 11 12 13 14 15 16 17 18 19 20 21 24 27 28 29 30 31 32 34 35 36 37 38 39 40 41 42 43 44 45 46 49 50 51 52 55 57 58 59 60 61 62 63 65 66 67 68 69 70 71 72 73 74 75 76 78 79 80 81 83 84 85 86 87 90 91 95 97 99 100
46 6 7 8 10 11 13 14 15 16 17 18 19 20 21 22 23 24 27 28 29 30 31 34 35 36 37 38 39 40 41 42 45 46 47 48 49 50 52 53 54 55 58 59 60 61 67 68 69 70 71 72 73 74 75 76 77 78 79 80 81 82 83 84 85 86 87 89 90 92 93 94 95 96 97 98 99 100
42 7 8 9 10 11 12 13 14 15 16 18 19 20 21 22 23 26 27 28 29 30 31 32 33 35 36 37 38 39 40 41 42 43 44 45 46 47 48 49 51 52 53 54 55 56 58 60 61 62 65 68 69 70 71 72 73 74 75 78 79 80 81 82 83 84 86 87 88 89 90 92 93 94 95 96 97 99 100
44 8 9 10 11 12 13 14 15 16 17 18 20 21 22 23 24 25 26 27 29 30 31 32 33 34 35 36 37 38 39 41 43 45 46 47 48 49 50 53 54 55 57 59 60 62 63 65 69 70 71 72 73 74 76 77 78 79 80 82 83 84 86 87 89 90 91 92 95 96 100
57 11 12 13 14 15 16 17 18 19 20 21 22 23 24 25 26 27 28 29 31 32 33 34 37 38 39 40 41 42 43 45 46 47 49 50 51 53 54 56 57 58 59 60 61 63 64 65 66 67 68 71 72 73 74 75 76 77 78 79 80 81 84 86 87 88 90 91 92 93 94 95 96 97 98 99
55 10 11 12 13 14 15 16 17 18 19 20 21 22 23 24 25 27 28 29 31 32 33 34 36 37 39 40 41 42 46 47 49 50 51 52 53 54 55 56 57 58 59 61 62 63 64 65 66 67 68 69 70 71 72 74 75 76 77 78 79 80 82 83 84 85 86 87 88 89 91 93 94 95 96 97 98 100
44 11 13 14 16 17 18 20 21 22 23 25 26 27 28 29 30 31 32 33 35 37 38 40 41 42 43 44 45 46 47 48 49 50 51 53 54 55 56 57 58 59 61 62 64 65 67 68 69 70 72 73 74 77 78 79 80 81 82 83 84 85 87 88 89 90 92 93 94 95 96 97 98 99 100
40 13 14 15 16 17 19 23 24 26 29 30 31 32 33 34 37 38 40 42 43 44 45 47 48 49 50 51 52 53 54 55 56 57 58 59 60 61 62 63 65 70 72 73 74 76 77 78 79 80 81 82 83 84 85 86 87 88 89 90 91 92 93 94 95 98 99 100
60 13 14 15 16 17 18 19 20 21 23 24 25 26 27 28 29 30 31 33 35 36 38 39 40 41 42 43 44 45 48 51 52 54 55 56 57 58 59 60 61 62 63 64 65 66 69 70 71 72 73 74 75 76 79 80 81 82 84 85 86 87 88 89 90 91 92 94 95 96 97
59 15 16 17 20 21 22 26 27 28 29 30 32 33 34 35 36 37 38 39 42 43 44 45 46 47 48 51 52 53 54 55 56 57 60 61 62 63 65 66 67 68 69 70 72 73 74 75 77 78 79 80 81 82 83 84 85 86 88 89 91 92 93 94 96 97 98 99 100
46 15 16 17 18 19 20 21 23 24 27 28 29 30 31 32 34 35 36 37 38 39 40 42 43 44 45 46 47 48 49 50 51 52 53 54 55 56 57 58 59 60 61 62 63 65 66 67 68 69 70 71 72 73 74 75 76 77 78 79 80 81 82 83 84 85 86 87 88 89 90 91 93 94 95 96 97 98 99 100
40 16 17 18 19 20 22 23 24 25 26 27 28 29 30 31 32 33 34 35 36 37 38 39 40 41 42 46 47 48 49 50 52 53 54 55 57 60 61 62 63 64 66 67 68 70 71 73 74 75 76 77 78 79 80 81 82 83 84 85 87 90 91 93 94 95 96 97 98 99
56 17 18 19 20 21 23 24 25 26 27 28 29 30 32 33 34 35 36 37 38 39 40 41 42 43 45 47 48 49 50 52 53 54 55 56 57 58 59 60 61 63 64 66 67 68 69 70 71 72 73 74 75 76 77 78 79 80 82 83 84 86 87 88 89 90 91 92 93 94 95 96 97 99 100
45 18 19 20 21 22 23 24 25 26 27 29 30 31 32 33 34 35 36 38 40 41 42 43 44 45 46 47 48 49 50 51 52 54 57 59 60 61 63 64 65 66 67 68 69 70 71 72 74 76 77 78 80 81 82 83 84 85 86 87 88 90 92 94 95 96 97 98 99 100
59 19 20 21 23 24 25 26 27 29 30 32 33 37 41 43 45 46 47 48 49 50 51 52 53 54 55 56 57 58 59 60 61 62 63 64 65 66 67 68 69 70 71 72 73 74 77 78 79 80 81 83 84 86 87 88 89 90 91 92 93 94 95 96 97 99 100
55 20 21 22 23 24 25 26 28 29 32 33 34 35 36 37 38 39 40 41 42 43 44 45 46 47 50 53 54 55 56 57 58 59 60 61 62 64 66 67 69 70 71 72 73 74 75 77 78 80 81 82 86 87 88 90 91 93 94 95 96 97 98 99
56 21 22 24 25 26 27 28 29 30 31 32 33 34 35 37 38 40 42 43 44 45 46 49 50 51 52 53 54 55 56 57 58 59 60 62 63 64 65 66 67 68 69 71 72 73 74 75 76 77 78 79 80 81 84 85 86 87 88 89 91 92 93 94 95 96 98 99
49 22 25 26 29 31 32 33 34 35 36 37 38 39 40 41 42 44 45 46 47 49 51 54 55 56 57 58 60 61 62 64 65 66 69 70 71 73 74 75 76 77 78 79 81 82 83 84 85 86 87 88 91 92 93 94 95 96 97 98 99 100
43 23 25 26 27 29 30 31 32 33 34 36 37 38 39 40 41 42 43 44 45 47 48 51 52 53 54 55 57 58 59 60 61 62 63 64 65 66 67 68 69 70 71 72 73 74 75 76 77 80 81 82 83 84 85 86 87 88 90 91 92 93 94 95 96 98 100
49 24 26 27 28 30 31 32 34 35 37 38 39 40 41 42 43 44 45 48 49 50 51 52 53 55 56 57 60 61 62 63 64 65 66 68 69 70 71 72 73 74 75 76 77 79 80 82 85 86 87 88 90 91 92 93 94 95 96 97 99
57 25 27 28 29 30 31 32 33 35 37 38 39 40 41 42 43 45 50 51 52 53 54 55 56 57 59 60 61 63 64 65 66 67 68 70 71 73 74 75 77 78 79 80 81 82 84 85 87 88 89 91 92 94 95 96 97 98 99 100
50 27 28 29 30 32 33 34 35 36 37 38 39 40 43 44 45 46 47 48 49 51 52 53 54 55 56 57 58 59 60 61 62 63 65 66 67 68 69 71 72 73 74 75 77 79 80 81 82 83 84 85 86 87 88 90 91 92 93 94 95 97 98 99 100
44 27 28 30 32 34 36 38 40 42 43 44 45 46 50 51 52 53 55 57 58 60 61 62 63 64 65 66 67 68 71 72 73 74 75 76 77 78 79 80 82 83 85 86 87 88 89 90 91 92 94 95 96 97 98 99 100
49 28 29 30 31 32 35 36 37 38 39 40 41 42 43 44 46 47 48 49 50 51 52 54 55 56 57 58 59 61 63 64 65 67 69 70 71 72 73 74 75 76 77 79 80 81 82 83 84 85 86 87 88 89 90 91 92 93 96 97 98 100
46 29 31 32 33 35 36 37 38 39 40 41 42 43 46 47 50 51 52 53 54 55 56 57 58 59 60 61 62 63 64 65 68 69 71 72 73 74 75 77 78 79 80 81 83 84 85 87 88 89 92 95 96 97 98 100
41 30 31 32 35 36 37 38 39 40 41 42 43 44 45 46 47 48 50 52 53 54 55 56 57 59 60 61 62 63 65 67 69 71 73 74 75 76 77 78 79 80 81 84 85 86 88 89 90 91 92 93 95 96 98 99 100
41 33 34 35 37 38 39 40 41 42 44 45 46 47 48 49 50 51 53 54 55 56 57 58 59 60 61 62 63 64 65 66 67 68 70 71 72 74 76 78 80 81 82 83 85 86 87 89 91 92 93 95 96 97 98 99 100
46 32 33 35 36 37 38 39 41 42 43 44 46 47 48 49 51 52 53 54 55 57 59 60 62 63 64 65 68 69 70 71 72 73 74 75 76 80 81 84 85 86 87 89 91 92 93 94 95 96 97 98 99 100
40 33 34 37 38 39 40 44 45 46 50 51 52 54 55 56 57 58 59 60 61 63 66 67 68 69 70 71 72 73 74 75 76 78 79 80 81 82 83 84 85 87 90 91 92 93 94 95 97 98 99
51 34 35 36 37 38 39 40 41 42 43 44 45 47 48 49 52 53 56 57 58 63 64 65 66 67 68 69 70 71 72 73 74 75 76 77 78 79 80 81 82 83 84 85 86 87 88 89 90 91 92 93 94 95 96 98 99
50 35 36 37 39 40 41 43 44 45 46 47 48 49 50 51 52 53 55 57 58 59 60 61 63 65 66 67 68 69 70 71 76 77 80 81 82 83 84 85 87 88 89 90 92 93 94 95 96 97 98 99 100
41 36 37 38 39 40 41 42 43 45 46 47 48 49 50 51 52 53 55 58 60 61 62 63 64 65 66 67 69 70 71 72 75 76 77 78 79 80 81 83 84 86 87 88 89 90 91 92 93 94 96 98 100
59 37 38 39 40 41 42 43 45 46 47 49 50 51 52 54 55 56 58 60 61 63 64 65 66 67 70 71 72 73 74 75 76 77 78 79 80 81 84 85 86 88 90 91 92 93 94 95 96 97 99 100
43 38 39 41 42 43 44 45 46 47 48 49 50 53 56 57 59 60 61 62 64 65 66 67 68 69 70 71 72 73 75 76 77 78 79 80 81 82 84 85 86 87 88 89 90 91 93 94 95 96 97 98 99 100
42 39 40 41 45 46 47 49 50 51 55 56 58 59 60 62 67 68 69 72 74 75 76 77 78 79 80 81 82 83 85 86 87 88 89 91 93 94 95 98 99 100
46 40 42 44 45 46 47 48 50 51 52 54 55 56 58 59 60 61 62 63 65 66 67 68 69 70 71 72 73 74 75 76 79 80 81 82 83 85 86 87 89 90 91 92 93 94 95 97 98 99 100
50 43 45 46 47 48 49 50 52 53 54 56 59 60 61 63 65 66 67 68 69 70 72 73 74 75 76 77 78 79 80 81 83 85 86 87 88 89 90 92 93 94 95 96 97 99 100
55 42 43 44 45 47 48 49 50 51 52 53 55 57 58 59 60 62 63 64 65 67 68 69 70 72 73 74 75 77 78 80 81 82 83 84 86 88 89 90 91 92 93 95 96 97 98 99
58 43 45 47 51 53 54 55 56 57 58 60 61 62 63 64 65 69 70 71 74 75 76 77 79 81 82 83 84 85 86 87 88 89 90 92 93 94 95 97 99
55 44 45 46 47 48 49 50 51 52 53 54 56 57 59 60 61 62 63 64 65 66 67 68 69 71 72 73 74 75 77 78 79 80 81 82 83 84 86 87 88 89 90 91 92 93 95 96 97 99 100
53 45 46 47 50 51 53 54 56 57 58 59 61 62 64 65 66 67 68 69 70 71 73 74 75 76 77 78 79 80 82 84 85 87 88 89 91 92 93 94 95 97 98 99 100
59 46 48 50 51 52 53 54 55 58 59 61 63 64 65 66 68 69 70 72 73 74 75 76 77 78 79 80 81 82 83 84 86 87 90 91 92 93 94 95 96 97 98 99
56 48 49 50 51 52 53 54 55 56 57 58 61 62 63 64 65 66 67 68 70 71 72 73 74 75 76 77 78 79 80 82 84 85 86 87 88 89 90 92 93 94 95 96 97 98 99 100
57 48 49 50 51 53 54 55 57 58 59 60 61 62 63 65 66 67 68 69 70 71 73 74 75 76 77 78 79 80 81 82 84 85 86 88 89 90 91 93 94 95 96 97 99 100
43 49 51 52 53 54 55 56 58 59 60 61 62 65 67 68 70 71 72 73 74 75 76 77 78 79 81 82 83 84 85 86 87 89 90 91 93 94 95 96 97 98 99 100
58 50 52 53 54 55 56 57 58 60 61 62 63 64 65 66 68 69 70 73 74 75 76 77 78 80 81 82 83 85 86 88 89 90 91 92 93 95 96 97 98 99
56 51 52 54 55 57 59 60 63 64 66 67 68 69 70 71 72 73 74 76 77 78 79 80 81 82 83 84 85 87 89 90 91 93 94 95 96 97 98 99 100
42 52 53 54 55 57 58 59 62 63 66 67 68 69 70 71 72 73 74 75 76 77 78 79 80 81 82 83 84 85 86 87 88 89 90 91 92 93 94 95 97 98 99
59 53 54 56 57 58 60 61 62 63 64 65 67 68 69 70 71 72 73 74 75 76 77 78 79 81 82 83 84 85 88 89 90 91 92 94 95 96 98 99 100
46 54 55 57 58 59 60 62 63 64 65 66 67 68 69 70 71 72 73 74 75 76 77 79 80 81 82 84 85 86 88 89 92 93 94 95 96 97 99
43 55 57 58 59 61 62 63 64 65 66 67 68 69 70 71 72 73 75 76 79 80 81 82 83 84 85 86 87 88 89 90 91 92 93 94 95 96 97 98 99 100
43 56 58 60 61 62 63 64 65 67 68 69 70 71 72 73 74 76 77 78 79 81 82 83 84 85 86 88 90 91 92 93 94 96 97 98 99 100
42 57 58 59 60 61 62 65 66 67 68 69 70 71 72 73 74 75 76 77 78 79 80 81 82 83 84 85 87 88 91 92 93 94 95 96 98 99 100
51 61 63 64 65 66 68 69 70 71 72 73 74 75 76 77 78 79 80 81 82 84 85 86 87 88 89 93 94 95 96 97 98 99
51 60 61 62 64 65 66 67 69 70 71 72 73 74 75 76 78 79 80 81 82 83 84 85 86 87 88 89 90 91 92 93 94 95 96 97 98 99 100
52 60 61 62 63 64 65 66 67 68 70 72 73 74 75 76 77 78 79 80 81 82 83 84 86 87 88 89 90 91 93 94 95 96 98 99 100
52 61 62 63 64 69 70 71 73 74 76 78 80 82 85 86 87 89 90 91 92 94 95 96 97 98 99 100
54 62 63 64 65 66 67 68 69 70 72 73 74 75 76 77 78 79 80 81 82 83 84 85 86 88 90 91 92 93 94 95 96 97 98 99 100
60 63 64 65 66 67 69 70 71 73 74 75 76 77 78 79 80 81 82 85 86 87 88 89 90 91 92 93 94 95 96 97 98 99 100
50 65 66 67 68 69 70 71 72 73 74 75 76 77 78 80 82 83 84 85 86 89 91 92 93 94 95 96 97 100
43 65 66 67 68 69 70 72 73 74 75 76 77 78 80 81 82 83 85 86 87 88 89 91 92 94 96 97 98 99 100
42 66 69 70 72 73 74 75 76 77 78 79 80 81 83 84 85 86 87 88 89 91 93 94 95 96 98 99 100
42 67 68 73 74 75 76 77 79 80 81 82 83 84 86 87 88 90 91 92 93 94 95 96 97 98 99
56 68 70 71 72 73 74 75 76 77 78 79 80 81 82 84 85 87 88 89 90 91 92 93 94 95 97 98
55 69 70 71 72 73 74 75 76 77 78 79 80 81 83 84 86 87 88 89 90 91 92 93 94 95 96 97 98 99 100
41 71 72 73 74 75 76 77 78 79 82 83 84 85 86 87 88 90 91 92 93 94 95 96 97 98 99 100
42 71 72 73 74 75 77 78 79 80 82 83 84 85 86 87 88 89 90 92 94 95 97 98
46 72 73 74 75 76 80 81 82 83 85 87 90 91 92 93 94 95 96 98 99 100
45 73 74 75 76 78 79 80 81 82 83 84 88 89 90 91 92 94 97 98 99
41 74 75 76 77 78 79 80 81 84 86 87 90 91 92 94 95 96 97 98 99
46 75 76 77 78 79 80 81 82 83 85 86 87 88 89 90 91 92 93 94 95 97 98 99
58 76 77 78 79 80 82 83 85 86 87 88 89 90 91 92 93 94 95 96 97 99 100
45 77 78 79 80 81 82 83 84 86 87 88 89 90 92 93 95 96 98 99 100
58 78 80 83 84 85 86 89 90 91 92 93 94 96 97 98 99 100
48 79 80 81 82 83 85 86 87 88 89 90 91 92 93 94 95 96 97
59 81 82 85 86 87 89 91 92 94 95 96 98 99 100
43 82 83 84 85 86 87 89 90 91 93 95 96 97 98 99
48 82 83 84 85 86 87 88 89 93 94 96 98 99 100
47 84 85 87 89 91 92 93 94 96 99
54 85 87 88 89 91 92 93 96 98 99 100
50 87 89 90 91 92 93 95 96 97 99 100
46 88 91 92 93 95 96 97 100
57 88 89 90 91 92 93 94 95 96 97 99 100
49 88 89 90 91 92 93 94 95 96 97 98 100
52 89 90 91 94 96 97 99 100
48 90 91 92 93 94 96 98 99
53 91 92 93 94 95 96 97 98 99
48 93 94 95 96 97 98 99 100
60 95 96 97 98 100
60 94 95 96 97 99 100
59 96 97 99 100
43 96 97 98 99
53 97 98 99 100
43 98
43 99
48
49
