75	10	10000	1
0	1496	10
0	1832	4
0	1365	5
0	1424	10
0	1354	4
0	1001	5
0	1551	9
0	1553	10
0	1638	13
0	1805	5
1212 3 4 5 7 8 9 10 11 12 13 14 16 17 18 20 21 22 23 25 26 27 28 29 31 32 33 34 35 36 37 38 41 43 44 45 46 47 48 49 50 51 53 55 56 57 58 59 61 62 63 64 65 66 67 68 69 71 72 73 74 75
526 5 6 7 8 9 10 11 12 15 17 18 21 22 23 24 25 26 27 28 29 30 31 32 33 34 35 36 37 39 40 41 43 45 46 47 48 50 53 54 55 56 57 58 59 60 61 62 63 64 65 66 67 68 69 71 72 73 75
1040 4 5 6 8 9 10 11 12 13 14 15 16 17 18 19 20 21 22 23 25 27 28 29 30 31 32 33 34 35 36 37 38 39 40 41 42 43 44 45 47 48 49 50 51 52 54 56 57 58 59 60 61 62 63 64 65 66 67 68 69 70 72 73 74 75
926 5 6 8 9 10 11 12 14 15 19 20 21 22 23 24 25 26 27 28 29 32 35 36 37 38 39 40 41 42 43 44 45 46 47 48 49 50 51 52 53 54 55 56 57 58 62 63 67 68 69 70 71 72 73
991 7 8 10 11 13 15 16 18 21 23 25 26 27 28 29 30 31 32 33 34 35 36 37 38 39 40 41 42 43 45 46 47 48 51 53 55 56 57 58 59 60 61 64 65 66 67 68 70 71 72 73 74 75
980 7 8 9 10 12 14 15 16 17 18 19 22 23 24 25 27 28 30 31 32 33 34 35 36 37 38 39 42 43 44 45 46 47 48 50 52 54 55 56 58 59 62 63 64 65 66 67 69 71 74 75
815 9 10 12 14 15 16 17 18 20 22 23 25 26 27 29 30 31 32 33 34 35 36 37 38 39 43 44 45 46 47 48 50 51 52 53 55 56 57 58 59 60 61 62 63 64 65 67 68 69 71 72 73 74 75
1289 11 12 13 14 15 16 17 19 22 24 25 26 27 28 29 30 31 32 33 35 36 40 41 42 43 44 45 46 47 48 51 52 53 54 56 57 58 59 60 61 62 63 64 65 66 67 68 69 70 71 72 74
892 11 12 13 14 15 16 17 18 19 20 21 22 23 24 25 27 28 29 30 31 32 35 36 37 39 40 41 42 44 45 46 47 48 50 52 54 55 56 57 58 59 62 63 64 67 69 70 71 73 74 75
992 13 14 15 17 18 19 20 22 23 25 26 30 32 33 34 36 37 38 39 40 41 42 43 44 45 46 47 48 49 52 53 54 55 57 59 60 62 63 64 66 67 68 69 71 72 73 74 75
761 12 13 14 15 16 17 18 20 21 23 26 28 29 30 31 32 34 35 37 39 41 43 44 45 46 47 49 50 51 52 54 55 56 57 58 59 60 63 64 65 67 68 69 71 73 74
1007 13 14 15 16 17 18 19 21 22 23 24 25 26 27 28 29 31 32 34 35 36 39 40 41 42 43 44 45 46 47 49 50 51 52 53 54 55 58 59 60 61 62 63 64 65 67 68 69 70 71 72 73 74 75
1423 14 20 21 22 23 24 25 27 29 30 31 33 34 36 37 38 39 40 41 42 43 44 46 48 49 50 51 52 53 55 56 57 58 59 60 63 64 65 68 69 71 72 73 74 75
690 15 16 17 18 20 21 23 24 25 26 28 29 30 31 32 33 34 35 36 37 38 40 41 42 43 44 45 46 47 48 50 51 52 54 56 57 58 59 60 61 62 63 64 65 66 67 68 70 71 72 73
1082 16 17 18 19 20 22 23 25 26 27 28 32 33 34 35 36 37 39 40 42 43 44 47 48 49 50 51 52 53 54 55 56 57 58 60 62 63 64 65 66 67 68 69 70 71 72 73 75
875 17 18 19 22 23 24 26 27 28 29 30 31 33 34 36 37 39 40 41 42 43 44 45 48 49 51 52 53 54 56 57 58 60 61 62 63 64 65 66 67 68 69 70 71 72 73 74 75
1033 18 19 20 21 22 23 25 26 27 29 31 32 33 34 36 37 39 40 41 42 43 44 45 46 48 49 50 51 52 53 54 55 56 57 59 60 64 65 66 67 68 70 71 72 73 75
672 19 21 23 24 25 26 27 28 29 30 31 32 33 34 35 36 37 38 40 41 42 43 44 45 46 47 48 51 54 55 56 57 58 60 61 62 63 64 65 66 68 71 72 73 74
1031 20 22 24 25 27 28 32 34 35 36 37 38 39 40 41 42 44 45 46 47 48 49 50 51 52 53 54 55 56 57 58 59 60 62 63 64 65 66 67 69 70 71 72 73 75
596 21 23 24 25 26 28 29 30 31 34 35 36 40 41 42 43 44 45 47 49 50 51 52 53 54 55 56 57 60 61 62 63 64 65 66 69 70 71 72 73 74
1105 22 24 25 26 27 28 29 30 31 32 33 34 36 37 38 39 40 41 42 43 44 45 46 47 48 50 51 52 53 54 55 57 59 60 61 62 63 64 65 66 69 70 71 72 73 74 75
1492 23 24 26 27 28 29 30 31 32 33 37 38 39 40 43 44 45 46 47 48 49 50 51 52 53 56 57 58 60 62 63 64 65 66 68 69 70 71 73 74 75
1282 24 25 26 27 28 29 30 32 33 34 36 37 38 40 41 42 43 45 46 47 48 49 50 51 52 53 54 55 56 57 58 59 61 62 63 66 67 68 69 71 73 75
853 25 27 28 29 30 31 33 34 36 37 38 40 41 42 44 45 46 47 48 49 50 51 53 55 57 58 59 60 62 63 65 66 67 69 71 73 74 75
1193 27 28 29 30 31 32 34 35 36 37 38 40 42 43 44 46 47 49 50 51 53 54 56 57 58 59 60 61 62 63 64 65 66 67 69 70 71 72 74 75
1279 27 28 29 30 31 32 34 35 37 38 40 41 42 43 44 46 50 51 52 53 54 55 58 59 60 61 63 64 67 68 69 72 74 75
810 28 29 30 31 32 33 34 35 36 37 39 40 42 44 46 47 48 49 51 52 53 54 55 56 57 58 59 61 62 63 65 66 67 68 69 70 73 74 75
1261 29 30 31 34 35 36 38 39 40 41 43 44 45 47 49 50 51 52 53 54 55 56 57 58 59 60 61 63 64 65 67 69 70 71 72 73 74 75
1052 31 33 34 35 36 39 40 41 42 44 45 47 48 49 50 52 53 55 56 57 58 59 60 61 62 63 64 67 68 69 70 71 72 74 75
1448 32 33 34 36 37 38 39 40 42 44 47 49 50 51 52 53 54 55 56 57 58 59 60 61 62 63 64 65 66 67 68 70 71 72 73 74 75
623 32 34 35 37 38 40 41 42 45 46 47 49 50 51 52 53 54 56 57 58 59 61 62 63 64 66 67 68 69 70 73 74
1101 33 34 35 36 37 38 39 40 41 42 43 44 45 46 48 49 50 51 53 54 55 57 58 60 62 63 65 66 67 68 69 70 71 72 75
1175 35 36 37 38 40 41 43 44 45 46 48 49 50 52 53 55 56 57 58 59 60 61 64 65 66 68 70 71 72 73
531 35 36 37 38 40 42 43 44 45 46 50 51 52 54 55 56 57 59 62 63 64 65 66 67 68 71 72 74 75
1417 36 37 38 39 40 41 42 43 44 45 46 48 49 50 51 52 53 54 55 56 57 58 59 60 61 63 64 65 66 67 68 69 71 72 73 74 75
588 37 39 41 43 44 45 47 48 49 50 51 52 53 54 56 57 58 59 60 61 62 63 64 65 66 67 72 73 74 75
1475 38 41 42 43 44 45 46 47 48 50 51 54 57 58 59 61 62 63 64 65 66 67 68 69 70 71 72 73 74 75
1083 39 40 41 43 44 45 46 47 48 49 50 51 52 53 55 57 58 60 61 62 63 64 65 66 67 68 69 72 73 74 75
1307 40 41 42 43 44 47 50 51 52 53 54 55 56 57 59 60 61 63 64 66 70 71 72 73 74 75
943 41 42 43 44 45 46 47 48 49 50 51 53 55 56 57 58 59 60 61 62 65 66 67 68 69 70 71 72 73 74 75
1202 44 45 46 47 48 50 51 52 54 55 56 57 58 59 60 61 63 64 65 66 67 69 70 71 72 73 74 75
1243 43 44 45 46 47 48 49 52 53 55 56 58 59 60 61 64 65 66 68 69 71 73 74 75
1019 46 48 49 52 54 55 56 57 59 60 62 63 64 66 67 68 69 70 72 73 75
924 45 46 47 48 49 50 51 52 53 54 55 56 57 58 59 65 67 69 70 71 72 73 74 75
879 46 47 48 49 50 51 52 53 54 55 56 57 58 60 61 62 63 64 66 67 69 70 71 72 73 75
1026 47 48 49 50 51 52 53 54 55 56 57 58 59 60 61 62 63 64 65 66 67 68 70 71 72 73 74
1472 48 50 52 53 54 55 56 57 59 60 61 62 63 65 66 67 69 72 73 74
983 49 50 51 52 53 54 55 56 57 58 60 61 62 63 64 65 66 67 68 69 70 71 72 74 75
529 50 51 52 53 54 55 56 58 60 61 63 64 65 67 68 69 72 73 74 75
772 51 52 54 56 57 58 59 61 62 64 65 66 67 68 69 70 71 72 73 74
1461 53 54 56 57 58 59 60 61 62 63 64 66 67 68 69 70 71 72 73 75
1066 53 54 55 56 59 60 61 62 64 65 66 67 68 69 72 73 75
1475 54 55 57 58 59 60 61 62 63 64 65 66 67 68 69 70 71 72 73 74 75
1366 58 59 60 61 62 63 64 65 66 67 68 69 70 71 72 73 74 75
1179 56 58 59 60 61 62 63 64 65 66 68 70 71 73 74 75
1250 58 61 63 64 65 66 67 69 70 71 72 73 74
1431 58 59 61 62 63 64 65 66 68 69 70 72 73 74 75
509 60 61 63 64 65 66 67 68 69 70 71 75
1444 61 63 64 65 66 67 69 70 71 72 73 74 75
1458 62 63 64 65 67 68 69 71 72 73
902 63 64 65 66 67 71 73 74 75
1403 63 64 65 68 69 70 71 72 73 74 75
610 64 65 67 68 71 75
732 67 68 69 70 71 72 73 74 75
737 66 67 68 69 70 71 72 73 74 75
1123 67 68 71 72 73 74 75
1328 69 73 74 75
710 69 70 71 72 73 74 75
704 70 72 73 75
923 72 73 74 75
1280 73 75
1373 75
1107 74
903 75
861
