25	5	200	1
0	31	3
0	34	6
0	25	4
0	32	3
0	34	9
4 2 3 4 5 6 8 10 11 12 13 14 15 16 17 18 19 20 21 22 23
13 5 6 7 8 9 10 11 12 13 14 15 16 17 18 20 21 22 23 24
2 5 6 7 8 10 11 12 14 15 16 17 18 19 20 21 22 23 24 25
11 5 6 7 8 10 11 12 13 14 15 16 17 18 21 22 23 24
19 6 7 9 11 12 13 14 15 16 17 18 19 20 21 22 23 24 25
9 9 13 14 15 16 17 18 19 20 21 22 23
2 9 10 12 13 14 16 17 20 21 22 24 25
12 9 10 11 12 14 15 17 19 20 23 24 25
6 10 11 12 16 17 18 19 21 23 24 25
8 11 13 15 16 17 18 19 20 23 24 25
16 12 13 14 15 16 17 18 20 21 22 23 24 25
14 13 14 15 16 17 18 19 20 22 23 24 25
18 14 15 16 17 18 19 20 21 22 23 24 25
14 15 16 17 18 20 21 24 25
18 16 18 19 20 21 22 23 24 25
15 17 18 20 21 23 24 25
3 18 19 20 21 22 23 24 25
7 19 20 21 22 24 25
13 20 21 23 25
16 22 23 24
10 23 24 25
18 23 24
7 24 25
13 25
13
