75	5	200	1
0	13	14
0	15	15
0	13	9
0	2	19
0	19	18
38 2 4 5 8 10 11 12 14 17 18 19 21 22 23 24 25 26 27 28 29 30 31 33 34 35 36 38 39 40 41 42 43 44 45 46 47 48 50 51 52 53 55 57 59 61 62 64 66 67 68 70 71 72 73 74 75
45 3 5 6 7 9 11 13 14 16 17 18 19 21 22 23 24 25 26 28 29 30 31 32 33 35 37 39 40 41 42 43 45 46 48 49 51 52 54 55 56 57 58 59 61 62 63 64 65 68 69 70 71 72 73 75
52 6 7 8 9 10 11 12 13 14 17 18 19 20 22 24 25 26 27 28 29 31 32 33 34 35 36 37 38 39 40 43 44 46 47 48 49 50 51 53 54 55 57 58 59 61 62 63 64 65 66 67 68 69 70 71 73 74 75
58 6 7 8 9 10 11 12 13 14 15 16 18 20 21 22 23 24 25 26 28 29 30 31 32 33 34 36 37 38 39 40 41 42 43 44 46 47 49 50 51 52 53 54 55 57 58 59 60 61 62 64 65 66 67 68 69 72 73 74 75
30 6 7 8 9 10 11 12 13 14 15 16 17 18 20 21 22 23 25 26 27 28 30 31 32 33 34 35 37 38 39 40 41 42 43 44 45 46 47 48 49 51 52 53 54 56 58 59 60 61 62 63 64 65 66 68 69 70 71 72 73 75
46 7 8 9 11 12 13 15 16 19 20 21 22 23 24 25 26 27 28 29 31 32 33 35 36 37 38 39 40 41 42 43 44 45 46 48 49 50 51 52 53 54 55 56 58 59 60 61 62 63 64 65 66 67 68 69 70 71 72 75
43 8 9 10 11 12 14 16 17 18 19 20 21 22 23 24 27 28 29 30 31 33 34 35 36 38 39 42 43 44 45 47 48 50 51 53 54 55 57 58 59 60 61 62 63 65 66 67 69 70 71 72 73 74 75
35 9 10 11 12 13 14 15 16 18 19 20 21 22 23 24 25 26 27 28 29 30 31 32 34 36 37 38 39 40 42 43 44 45 46 48 50 51 52 53 54 55 56 57 58 59 60 61 62 63 64 65 67 68 69 71 72 73 74 75
45 10 11 14 16 18 19 20 21 22 23 24 25 27 28 29 30 31 33 34 35 36 37 38 39 40 41 42 44 45 46 47 48 49 51 52 53 54 55 56 58 59 61 62 63 64 66 68 69 70 71 72 73 74 75
45 11 12 13 14 15 16 17 18 21 23 24 25 26 28 29 31 32 33 34 36 37 38 39 40 41 42 43 44 45 46 47 48 50 51 52 55 56 58 59 60 61 62 64 65 67 69 70 71 73 74 75
39 12 13 15 16 18 19 20 21 22 23 24 25 27 28 29 30 31 32 33 34 35 37 38 39 40 41 43 44 45 46 47 50 51 52 53 54 55 56 57 59 60 61 63 64 65 68 70 71 72 73 74 75
54 13 14 15 16 17 18 19 20 21 22 25 26 27 32 33 35 36 37 38 39 40 42 43 44 45 46 47 48 49 50 51 52 54 55 56 57 58 60 61 62 63 64 65 67 68 69 70 71 72 73 74 75
42 14 15 16 18 19 21 22 23 24 26 27 28 29 30 32 33 34 35 36 38 39 40 42 43 44 45 46 47 48 49 50 52 53 56 58 60 61 63 64 65 66 67 68 69 71 72 73 74 75
45 15 16 17 18 19 22 27 29 31 32 33 34 35 37 38 39 40 42 43 44 45 46 47 48 49 50 51 52 53 54 55 56 57 58 59 60 61 62 64 66 67 69 70 73 74
48 16 19 20 22 24 26 28 29 30 32 33 34 35 36 37 38 39 40 41 42 43 44 45 46 47 48 49 50 51 52 53 55 56 57 58 59 60 61 62 63 64 65 68 69 70 71 73 74 75
33 17 18 19 20 21 22 23 24 25 27 29 30 31 32 33 34 35 36 38 39 40 41 42 44 45 47 48 49 50 53 55 56 57 59 60 61 64 66 67 69 70 71 74 75
48 18 20 21 22 23 24 25 26 28 30 31 32 33 34 35 36 37 38 41 43 45 46 47 48 49 50 51 53 54 55 56 57 59 60 63 64 65 66 67 68 70 71 72 73 74 75
43 19 20 21 22 23 25 26 27 28 29 30 32 33 34 37 38 39 40 41 42 44 46 47 48 49 50 51 52 53 54 55 57 58 59 60 61 64 66 67 68 71 72 73 74
54 20 22 23 24 25 26 27 30 31 32 33 35 36 39 41 42 43 44 45 46 47 48 49 51 52 53 54 56 57 58 59 60 61 62 63 64 65 66 67 68 70 71 72 73 75
41 21 22 24 25 26 27 28 29 30 31 32 33 34 35 36 37 38 39 40 41 42 43 44 45 46 47 48 49 53 54 55 56 57 58 59 60 61 62 63 64 66 67 68 69 70 72 73 74 75
51 22 23 26 27 28 29 30 31 32 33 34 35 38 39 40 41 42 44 45 46 47 48 49 51 52 53 54 55 56 57 58 59 60 64 65 68 69 70 71 72 73 74 75
54 23 26 28 29 30 31 32 33 34 35 36 37 38 40 41 43 44 46 47 48 49 50 51 53 54 55 56 58 59 60 62 63 64 66 67 68 69 70 71 72 73 74
39 24 25 26 27 28 30 31 32 33 34 35 36 37 39 40 45 46 48 49 50 51 52 54 55 56 57 58 59 61 62 63 65 66 67 68 69 70 71 73 74 75
53 25 26 27 28 29 31 32 33 34 35 36 37 38 39 40 41 42 44 46 47 48 49 50 51 52 53 54 55 58 59 60 61 62 63 64 65 66 67 68 69 70 71 72 73 74 75
41 27 28 29 30 31 32 33 34 35 36 37 38 39 41 43 44 45 46 48 49 50 51 52 53 54 55 56 57 58 59 60 61 62 63 64 66 68 69 70 71 72 73 74 75
46 28 29 31 33 34 35 36 37 38 39 40 41 42 43 44 45 48 49 50 51 52 53 54 55 59 60 61 62 64 65 66 67 68 69 70 71 72 73 75
35 28 29 30 31 32 33 34 35 38 39 41 44 45 46 47 49 50 51 53 54 55 57 58 60 61 62 63 64 65 66 67 68 70 71 72 73 74 75
47 29 30 31 33 34 35 36 37 38 39 40 42 43 44 45 46 49 50 51 52 53 55 56 59 60 61 62 63 65 66 67 68 69 71 72 74 75
46 30 31 32 33 34 38 39 40 41 42 43 45 46 47 48 49 51 53 54 55 56 57 58 59 60 61 62 63 65 66 67 68 69 70 71 72 73 74
30 31 32 33 34 36 37 39 42 44 45 46 47 49 50 51 52 53 54 55 56 57 58 60 61 62 63 64 65 66 67 68 69 70 71 72 73 74 75
59 32 33 34 35 37 39 40 41 42 43 46 49 52 53 54 55 56 57 58 60 61 63 65 66 67 68 69 70 71 72 73 74 75
33 33 34 35 37 38 39 40 41 42 44 45 46 47 48 49 50 51 52 53 54 56 57 59 60 61 65 66 68 69 70 72 73 74
58 34 35 36 37 39 41 42 43 44 45 46 47 48 49 50 51 52 53 54 55 56 57 60 61 63 65 66 67 68 69 70 73 74 75
48 35 37 38 39 40 41 42 44 45 46 47 48 49 50 52 53 54 55 56 57 60 61 64 65 66 67 68 70 71 72 73
32 37 38 39 40 41 42 43 44 45 46 47 48 49 50 51 52 53 54 55 56 57 58 60 61 62 63 64 65 66 67 68 70 71 72 73 74
60 37 39 42 43 44 45 46 47 48 49 50 51 52 53 55 58 59 60 62 63 65 66 67 68 69 70 71 72 73 74
51 38 39 40 41 42 43 44 46 47 49 50 51 54 55 56 57 58 59 60 61 62 63 65 66 67 68 69 70 71 73 74
48 39 41 43 44 45 46 47 48 49 50 52 54 55 56 57 58 61 62 64 66 67 68 69 70 71 72 74
45 41 42 43 45 46 47 49 50 53 55 59 60 61 63 66 67 71 72 73 74 75
55 41 42 43 44 45 46 47 49 50 51 53 54 56 57 58 59 60 61 62 63 64 65 66 67 68 69 70 71 72 73 74 75
30 42 43 44 45 46 47 48 49 50 52 53 54 55 56 57 58 59 60 61 62 63 64 66 67 68 69 70 71 72 73 74 75
43 44 45 46 47 49 50 51 52 53 54 55 56 57 59 60 61 62 63 64 65 66 69 70 71 72 74 75
38 44 45 47 49 51 52 53 54 55 56 57 58 59 61 62 64 65 66 67 68 69 71 73 74 75
51 45 46 47 49 51 52 53 54 55 56 57 58 59 60 61 64 65 66 67 69 70 72 75
60 46 47 49 50 52 53 55 57 59 60 62 64 65 66 67 68 69 70 71 72 74 75
47 47 48 49 50 51 52 54 55 56 57 58 59 60 62 63 64 65 66 67 68 69 71 72 73 74 75
60 48 49 50 51 53 54 55 56 58 59 60 61 62 63 65 66 68 69 72 73 74 75
46 49 51 52 54 55 56 60 61 62 63 64 65 67 68 70 71 73 74 75
57 50 51 52 53 54 55 58 59 60 61 62 63 66 67 68 70 71 72 74 75
43 51 52 53 54 56 57 59 60 61 62 63 65 66 67 69 70 71 72 73 75
51 52 54 55 56 57 58 61 62 63 64 65 66 67 68 69 70 72 74 75
41 53 55 56 57 58 59 60 61 62 63 64 65 66 67 68 69 70 71 72 73 74
53 54 56 57 59 60 61 62 63 64 65 66 67 68 69 70 71 72 74 75
46 56 57 58 60 61 62 63 64 66 68 69 70 71 73 74 75
59 56 57 59 60 61 62 63 65 66 67 68 69 70 71 72 73 74
60 57 58 60 61 62 64 65 66 67 68 69 70 71 72 73 75
56 61 62 63 64 65 66 68 69 70 71 73 74 75
54 59 60 61 62 63 65 66 67 68 70 71 72 73 74 75
30 60 61 62 63 64 65 66 67 68 69 70 71 72 73 75
59 61 62 63 64 65 66 67 68 69 70 71 73 74 75
59 63 64 65 66 67 69 71 72 73 75
42 63 65 66 67 68 69 70 72 73 74 75
57 64 65 67 68 69 70 73
58 65 66 67 68 69 70 71 72 73 74 75
33 66 67 68 70 71 72 74 75
48 67 68 69 70 71 74
42 68 70 72 73 74 75
37 69 71 72 73 74 75
37 70 71 72 73 74 75
41 71 72 73 74 75
49 75
55 73 75
36 75
36
43
