25	10	10000	1
0	303	2
0	895	2
0	671	2
0	395	2
0	221	6
0	118	2
0	882	2
0	377	3
0	144	2
0	612	2
1615 2 3 5 6 7 8 9 11 12 13 14 15 16 19 20 21 22 23 25
2836 3 4 7 9 11 12 14 15 16 17 18 19 20 21 22 23 25
2892 4 8 9 11 12 13 15 16 17 18 19 20 22 24
1788 5 6 8 9 10 11 12 13 14 17 18 21 22 23 24
1833 7 8 9 11 12 13 14 16 17 18 19 20 21 22 24 25
1777 7 8 9 10 11 12 14 15 16 17 18 19 20 21 22 23 24
1965 8 9 10 11 13 14 15 16 17 18 19 20 21 22 23 24 25
1570 10 11 12 14 15 17 18 19 21 22 23 24 25
2479 10 11 12 14 15 16 17 18 19 20 22 23
2181 12 15 16 17 18 19 20 21 22 23 24 25
2407 12 13 15 16 17 18 21 23 24 25
2485 13 16 17 18 19 20 21 22 23 24 25
2920 14 15 16 20 21 23 24 25
2413 15 16 17 18 19 20 21 24 25
2317 16 17 20 22 23 24 25
1762 18 19 20 21 22 23 25
1687 19 20 21 22 23 24
1604 19 21 22 23 24 25
2267 21 22 23 24
2445 21 22 23 25
1849 23 24 25
2687 23 24 25
2710 24 25
1920 25
2794
