50	10	1000	10
-2	68	7
-5	44	3
-1	94	3
-3	80	9
-1	87	4
-4	10	2
-4	59	7
-4	75	6
-4	26	6
-2	76	3
59 2 5 6 7 8 9 10 12 13 14 15 16 17 18 19 20 21 22 23 24 25 28 29 30 31 33 34 36 37 38 39 41 43 44 45 46 47 48 49 50
99 3 4 5 6 7 8 9 11 12 13 14 15 16 17 18 19 20 21 22 23 24 25 26 27 28 29 31 32 33 34 35 36 37 38 40 41 42 43 44 46 47 48 49 50
12 4 5 9 11 14 15 16 17 19 20 22 23 24 25 26 28 29 30 31 32 33 34 35 36 37 38 41 42 43 44 45 46 47 48 49 50
93 6 7 10 13 14 15 16 17 18 19 21 24 27 30 32 33 34 35 36 37 38 39 40 41 42 44 45 46 47 49
77 7 8 9 10 12 13 14 15 16 17 20 21 23 25 27 28 29 30 31 33 34 35 36 37 38 39 40 42 43 44 45 46 47 48 50
71 7 8 9 12 13 14 15 16 18 19 21 22 23 24 25 26 27 28 29 30 31 33 34 36 37 39 40 41 42 43 45 46 48 49 50
35 8 9 10 11 13 15 16 17 19 20 21 22 23 24 25 26 29 30 31 33 36 38 39 40 41 42 43 44 46 47 48 49 50
72 9 11 12 13 14 16 18 19 20 21 22 23 24 25 26 27 28 29 30 31 32 33 34 35 36 37 38 39 40 42 43 44 45 46 47 48 49 50
50 10 12 13 14 15 16 17 18 19 20 21 22 23 24 25 26 28 29 30 32 33 34 36 37 38 39 40 41 42 43 44 45 47 50
33 11 12 13 14 15 16 17 19 20 22 23 24 25 26 27 28 29 30 31 33 34 36 37 39 40 42 43 45 46 47 48 49 50
56 13 14 15 16 17 18 20 21 22 23 24 26 27 31 32 33 34 35 36 37 38 40 41 42 44 45 46 48 49 50
76 13 14 15 17 18 19 20 21 22 23 24 25 26 27 28 29 30 31 32 33 34 35 36 37 38 39 40 41 42 43 44 45 46 48 49 50
31 14 15 16 17 18 20 21 23 25 26 27 29 31 32 33 34 36 37 39 40 42 43 44 46 48 49 50
85 16 17 18 19 21 22 23 24 25 26 28 29 30 31 32 33 34 36 38 39 40 41 42 43 44 45 48 49 50
64 16 18 19 20 21 22 23 25 26 27 28 32 34 35 36 38 39 41 44 46 47 48 49 50
66 17 19 20 22 23 24 25 26 27 29 30 31 32 33 35 36 38 39 40 41 43 44 46 47 48 49 50
54 19 20 21 22 23 24 25 26 27 29 30 31 32 33 34 35 37 38 40 41 43 44 45 46 47 48 50
96 20 21 22 23 24 25 26 27 29 30 32 33 34 36 37 38 40 41 42 44 46 47 50
68 20 21 22 24 25 26 27 28 30 31 32 33 34 35 36 37 40 41 42 43 44 45 46 47 48 49 50
48 21 22 23 24 25 26 27 28 29 30 34 35 37 38 41 44 46 47 49 50
61 22 25 27 28 29 30 31 32 33 34 35 36 37 38 39 42 44 45 46 47 48 50
61 23 24 25 26 27 28 29 31 32 33 34 35 37 38 39 40 41 42 43 44 46 47 48 50
12 24 25 27 28 29 30 31 32 34 36 40 41 43 44 45 46 48 49 50
25 25 26 27 28 29 30 31 32 33 35 36 37 38 39 40 41 42 43 45 49 50
85 26 27 28 29 30 31 32 33 34 35 36 37 38 39 40 42 43 44 47 48 49 50
100 27 28 29 30 31 32 33 34 35 36 37 38 39 41 45 46 47 48 49 50
74 28 29 30 31 32 34 35 36 39 40 41 42 43 44 45 46 47 48 49 50
21 29 30 33 34 36 38 39 40 42 43 44 46 47 48 49 50
87 30 32 33 34 35 36 37 39 42 43 44 46 48 50
97 31 34 35 36 37 38 39 40 41 42 43 44 45 46 47 48 49
81 32 33 34 35 37 38 40 41 42 43 44 45 46 47 48 49 50
74 33 34 35 36 38 40 43 44 45 46 47 49 50
85 35 36 37 38 39 40 42 45 46 47 48
95 36 37 38 39 41 42 43 45 46 48 49 50
57 36 37 38 39 40 41 43 44 45 46 47 48 49 50
44 37 38 40 41 43 44 45 46 47 49 50
80 39 42 44 45 46 47 48 49 50
74 39 41 42 43 44 47 48 49
94 40 42 43 44 46 47 48 49
13 41 42 43 45 46 47 48 49 50
15 43 46 48 49 50
11 43 46 47 48 49 50
99 44 45 46 47 48 49
23 45 46 47 48 49 50
39 46 47 48 49
80 47 48 49 50
54 49 50
85
60 50
55
