50	5	200	10
-5	18	8
-4	10	11
-5	18	10
-3	9	9
-4	8	12
19 2 3 5 6 7 8 9 11 12 13 14 15 16 17 18 19 20 21 23 24 25 26 27 29 30 31 32 33 35 36 37 38 39 40 41 42 44 46 47 48
18 3 4 5 6 7 8 10 11 12 13 14 15 17 18 19 20 21 22 23 25 26 27 28 29 31 32 33 34 35 36 37 38 42 43 45 46 48 49 50
27 5 6 7 8 9 10 11 12 13 14 15 16 17 18 19 22 23 24 25 26 29 30 31 32 33 34 35 36 37 39 41 44 45 49
30 5 6 7 8 9 10 11 12 13 14 15 16 18 19 20 21 22 23 24 26 28 31 32 33 34 35 37 38 39 40 41 42 43 44 45 46 47 49 50
20 6 7 8 9 11 12 13 18 19 21 23 25 26 27 30 31 32 33 34 36 37 38 40 42 43 46 48 49 50
24 7 9 10 11 12 13 16 17 18 19 20 21 22 23 24 27 30 31 33 34 36 37 39 40 41 43 44 45 47 48 49
12 9 10 13 14 16 18 19 20 21 24 25 26 27 29 30 31 32 34 35 36 37 38 39 40 41 42 43 44 45 46 47 48 49 50
11 9 10 11 12 13 14 15 16 17 18 19 20 22 23 24 25 26 27 30 31 32 34 35 36 37 39 40 41 42 43 44 45 47 48 50
28 10 11 12 13 14 16 17 18 19 20 21 22 24 28 30 31 32 33 36 37 38 39 40 42 43 44 45 46 48
26 11 12 14 15 16 17 18 19 20 21 22 23 24 26 27 28 29 31 32 33 34 35 36 37 38 39 40 43 44 45 46 47 48 49 50
19 12 13 15 16 17 20 21 23 24 25 27 28 29 31 32 33 36 37 39 40 42 43 44 45 46 48 49 50
29 13 14 15 16 17 18 20 21 22 23 24 25 26 27 28 29 30 31 32 33 34 35 36 37 38 41 44 46 49
29 15 18 19 20 21 22 26 28 30 31 32 33 34 35 36 37 39 40 41 42 43 44 45 46 47 48 49 50
20 15 16 17 18 19 21 22 23 24 25 26 27 28 29 30 31 32 33 35 36 37 38 40 41 42 43 44 45 46 47 49 50
17 16 17 18 19 20 21 22 23 25 26 27 28 29 32 34 35 37 38 39 40 41 42 43 44 45 46 47 48 49 50
28 17 18 19 20 21 22 23 24 25 26 28 29 31 32 33 34 35 36 38 39 41 43 44 45 46 49
19 18 19 20 21 22 23 26 27 28 29 30 31 33 34 35 36 37 38 39 41 42 43 44 45 47 49 50
16 19 21 22 23 25 26 27 28 29 31 32 33 34 35 36 37 38 39 40 41 43 46 47 48 50
14 23 24 26 28 29 30 31 33 34 35 36 37 38 41 42 43 44 46 47 49 50
11 21 22 23 25 27 28 29 30 31 33 34 35 36 37 39 40 41 42 43 44 45 47 48 49
22 22 23 25 28 29 30 31 32 33 34 35 37 38 39 40 42 43 44 47 48 49 50
25 23 24 25 26 27 28 29 30 31 32 33 34 35 36 38 40 41 42 43 44 45 46 47 49
12 25 26 27 28 30 31 32 33 34 35 36 37 38 42 44 45 46 47 48 50
13 25 26 28 29 30 31 32 33 35 36 37 38 39 40 42 43 44 45 47 49 50
23 26 28 30 32 33 35 36 37 38 39 40 41 42 43 44 45 47 48 49 50
12 29 30 31 32 33 35 36 37 38 39 40 42 43 44 46 47 48 49 50
13 28 29 30 31 32 34 35 36 37 38 40 41 42 43 45 47 48 49 50
27 29 31 32 34 35 36 37 38 39 40 41 44 45 46 48 49
22 30 31 33 34 35 37 38 39 41 42 44 45 46 47 48 49 50
22 31 32 33 34 35 36 37 38 39 41 42 43 44 45 46 47 50
26 32 33 35 36 37 38 39 40 41 43 44 45 46 48 49 50
27 33 34 35 36 37 38 40 41 42 44 45 46 48 49 50
12 34 35 36 37 38 39 40 41 42 43 44 45 46 47 48 49
29 38 39 40 41 42 43 45 46 47 48
26 37 39 40 42 44 45 46 47 48 49
19 37 39 40 41 42 43 46 47 48 49
18 38 40 41 43 44 46 47 49 50
27 39 40 41 42 44 45 46 47 50
13 40 41 42 43 44 46 48 49
18 42 43 44 46 47 48 49 50
25 43 44 47 49 50
24 43 44 45 48 49 50
16 44 45 46 47 50
14 45 46 47
13 46 47 48 49 50
20 47 48 49 50
16 49
27 49 50
12 50
11
