50	10	1000	1
0	85	8
0	84	4
0	60	2
0	92	7
0	31	2
0	31	3
0	74	6
0	39	8
0	11	7
0	35	3
147 2 3 5 6 7 8 9 10 11 13 14 15 16 17 18 19 20 21 22 23 24 26 28 29 31 32 34 35 36 37 39 40 41 42 43 44 46 47 48 49
90 3 4 5 6 7 8 9 10 11 12 13 14 15 17 19 20 21 22 23 25 26 27 28 29 30 31 34 35 36 37 38 39 40 41 42 43 44 45 46 48 50
52 6 7 8 10 11 12 15 17 18 19 21 22 23 25 26 27 28 29 30 31 32 33 34 35 37 38 39 40 41 44 45 47 48
104 5 6 7 8 10 11 12 14 15 16 17 18 19 21 23 25 26 28 29 30 31 32 34 36 37 38 39 40 41 42 43 44 46 47 48 49 50
87 6 7 8 9 10 11 12 13 14 15 17 19 21 22 23 26 27 29 30 31 32 33 34 35 36 37 38 39 40 42 43 44 45 46 47 49 50
125 9 10 11 12 13 15 17 18 19 20 21 22 23 24 25 27 28 29 30 31 32 33 34 35 37 38 40 41 42 43 44 46 47 48 50
143 8 9 10 11 12 13 14 15 16 17 18 19 22 23 24 25 28 30 31 32 33 34 36 37 38 39 40 41 42 43 44 45 46 47 48 49 50
110 9 11 12 13 14 15 17 18 20 21 22 23 24 25 26 27 29 30 31 32 33 34 35 37 38 39 40 42 46 47 50
147 10 11 12 15 16 17 18 21 22 23 24 25 27 30 31 32 33 34 35 36 38 39 42 43 44 45 46 47 48 49 50
82 12 13 14 18 20 21 22 23 24 25 28 29 30 31 32 33 34 35 36 37 38 40 41 42 43 45 46 48 50
125 12 13 14 15 16 17 18 19 20 21 23 25 26 27 29 30 31 32 33 34 36 37 38 39 40 41 43 44 45 46 48 49 50
132 13 14 15 16 17 18 20 21 22 23 25 26 27 28 29 31 32 33 36 38 39 41 42 43 45 46 47 48 49 50
103 14 15 17 18 19 22 25 26 28 32 33 35 36 37 38 39 40 42 46 47 49
63 16 18 19 20 21 22 23 24 25 26 27 29 30 31 32 33 34 37 38 39 40 41 42 43 44 45 46 47 49 50
150 16 17 18 19 20 23 24 25 26 27 28 29 30 31 32 33 34 36 37 39 41 42 43 45 46 48 49 50
84 17 18 20 21 22 23 24 26 27 28 30 31 32 34 35 36 37 38 39 40 41 42 44 45 46 47 48 49 50
137 18 19 20 21 22 23 24 25 27 29 30 31 32 33 34 35 37 38 40 41 42 43 48 49 50
117 20 21 23 24 26 28 29 30 31 33 34 36 37 38 39 40 42 43 44 47 48 49
79 20 22 23 24 25 26 28 32 33 35 36 37 38 39 42 43 44 45 46 47 48 49
135 21 22 23 24 25 26 27 28 29 30 31 32 33 34 35 36 37 38 39 40 41 42 43 44 45 46 47 48 49 50
111 22 25 26 27 29 30 31 33 34 35 36 37 38 39 40 41 43 44 46 47 49 50
73 23 24 25 26 28 29 30 31 32 34 36 37 38 41 42 44 45 46 48 49 50
88 24 25 27 29 30 33 34 35 36 37 38 40 43 44 45 47 48 49
79 25 26 27 29 30 31 32 33 34 35 36 37 38 39 40 41 42 43 44 45 46 47 48 49 50
65 26 27 30 31 32 33 34 37 38 40 41 42 43 45 46 47 48 49
139 27 28 29 30 31 32 33 34 35 36 37 38 39 41 42 43 44 45 46 47 48 49 50
110 28 29 30 32 33 35 36 37 38 39 41 42 43 44 46 47 48
53 29 30 31 33 34 35 36 38 39 40 41 42 43 45 47 49 50
51 30 31 32 33 34 35 36 37 38 39 40 41 42 44 45 46 47 49 50
114 31 32 33 34 35 36 37 38 39 42 43 44 45 46 47 49 50
145 32 33 34 35 36 38 39 40 41 42 43 44 45 46 47 49
116 33 34 35 36 37 38 39 40 41 42 43 44 46 48 50
113 36 38 40 41 42 43 45 46 47 48 49 50
62 35 36 37 38 39 42 43 47 48 49 50
139 36 37 38 39 41 43 44 46 47 48 50
147 37 38 39 40 41 44 45 46 47 48 50
147 38 39 41 42 43 44 47 48 49 50
125 39 40 42 45 46 47 48 49 50
61 40 41 43 44 46 48 49 50
97 41 42 44 45 48 49 50
133 42 43 44 45 46 49
113 43 44 45 46 47 48 49 50
103 44 45 47 48 49 50
142 45 46 48 50
104 46 47 48 49 50
96 47 48 49 50
134 48 49
67 50
105 50
89
