100	5	1000	10
-4	63	23
-4	93	18
-1	20	26
-3	10	18
-5	86	15
138 3 4 6 7 8 9 12 13 14 15 16 18 19 22 23 24 25 26 27 28 29 30 31 32 33 34 36 37 39 40 41 42 43 47 48 50 51 52 53 54 55 56 57 58 59 60 61 65 66 67 68 69 70 72 74 75 76 77 78 81 82 83 84 85 86 87 89 90 92 93 94 95 96 97 98 99 100
179 3 6 8 9 10 12 13 14 15 16 18 20 22 23 24 25 27 28 29 31 32 33 34 35 36 37 38 39 40 41 44 45 47 48 49 50 52 53 54 56 57 58 60 61 62 63 64 65 66 67 68 69 71 72 73 74 78 80 81 82 83 84 85 87 88 89 90 92 93 94 95 96 98
191 4 5 6 7 8 10 11 12 13 14 15 16 17 18 19 20 21 22 23 24 25 27 29 30 32 33 34 35 36 37 38 39 40 41 42 43 44 45 47 49 50 51 52 53 54 55 57 58 59 60 61 62 63 64 65 66 68 69 70 71 72 73 74 75 77 78 81 82 83 84 85 86 87 88 89 90 92 94 95 96 97 98 99 100
214 5 7 9 10 11 12 13 14 15 17 18 20 21 22 23 24 25 27 28 29 30 31 32 33 35 37 38 40 41 42 44 46 49 51 52 53 54 55 56 57 58 59 60 61 62 64 66 67 68 70 71 72 73 74 75 77 78 80 81 83 84 85 86 87 89 92 93 94 95 97 99
262 6 7 8 10 11 12 13 14 15 16 17 19 20 21 22 25 26 27 28 30 31 32 34 35 36 37 38 39 40 41 42 45 46 48 49 50 51 52 53 54 55 56 57 59 60 61 62 63 64 65 66 68 69 70 71 72 74 75 79 81 83 85 86 87 88 89 90 92 93 94 95 96 97 98 99 100
173 8 10 12 13 14 15 17 18 19 20 21 22 23 24 25 26 27 29 30 31 32 33 34 35 36 37 38 39 41 42 43 44 45 48 49 50 51 52 55 57 58 59 61 62 63 64 65 66 67 68 69 72 73 75 76 77 79 80 81 82 84 85 86 88 89 90 91 92 93 94 95 96 97 99 100
164 8 9 10 11 12 13 15 16 17 18 19 20 23 24 25 27 28 29 30 32 33 34 35 36 37 38 39 40 41 43 45 46 47 48 49 50 52 53 54 57 58 59 60 61 62 63 64 65 66 68 69 70 72 73 75 76 77 78 79 81 82 83 84 85 87 88 89 91 92 94 95 96 97 99
290 10 11 13 14 15 16 18 19 20 21 24 26 27 29 30 31 32 33 34 35 36 37 39 40 41 42 43 46 47 49 52 53 54 55 56 57 58 59 62 63 65 66 68 69 70 71 72 73 75 77 78 79 81 82 83 85 86 87 90 91 92 93 94 95 96 97 98 100
143 10 13 15 17 18 19 20 22 23 24 25 26 27 28 30 31 32 33 34 35 37 38 39 40 41 42 44 45 46 48 49 50 51 53 54 57 58 59 60 61 62 64 65 66 67 68 69 72 73 74 75 76 78 79 81 83 84 85 86 87 89 90 91 93 94 95 96 97 98 99 100
76 11 13 14 15 16 17 18 19 21 22 23 24 25 26 29 30 31 32 33 34 35 36 38 39 40 41 45 46 47 48 49 50 51 52 54 55 58 59 61 63 64 66 67 68 69 72 73 74 75 79 81 82 83 84 86 87 88 89 90 91 92 93 94 95 96 97 100
286 12 13 14 16 18 19 21 22 23 24 25 26 27 29 30 31 32 33 34 35 36 37 39 40 41 43 46 47 48 49 50 51 53 54 55 56 57 58 59 60 62 63 64 66 67 68 69 70 71 73 74 75 76 77 78 79 81 82 83 84 85 86 87 88 89 90 91 93 94 95 96 97 99 100
148 13 14 17 18 19 20 21 22 23 25 29 30 33 34 35 36 37 38 39 40 41 42 43 44 47 48 49 50 51 53 54 55 56 57 58 59 60 61 63 64 65 66 67 68 69 70 72 73 75 76 78 81 82 83 84 85 86 87 88 89 90 91 92 93 94 96 97 98 99
122 15 16 17 18 19 20 22 23 24 25 27 28 29 30 31 33 34 35 36 37 38 40 41 42 43 44 45 46 47 48 49 50 52 53 54 56 57 59 60 61 62 63 64 66 68 69 70 71 73 74 75 76 77 79 80 81 83 84 85 86 87 88 89 92 93 94 95 96 98 99
61 15 16 17 19 21 22 23 24 25 26 27 28 29 30 31 33 34 35 36 37 39 40 41 42 44 46 47 48 49 50 51 52 53 55 56 57 59 60 61 62 63 65 69 70 71 72 73 74 75 76 78 79 80 82 83 84 85 86 87 89 91 92 93 94 96 97 98 100
283 16 17 18 19 20 21 22 23 24 25 26 27 28 29 30 31 32 33 34 35 36 37 38 39 40 41 42 43 44 46 47 48 49 50 52 53 54 55 56 57 58 59 63 64 67 69 70 71 72 73 75 77 79 80 81 84 85 86 90 91 92 95 96 99 100
73 21 22 24 25 26 28 29 30 31 32 33 34 35 36 37 38 39 40 41 42 43 44 45 47 48 49 50 51 52 53 54 55 57 58 60 61 63 64 65 66 68 69 70 71 73 74 75 76 77 78 79 81 82 83 85 86 87 88 89 91 92 94 95 96 98 99
21 18 19 20 22 25 26 27 28 29 31 32 33 35 37 38 39 40 41 42 44 46 47 48 49 50 51 52 53 55 56 57 58 60 61 62 63 64 66 68 69 71 72 73 74 75 76 77 78 79 80 81 82 83 84 86 87 88 89 90 91 92 93 94 95 96 97 98 99
255 21 22 23 24 25 26 27 28 29 30 31 33 34 35 36 37 38 39 40 41 42 43 44 45 46 47 48 49 50 51 52 53 54 55 57 60 61 62 63 64 65 66 67 68 69 70 72 74 75 76 78 79 80 82 84 85 87 88 89 91 92 93 94 95 96 97 98 100
288 20 21 22 24 26 27 29 30 31 32 33 34 35 37 38 39 40 42 43 44 45 46 48 49 50 51 52 54 55 56 57 58 59 61 65 66 67 68 69 70 71 72 73 74 75 77 78 79 80 82 83 84 85 86 88 89 91 92 94 95 97 98 99 100
267 21 23 26 27 29 30 31 34 36 37 39 40 41 43 44 45 46 47 48 49 50 51 53 54 55 56 57 58 59 60 61 62 64 66 67 68 69 71 72 73 74 75 76 77 79 80 81 82 83 84 85 86 87 88 89 90 91 92 93 94 95 96 97 98 99 100
244 22 23 24 25 26 28 29 30 31 32 34 35 36 37 38 39 40 42 43 44 45 46 47 48 49 50 51 52 53 56 57 58 59 60 61 63 65 66 68 69 70 71 72 73 74 76 78 79 80 81 85 86 88 89 90 91 93 94 95 96 98 99 100
181 23 24 25 26 27 28 29 30 31 32 33 35 37 38 39 40 41 42 43 44 45 46 47 48 49 50 51 52 53 55 56 57 61 62 63 64 65 67 68 69 72 73 76 77 79 80 81 82 84 85 86 88 90 91 92 93 94 95 96 98 99 100
288 24 25 26 29 30 31 32 33 34 35 37 38 39 40 41 42 43 44 45 46 48 49 50 51 52 53 54 55 57 58 60 61 62 63 64 65 66 67 68 69 70 71 72 73 74 77 78 79 80 82 83 84 85 86 87 89 90 91 92 93 94 95 98 99 100
300 25 27 28 29 30 31 32 33 34 35 36 37 38 39 40 41 42 44 45 46 48 50 51 54 55 56 57 58 59 60 61 62 63 64 65 66 67 69 73 74 75 76 77 78 79 81 82 83 84 85 86 87 88 90 92 93 94 95 96 97 98 100
132 26 27 28 29 30 31 32 33 34 35 36 37 39 41 42 43 44 45 46 48 49 50 51 52 53 54 55 56 57 59 61 62 63 64 65 66 67 68 69 70 71 72 73 75 76 77 78 79 80 82 83 84 87 89 90 91 92 95 96 97 98 99 100
288 27 28 30 32 33 34 35 37 39 40 41 42 44 46 47 49 50 51 53 54 55 56 57 60 62 63 64 65 66 67 68 69 70 71 72 74 75 76 77 78 79 80 82 84 86 87 90 92 93 94 95 96 98 99 100
290 28 29 30 31 32 33 35 36 38 39 40 42 43 44 45 46 47 51 52 53 54 55 56 57 58 60 61 63 64 65 66 67 69 70 71 73 75 76 77 79 80 81 82 83 84 87 89 90 91 92 93
105 29 30 34 35 36 37 38 40 41 42 43 44 45 46 47 48 49 52 53 54 55 56 58 59 60 62 63 64 65 66 68 70 71 72 73 75 76 77 78 79 81 82 83 84 85 86 87 88 89 90 92 93 95 96 97 98 99 100
29 30 31 33 35 36 38 40 41 42 43 44 47 48 50 51 53 54 55 57 58 59 60 61 62 63 64 66 67 69 70 71 72 74 75 77 78 79 80 82 83 84 85 86 87 88 89 90 91 92 93 94 95 96 97 98 99 100
120 31 32 33 34 35 36 37 38 39 40 41 42 43 44 46 47 48 49 50 51 52 53 54 55 56 58 59 60 61 62 63 65 67 68 69 70 72 73 74 75 78 79 80 81 83 84 85 86 87 88 89 90 91 93 94 95 96 97 98 99 100
134 32 33 34 35 37 39 40 43 44 45 46 47 48 49 50 51 52 54 55 56 57 58 59 61 63 64 66 67 68 70 71 72 73 74 76 77 78 79 80 81 82 83 84 85 86 87 88 89 90 91 92 93 94 96 97 100
122 33 34 35 38 39 40 41 42 43 44 46 47 48 49 51 53 54 55 56 57 58 59 61 62 65 66 67 68 69 70 71 72 73 74 77 78 79 80 83 84 85 86 87 89 92 93 94 96 97 98 99
71 34 35 36 37 38 39 40 41 42 43 45 46 47 48 49 52 54 55 56 57 58 59 61 62 63 64 65 66 69 70 71 72 73 74 75 76 77 78 79 80 81 82 83 84 85 86 92 93 95 96 97 98 99 100
104 35 36 38 39 40 41 42 44 45 46 48 49 51 52 53 54 56 57 58 59 60 61 62 63 64 65 66 67 69 70 71 72 73 74 75 76 77 78 80 81 82 83 85 86 87 88 89 90 91 92 93 95 96 98
41 36 37 39 40 43 44 45 46 47 49 50 51 52 53 54 55 56 57 59 61 62 63 65 66 67 68 69 71 72 73 74 75 76 77 78 79 80 81 84 85 86 87 88 90 91 92 94 95 96 97 98 99 100
46 37 38 39 40 41 42 43 44 45 46 47 48 49 52 54 55 56 58 59 60 61 64 65 66 67 68 69 71 73 74 75 76 77 79 80 81 82 83 84 85 86 87 88 89 90 92 93 94 95 97 98 99
39 38 40 41 42 43 44 45 46 47 48 49 50 52 53 54 55 57 60 61 62 63 64 65 66 67 68 71 72 73 74 76 79 81 82 83 84 85 87 89 90 91 92 93 94 95 96 97 98 99 100
92 39 40 41 42 43 44 45 46 47 48 50 51 52 53 54 57 58 59 60 61 62 63 64 65 67 68 69 70 71 72 73 80 81 82 85 87 88 89 91 92 95 96 97 98 99
16 40 41 42 43 44 46 48 49 50 51 53 56 57 58 59 60 61 62 63 64 65 66 67 68 69 70 71 72 73 74 75 76 78 80 81 82 83 84 85 87 88 90 91 92 93 94 95 96 97 98 99 100
297 41 44 45 46 47 49 51 52 53 54 56 57 58 59 60 61 62 63 64 65 66 67 68 69 70 71 72 73 74 75 76 77 78 79 80 81 82 83 84 86 87 88 90 91 92 93 94 95 96 97 98 99 100
256 44 46 47 48 49 50 51 52 53 54 55 56 57 59 60 61 63 64 65 66 67 68 69 72 73 74 75 77 78 79 80 81 82 83 84 85 86 87 88 89 90 91 92 93 95 96 97
254 44 45 47 48 50 53 54 56 57 58 59 60 61 62 63 64 65 67 68 69 70 72 73 74 75 76 77 79 80 81 82 84 85 86 87 88 90 91 93 94 95 96 97 99 100
121 47 48 49 51 52 53 55 56 57 58 60 61 62 63 64 65 66 67 68 69 70 71 72 73 74 76 77 78 79 80 82 83 84 87 88 90 92 95 98
81 45 46 47 49 52 53 54 55 56 57 58 60 61 62 63 64 65 67 68 70 72 73 74 75 76 78 80 81 82 83 84 85 86 87 88 89 91 92 93 94 96 97 98 100
60 46 47 48 49 50 52 53 54 55 57 59 60 62 63 64 65 67 70 72 73 74 75 77 78 79 81 82 83 84 85 86 87 89 90 91 92 93 94 95 96 97 98 99 100
41 47 48 49 50 51 52 53 55 58 59 61 62 63 65 66 67 68 69 70 71 72 73 74 75 76 77 78 79 81 82 83 84 88 89 91 92 93 94 95 96 97 98 99 100
134 49 50 51 52 53 54 57 58 59 61 62 63 65 66 67 68 69 70 71 72 74 75 76 77 78 79 80 81 82 83 84 85 86 88 91 92 93 94 96 97 99 100
42 50 51 52 53 54 55 56 57 58 59 60 61 62 63 66 67 68 69 70 71 72 73 74 75 76 77 78 79 81 84 85 86 87 88 90 91 92 93 95 96 98 99
286 50 51 52 53 54 55 56 57 58 59 61 62 63 65 67 68 71 72 73 74 76 77 78 80 81 84 85 86 88 89 90 91 92 93 94 95 97 98 99 100
133 51 52 53 55 56 57 58 60 61 62 63 64 65 66 67 68 70 71 72 73 75 76 77 78 80 81 82 83 84 85 87 89 90 91 92 93 94 96 97 100
104 52 53 54 56 57 58 59 60 61 62 63 64 65 66 67 68 69 71 72 73 74 75 76 77 78 79 80 81 82 83 84 85 86 87 88 90 91 92 93 94 95 96 98 100
277 53 54 55 57 58 59 60 62 64 66 67 68 70 71 72 73 74 75 78 79 81 82 83 85 86 87 88 89 90 91 92 93 94 95 96 98 99 100
52 54 56 57 58 59 60 63 64 65 66 67 68 69 70 71 72 73 75 76 77 79 81 83 84 86 89 90 91 93 94 97 98 99 100
69 55 57 58 60 61 63 65 66 67 70 71 73 74 75 76 77 78 80 81 82 83 84 85 86 87 88 89 90 91 93 94 95 97 100
97 56 57 58 59 60 61 63 64 65 67 69 70 71 72 73 74 75 76 77 78 79 80 82 83 85 86 87 88 90 91 92 93 94 95 96 97 98 99 100
228 57 58 59 60 62 63 64 65 66 67 68 70 71 72 74 76 77 78 79 80 81 82 83 84 85 86 89 90 91 93 94 95 96 97 98 99
69 58 59 60 61 63 64 65 66 67 69 70 72 73 74 75 77 78 80 81 84 85 86 87 88 89 90 91 92 94 95 96 97 98 100
45 59 60 62 63 65 66 68 69 70 71 72 75 76 77 78 79 80 84 86 88 89 90 91 92 93 94 95 96 97 98 100
189 61 62 63 66 67 68 72 73 74 75 76 77 80 83 84 85 88 89 91 94 96 97 98 99 100
193 61 62 63 64 65 67 68 69 71 72 73 74 75 76 77 78 80 81 82 84 85 86 87 88 90 91 92 93 95 97 98 99 100
281 62 63 64 65 66 68 69 71 72 73 74 75 76 77 78 79 80 81 82 83 84 85 86 88 89 90 92 93 94 95 97 98 99 100
70 63 65 68 69 70 72 73 75 76 77 78 80 81 82 83 85 86 87 89 90 91 92 93 94 96 97 98 99
192 65 66 67 68 69 70 71 72 74 75 77 78 80 81 82 83 84 85 86 87 88 90 91 92 93 95 99
79 65 67 68 69 70 72 75 77 79 81 82 83 84 86 87 89 91 92 93 95 96 97 99
157 66 67 69 70 72 73 74 75 76 77 78 79 80 81 82 83 84 85 86 87 89 90 93 94 95 96 97 98 99 100
77 67 69 70 71 72 73 75 77 78 79 80 81 82 83 85 88 89 90 91 92 93 94 95 97
208 68 70 71 73 75 76 77 78 79 80 81 82 84 86 87 88 90 92 93 94 95 96 97 98 99
217 69 70 72 73 75 76 77 78 79 80 81 82 83 84 85 86 87 88 89 90 93 94 95 96 98 99 100
296 70 71 72 73 75 76 78 79 80 81 82 84 85 86 88 89 90 91 93 95 97 98 99 100
171 71 72 73 74 75 76 77 79 80 81 82 83 86 87 88 89 94 96 97 98 99
276 72 73 74 75 76 77 78 79 80 81 82 84 85 86 88 89 90 91 92 93 94 95 96 97 98 99 100
56 73 74 75 77 78 80 81 82 83 85 89 90 92 93 94 95 96 97 98 99
56 74 75 78 79 80 81 83 84 85 87 89 90 91 92 93 94 95 96 99 100
45 75 76 77 78 79 80 81 84 85 86 87 88 89 91 92 93 95 97 98 99 100
278 76 77 78 79 80 81 82 85 86 87 88 91 92 93 94 95 96 98 99 100
262 77 78 79 80 82 83 84 85 87 88 89 90 92 95 96 97 98 99
181 78 79 80 81 84 85 86 88 89 90 92 95 96 97 98 99 100
56 79 80 81 86 87 89 90 91 92 93 94 95 96 97 99 100
61 80 81 82 83 84 85 86 87 88 89 90 91 92 93 95 96 97 98 99 100
102 81 83 86 87 88 89 91 92 93 94 95 96 98 99
30 84 85 87 88 90 92 94 96 97 99 100
112 84 86 90 93 94 95 96 97 99 100
96 84 85 86 87 88 89 90 91 93 94 96 98 99 100
219 85 87 89 90 91 93 94 98
138 86 87 88 89 90 91 92 94 95 96 97 98 99
81 87 88 89 90 91 92 93 95 96 97 98 99 100
85 88 89 90 91 92 94 96 99 100
114 89 90 91 92 93 94 95 96 100
254 91 92 93 94 95 97 98 99 100
17 91 92 93 94 95 97 99 100
260 94 95 96 97 98 99 100
159 94 95 96 98 99
157 94 96 98 100
207 95 96 98 99
224 96 97 99 100
150 97 98 99 100
47 100
61 99 100
236
270
