75	5	200	1
0	13	15
0	5	13
0	3	12
0	2	15
0	8	20
18 2 3 4 5 6 8 9 10 11 12 13 14 15 16 17 19 20 21 22 23 24 25 27 28 29 31 32 35 37 39 40 41 42 43 44 45 46 47 49 50 52 53 56 57 58 59 60 63 64 65 66 67 68 69 71 72 73 74 75
29 4 5 6 7 8 10 11 12 14 15 16 18 19 20 22 24 25 26 27 28 29 31 32 33 34 35 36 37 39 40 41 43 44 45 47 48 49 51 52 53 54 55 57 58 59 60 61 63 64 65 66 67 68 69 70 71 72 73 74
20 4 5 6 7 8 9 10 11 12 13 14 15 17 18 19 20 21 22 23 24 26 28 29 30 31 32 33 34 35 36 37 38 39 40 41 44 45 46 47 48 49 51 52 53 54 55 57 58 59 60 61 62 63 64 65 66 67 69 70 71 73 74
21 5 6 7 8 9 10 11 13 14 15 16 17 18 19 20 22 25 27 28 29 30 31 33 34 35 36 37 38 40 41 43 44 45 46 47 48 49 50 52 54 55 56 57 58 59 60 61 63 64 65 66 67 68 70 71 72 74
27 6 7 8 10 11 12 13 15 16 17 18 19 20 21 22 24 26 27 28 29 30 31 32 33 35 36 37 38 40 41 43 44 45 46 47 48 49 50 51 52 53 54 55 56 57 58 59 60 61 62 63 64 65 67 70 71 73 74 75
12 7 10 12 14 15 16 19 20 21 22 24 25 26 27 28 29 30 33 34 35 36 37 38 42 43 44 45 46 47 48 49 50 51 52 53 56 58 59 60 61 62 63 64 65 66 67 68 69 70 71 73 74 75
29 8 9 10 11 12 13 14 15 16 17 18 19 20 22 23 24 25 27 28 30 31 33 34 35 38 39 40 41 42 44 45 46 48 49 50 51 54 56 57 59 60 63 65 66 67 68 71 72 73 74
16 9 10 11 12 13 15 16 17 18 19 20 21 22 23 24 25 26 27 29 30 31 32 33 34 35 36 37 39 40 41 42 43 44 46 47 49 50 51 52 54 56 57 58 59 60 62 63 64 65 69 70 73 75
12 11 12 14 15 16 17 18 19 21 22 24 25 26 27 29 30 31 32 33 34 36 37 38 42 44 46 47 49 51 52 54 55 56 58 59 60 61 62 63 66 67 68 70 72 74 75
14 11 12 13 14 15 17 21 22 23 24 26 30 31 32 34 35 36 39 40 41 42 43 44 45 46 47 49 50 52 53 54 55 56 58 60 61 62 63 64 65 68 70 71 72 73 74 75
27 12 13 15 17 18 19 20 21 24 25 26 27 28 29 30 31 33 34 35 36 38 39 41 43 45 47 48 49 50 52 53 54 55 56 58 60 61 62 64 65 66 67 68 69 70 71 72 73 74 75
25 13 14 15 16 17 18 19 20 21 22 23 24 25 26 27 30 31 32 33 34 35 37 38 39 40 41 42 43 44 45 46 47 48 49 50 51 52 54 57 58 59 61 62 63 64 66 67 68 69 70 71 72 74 75
14 14 15 16 17 19 21 22 23 25 26 27 28 29 30 31 32 33 35 36 37 38 39 41 42 43 44 45 46 47 48 49 50 51 52 53 54 56 57 58 60 61 62 63 64 65 66 67 68 69 70 71 72 73 74 75
10 16 18 20 22 23 24 25 26 27 29 30 31 32 33 35 36 37 39 40 41 42 43 44 47 48 49 50 51 52 53 54 55 56 58 59 60 62 63 64 65 66 67 68 69 70 71 72 73 75
30 16 17 18 19 20 21 23 26 27 28 29 30 31 32 33 34 35 36 37 38 40 42 43 44 46 47 48 49 50 52 53 54 55 56 57 59 61 62 63 64 65 66 67 68 70 71 72 73
27 17 18 19 20 21 22 23 25 27 28 30 31 32 33 34 35 36 37 38 39 40 41 42 44 45 46 47 48 49 50 51 53 54 58 59 60 61 63 64 67 68 69 71 72 73 74 75
20 18 19 20 21 22 23 24 25 26 27 28 29 30 32 33 34 35 37 38 39 40 41 42 43 44 49 50 51 52 53 56 57 58 60 61 62 63 64 65 66 67 68 70 73 74 75
14 19 21 22 23 24 25 27 28 29 30 31 32 33 34 35 36 37 38 39 40 41 42 43 44 45 47 48 49 50 51 53 54 55 58 59 61 62 63 64 65 67 69 70 71 72 73 74
19 20 21 22 24 26 28 29 30 31 33 34 35 36 37 38 39 40 41 43 44 45 47 48 49 50 51 53 55 56 57 58 59 60 61 62 63 64 65 67 68 69 70 71 72 73 74 75
16 21 23 24 25 26 27 28 30 31 32 33 35 36 38 39 40 41 43 44 45 46 47 49 51 52 53 54 55 56 57 58 59 60 61 63 64 65 66 67 68 70 71 73 75
11 22 24 25 26 28 29 30 31 32 33 35 36 37 38 39 40 41 42 43 44 45 46 47 48 49 51 52 53 54 55 56 57 59 60 61 62 64 65 66 67 69 71 72 73 75
11 23 24 25 26 27 28 29 32 33 34 35 36 37 38 39 40 41 42 43 44 45 46 47 49 50 51 52 53 54 56 58 59 60 62 64 65 66 67 69 71 72 73 74 75
16 24 27 28 29 30 31 32 33 34 35 36 38 41 42 44 45 47 48 49 50 51 52 56 57 60 62 63 64 65 66 67 69 71 72 73 74 75
10 25 27 28 29 30 32 33 34 35 36 37 39 40 41 42 43 44 45 46 47 48 49 52 53 56 57 58 59 60 61 63 64 65 66 67 68 69 72 73 74 75
21 26 27 28 29 30 32 33 34 35 36 38 39 40 41 42 43 44 46 48 49 50 51 55 56 57 59 60 61 62 63 64 65 66 67 68 69 70 71 72 73 74 75
20 28 29 30 32 33 34 35 36 37 38 39 40 41 43 44 47 48 49 50 51 52 54 55 57 58 59 61 62 63 64 65 66 67 68 69 70 71 73 74 75
11 28 29 31 32 33 34 36 37 38 41 43 44 46 47 48 49 50 51 52 53 54 55 56 57 58 59 60 61 62 64 65 67 68 69 70 71 74 75
29 29 30 31 32 33 36 37 38 39 40 42 43 44 45 46 47 50 51 52 53 54 55 56 57 58 59 60 61 62 63 64 66 67 68 69 71 72 74 75
14 30 31 32 33 34 35 36 37 38 39 40 41 42 43 44 45 46 47 50 52 53 54 55 56 57 58 59 62 63 65 66 68 69 71 72 73 74
27 31 32 34 35 36 37 38 39 40 41 42 43 44 45 46 47 48 49 52 54 56 57 59 60 61 62 63 64 65 66 67 68 69 70 71 72 73 74 75
13 32 33 34 35 36 37 39 40 41 42 44 45 46 47 48 49 50 51 52 53 55 56 57 58 59 60 61 62 63 64 66 67 68 69 70 71 72 75
26 33 34 35 36 37 38 39 40 42 43 44 45 46 47 48 51 52 53 54 56 57 58 60 61 62 63 65 66 67 68 69 70 71 72 73 74 75
27 34 35 36 37 38 40 41 45 46 49 50 52 53 54 55 56 57 58 59 60 61 62 63 66 67 68 69 70 72 73 75
13 35 36 37 38 39 41 43 45 46 47 49 50 51 52 53 54 55 56 59 60 61 63 64 65 66 67 69 70 72 75
28 36 37 38 39 40 41 42 43 44 45 46 48 49 50 51 52 54 55 56 57 58 60 62 64 65 66 67 69 70 72 73 74 75
26 37 38 39 40 41 42 43 44 46 47 48 50 51 52 53 54 55 56 57 58 59 60 62 63 64 66 67 68 69 70 71 74 75
12 38 39 40 41 42 43 44 45 48 49 50 52 53 55 56 57 59 60 62 63 64 66 68 69 71 73 74
29 39 40 41 42 43 45 46 47 48 49 50 51 52 53 54 55 56 57 59 60 63 64 65 66 67 68 69 70 71 72 73 74 75
16 40 41 42 43 44 45 47 49 50 53 54 56 57 58 59 60 61 63 65 66 67 68 69 70 71 72 73 74 75
13 43 44 45 47 48 49 51 52 53 54 56 57 58 59 60 61 62 63 64 65 67 68 69 70 71 72 74
23 42 44 48 51 52 55 56 57 58 61 62 64 65 66 67 69 72 73 74 75
19 43 46 47 48 50 51 52 53 54 55 56 58 59 60 61 62 63 64 65 66 67 68 69 70 74 75
21 44 45 46 47 48 49 50 51 52 53 54 56 57 58 59 60 61 62 63 65 66 67 68 69 70 72 73 75
27 45 46 47 49 50 51 52 53 54 55 56 57 58 59 60 61 62 65 66 67 68 69 71 72 74 75
20 46 47 48 49 50 53 57 58 59 60 61 62 63 66 67 68 69 70 71 72 73 74 75
24 48 50 53 54 55 56 58 59 60 61 62 63 64 65 66 68 69 70 71 72 73 74 75
30 48 49 50 52 53 54 55 56 57 59 61 62 63 64 65 66 67 68 69 70 71 72 74
20 49 51 52 54 55 57 58 59 61 63 64 66 67 68 70 72 73 75
13 50 51 52 53 54 55 57 58 59 60 61 62 63 64 65 66 67 68 69 70 71 72 73 75
12 51 52 53 54 55 56 58 59 60 61 63 64 67 68 69 70 72 73 74 75
12 52 55 56 57 58 59 60 61 62 63 64 66 67 68 69 70 71 72 73 75
26 53 54 55 56 57 59 60 61 62 63 64 65 66 69 71 73 74 75
25 54 55 56 57 59 60 61 62 63 64 65 66 67 68 69 70 71 72 73 75
11 55 56 57 58 60 62 63 65 66 67 68 69 70 71 73 74 75
12 56 57 58 59 60 62 63 64 65 66 67 68 69 70 72 74 75
25 57 59 60 61 62 65 67 69 70 72 73 74 75
16 58 60 61 63 65 66 67 68 70 71 72 73 75
14 59 60 64 65 66 67 68 69 70 71 73 74
14 60 61 62 63 64 65 66 67 68 69 70 71 73 75
30 61 62 63 64 65 66 68 69 70 71 72 73 74 75
18 62 63 64 65 66 67 68 69 70 71 72 73 74 75
17 64 66 68 69 71 72 74 75
24 64 65 66 67 70 71 73 74 75
20 65 67 68 70 71 72 73 74 75
16 67 69 70 71 72 73
27 67 68 70 71 72 73 75
19 69 71 72 73 75
22 69 70 72 73 74
18 70 71 72 74 75
23 72
18 72 73 74 75
30 73 75
30
29 75
13
