25	10	1000	1
0	57	2
0	36	2
0	73	2
0	42	2
0	88	2
0	14	2
0	40	4
0	90	3
0	74	4
0	69	2
86 2 3 8 9 10 11 12 13 14 15 17 18 20 21 23 24 25
126 3 4 7 8 10 11 12 13 14 18 19 20 21 22 24 25
50 5 6 7 8 9 12 13 15 16 18 20 21 22 23 24 25
115 6 7 8 10 12 14 15 16 17 18 19 20 21 22 23 24
81 6 8 9 10 11 12 13 14 15 16 18 20 21 22 23 24 25
146 7 8 9 10 11 12 14 16 17 18 19 21 22 23 24 25
117 8 10 11 12 14 15 17 18 19 20 22 23 24 25
103 9 10 11 13 14 15 16 17 18 19 20 21 23 24 25
143 10 11 14 15 16 17 18 19 20 21 22 23 24 25
73 11 12 13 14 15 16 17 18 19 20 21 22 25
57 13 14 16 17 18 20 21 23 24 25
146 13 14 15 16 17 18 19 20 23 24 25
96 14 15 16 17 18 19 20 21 23 25
81 15 16 17 18 19 20 21 22 23 24 25
71 16 17 18 19 20 21 22 23 24
113 18 19 20 21 22 24 25
99 18 19 20 21 22 25
139 22 23 24 25
140 20 22 23 24 25
130 21 22 23 24 25
84 23 24
59 23 24 25
71 24 25
102 25
91
