25	10	10000	1
0	1540	2
0	1155	3
0	1817	2
0	1060	2
0	1311	4
0	1751	2
0	1030	3
0	1443	3
0	1956	2
0	1381	2
1234 2 3 4 5 6 9 10 11 12 13 14 15 16 18 19 20 21 22 23 24
837 3 4 5 6 7 8 9 10 11 12 14 15 17 18 20 21 22 24 25
1188 4 6 7 8 9 10 11 12 13 14 15 16 17 19 20 21 22 23 24 25
1145 5 6 8 9 10 11 12 14 15 16 17 18 19 21 22 24 25
1343 6 7 8 9 10 11 13 14 15 16 17 20 21 22 23 24 25
955 7 8 9 10 11 12 13 14 15 16 17 18 19 21 22 23 24 25
614 9 10 11 12 13 14 16 17 18 19 21 22 23 24 25
1186 9 10 11 12 14 15 17 19 20 21 22 23 25
1367 10 12 14 15 16 17 18 20 21 22 23 24
1272 11 12 13 15 16 17 19 21 22 23 25
707 12 13 14 15 17 19 21 23 24 25
1415 13 15 16 17 18 20 21 22 23 24 25
1104 14 16 17 18 21 22 23 24 25
615 15 16 17 19 20 21 22 23 24 25
908 16 17 18 19 20 21 22 23 24 25
1324 17 19 21 22 24
725 18 19 20 21 22 23 24 25
913 19 20 21 22 24 25
852 20 21 22 23 24 25
518 25
1400 22 23 24 25
837 23 25
1097 24 25
917 25
1010
