50	10	200	10
-2	31	7
-5	38	3
-5	31	1
-2	34	4
-4	28	5
-1	37	6
-4	39	8
-3	20	5
-5	32	7
-5	36	4
25 3 6 7 8 9 10 13 14 16 18 19 20 21 22 23 24 25 26 27 28 30 31 32 33 34 35 36 37 38 39 40 41 42 43 44 45 46 49
29 3 6 7 8 9 10 11 12 13 14 15 16 18 19 20 21 22 23 24 25 28 29 30 31 34 35 38 39 40 41 42 43 44 45 46 47 48 49 50
10 5 6 7 8 9 10 11 12 13 14 15 16 17 18 19 20 21 25 26 27 29 30 31 33 35 38 39 40 41 43 46 48 49 50
28 5 8 9 10 11 12 13 14 15 17 18 19 20 21 22 23 24 25 26 28 29 30 31 32 33 34 35 36 37 38 39 40 41 42 43 44 45 46 47 50
25 6 8 9 10 11 12 13 14 15 16 18 19 21 22 23 24 25 26 28 30 31 33 34 36 37 38 39 40 41 42 43 44 45 46 47 48 49 50
25 8 9 10 11 15 16 17 20 21 22 23 24 25 26 27 28 30 31 32 33 34 36 37 38 39 40 41 42 43 45 49 50
17 8 10 11 12 13 14 15 16 17 18 19 20 21 23 25 26 27 28 30 31 32 33 35 36 37 38 41 42 43 44 47 49 50
16 9 10 11 12 14 15 16 17 18 19 20 21 22 23 24 26 27 28 29 30 31 33 34 35 36 37 38 40 41 42 43 44 45 46 47 48 50
27 10 11 12 13 14 15 16 17 18 20 21 22 23 24 26 28 29 30 31 33 34 35 36 37 38 39 40 41 42 43 44 45 46 47 49
26 11 12 13 14 16 17 18 22 23 24 25 26 27 28 29 30 31 32 33 34 35 36 38 39 40 41 42 43 44 45 47 48 49 50
22 12 13 15 16 17 18 20 21 23 24 25 27 29 30 31 32 33 34 35 36 38 39 40 41 42 43 46 47 48 49 50
17 14 15 16 17 18 20 21 22 23 24 25 26 27 28 29 30 31 32 33 34 36 37 38 39 41 42 43 44 46 47 48 49 50
26 14 17 18 19 21 22 23 24 26 28 29 30 31 32 33 34 35 36 37 38 39 40 41 42 43 45 46 47 48 49 50
25 15 16 17 18 19 20 21 23 24 25 26 28 29 30 31 32 33 34 35 36 37 39 40 42 43 44 45 46 47 48 49 50
27 16 17 18 19 20 22 23 24 25 26 27 28 30 33 35 36 38 39 40 41 42 43 44 45 46 47 48 50
12 17 18 19 20 21 22 23 24 26 28 29 30 31 32 33 34 35 36 37 38 39 40 42 43 44 45 46 47 48 49 50
24 18 19 20 21 23 24 25 26 27 28 29 30 31 32 34 36 37 38 39 40 41 42 44 45 46 47 49 50
24 19 22 24 25 26 27 28 29 31 32 33 34 36 38 39 40 44 46 47 48 49
15 20 22 23 24 25 27 28 29 30 31 32 33 36 37 38 39 40 41 42 43 45 46 48 49 50
19 22 23 24 25 26 27 28 30 31 32 33 34 35 36 37 38 40 41 43 44 45 46 47 49 50
13 22 23 24 25 26 29 30 32 33 34 35 36 38 40 41 42 43 44 45 46 47 48 49 50
17 23 24 25 26 28 31 32 33 34 35 37 38 40 41 42 43 44 45 47 48 49
13 24 25 26 29 31 32 33 35 36 37 38 39 40 41 42 43 44 45 46 47 50
15 25 26 27 28 29 30 31 35 36 37 39 40 41 42 43 44 45 46 47 50
27 26 27 29 30 31 33 34 35 37 38 39 40 43 44 45 46 48 49 50
22 27 28 31 33 34 36 37 38 39 40 41 42 43 44 45 46 47 48 49 50
30 28 29 31 32 34 35 36 37 38 39 40 41 43 44 45 46 47 48 49 50
22 29 30 31 32 33 34 35 36 37 38 40 42 43 44 45 46 47 48 49 50
10 30 34 35 37 38 39 40 41 42 43 44 47 48 49 50
16 31 32 33 34 36 38 39 40 41 42 43 44 46 47 48 49 50
10 32 33 34 35 36 37 38 39 41 43 44 46 48 49 50
26 33 34 35 37 38 40 42 44 45 46 48 49
26 34 35 36 37 39 41 43 44 45 46 47 48 49 50
22 35 37 38 39 40 41 42 43 44 47 49 50
13 36 37 38 40 41 43 46 47 48 49 50
24 38 39 40 42 43 44 45 46 48 50
17 38 39 40 42 43 44 45 46 47 48 49 50
28 39 40 41 42 43 44 45 46 48 49 50
12 41 43 44 46 47 50
10 41 42 43 45 46 47 48 49 50
10 42 43 45 46 47 48 49 50
25 43 44 45 48
15 44 45 46 48 49
15 45 46 47 48 49 50
16 46 47 48 49 50
22 48 50
14 48 49
17 49 50
19 50
28
