75	10	10000	1
0	596	10
0	932	4
0	465	5
0	524	10
0	454	4
0	101	5
0	651	9
0	653	10
0	738	13
0	905	5
1212 2 3 4 6 8 9 11 12 13 14 15 16 17 18 19 21 22 23 24 25 26 27 29 30 31 32 33 34 35 36 38 39 40 41 43 45 49 50 51 52 53 55 56 57 58 59 60 61 63 64 65 66 67 69 70 72 73 74
526 3 4 5 6 7 8 9 11 12 13 14 15 16 17 19 20 21 22 23 24 25 26 27 28 29 30 31 32 33 34 36 37 39 40 41 42 43 44 45 47 48 49 50 51 53 54 55 56 58 59 60 61 62 63 65 66 67 68 69 70 71 72 73 74 75
1040 4 5 6 8 9 10 13 14 15 16 17 18 20 22 23 26 27 29 30 31 32 33 34 35 36 37 38 39 41 43 44 45 46 47 48 49 50 51 53 54 55 57 58 59 60 61 62 66 67 68 69 70 71 72 73 74 75
926 5 7 8 9 12 14 15 16 17 21 23 24 25 26 27 29 30 31 32 33 34 35 36 37 38 39 40 43 45 46 47 48 49 50 52 53 54 55 56 57 58 59 60 61 62 63 64 65 66 68 69 72 73 75
991 6 7 9 10 11 14 17 20 21 22 23 24 25 26 27 29 30 31 32 34 35 36 37 38 39 42 43 45 47 48 49 50 51 52 53 54 55 56 57 58 59 60 61 62 64 65 66 67 68 69 71 72 73 74 75
980 7 8 9 10 11 12 13 14 15 16 18 19 20 21 23 24 25 26 27 28 29 30 31 32 34 35 36 37 38 39 40 41 42 43 44 45 46 47 48 49 50 51 52 54 55 56 57 58 59 61 62 63 64 67 68 69 70 73 74
815 9 10 11 12 13 15 16 17 18 20 21 22 24 25 26 27 28 29 31 32 35 36 37 39 40 41 42 44 45 46 47 48 49 52 53 54 55 56 57 58 59 60 63 64 65 66 67 68 69 70 71 72 73 74
1289 9 12 13 14 15 16 18 20 21 22 24 26 27 28 30 32 33 34 35 36 37 40 41 42 43 44 45 46 47 48 49 50 51 52 53 55 57 59 60 61 62 63 64 65 66 67 68 70 71 72 73 74 75
892 11 12 14 15 16 17 18 20 21 22 23 25 27 29 30 32 33 34 35 36 37 38 39 40 41 42 43 45 46 47 48 49 51 52 53 54 55 56 57 58 60 61 62 63 65 66 67 69 70 71 72 73 74 75
992 11 12 13 15 16 18 20 21 22 23 24 25 26 27 28 29 30 31 32 33 34 35 36 39 40 41 42 43 44 45 46 49 52 53 54 55 56 57 58 59 60 62 63 64 65 66 68 69 70 71 72 73 74 75
761 12 16 18 20 22 25 26 29 30 31 33 34 35 36 38 39 40 41 42 43 44 45 46 47 48 49 50 51 52 53 54 55 56 58 60 61 62 63 64 66 67 68 69 70 71 72 73 74 75
1007 13 14 15 16 17 18 19 20 21 22 23 24 25 26 27 29 30 32 33 36 37 38 39 40 41 42 43 44 45 46 47 48 49 50 51 52 53 55 56 57 58 59 61 62 63 64 65 66 67 68 69 71 73 74
1423 15 16 17 19 20 21 22 25 26 27 28 29 31 32 33 34 35 36 37 38 39 41 43 44 45 46 47 48 49 50 51 53 54 55 56 59 60 61 63 65 66 67 68 69 70 71 72 73 74 75
690 15 17 18 19 20 21 22 24 25 26 28 29 30 31 32 34 35 36 37 38 39 40 42 43 44 46 47 48 49 50 51 53 54 56 57 58 60 62 64 65 66 67 68 70 71 72 73 74 75
1082 16 17 18 20 21 22 23 24 25 26 28 29 30 31 32 33 34 35 36 37 38 39 40 41 42 43 44 45 47 48 49 52 53 54 55 56 57 58 59 60 61 62 64 65 66 67 68 69 70 71 72 73 74 75
875 17 18 19 21 23 24 25 26 27 28 29 30 31 32 33 34 36 37 41 42 43 45 48 49 51 52 54 56 57 58 61 62 63 64 65 66 67 68 69 71 72 73 74 75
1033 18 19 20 21 23 24 25 26 27 28 30 31 32 33 34 35 36 38 39 40 41 42 43 44 45 46 47 48 50 51 52 53 54 55 56 57 58 59 61 62 63 65 66 67 69 71 73 74 75
672 19 20 21 22 23 25 27 28 29 30 31 32 33 35 36 37 38 40 42 43 44 45 46 47 48 50 51 52 53 54 55 56 57 58 59 60 61 62 63 64 65 66 67 68 69 71 73 75
1031 20 22 23 24 25 26 30 33 34 35 37 38 39 40 42 43 45 46 48 49 50 52 53 54 55 56 59 60 61 62 63 64 65 67 68 69 71 72 74 75
596 21 22 24 25 26 28 29 30 32 33 35 36 37 38 41 42 43 44 45 46 48 49 50 53 54 55 56 57 58 59 60 61 62 63 64 66 67 68 69 70 71 72 73 74 75
1105 25 26 27 28 29 30 31 32 33 35 36 37 38 39 40 41 42 43 44 46 47 50 51 52 53 54 55 57 58 59 60 63 64 65 68 69 70 71 72 73 74 75
1492 23 24 25 26 27 29 30 32 33 34 35 36 37 39 42 43 44 45 46 47 48 49 50 51 52 54 55 57 58 60 61 62 63 64 66 68 69 70 71 73 74 75
1282 26 27 28 29 31 32 33 34 35 36 37 39 40 41 42 43 44 45 46 47 48 49 50 51 52 53 55 57 58 60 62 63 64 65 67 70 72 74
853 25 26 27 29 32 33 35 36 37 39 40 41 43 44 47 48 49 50 52 55 56 57 58 59 60 61 62 63 64 65 66 67 68 69 70 71 72 73 74 75
1193 26 27 28 29 30 31 32 33 34 36 42 43 44 46 47 49 50 52 53 54 55 56 58 60 61 62 63 64 65 66 67 69 70 73 74 75
1279 27 28 29 30 31 32 34 35 36 37 38 39 40 41 42 43 44 45 46 48 49 50 51 53 54 55 56 58 59 63 66 67 68 70 71 72 73 74 75
810 28 29 30 31 32 33 34 35 37 38 39 42 43 44 46 47 48 49 50 51 52 53 54 55 56 57 59 61 63 64 65 67 68 69 70 71 72 73 74 75
1261 29 30 31 33 34 35 36 37 38 40 41 42 43 44 45 46 47 49 51 52 53 54 55 60 61 62 63 64 65 66 67 68 70 71 72 73 74 75
1052 31 32 33 34 35 36 37 38 39 40 41 42 45 47 49 50 51 52 53 54 55 56 57 58 59 60 62 63 64 65 66 67 69 70 71 72 73 75
1448 31 32 33 34 36 37 38 39 40 41 42 43 44 45 46 48 49 50 51 53 54 55 56 58 59 61 62 63 65 66 67 68 70 71 73 74 75
623 33 35 36 38 39 41 43 44 45 46 47 48 50 51 52 54 55 56 57 58 59 60 61 62 63 64 65 66 67 68 69 70 71 72 73 75
1101 33 35 36 37 39 40 41 42 43 45 46 47 48 49 52 53 54 56 57 58 59 60 61 62 63 64 65 66 67 69 70 72 73 74
1175 34 35 38 40 42 43 44 45 47 48 49 51 52 53 54 55 56 57 59 60 61 62 63 64 65 66 67 68 69 70 71 72 73 75
531 35 38 39 40 41 42 43 44 45 47 48 49 50 51 52 54 55 56 57 58 59 60 62 64 65 66 67 68 69 70 71 72 73 74 75
1417 37 40 42 43 45 46 47 48 50 51 53 54 55 56 57 58 59 60 61 62 63 64 65 66 67 68 69 71 73 75
588 37 38 39 40 42 43 44 46 47 48 49 51 52 53 54 55 56 58 59 61 62 63 64 65 66 67 68 69 70 71 72 73 74 75
1475 39 40 42 43 44 45 46 48 49 50 51 53 54 56 57 58 59 60 61 62 64 66 67 68 69 70 71 73 75
1083 39 40 42 44 45 46 49 53 55 56 57 59 60 61 62 64 65 66 67 68 69 70 71 72 74 75
1307 40 41 42 44 46 47 48 49 50 51 52 54 55 56 57 59 60 61 62 63 65 66 67 68 69 71 72 73 74 75
943 41 43 45 46 48 49 50 52 54 55 56 57 58 59 60 61 63 65 66 67 68 69 70 71 72 73 74 75
1202 42 43 44 45 48 49 50 51 52 54 55 56 57 58 59 60 61 62 64 65 66 67 69 70 71 73 74 75
1243 43 45 46 47 49 50 51 52 53 55 56 57 59 60 62 63 64 65 66 68 69 70 71 72 74 75
1019 44 45 46 47 49 50 53 55 58 59 60 61 62 63 64 66 67 68 69 70 71 73
924 45 46 47 48 49 51 52 53 55 56 59 60 62 63 64 67 68 70 71 72 74 75
879 46 47 48 49 50 51 52 53 54 55 56 57 58 60 61 62 64 65 66 67 68 69 70 72 73 74 75
1026 47 48 49 50 51 52 55 57 58 60 61 62 64 65 67 68 69 70 72 73 75
1472 48 49 50 51 52 54 55 56 57 58 59 61 62 63 64 65 66 67 68 69 70 71 72 74
983 49 50 51 52 53 54 55 56 57 58 59 60 61 62 64 65 66 68 70 73 74 75
529 50 52 53 54 55 57 58 59 60 62 63 64 65 66 67 70 71 72 73 74
772 52 53 55 56 57 59 60 61 62 66 67 68 69 70 71 72
1461 54 55 56 57 60 63 64 65 66 67 68 69 71 73 74 75
1066 53 54 55 56 57 58 59 60 61 65 66 67 68 69 70 71 72 73
1475 55 56 57 58 59 60 61 62 66 67 68 69 70 71 73 74 75
1366 55 58 59 60 61 62 65 66 67 68 69 71 74
1179 58 59 61 62 63 64 65 66 67 69 70 71 72 74 75
1250 57 58 60 61 62 63 64 65 66 67 68 69 70 71 72 73 75
1431 58 60 61 62 63 65 66 67 68 70 71 72 73 74 75
509 59 60 62 63 64 65 66 67 68 69 70 71 72 73 74 75
1444 60 61 63 64 65 66 67 68 69 70 71 72 74 75
1458 62 63 65 66 67 68 69 70 71 73 74 75
902 62 63 66 67 68 69 70 72 73 75
1403 63 64 65 66 67 68 69 71 72 73 75
610 64 65 66 67 68 69 70 72 73 74 75
732 65 67 70 71 72 73 74
737 66 67 68 70 71 72 73 74 75
1123 67 68 69 70 71 72 73 74 75
1328 68 69 71 72 73 74 75
710 69 70 72 73 74 75
704 73 74
923 71 72 73 75
1280 72 73 75
1373 73 74 75
1107 74 75
903 75
861
