200	10	200	10
-4	39	20
-4	35	25
-1	24	20
-3	38	20
-5	32	20
-4	40	21
-4	33	16
-3	36	24
-4	35	11
-3	30	23
17 2 3 4 5 6 7 8 9 10 11 13 14 15 16 17 19 21 23 24 25 26 28 29 30 31 32 33 34 35 38 39 41 42 43 45 46 47 48 50 51 52 53 54 55 56 57 59 60 61 62 63 64 65 66 67 68 69 73 74 75 76 78 79 80 81 83 84 85 86 87 88 89 90 91 93 94 96 98 99 100 101 102 104 105 106 107 108 109 110 111 112 113 114 115 117 120 121 122 123 124 127 128 129 131 132 133 134 135 136 138 140 141 142 143 144 147 148 150 153 154 155 157 158 159 160 162 164 165 166 167 168 170 171 172 173 174 176 177 178 179 181 182 183 184 186 187 188 190 191 192 193 194 195 196 197 198 199
5 3 4 5 6 7 8 9 10 11 12 13 14 17 18 19 20 21 22 23 24 25 26 27 28 29 30 31 32 34 36 37 38 39 40 41 43 44 45 46 47 48 52 53 54 55 56 57 59 60 62 63 64 68 69 71 73 74 76 77 79 80 81 82 83 84 85 88 92 93 94 95 96 97 98 99 100 103 104 105 106 107 108 109 110 111 114 115 116 117 118 119 120 121 122 124 125 127 128 129 130 131 132 133 134 135 136 137 138 139 140 141 142 143 146 147 148 149 150 151 152 154 155 156 157 158 159 160 161 162 163 164 165 166 168 169 170 171 172 173 174 175 176 177 178 179 180 181 182 184 185 187 188 189 190 191 192 194 195 196 197 198 199
19 4 5 6 8 10 11 12 14 15 16 17 18 19 20 21 22 23 24 25 26 27 28 29 30 31 32 33 34 35 36 37 38 40 41 42 43 44 45 46 49 50 52 54 55 56 58 59 61 62 64 65 67 69 71 73 75 76 79 80 81 85 87 88 89 90 91 92 94 95 96 97 98 100 101 102 103 106 107 108 109 110 111 112 114 115 118 119 120 121 122 125 126 127 128 129 131 132 133 135 136 137 138 140 141 142 143 145 146 147 148 149 150 153 155 156 157 160 161 162 163 164 165 167 168 169 170 171 172 175 177 178 179 180 182 183 184 185 187 188 189 190 192 193 194 196 198 199 200
18 5 6 7 8 9 10 11 12 14 16 17 20 21 23 24 25 28 29 30 32 33 34 38 40 41 44 45 46 47 48 50 51 52 53 54 55 57 58 59 60 61 62 63 65 66 67 68 70 71 73 74 78 79 80 83 84 85 86 87 88 90 91 93 94 97 98 99 100 102 104 105 106 107 108 109 110 111 114 115 116 118 121 123 124 125 126 128 129 132 135 136 137 138 139 140 141 142 143 144 146 147 148 149 150 151 153 154 155 156 157 158 159 161 162 163 164 167 168 169 170 171 173 174 175 178 179 180 181 182 184 185 186 187 188 189 190 191 192 193 194 196 198 199 200
7 6 7 8 9 11 12 14 15 16 17 18 19 20 21 22 23 24 25 26 27 30 32 33 34 35 37 38 39 40 41 43 45 46 47 48 50 51 52 53 54 55 56 57 58 59 60 62 64 65 66 67 69 70 71 72 73 74 76 77 78 80 81 83 84 85 86 88 90 91 92 93 94 95 98 99 101 102 105 106 108 110 111 112 113 114 115 116 117 118 119 120 121 122 124 125 126 127 128 129 131 132 133 135 136 137 138 140 141 142 143 144 145 146 147 148 149 151 153 154 156 158 160 161 162 163 164 165 166 168 169 170 172 174 175 176 177 179 180 181 182 184 186 188 189 190 191 192 195 196 197 198 199
16 9 10 11 12 13 14 16 17 20 21 22 23 24 25 27 28 30 31 32 33 34 35 36 37 38 39 40 41 42 44 47 48 49 50 51 52 53 54 55 57 58 59 61 63 65 67 68 69 71 72 73 74 76 77 78 79 80 83 84 85 87 88 89 90 91 92 93 94 95 98 99 100 103 104 105 106 107 108 109 110 111 112 113 114 115 116 119 120 122 124 125 126 127 128 129 130 131 133 134 136 137 138 139 140 141 142 144 145 146 147 148 149 150 151 152 153 154 155 156 157 158 159 160 161 162 163 164 165 168 169 170 173 174 175 176 178 179 180 181 183 184 185 186 188 189 190 191 192 193 194 195 196 197 199 200
19 8 9 10 11 12 13 14 15 16 17 18 20 21 22 23 24 26 27 28 29 30 31 35 36 38 39 40 41 42 44 45 46 47 49 50 51 52 53 55 56 57 58 59 60 61 62 63 64 65 66 67 68 69 70 71 72 73 74 76 77 78 79 80 81 82 83 84 86 87 88 89 90 91 92 95 96 97 98 99 100 101 102 103 104 105 107 109 110 113 114 115 117 118 119 120 121 123 124 126 127 128 129 130 131 133 134 136 137 138 139 140 142 143 144 146 147 148 149 150 151 152 153 154 155 156 157 158 160 162 163 164 165 167 168 169 171 172 174 175 176 178 179 180 181 182 184 185 186 187 188 189 191 192 193 194 197 198 200
8 9 10 11 13 14 16 17 18 19 22 23 24 25 26 27 28 29 30 31 33 34 35 36 37 38 39 41 43 44 45 46 47 48 49 50 51 52 53 54 57 58 59 60 61 65 66 68 69 70 72 73 75 78 79 80 82 83 84 85 86 87 88 89 90 91 94 96 99 100 101 102 103 105 106 107 108 109 110 111 112 113 114 115 116 119 120 121 122 123 124 125 129 130 132 133 134 135 136 137 138 139 140 141 142 143 144 145 146 147 148 149 150 151 152 153 154 155 156 157 158 161 162 163 164 166 167 168 169 170 171 172 173 174 175 176 177 178 179 180 183 184 185 187 188 189 190 191 192 193 194 195 196 197 198 199 200
14 10 12 13 14 15 16 17 18 19 21 23 24 26 27 28 29 30 31 32 33 34 35 36 37 38 39 40 41 45 46 47 48 50 52 53 55 56 57 58 60 61 62 63 65 66 67 70 71 72 74 75 76 79 80 81 82 83 84 86 87 88 90 91 92 93 94 97 98 99 100 101 102 103 104 105 107 108 110 111 112 113 114 115 118 119 120 121 122 123 124 125 126 127 128 129 130 132 133 134 135 136 138 139 140 143 144 145 146 147 148 149 150 151 152 153 156 157 158 159 160 161 162 163 164 165 166 167 168 169 170 171 172 173 174 175 176 177 178 179 180 181 182 185 186 187 188 189 190 191 192 193 194 195 197 198 199
7 11 12 13 14 15 17 18 20 21 22 23 24 25 26 27 28 30 31 32 33 34 35 36 38 39 41 42 43 44 45 47 48 49 50 51 52 53 55 56 57 58 59 60 61 62 63 64 65 66 67 68 69 70 71 72 73 74 75 76 77 78 80 81 83 84 86 87 88 89 90 91 92 93 94 95 96 97 98 99 100 101 102 103 105 107 108 109 112 113 114 115 116 119 120 121 122 123 124 126 127 128 129 130 131 132 133 134 135 136 137 139 140 143 144 145 146 148 149 150 152 153 154 156 158 159 160 161 162 163 164 167 168 169 170 171 172 173 176 177 178 180 181 183 184 185 186 187 188 190 191 192 193 195 196 197 198 199
17 13 14 15 16 17 18 19 20 21 22 24 26 27 28 29 30 32 37 38 39 40 41 43 44 46 47 48 49 50 52 55 57 59 60 61 62 63 64 65 66 67 68 69 70 71 73 74 76 77 78 79 80 81 82 83 84 86 87 88 89 90 92 94 95 97 99 100 101 102 103 104 107 108 109 110 111 112 113 114 115 116 118 119 120 122 123 125 127 129 131 132 133 134 135 136 138 141 142 143 144 146 147 148 149 150 152 153 154 155 156 157 158 159 160 161 162 163 164 166 167 168 169 170 171 172 173 174 175 176 177 178 179 181 182 183 185 186 187 188 190 191 193 194 195 196 197 198 199 200
18 13 14 15 16 17 18 19 20 22 23 24 26 27 29 30 31 32 33 34 35 38 39 42 43 44 46 47 48 49 50 52 53 54 56 57 58 59 60 61 62 64 65 66 67 69 70 71 72 74 75 76 78 79 80 82 83 84 85 89 91 92 93 94 96 97 98 100 102 103 106 107 108 109 110 111 112 114 115 118 119 121 123 125 126 128 129 130 131 132 133 134 135 136 138 139 140 141 142 143 144 148 149 150 151 152 154 155 156 157 158 159 160 161 162 165 166 167 170 171 172 173 174 175 178 179 182 184 185 186 187 188 189 191 192 193 194 196 197 198 200
3 14 15 16 17 18 19 20 22 24 26 27 28 29 30 31 32 34 35 36 37 38 39 40 41 42 43 44 46 47 48 49 51 52 53 55 57 58 60 61 63 64 65 66 67 68 69 71 72 74 75 77 78 81 82 83 84 85 86 88 89 90 91 93 94 95 96 97 99 100 101 102 103 105 107 108 109 110 111 112 114 115 116 118 119 120 121 122 123 124 125 126 127 128 129 130 131 132 134 135 136 137 138 139 140 141 142 144 145 146 148 150 151 152 154 155 156 157 158 159 161 162 163 164 166 167 168 169 170 171 172 173 174 175 176 177 178 179 180 181 182 184 185 186 187 188 189 190 191 192 193 194 195 196 197 198
8 15 16 17 18 19 20 21 23 24 25 26 27 29 30 32 34 35 36 37 38 39 40 41 43 44 45 46 48 49 50 51 52 53 54 56 57 58 59 61 63 64 65 66 67 69 70 71 72 73 74 75 76 77 78 79 81 82 83 84 88 89 90 91 92 93 94 95 96 97 98 99 100 102 103 104 105 106 107 108 109 110 111 113 115 116 117 118 120 121 123 124 125 126 127 128 129 130 131 132 133 134 136 137 138 139 141 142 143 146 147 148 150 151 152 153 154 155 156 157 158 160 161 162 163 165 166 167 168 169 170 171 172 173 174 176 177 178 179 180 181 184 185 186 187 188 189 190 191 192 193 194 195 196 197 198 200
10 16 17 18 19 20 23 24 25 26 27 28 29 30 31 32 33 34 36 37 38 40 41 42 43 44 45 46 47 48 49 50 52 53 54 56 57 58 59 60 61 62 63 64 66 68 70 71 72 74 75 76 77 78 79 81 82 83 84 85 87 88 89 90 91 94 95 96 97 99 100 101 102 103 104 105 106 107 108 109 110 111 112 113 116 117 118 120 121 122 123 125 127 129 130 131 132 133 135 136 137 138 139 140 141 142 144 146 148 149 150 152 153 154 156 157 158 159 160 161 162 163 165 166 168 169 170 171 172 173 174 177 178 180 181 182 183 184 185 186 187 188 189 190 191 192 193 194 195 196 198 199
11 18 19 20 21 22 23 24 25 26 30 31 32 34 35 36 37 38 39 42 43 44 46 47 49 50 51 52 53 54 55 56 57 60 61 62 63 65 67 68 69 71 72 73 76 79 80 81 82 83 84 85 86 87 88 90 91 92 93 97 98 100 101 102 103 104 105 107 108 109 110 111 112 113 116 117 119 120 121 122 123 124 125 126 128 131 132 133 134 136 137 138 139 140 141 142 144 145 146 147 149 150 151 152 153 154 155 156 157 158 161 162 163 165 167 169 170 171 172 173 175 176 177 179 180 182 183 184 185 186 187 189 190 191 192 193 194 195 196 197 198 199 200
11 18 20 21 22 25 27 28 29 31 32 34 38 39 40 41 42 43 44 46 47 50 51 53 54 55 56 57 58 60 61 62 63 64 65 66 68 70 71 72 74 75 76 77 78 79 80 82 83 84 86 87 90 91 92 94 95 96 97 99 100 102 104 105 106 108 110 111 112 113 114 115 117 118 119 121 123 124 125 126 127 129 130 131 134 136 138 141 142 143 144 145 146 147 148 149 151 154 155 157 158 159 160 162 164 165 166 167 168 169 171 174 175 176 177 179 180 181 182 183 185 186 187 188 191 192 194 195 197 198 199 200
14 19 21 22 23 24 25 26 27 28 31 33 34 35 36 37 39 40 41 42 44 45 46 47 49 51 52 53 54 56 57 58 59 60 62 63 64 65 66 67 69 70 71 72 73 74 75 76 77 78 79 80 81 82 83 84 85 86 88 89 91 92 93 94 95 96 99 100 101 102 103 104 105 108 110 111 112 113 114 115 116 117 118 119 121 122 123 124 125 127 128 131 132 133 134 136 138 140 141 142 143 146 147 148 149 150 152 153 154 155 157 158 159 160 161 165 166 167 169 170 171 173 175 176 177 178 180 181 183 184 186 187 188 189 190 191 192 193 194 195 196 198 199 200
5 20 21 22 23 24 25 26 27 28 29 32 34 35 36 37 38 40 41 42 44 45 46 47 48 49 50 51 52 53 54 55 56 57 58 59 60 61 62 63 64 65 66 67 68 69 70 71 72 73 74 75 76 77 78 79 81 83 84 86 87 89 90 91 94 96 97 98 99 100 101 103 106 108 109 112 113 114 116 117 118 119 120 121 122 123 124 127 129 130 131 132 133 134 135 136 137 138 139 140 141 142 143 144 145 148 150 153 154 156 157 158 159 160 161 162 163 164 165 166 168 170 171 172 173 174 175 177 178 180 181 182 183 184 185 186 187 188 189 190 191 192 193 194 195 197 198 199 200
18 21 22 23 24 25 26 27 28 29 30 31 32 33 34 35 36 37 38 39 40 42 43 44 45 46 47 48 49 50 51 52 53 54 55 56 57 58 59 60 61 62 63 64 65 66 67 68 69 70 71 72 73 75 76 77 78 79 80 81 82 83 84 85 86 87 88 89 91 92 93 95 96 97 98 99 101 103 104 106 107 109 110 111 112 113 115 116 117 118 120 122 123 124 125 126 128 129 130 131 132 136 138 139 141 143 146 151 152 153 156 157 159 162 163 165 166 167 169 170 171 172 176 177 178 179 180 182 183 184 185 186 187 188 189 190 191 192 193 196 198 199 200
10 22 23 24 25 27 28 29 30 32 33 34 36 37 38 39 40 41 44 45 46 47 51 54 56 57 59 60 62 63 64 65 66 67 68 69 70 73 75 76 77 78 80 81 82 84 85 86 87 88 89 90 91 93 94 95 96 98 100 101 102 103 104 105 106 111 112 113 114 115 116 117 118 119 122 125 126 127 128 129 130 131 133 134 136 139 140 142 143 144 145 147 148 149 151 152 153 155 156 157 158 159 160 162 163 164 165 166 168 169 170 171 172 173 174 175 176 177 178 179 180 182 183 185 186 187 188 189 190 191 192 193 194 195 196 197 198 200
12 24 25 26 27 31 33 34 35 36 37 38 39 40 41 44 46 48 49 50 52 53 55 57 58 60 61 62 63 64 66 67 68 69 70 71 73 74 75 76 77 79 80 81 82 84 85 87 88 89 90 92 93 94 95 96 97 100 101 102 104 105 106 107 108 109 111 114 115 117 119 120 121 123 124 126 127 128 129 130 131 132 135 136 137 140 141 142 143 144 145 146 147 148 149 150 151 152 153 154 155 157 158 159 160 162 163 165 166 167 168 169 171 172 173 174 175 176 177 178 179 180 181 182 183 184 185 186 187 188 189 190 191 192 193 194 195 196 197 199 200
13 24 26 27 29 30 31 32 33 34 35 37 38 39 40 41 42 43 44 45 46 49 50 51 52 53 54 55 56 57 59 60 61 62 63 64 66 67 68 69 71 72 73 74 75 78 79 80 81 82 85 88 89 90 91 93 94 95 96 97 98 99 100 102 105 106 107 108 110 111 112 114 116 117 118 119 120 121 123 124 126 129 130 131 132 133 134 135 136 139 140 141 142 143 144 145 146 148 149 150 151 152 153 154 155 157 158 160 162 163 164 166 167 168 169 170 171 173 174 175 176 177 178 179 183 184 186 187 190 191 192 193 194 196 197 199 200
14 25 27 28 30 32 33 34 35 36 37 38 39 40 41 42 43 44 45 46 47 49 50 51 52 53 54 55 56 58 59 60 61 63 64 65 66 67 69 70 71 72 73 74 76 79 80 82 83 85 86 87 88 90 91 93 94 96 99 100 102 103 105 106 107 108 111 112 116 117 118 119 120 121 122 123 127 128 129 130 131 132 133 135 136 138 139 140 141 143 144 145 146 147 148 149 150 151 152 153 154 157 159 160 162 163 164 165 166 167 168 169 170 171 172 174 175 176 177 178 179 180 181 182 183 184 185 186 187 188 189 190 191 192 193 194 195 197 199
12 26 27 28 29 30 31 32 33 34 35 37 39 40 41 42 43 44 45 48 49 50 52 53 54 55 57 58 59 63 64 65 66 68 69 70 73 74 75 76 77 78 80 82 83 84 86 87 88 90 91 92 93 94 95 96 99 100 101 102 107 108 109 110 111 113 115 116 117 118 119 120 121 122 124 125 126 128 129 130 131 132 133 134 135 136 137 138 139 140 141 142 143 144 145 146 147 149 150 151 152 153 154 155 156 157 158 159 160 161 162 163 165 166 168 169 170 171 172 174 175 178 179 180 182 183 184 185 186 189 190 191 192 195 197 198 199 200
11 28 29 30 32 33 34 35 36 37 38 39 40 41 42 43 44 45 46 47 48 49 50 51 52 53 54 55 56 57 58 59 61 62 63 64 65 66 67 68 71 72 73 74 75 76 77 78 79 80 81 82 83 84 87 88 89 91 92 93 94 95 96 97 98 100 101 102 103 104 105 106 107 108 109 110 112 113 114 115 116 117 119 120 121 122 123 124 125 126 127 128 129 130 131 132 133 134 135 136 137 138 139 140 141 142 143 146 147 148 149 150 151 152 153 154 157 158 159 160 161 162 163 164 165 166 167 168 169 174 175 176 177 178 179 181 183 184 185 186 187 189 190 191 192 193 195 196 199 200
19 30 31 32 33 34 35 37 38 39 41 42 43 44 46 47 48 49 50 51 52 53 54 55 56 57 58 59 61 63 65 66 67 68 69 70 71 73 74 75 76 77 78 79 81 82 83 84 85 86 87 88 89 90 91 92 94 95 96 97 98 100 101 102 103 105 108 109 111 112 114 116 117 118 119 120 121 122 123 124 125 126 127 128 129 130 132 133 134 135 136 138 139 140 142 143 144 147 151 152 153 154 155 157 158 159 162 163 164 165 168 169 170 171 172 174 175 176 177 178 179 180 181 182 185 187 189 190 192 193 194 195 196 197 199 200
6 29 31 32 33 34 35 37 38 39 40 41 42 43 44 45 46 47 48 49 50 51 52 54 55 56 57 58 60 61 62 63 64 66 67 69 70 71 72 73 74 75 76 77 78 80 82 83 84 85 87 88 90 91 93 94 97 98 99 100 101 102 104 105 106 107 108 109 110 111 112 113 115 117 118 119 120 122 123 124 125 126 127 129 130 131 132 133 134 135 136 137 138 139 140 141 142 144 146 147 148 151 152 153 154 155 156 157 158 159 160 162 163 164 166 167 168 169 170 172 173 174 175 176 177 178 179 180 181 182 183 185 186 188 189 190 191 192 193 195 196 197 199 200
19 30 31 32 35 36 37 38 39 40 43 44 45 46 47 49 50 51 52 53 54 55 56 57 58 59 60 62 63 64 65 67 68 69 70 71 73 75 78 80 81 82 83 85 86 87 88 89 90 91 92 93 94 95 96 97 98 99 100 102 103 104 105 106 108 109 110 111 112 116 117 118 119 120 121 122 123 124 125 126 127 128 129 130 131 132 133 134 135 136 137 138 139 140 141 142 143 144 146 147 148 149 150 152 154 155 156 157 159 160 161 162 164 166 167 168 169 170 171 172 173 175 176 178 179 180 181 183 184 186 187 188 189 191 195 196 197 199 200
6 31 33 34 35 36 37 38 39 40 41 42 43 44 45 47 48 49 51 52 55 56 57 58 60 61 62 64 66 67 68 69 70 71 72 73 74 76 77 79 80 81 82 83 84 85 86 87 88 89 90 92 93 95 96 97 98 99 100 102 105 107 108 109 110 111 112 114 115 116 117 121 124 125 126 127 128 129 130 131 134 135 136 137 138 139 140 141 142 143 144 145 146 147 148 149 150 151 152 153 154 155 157 158 159 160 161 162 164 165 167 169 170 171 172 173 174 175 176 177 178 179 181 182 183 184 185 186 187 188 189 190 191 192 193 194 195 197 198 199 200
14 32 33 35 36 37 38 39 40 41 42 43 44 45 46 47 48 50 51 54 55 56 58 59 60 61 62 63 64 65 66 67 69 70 71 72 74 76 77 79 80 81 85 86 87 88 92 93 94 95 96 98 99 101 102 103 104 105 106 107 108 110 111 112 113 117 118 119 120 121 122 123 124 125 126 128 129 130 131 133 135 136 137 138 139 140 141 142 144 145 146 147 148 150 153 154 155 156 157 158 159 160 161 162 163 164 165 166 167 168 169 170 172 173 174 175 176 177 178 179 180 181 182 183 184 185 186 187 188 189 190 191 192 194 195 196 197 198 199 200
13 33 35 36 38 39 40 41 42 43 44 45 46 47 48 49 50 52 53 54 56 58 59 60 61 62 63 64 66 67 70 71 74 75 76 77 78 79 80 82 84 85 86 87 88 89 91 92 93 94 95 97 98 99 100 101 102 103 104 105 106 107 108 109 110 111 112 113 114 116 117 118 119 120 122 123 124 126 127 128 129 131 132 133 134 135 137 138 139 140 141 142 144 146 149 150 153 155 158 159 162 163 164 165 166 167 168 169 170 172 173 174 175 176 177 178 180 181 182 183 185 186 187 188 189 190 191 192 193 195 196 197 198 200
3 34 35 36 37 38 39 40 41 42 45 46 47 48 49 50 51 52 53 54 55 56 57 58 59 60 61 62 63 64 65 66 67 68 69 70 71 72 73 75 76 77 78 79 80 82 84 85 86 87 88 89 90 91 92 93 94 95 96 97 101 102 103 105 106 107 108 109 110 111 112 113 114 116 117 118 119 120 122 123 124 125 126 127 128 129 132 133 134 135 136 139 140 141 143 144 145 147 148 149 150 152 153 154 155 156 159 160 161 162 163 164 165 167 169 170 171 173 174 175 177 178 179 180 181 182 184 185 186 187 189 190 191 193 194 195 196 197 198
17 35 36 37 38 39 40 42 45 47 48 49 50 51 52 53 54 55 56 57 58 59 60 61 63 64 66 68 69 71 72 73 74 75 76 78 79 80 81 82 83 84 85 86 87 88 89 90 91 92 93 94 95 96 97 98 99 100 101 102 104 106 107 108 109 110 111 112 113 115 116 117 118 119 120 121 122 123 124 125 126 127 129 130 131 132 133 134 135 136 137 138 139 140 141 142 143 144 145 146 147 148 149 151 153 154 155 157 158 161 162 163 164 165 166 167 168 170 171 172 173 174 175 176 177 178 180 181 182 183 184 185 186 187 189 190 191 193 197 198 199
16 36 38 39 40 42 43 44 45 46 48 50 51 52 53 55 56 57 58 59 60 61 63 65 67 68 71 72 73 74 76 78 79 80 81 82 83 84 85 87 88 89 90 91 92 93 94 97 98 100 102 103 104 105 106 107 108 109 110 111 112 113 114 116 118 119 120 121 122 124 125 127 128 129 131 132 136 137 138 139 140 141 143 145 147 148 150 151 152 153 154 155 157 158 159 161 163 164 165 166 167 168 169 170 171 172 173 174 175 178 179 181 182 184 185 186 188 189 190 191 192 193 194 195 196 197 198 199 200
12 37 39 41 42 44 45 46 47 48 49 52 53 54 55 56 57 58 60 61 62 63 64 65 66 67 68 69 70 71 74 75 77 78 80 81 82 83 85 86 87 88 89 90 91 93 94 95 96 97 98 99 100 101 102 103 104 105 106 107 108 110 111 112 113 114 115 116 117 118 119 120 123 124 125 126 127 129 131 132 133 134 135 137 138 139 141 142 143 144 145 146 147 148 149 151 152 155 157 158 159 162 163 164 165 166 167 168 169 172 173 174 175 176 177 178 179 180 181 182 183 184 185 186 187 188 189 190 193 194 195 196 197 198 199 200
2 38 40 41 43 44 45 46 47 48 49 50 52 53 54 55 56 58 59 60 61 62 64 65 66 67 68 69 70 74 75 76 77 80 81 82 83 84 85 86 87 88 89 90 91 93 94 95 96 97 98 100 101 102 103 105 106 107 108 109 110 111 113 114 115 116 117 118 119 120 121 122 123 124 125 127 128 130 131 132 133 134 135 136 137 138 139 140 142 143 144 145 146 147 149 150 151 152 156 157 158 159 161 163 164 165 166 168 169 170 171 172 173 174 175 176 177 178 179 180 181 182 183 184 187 188 189 191 192 194 195 196 197 198 199 200
10 40 41 42 43 44 45 46 47 48 49 50 52 53 54 55 56 57 59 60 61 62 64 65 66 67 69 70 71 72 74 76 77 78 79 80 81 83 85 86 87 88 89 90 91 93 94 95 96 97 98 99 101 102 103 104 105 106 107 109 110 111 112 115 116 117 118 120 121 122 124 125 126 128 130 132 133 134 135 137 138 140 141 142 143 144 145 147 148 149 151 152 153 154 155 156 158 159 160 161 162 163 164 165 166 167 170 172 173 174 175 176 177 178 180 182 183 184 186 187 188 190 191 192 193 195 196 198 199
12 40 41 42 43 44 45 46 47 48 49 50 51 52 53 54 56 57 58 59 60 61 62 64 65 66 67 68 69 70 71 72 73 75 76 77 78 79 81 82 83 85 86 87 88 89 90 91 92 93 94 97 98 99 100 101 102 103 105 106 109 110 111 112 113 114 115 116 118 119 120 121 123 124 125 126 127 128 129 131 132 133 134 135 136 138 139 141 142 143 144 145 146 147 149 150 151 153 154 155 157 159 160 162 163 164 165 166 167 168 170 172 173 174 175 177 178 180 182 183 184 185 186 187 188 191 193 194 196 197 198 199 200
11 41 42 43 44 45 46 47 49 50 51 54 55 56 57 59 60 61 62 63 66 67 68 69 70 71 72 73 74 75 76 78 79 80 83 84 85 86 88 90 91 92 93 94 95 96 99 100 101 102 103 105 106 108 109 110 114 115 116 120 123 124 125 127 128 129 130 131 132 133 134 135 136 137 138 139 140 141 142 143 144 145 146 149 150 151 152 154 155 156 157 159 160 162 163 164 165 167 168 170 171 174 175 176 177 179 180 181 182 183 184 185 186 188 189 190 191 193 194 196 197 200
5 43 44 45 46 47 48 50 51 52 54 55 56 57 58 60 61 62 63 64 65 66 67 68 70 71 74 76 77 78 79 80 81 82 87 88 90 91 92 93 95 96 97 98 99 100 101 102 103 104 105 106 107 108 109 110 111 112 114 116 117 119 122 123 124 126 127 128 129 130 131 132 134 135 139 140 141 142 144 145 146 148 151 154 155 156 158 159 160 161 162 164 165 166 167 169 170 172 173 174 175 176 177 178 179 181 182 183 184 185 186 187 188 189 190 192 194 195 196 198 199 200
4 43 44 45 46 47 49 50 51 52 53 54 56 57 58 59 61 63 64 65 66 67 68 69 70 72 73 75 76 77 79 80 81 82 83 85 87 88 89 90 91 93 94 95 96 98 99 100 101 102 104 105 106 107 108 109 110 111 113 114 115 116 117 118 119 120 121 122 123 124 125 126 127 128 129 131 132 133 135 136 137 138 139 140 141 142 143 144 145 147 149 150 151 152 153 154 155 156 157 158 159 161 162 163 164 165 166 169 170 171 173 174 175 176 177 178 179 180 181 182 183 184 185 186 189 191 192 193 195 196 198 200
4 45 46 47 48 49 51 52 54 55 56 57 58 59 60 62 63 64 65 66 67 68 69 70 71 72 74 76 78 79 80 81 82 83 85 87 89 90 92 93 94 95 96 97 98 99 100 102 103 104 105 106 107 110 111 112 113 114 115 116 119 120 122 123 124 125 127 128 129 131 132 133 134 136 137 138 140 141 142 143 144 145 146 147 148 149 150 151 152 153 154 155 156 158 159 160 161 162 163 164 165 166 167 169 171 174 175 178 179 180 181 182 183 184 187 188 189 190 191 192 194 195 196 197 198 199 200
17 47 48 49 50 51 52 53 54 55 56 57 58 59 60 62 64 65 66 67 68 69 70 71 74 75 76 78 79 80 81 82 83 84 85 87 88 89 90 91 92 93 94 95 96 97 98 99 100 102 103 104 105 106 107 108 111 112 113 114 115 117 118 119 120 121 123 124 125 126 127 128 129 130 132 133 135 137 138 139 140 141 142 143 144 145 146 147 148 149 150 151 152 153 154 156 157 160 161 162 163 164 165 166 167 168 169 171 172 173 174 175 176 177 178 182 183 184 185 186 188 189 190 191 192 193 194 196 198 200
8 46 47 48 49 51 52 53 54 57 58 59 60 62 63 65 67 68 69 70 71 73 75 76 77 78 82 83 84 85 86 88 89 90 91 92 93 94 95 96 97 99 100 101 102 103 104 105 106 107 109 111 112 113 114 115 117 118 119 120 121 122 123 124 125 126 127 128 129 130 132 133 134 135 136 137 138 139 140 141 142 143 146 147 150 151 152 153 155 157 159 161 164 166 167 168 169 171 172 174 176 177 178 179 181 182 183 184 186 187 188 189 190 191 193 194 195 196 197
19 47 48 49 50 51 55 56 57 58 59 60 62 63 65 66 67 68 70 71 72 74 75 76 77 80 81 82 83 84 85 86 87 88 89 91 92 93 94 95 97 102 103 104 105 106 107 108 110 111 112 113 114 115 116 117 118 119 120 121 122 123 124 125 126 127 129 130 132 133 134 135 136 137 138 139 141 142 144 145 146 147 148 149 150 152 154 159 160 161 162 163 165 166 167 168 169 170 171 173 174 175 177 179 181 182 183 184 185 186 187 188 189 190 191 192 193 194 195 196 197 198 199 200
8 48 49 51 52 53 54 55 56 58 59 60 61 63 66 67 69 70 71 72 73 74 75 76 78 80 81 82 84 85 86 88 89 90 91 92 93 94 95 96 99 100 101 102 103 104 106 108 109 110 111 112 113 114 115 116 117 119 120 123 124 125 126 127 130 131 132 133 134 137 138 140 141 142 143 144 145 146 147 148 149 150 152 153 154 155 156 157 158 160 161 162 163 164 165 166 167 169 170 171 172 173 174 175 176 177 179 180 181 182 183 184 185 186 187 189 190 191 192 193 194 195 196 197 198 200
3 49 50 51 52 53 54 55 57 60 61 62 64 65 66 67 68 69 70 72 73 74 75 76 77 79 81 82 83 84 85 87 88 89 90 91 92 93 95 96 97 98 99 100 101 102 103 104 106 108 110 111 112 113 114 116 117 118 119 122 123 124 126 127 128 129 130 131 132 133 134 135 136 137 138 140 141 142 143 144 145 146 148 150 151 152 153 155 156 157 158 159 160 161 162 163 164 165 166 167 168 170 171 172 173 175 176 177 178 179 180 181 182 183 184 185 186 187 188 189 191 193 194 195 196 197 199 200
3 51 53 54 55 56 57 59 60 62 63 64 66 69 70 71 73 74 75 76 77 78 79 80 81 82 83 85 86 87 89 90 91 92 93 94 95 96 97 98 99 100 101 102 103 105 106 107 108 109 110 111 113 114 115 117 118 120 121 123 124 125 126 127 128 129 130 132 133 134 135 136 137 139 140 141 142 143 146 148 149 151 152 153 155 156 157 158 159 160 161 162 164 166 167 168 169 170 171 172 173 174 175 176 177 178 180 181 182 184 185 186 188 190 191 192 193 195 196 198 199
12 51 52 53 54 55 56 57 60 61 62 64 67 69 70 72 73 74 75 76 77 78 79 81 82 83 84 85 86 87 89 90 91 92 93 95 96 97 98 99 101 102 103 104 106 107 108 109 110 112 113 114 115 116 117 118 119 120 122 124 125 126 127 128 132 133 134 135 136 138 139 140 141 143 144 145 146 147 148 149 150 153 154 155 156 157 158 159 160 161 162 163 164 165 167 169 170 171 172 173 174 175 176 178 179 180 181 182 183 184 185 186 187 188 189 191 192 193 194 195 196 197 198 200
8 52 53 54 55 56 58 59 60 61 62 63 64 65 66 67 68 69 71 72 74 75 76 77 78 79 80 81 82 83 84 85 86 87 88 89 91 92 93 94 95 96 97 98 99 101 102 104 106 108 109 110 112 113 114 115 116 118 119 120 121 122 123 124 125 128 129 131 132 133 134 135 136 139 142 143 144 145 146 147 148 149 150 152 153 155 156 157 158 159 161 162 163 164 166 167 170 171 173 174 175 176 178 179 180 181 182 183 184 185 186 187 190 193 195 196 197 198 199
12 53 54 55 56 57 58 60 61 62 63 64 65 66 67 68 69 70 71 72 73 74 75 77 78 79 80 81 82 83 84 85 86 87 91 92 94 97 98 100 101 102 103 105 106 108 110 112 113 114 115 116 118 120 121 122 123 124 126 127 128 129 130 133 134 135 136 137 138 139 140 142 143 144 145 147 148 150 151 152 153 155 156 157 158 159 160 162 163 164 165 166 169 170 171 172 173 174 175 176 177 178 180 181 182 183 184 186 187 189 190 191 193 194 195 196 197 198 199 200
2 54 55 56 57 58 59 60 61 62 63 64 65 67 68 69 70 71 72 73 77 78 79 81 82 83 84 85 86 87 88 89 90 91 92 93 94 95 96 97 98 99 100 101 102 103 104 105 106 107 108 109 110 111 112 113 114 116 117 119 121 122 123 124 125 126 127 128 129 130 131 133 134 135 136 138 140 141 143 146 147 148 149 151 152 153 154 155 156 157 158 161 162 163 165 168 170 171 172 173 174 175 176 177 179 180 181 182 183 184 185 186 188 189 190 191 193 194 195 196 197 199 200
19 55 56 57 59 60 61 62 63 64 66 67 69 70 71 72 73 74 75 76 77 78 79 80 81 82 83 84 85 86 87 88 89 90 92 93 94 95 96 97 98 99 100 101 104 105 106 107 108 109 110 111 112 113 114 116 119 120 121 122 123 124 125 126 127 128 130 131 132 133 134 136 138 140 141 142 143 144 147 148 149 150 153 154 155 156 157 159 160 161 162 163 164 167 168 169 171 172 173 175 178 179 180 181 182 184 185 186 188 189 190 191 192 193 195 196 198 199 200
2 56 57 58 59 60 61 62 63 64 65 66 67 70 71 72 73 74 75 76 77 78 79 80 82 83 85 86 89 90 91 93 94 95 96 97 99 100 101 102 103 104 105 106 108 109 110 111 112 113 114 115 116 117 118 119 120 121 123 125 127 129 131 132 133 134 136 137 138 139 140 141 142 143 144 145 146 147 148 150 151 152 153 154 156 157 158 159 160 161 162 164 165 166 168 169 172 173 174 175 177 178 179 180 181 182 183 185 186 188 189 190 191 192 193 194 195 196 197 199 200
5 58 59 60 61 62 63 64 65 66 67 69 70 72 74 75 77 78 79 80 81 82 83 84 85 87 88 89 90 91 92 93 94 96 97 98 99 101 102 103 105 106 107 108 109 110 111 112 116 117 118 119 120 121 122 123 124 125 126 127 128 129 130 132 133 134 136 138 139 140 141 144 147 148 150 152 154 155 156 157 158 159 160 161 162 163 164 165 166 167 168 169 170 173 174 175 176 177 180 181 182 183 185 186 187 188 190 191 192 193 194 195 196 197 198 199 200
18 58 60 62 63 65 68 69 72 73 75 77 78 79 80 81 82 83 85 86 87 88 89 90 92 93 95 96 97 98 100 102 103 104 105 109 110 111 112 113 114 115 116 118 120 121 122 123 124 125 126 129 131 132 133 134 135 139 141 144 145 146 147 148 150 151 152 154 155 156 157 158 159 160 162 163 164 166 167 168 170 171 172 173 174 175 176 177 178 179 180 181 182 183 184 185 186 187 188 190 196 197 198 199 200
10 59 60 61 62 63 64 65 66 67 68 69 70 71 72 73 74 75 76 77 80 81 82 84 85 86 87 88 89 90 91 93 94 95 96 97 99 100 101 103 104 105 106 107 108 109 110 111 112 114 115 116 117 118 119 120 121 123 124 125 126 127 128 130 134 135 136 138 140 141 142 143 144 146 147 148 149 150 152 153 154 155 156 158 160 161 162 163 164 165 166 169 170 171 173 174 175 176 177 178 179 180 181 182 183 185 186 187 188 190 191 192 194 195 196 197 199
8 60 63 64 65 67 71 72 73 74 75 76 77 78 79 81 82 84 85 86 87 88 89 91 92 94 95 96 98 99 100 101 103 104 105 106 107 108 109 110 112 113 114 115 117 118 119 121 122 123 125 126 127 130 131 132 133 134 135 136 139 140 141 142 143 145 147 149 150 153 154 155 156 157 158 159 160 161 163 164 165 167 168 169 170 171 172 173 174 175 176 177 178 179 180 181 182 184 186 187 189 190 191 192 193 194 196 198 199 200
6 61 62 63 65 66 67 69 70 71 72 73 74 75 77 78 81 82 83 84 85 86 87 88 89 90 91 93 94 95 96 98 99 100 101 102 103 104 108 109 110 111 112 113 114 115 116 117 118 119 120 121 122 123 124 125 126 127 128 129 130 131 132 133 134 135 136 137 138 139 140 141 143 144 146 148 149 150 151 152 153 155 156 157 159 160 161 162 163 164 165 166 167 168 169 170 174 176 177 178 179 180 181 182 183 184 185 186 187 188 189 192 194 195 196 197 199 200
6 62 63 65 66 68 70 71 72 73 74 75 76 78 79 80 81 82 83 84 86 87 88 89 90 91 93 94 95 97 98 99 100 101 103 104 105 107 108 109 110 112 113 114 115 116 118 119 120 121 122 123 124 128 129 130 131 132 133 134 136 137 138 139 140 141 142 143 144 145 146 148 149 150 151 152 153 154 155 156 157 158 159 160 161 162 163 164 165 166 167 168 169 170 171 172 173 175 176 177 178 180 181 182 183 184 185 186 188 189 190 191 193 194 195 196 198 199 200
18 63 64 66 67 68 69 70 72 73 74 75 76 77 78 79 80 81 82 83 84 85 86 87 88 89 90 91 92 93 94 97 98 101 102 103 105 108 109 110 111 112 115 116 117 119 120 121 122 124 125 126 127 128 132 133 134 135 136 137 139 142 143 147 148 149 150 151 153 154 155 156 157 160 161 162 163 165 166 167 168 172 173 174 176 179 180 183 185 186 187 188 189 191 192 194 197 198 199
20 64 65 66 68 69 70 72 73 74 75 78 79 80 81 82 83 84 86 87 88 89 90 91 92 93 94 95 96 97 98 99 101 102 103 104 105 106 107 108 110 111 112 113 114 115 116 117 119 120 122 124 125 127 128 130 131 132 133 135 136 137 138 140 143 144 145 146 147 148 149 150 151 152 153 154 155 156 157 158 159 160 161 162 163 164 165 166 167 168 170 171 173 174 175 177 178 179 180 182 183 184 185 186 188 190 191 193 194 195 196 198 199 200
15 65 66 67 68 70 71 72 74 75 77 80 81 82 83 84 85 86 87 88 89 92 93 95 96 97 98 99 101 102 103 104 105 106 108 109 110 111 112 113 114 115 116 117 118 119 120 121 122 123 124 125 126 127 128 130 133 134 138 139 140 141 142 143 144 145 147 148 149 150 152 153 154 156 157 159 161 162 163 165 167 169 170 171 172 173 174 175 177 178 179 180 181 182 183 186 187 188 189 190 191 192 194 195 196 197 198 199 200
5 66 67 69 71 72 76 77 78 79 80 82 83 84 85 87 88 89 90 91 92 93 94 95 96 97 98 99 100 101 103 104 107 108 109 110 111 112 113 114 115 116 117 118 119 120 122 123 124 125 127 128 129 130 131 132 133 134 135 136 137 138 140 141 142 143 144 146 148 149 150 151 152 153 155 156 157 159 160 161 162 164 165 167 168 169 170 171 172 173 174 175 177 178 179 180 181 182 183 184 185 187 188 189 190 192 193 195 196 197 198 199 200
20 67 68 69 70 71 72 74 75 77 78 79 80 81 82 83 84 85 87 89 90 91 92 93 94 95 96 97 98 99 101 102 103 104 105 106 108 109 110 111 114 115 116 117 118 119 120 121 122 123 124 126 127 128 129 131 132 133 134 135 136 137 138 139 140 141 142 143 144 145 147 148 149 150 151 152 154 156 158 159 160 161 163 164 165 166 167 169 170 172 173 174 175 176 177 178 180 181 183 185 187 188 191 192 193 194 195 198 199 200
9 68 70 71 72 73 74 75 76 77 78 79 80 81 82 83 84 85 87 88 90 92 93 95 96 97 100 101 102 105 106 107 108 110 111 112 113 118 119 120 121 122 124 125 126 127 128 129 130 132 134 136 137 138 139 140 143 144 145 146 147 148 150 151 153 154 156 157 159 162 163 164 165 166 167 169 171 173 174 176 178 179 180 181 182 183 184 185 186 187 188 189 192 194 196 197 198 199 200
19 69 70 71 72 73 74 76 77 78 79 80 81 82 83 84 85 87 88 89 90 91 92 93 94 95 96 97 98 99 100 101 102 103 104 105 108 109 110 111 113 115 117 119 120 121 122 124 125 126 127 128 130 133 134 135 136 137 138 139 140 141 142 143 144 146 147 148 151 152 153 154 155 156 157 158 161 162 163 164 165 166 167 168 169 170 171 172 175 176 177 178 179 180 181 183 184 185 187 188 189 190 191 194 196 197 198
11 71 73 74 75 76 77 78 79 80 81 82 83 85 86 87 88 89 90 91 92 93 95 96 97 98 99 100 101 102 103 104 106 107 108 109 110 111 113 114 115 116 117 118 119 121 122 123 124 125 126 127 129 130 132 133 134 135 136 137 139 141 142 143 144 145 146 148 149 150 151 152 153 154 156 157 160 161 162 163 164 167 168 169 170 172 174 177 178 179 180 181 182 183 185 186 187 188 189 190 191 192 193 195 196 197 198 199
8 71 72 73 74 75 76 77 78 79 80 81 82 83 85 86 87 90 91 93 94 95 96 97 99 101 102 103 104 106 107 109 110 111 112 113 115 116 117 118 119 121 122 123 124 126 127 128 129 130 131 132 134 138 140 141 142 144 145 146 147 148 150 151 152 153 154 156 157 160 163 164 165 166 169 170 171 172 173 174 176 177 178 179 180 181 182 183 184 186 187 188 189 190 191 192 194 195 197 198 199 200
2 72 73 74 75 76 77 78 79 80 81 82 83 84 87 88 89 93 94 95 97 98 99 100 102 103 104 105 106 107 108 109 110 111 112 114 115 116 117 118 119 120 121 125 126 128 129 130 131 132 134 135 138 139 140 141 142 144 145 147 148 150 153 156 157 158 159 160 161 162 164 166 169 171 174 175 176 177 178 180 181 182 183 184 185 186 187 189 190 191 192 193 195 196 197 198 199 200
13 73 74 75 76 77 78 79 81 83 84 85 86 87 88 89 90 91 92 93 94 95 96 97 98 99 100 101 102 103 104 105 106 107 108 109 110 112 115 116 117 118 119 120 122 123 125 126 127 128 130 131 132 133 134 136 137 138 139 140 141 142 144 145 146 148 149 150 151 152 153 154 155 156 157 158 159 160 161 162 163 164 166 167 168 169 170 171 172 173 174 175 176 177 178 179 181 183 184 185 186 189 190 191 194 195 196 198 199 200
3 74 75 76 78 79 80 82 83 84 87 88 89 90 91 93 94 95 96 98 99 100 101 102 103 104 105 106 109 110 112 113 114 115 116 117 118 121 122 125 126 127 128 129 131 132 134 135 136 137 138 141 142 144 145 147 148 149 150 151 152 153 154 155 156 159 160 161 162 163 164 165 166 168 170 172 173 174 175 176 177 179 180 182 183 184 186 187 188 189 190 191 192 193 194 195 196 198 199 200
20 75 76 77 80 81 82 83 85 86 87 88 89 90 91 92 93 95 97 98 99 100 101 102 103 104 105 106 107 108 109 111 112 113 114 115 116 117 118 119 120 121 122 123 124 125 126 128 129 130 131 132 133 134 136 137 138 139 140 142 143 144 146 147 148 149 151 153 154 155 156 158 159 160 161 163 164 165 166 167 168 169 170 171 172 173 174 175 176 177 178 179 183 184 185 186 187 188 189 191 192 193 194 195 196 197 198 199 200
7 76 77 78 79 80 81 83 84 85 86 88 89 91 94 95 98 99 100 101 102 103 104 105 106 107 108 109 111 113 114 116 118 119 120 121 122 123 124 127 128 130 131 132 133 134 136 137 138 140 141 142 144 145 146 147 148 149 150 152 153 155 156 157 158 159 160 162 164 165 167 168 169 171 173 174 175 176 177 178 180 181 182 183 184 185 186 189 190 191 192 195 196 198 199 200
3 78 79 80 81 82 83 84 85 88 89 90 91 92 93 94 95 97 98 100 101 102 103 104 105 106 107 108 109 110 111 112 113 114 115 117 118 119 121 122 123 124 125 127 128 129 130 131 132 134 135 136 137 138 140 142 143 144 145 147 148 149 150 151 152 156 157 158 159 161 162 164 165 168 169 171 172 174 175 176 177 178 179 181 182 183 185 186 188 189 191 192 193 195 197 198 199 200
4 78 79 81 82 83 85 88 89 90 91 93 94 95 97 98 99 102 103 104 105 106 107 108 109 110 111 114 115 116 118 121 123 125 126 127 128 129 130 131 132 133 135 136 137 138 139 140 143 144 145 147 148 149 150 151 152 153 155 157 158 159 160 161 163 164 165 167 168 169 171 172 174 175 176 177 178 179 180 181 187 188 190 192 193 194 195 196 197 198 199
17 80 81 82 83 84 86 87 88 90 91 92 93 95 97 98 99 100 101 102 103 104 105 106 107 108 109 110 112 113 115 116 117 118 119 120 122 123 124 126 127 128 129 130 131 132 133 134 135 136 137 138 140 141 142 145 146 147 148 149 150 151 152 153 156 157 158 159 162 163 166 167 168 169 172 174 175 176 177 178 179 182 184 185 186 189 190 192 193 194 196 197 198 199 200
9 80 82 84 85 86 87 88 90 91 92 93 94 95 96 98 99 100 101 103 104 105 106 107 108 109 110 111 113 114 115 116 117 118 119 120 121 122 123 124 125 126 127 130 131 133 134 135 137 138 139 140 141 142 143 144 146 148 149 150 151 152 154 156 159 161 162 163 164 166 167 168 170 171 172 175 176 177 178 179 180 182 183 184 185 186 187 189 190 191 193 195 196 197 198 199 200
2 81 82 83 84 85 86 88 89 90 91 92 94 95 96 98 100 101 102 104 105 106 107 108 109 110 111 114 115 116 117 119 120 121 122 123 124 126 127 129 131 132 133 134 136 137 139 140 141 143 144 145 146 147 149 150 151 152 153 154 155 156 157 158 159 160 161 162 165 166 167 170 171 172 173 175 176 177 178 179 180 181 182 183 184 185 186 188 189 191 192 193 194 196 198 199 200
5 82 83 84 86 87 88 89 90 91 92 93 94 96 97 98 99 102 103 104 105 106 108 109 110 111 112 113 114 117 119 120 121 124 125 127 128 129 130 131 133 134 136 137 138 139 140 142 143 144 145 148 149 150 151 152 153 154 155 157 158 159 161 162 163 165 167 168 169 173 174 175 176 177 178 179 180 181 182 184 185 187 188 189 190 191 192 194 195 196 197 199 200
9 83 85 86 87 88 89 91 92 94 95 96 97 98 99 101 102 103 104 106 107 108 109 110 111 113 114 115 116 117 118 119 120 122 124 125 126 127 130 131 132 133 135 136 137 138 140 141 142 143 144 146 147 149 150 151 152 153 154 156 158 159 161 162 163 164 165 166 167 168 169 170 172 174 175 176 177 178 179 180 181 182 183 185 186 187 188 189 190 191 192 193 194 195 196 197 199 200
13 84 86 87 88 89 90 91 92 93 95 96 97 98 99 101 102 103 105 106 107 108 109 110 111 112 113 115 116 117 118 119 120 122 123 126 127 128 129 131 133 134 137 138 139 140 141 142 143 145 146 147 148 149 150 151 153 154 155 156 159 160 161 162 163 164 165 166 167 168 169 170 171 172 175 176 177 178 179 180 181 182 183 184 185 186 187 188 189 190 191 193 194 195 196 197 199 200
3 85 86 87 88 91 92 93 94 95 96 97 98 99 100 101 102 103 104 105 107 108 109 110 111 112 113 114 115 116 117 118 119 120 121 123 124 125 126 127 128 129 130 131 133 134 135 136 138 139 140 141 142 143 144 147 148 149 153 154 156 157 158 159 160 161 164 165 166 168 169 170 172 174 175 176 177 178 179 180 181 183 184 185 186 187 188 189 191 192 193 194 195 196 197 198 199 200
6 86 87 89 91 92 93 95 96 97 98 99 100 101 102 103 104 107 109 110 111 112 116 117 118 119 120 122 123 126 127 128 131 132 133 136 137 139 140 141 142 144 145 146 147 148 149 150 151 152 153 155 157 158 159 160 162 163 164 165 166 169 170 172 173 174 175 176 178 179 180 183 184 185 186 187 188 189 190 192 193 196 197 198 199 200
6 87 88 89 90 91 93 94 96 97 98 99 100 101 102 103 104 105 107 108 109 110 111 112 114 117 118 119 120 121 122 123 125 126 127 128 130 131 132 133 136 137 138 139 140 144 145 146 147 148 149 150 151 152 153 154 157 159 160 162 164 165 167 168 169 170 171 172 173 175 176 177 178 179 181 182 183 184 185 186 187 188 190 191 192 193 195 196 197 198 199 200
5 88 89 90 91 92 93 94 98 99 100 101 102 103 104 105 106 107 108 109 110 112 113 114 115 116 117 118 119 120 121 122 123 124 125 126 127 128 129 131 132 133 134 135 136 137 138 139 140 141 142 144 145 146 147 148 149 150 151 152 153 154 155 156 157 159 160 161 162 165 166 167 168 169 171 172 173 176 177 179 180 181 184 185 186 187 188 191 192 194 195 196 197 199 200
3 89 90 91 92 93 98 100 101 102 103 104 105 107 108 109 110 111 112 113 116 117 118 119 120 122 123 125 126 128 129 130 131 132 133 134 136 137 139 140 141 142 144 145 146 147 148 149 150 151 152 153 154 155 156 157 158 159 160 161 162 163 164 165 166 167 170 171 172 173 175 176 177 178 183 184 185 186 187 188 189 192 193 196 198 199 200
18 90 92 93 94 95 96 97 98 99 100 101 102 103 104 105 106 107 108 109 110 111 113 114 115 116 117 118 119 120 121 122 123 124 125 126 127 128 129 130 132 133 134 135 136 137 138 139 140 141 142 143 144 145 147 148 149 150 151 152 153 154 155 156 157 158 159 160 162 163 167 169 171 172 173 174 176 178 179 180 181 182 184 185 186 187 188 189 190 192 193 194 195 197 199
5 91 92 93 94 95 96 97 98 99 100 101 102 105 106 107 108 110 112 114 115 117 118 120 121 122 124 125 126 127 128 129 130 132 133 134 136 137 138 139 141 142 143 147 149 150 151 152 153 154 155 156 157 159 162 163 164 165 166 167 168 171 172 173 174 176 177 178 179 180 184 185 187 188 189 190 191 192 193 194 195 197 198 199 200
4 92 93 94 96 98 99 100 102 103 104 106 107 108 110 111 112 113 114 115 116 118 120 122 123 125 126 127 128 129 130 131 132 133 134 136 137 138 139 140 141 142 143 144 146 147 148 149 150 152 153 154 155 156 158 159 160 161 162 163 164 165 166 167 168 169 170 171 172 173 174 175 176 177 180 181 182 183 184 185 186 187 188 189 190 191 192 194 196 197 199 200
13 94 96 97 98 100 102 103 105 106 107 108 109 111 112 113 115 116 118 120 121 122 123 124 125 126 128 129 131 132 133 134 136 137 139 140 142 143 145 146 147 148 149 150 152 156 157 158 159 160 161 163 165 167 169 170 171 172 173 174 175 176 177 178 179 180 181 182 186 188 189 191 192 193 194 195 198 199 200
13 94 95 96 97 98 100 101 102 104 105 106 109 110 111 112 114 115 117 118 119 120 122 123 125 126 128 129 130 131 132 133 134 135 136 137 138 139 140 141 145 146 149 151 155 156 157 158 159 160 162 163 165 166 168 169 170 171 172 173 174 176 177 178 179 180 181 182 184 185 186 188 189 190 191 192 194 195 196 198 200
13 95 96 97 98 99 100 101 102 104 106 107 108 109 110 111 112 113 114 115 118 121 122 123 125 126 129 130 131 132 133 134 136 137 138 140 141 142 144 145 146 147 148 149 150 151 152 154 155 156 158 159 160 161 162 164 166 167 168 169 170 172 174 175 177 179 181 182 183 184 185 186 187 188 189 191 192 193 194 195 196 197 198 200
6 98 99 100 101 102 103 104 105 107 108 109 110 111 112 113 114 116 117 118 119 120 121 122 123 126 127 129 130 131 132 133 134 135 136 137 138 140 141 142 144 146 147 148 150 151 152 153 154 155 156 157 159 160 162 163 164 165 166 168 169 170 171 172 173 175 177 178 179 180 181 182 183 184 185 186 187 188 189 190 191 192 194 195 196 197 198 200
14 97 98 99 100 103 105 106 107 108 109 110 111 112 114 115 116 117 118 119 121 122 123 124 126 128 129 130 131 132 133 134 135 136 137 138 139 140 141 142 144 145 146 147 148 149 151 152 153 154 155 156 157 158 159 161 162 163 164 165 166 167 168 169 171 172 173 174 175 177 178 179 180 181 182 183 184 185 186 187 188 189 190 191 192 193 194 195 196 197 198 199 200
7 98 99 100 101 102 103 104 105 106 107 108 109 110 111 112 113 114 115 116 118 119 120 121 122 123 124 125 126 127 129 130 131 132 133 134 135 136 137 138 139 140 141 142 143 144 145 147 148 149 151 152 153 155 156 157 160 161 162 164 165 168 169 171 172 173 174 176 178 179 180 181 183 184 185 186 188 190 191 192 193 194 196 197 198 199 200
10 100 102 103 104 105 107 108 109 110 112 114 115 116 118 119 120 121 122 124 125 126 128 129 130 131 133 134 135 136 137 138 139 140 141 142 143 144 145 146 147 148 149 150 151 152 153 154 155 157 159 161 162 163 164 165 166 167 169 171 172 173 175 176 177 178 179 180 181 183 184 185 186 188 190 191 192 193 194 195 197 198 199
16 101 102 103 104 105 106 108 110 111 112 114 115 116 117 118 119 120 122 123 124 125 126 127 128 129 130 132 133 135 136 137 138 139 140 141 142 143 145 149 150 151 152 153 154 155 156 157 158 159 164 165 168 170 171 172 173 174 175 176 177 178 179 180 181 182 184 185 186 187 188 189 190 191 192 194 197 198 199 200
19 101 103 104 106 107 108 109 110 113 114 115 116 117 118 119 120 122 123 124 125 126 127 129 130 131 132 133 134 135 136 137 139 140 141 142 143 144 146 147 149 150 153 155 157 158 159 160 161 162 164 165 169 172 173 174 175 176 177 179 180 181 182 183 184 185 186 187 188 189 190 191 192 193 194 195 196 197 198 200
2 102 103 105 107 108 109 111 112 113 114 115 118 119 120 121 122 123 124 125 127 128 129 130 132 133 134 136 137 138 139 140 141 142 143 145 146 147 148 149 150 151 152 154 155 156 157 158 159 160 161 164 165 166 167 168 169 170 171 172 173 175 176 177 178 179 180 181 182 183 184 185 186 187 188 189 190 191 192 193 194 196 198 199
12 103 105 106 107 108 109 110 111 113 114 117 119 120 121 122 123 124 127 128 129 130 131 132 133 135 141 142 143 144 146 147 148 149 150 151 152 153 154 155 156 157 158 159 160 161 162 163 164 165 166 167 168 170 171 172 173 174 175 176 177 178 179 180 181 182 183 184 186 189 190 191 192 194 195 196 198 199 200
5 105 106 107 108 109 112 113 114 115 116 117 118 119 120 121 122 124 125 126 127 128 130 131 132 133 134 135 136 137 141 142 143 144 146 147 148 149 150 151 152 153 154 155 157 158 159 160 161 162 163 164 165 166 167 169 171 173 174 175 176 177 178 179 183 184 186 187 189 190 191 192 193 194 195 196 197 198
15 105 106 107 108 110 112 114 115 116 117 119 120 121 122 123 124 125 126 127 128 129 130 131 133 134 135 136 137 139 140 141 142 143 144 145 146 147 149 151 152 153 154 155 157 158 159 160 161 162 163 164 165 166 167 168 169 170 171 172 173 174 176 177 178 180 181 182 184 185 186 188 189 190 191 192 194 195 198 199 200
20 106 107 108 110 111 112 113 114 115 116 117 118 119 120 121 122 123 124 125 126 127 128 129 130 132 133 136 138 139 140 141 142 143 144 145 146 147 148 149 150 151 153 154 155 156 157 158 159 161 162 163 164 165 166 167 168 169 170 171 174 175 176 177 178 179 180 181 182 183 184 185 186 187 188 189 190 191 192 194 197 199
9 107 108 109 110 111 112 114 115 116 117 118 119 124 125 126 129 130 131 133 134 135 136 137 138 139 140 141 142 143 144 145 147 148 149 150 151 152 153 154 156 157 158 160 161 162 163 164 165 166 167 168 169 171 172 173 174 175 176 177 178 179 180 181 182 183 184 186 187 189 190 192 193 195 196 197 198 199 200
4 108 110 111 112 114 115 116 117 119 120 121 122 123 124 125 126 127 128 129 130 132 133 134 135 138 139 140 141 142 143 144 145 148 149 150 151 153 154 155 156 157 158 159 161 162 163 164 166 167 168 171 172 173 174 176 178 179 181 182 185 186 187 188 189 190 191 192 193 194 195 196 197 198 199 200
19 109 110 111 113 115 116 117 118 120 121 122 123 124 126 127 128 129 130 132 133 135 136 137 138 139 140 141 142 143 145 146 148 149 150 151 152 155 156 157 158 159 160 161 162 163 164 166 167 168 169 170 171 172 174 175 177 179 180 181 182 183 184 185 186 187 188 189 190 191 195 196 197 198 199 200
20 110 112 113 114 115 116 117 118 119 120 121 122 123 124 125 126 127 128 130 131 132 133 135 137 138 139 141 142 143 144 145 146 147 150 151 154 155 157 158 159 160 161 162 163 164 168 169 170 171 173 175 177 178 179 180 181 183 184 186 188 190 191 192 193 195 196 197 198 199 200
4 112 113 114 115 116 117 118 119 120 122 123 124 125 128 130 131 133 135 136 138 139 140 141 142 143 144 145 147 148 149 150 151 153 154 155 156 158 160 161 163 164 165 167 168 169 170 171 172 173 174 175 176 177 178 180 181 182 183 184 185 186 188 189 190 191 192 193 195 197 198 200
5 112 113 114 115 116 117 118 119 120 121 122 123 125 126 127 128 132 133 134 136 137 138 140 141 143 144 145 146 147 148 149 151 153 154 155 156 157 158 160 161 162 163 164 166 167 170 171 172 173 174 175 176 177 178 179 180 181 183 185 187 188 192 193 194 195 196 197 198 199 200
8 114 115 116 117 118 120 121 122 123 124 125 126 128 129 130 131 132 133 135 138 139 140 141 142 144 145 146 147 148 149 151 152 153 154 155 156 157 158 159 160 161 162 163 165 166 167 168 169 170 171 172 173 174 175 176 177 178 179 181 182 183 184 185 186 188 189 190 191 192 193 194 195 196 197 198 199 200
11 114 116 117 118 119 120 121 123 124 126 128 129 130 131 132 134 135 136 137 138 140 141 143 144 145 147 148 149 150 151 153 154 155 156 158 159 160 161 162 164 165 167 168 169 170 171 173 174 175 177 179 180 182 183 184 185 186 187 188 189 191 193 194 195 196 197 198 199
20 115 116 117 118 120 121 122 123 124 125 126 127 128 129 130 131 132 133 134 135 136 138 139 141 142 143 144 145 146 147 148 150 151 152 154 155 156 157 159 160 161 163 164 165 166 167 168 169 170 172 173 174 177 178 179 180 182 183 186 187 188 189 190 191 192 193 194 195 197 198 199 200
7 116 117 118 119 120 121 123 124 125 128 129 130 132 133 134 137 138 139 140 141 142 143 144 146 147 148 149 150 151 152 153 154 155 156 158 159 160 161 162 163 164 165 166 167 168 169 170 171 172 176 177 178 179 182 183 184 185 186 187 188 190 192 193 194 195 196 197 198 199 200
11 117 118 119 120 121 122 123 124 127 128 130 131 133 134 135 136 137 139 140 141 142 143 144 145 146 147 148 149 152 153 154 155 156 157 159 161 162 163 164 165 166 167 168 170 171 172 173 174 175 176 177 178 179 180 182 183 185 186 187 189 190 191 193 194 195 196 197 198
2 119 121 122 123 124 127 128 129 130 132 133 134 135 136 138 139 140 141 142 144 145 146 148 149 150 151 152 153 154 155 156 157 158 162 163 165 166 167 168 169 170 172 173 174 175 177 179 180 181 182 183 185 186 187 188 189 190 191 192 194 195 196 197 198 199 200
5 119 120 121 123 125 126 128 131 133 134 135 136 137 138 139 140 141 142 143 144 145 146 147 149 150 151 153 154 156 157 158 160 161 163 164 166 167 168 169 170 171 172 173 175 176 177 178 179 180 181 183 184 185 186 187 188 191 192 194 195 197 198 199 200
13 121 122 123 124 125 126 127 128 129 130 131 132 133 134 135 136 137 138 139 140 142 144 146 147 148 149 150 151 152 153 155 156 157 158 159 160 163 165 167 169 170 172 174 175 176 177 179 180 181 183 185 187 188 190 191 192 193 194 195 196 197 200
19 121 122 123 125 126 127 128 129 130 131 132 134 135 136 137 138 141 142 143 145 146 147 149 151 152 153 154 155 157 158 159 160 161 162 163 164 165 166 169 170 171 172 173 174 177 178 179 181 182 184 185 186 187 188 189 191 193 194 195 196 197 198 199 200
13 122 123 125 126 127 128 129 130 131 132 133 134 135 136 137 139 140 141 142 143 145 146 147 148 150 151 152 153 155 156 157 158 160 161 162 163 164 165 166 168 169 170 171 172 173 174 175 176 178 179 180 181 182 183 184 186 187 188 189 190 191 192 193 194 195 196 197 198 199 200
14 123 125 126 127 128 129 130 132 133 134 135 136 138 139 140 141 142 144 146 147 149 150 151 152 154 156 157 158 159 160 161 162 163 164 165 166 167 168 169 170 171 172 173 174 176 177 178 179 180 181 182 183 184 185 186 187 188 189 190 194 196 197 198 199 200
5 124 125 126 127 128 129 130 131 132 133 134 135 136 137 138 140 141 142 143 144 145 146 147 148 149 150 151 152 153 154 155 156 159 160 161 162 163 164 165 167 170 172 173 174 176 177 179 181 182 183 185 187 188 189 190 191 192 193 194 196 197 198 199 200
6 125 126 127 128 129 130 131 132 133 134 135 137 138 140 141 142 143 144 145 146 147 148 149 150 152 153 155 157 158 159 160 161 162 163 164 165 166 167 168 169 170 171 173 174 175 176 177 178 180 181 185 186 187 188 190 191 192 193 194 195 196 197 199 200
9 126 127 128 130 131 132 135 136 137 138 140 141 142 143 144 145 146 147 149 150 152 154 155 156 157 158 159 160 161 163 164 165 166 167 168 169 170 171 172 173 174 176 177 178 179 181 182 184 185 187 189 190 191 193 194 195 196 197 198 199 200
19 128 129 130 133 134 135 137 140 141 142 143 144 145 146 147 148 149 150 151 152 153 155 156 157 158 159 161 162 163 164 165 166 167 168 169 170 171 172 173 175 177 178 180 181 182 184 185 187 188 190 191 192 193 194 195 196 197 199 200
12 128 129 130 131 134 136 137 138 139 140 141 142 143 144 146 148 149 150 151 153 154 155 157 158 159 160 161 162 163 165 166 167 168 169 170 171 172 173 174 175 176 178 179 180 181 182 183 185 186 187 188 189 192 193 194 195 196 197 198 199 200
18 129 130 132 133 134 135 136 138 139 140 141 143 145 146 147 148 149 150 151 152 153 154 155 156 157 158 159 161 163 164 165 166 167 169 170 171 173 174 175 176 177 178 179 180 183 184 185 186 187 188 189 191 192 193 194 195 196 199
3 130 132 133 134 135 136 137 138 139 140 142 143 144 145 146 147 148 149 150 151 152 153 154 155 156 157 158 159 160 161 162 163 164 166 168 170 171 172 173 174 175 176 177 178 179 181 182 186 187 188 189 190 191 192 193 195 197 198 200
5 131 132 133 134 135 136 137 140 141 142 143 144 145 146 147 148 149 150 151 152 153 154 155 156 158 159 160 162 163 165 166 168 169 172 174 175 176 177 178 179 180 181 182 183 184 185 186 187 188 189 191 192 193 194 195 196 198 199 200
7 132 133 134 135 136 137 138 139 140 141 142 143 145 146 147 150 151 152 153 154 156 158 159 160 161 163 164 165 167 168 169 170 171 172 173 174 175 176 178 179 181 183 184 185 186 187 188 189 190 191 192 193 194 195 196 197 200
8 133 134 135 136 137 138 139 143 144 145 146 147 148 149 150 151 152 154 155 156 157 158 159 160 163 164 165 167 168 169 170 171 172 173 174 175 176 177 178 179 180 181 182 183 184 185 186 189 190 191 192 193 194 195 196 197 199 200
10 134 135 137 138 141 142 143 144 145 146 147 149 151 152 154 155 156 158 159 160 161 162 163 164 166 167 168 169 170 171 172 173 174 175 176 179 180 182 183 184 185 186 188 189 190 192 193 194 195 196 197 200
4 139 141 142 143 144 146 147 149 150 151 152 153 154 155 160 161 162 163 164 165 166 168 170 173 174 175 176 179 182 183 184 186 187 188 189 190 191 192 194 195 196 197 198 199 200
8 136 137 138 139 140 141 142 144 145 147 149 150 152 154 155 156 157 158 159 160 161 162 163 164 166 167 168 169 170 171 172 173 174 175 176 177 179 180 185 186 187 188 190 191 192 193 195 196 197 199 200
15 137 138 139 140 141 142 143 144 145 147 148 149 150 151 152 153 154 155 156 157 158 159 160 161 162 163 164 165 166 168 169 170 171 172 173 174 175 176 177 179 180 181 182 183 184 185 186 188 189 190 191 193 195 196 197 199
20 138 140 141 142 143 144 145 146 147 148 150 151 152 153 154 155 156 157 158 160 161 163 164 165 166 167 168 169 170 171 172 173 175 176 177 178 179 182 184 185 186 187 188 190 191 192 193 194 195 196 197 198 199 200
12 140 142 143 144 147 148 149 150 151 153 154 155 156 157 159 160 161 163 165 166 167 169 170 171 172 173 174 176 177 178 179 180 181 182 183 184 185 187 190 191 194 195 196 197 198 199 200
4 140 141 142 143 144 145 146 147 148 149 150 151 153 154 155 157 159 161 162 163 164 165 166 168 169 170 172 176 177 179 180 181 182 183 187 189 190 191 192 194 195 197 199 200
19 141 142 143 144 145 147 148 149 150 151 152 153 155 157 158 159 161 162 165 166 167 168 169 170 171 172 175 177 178 179 180 181 182 183 185 186 187 188 189 190 191 193 194 196 197 198 199
4 142 144 145 146 147 150 151 152 153 154 155 159 161 162 163 164 165 166 167 168 169 170 171 173 175 176 177 178 179 180 181 182 184 185 186 188 189 190 191 192 193 194 195 196 197 198 199 200
10 143 144 145 147 148 151 152 153 154 155 156 158 159 160 161 162 163 164 166 167 170 171 172 175 178 179 180 181 182 183 185 186 188 189 190 192 193 194 197 198 199 200
19 144 145 146 147 148 149 150 152 153 154 155 156 157 158 159 160 161 163 164 165 167 168 170 171 172 173 174 175 176 177 178 179 180 181 183 184 185 186 187 188 189 192 193 194 195 196 197 198 199 200
18 145 146 147 149 150 151 152 158 160 161 162 164 165 166 167 169 170 171 172 173 174 175 177 178 180 181 183 184 185 186 187 189 190 191 193 194 195 196 197 198 199
4 148 149 150 151 152 153 154 156 157 159 160 161 162 163 164 166 167 168 170 171 172 174 175 176 177 178 179 180 181 183 184 185 186 188 189 190 192 193 194 195 196 197 198 199 200
4 147 148 149 150 151 152 153 154 155 158 160 162 163 165 166 167 168 169 170 172 173 174 175 176 177 179 180 181 182 184 185 186 187 188 189 190 191 192 193 194 195 197 198 199
4 148 149 150 151 153 154 155 156 158 160 161 162 164 168 169 170 172 173 174 175 176 177 178 179 180 181 183 185 186 187 189 190 191 192 193 194 195 196 198 199 200
17 149 150 151 152 153 154 156 157 158 159 160 161 162 163 164 166 167 169 170 171 172 173 174 176 179 181 182 183 184 185 186 187 188 189 192 194 196 198 199 200
20 150 151 152 153 154 155 156 157 158 159 160 163 164 167 168 170 171 175 176 177 179 180 182 184 185 186 187 188 190 191 192 193 194 196 198 199 200
3 151 153 154 155 157 159 161 162 165 166 167 168 171 172 173 174 175 176 177 180 181 184 186 187 188 189 190 192 193 194 195 196 197 199
20 152 153 155 156 157 158 159 160 161 163 164 165 166 167 169 171 172 173 174 176 177 178 179 180 182 183 185 186 187 189 190 191 192 193 194 195 196 197 198 199 200
15 153 154 155 156 157 158 160 161 162 163 167 170 171 172 173 174 175 176 178 179 180 186 187 188 189 190 191 192 193 194 195 196 198 199 200
14 155 156 159 160 161 162 163 164 165 166 167 168 169 170 171 172 173 174 175 176 177 178 179 180 181 183 185 186 187 189 191 192 193 194 195 197 198 199 200
4 155 156 157 158 159 160 161 163 165 166 167 168 169 170 172 173 174 175 176 177 178 179 180 181 182 183 184 185 186 187 190 191 192 193 194 195 196 197 198 200
18 156 159 161 163 164 165 166 168 169 170 172 173 174 175 177 178 179 180 181 182 183 185 186 187 188 190 192 193 194 196 197 198 199
19 157 158 159 160 162 163 164 166 167 169 170 171 172 173 174 175 176 177 178 179 180 181 182 183 185 189 190 191 194 195 196 197 198 199 200
3 158 160 161 162 163 164 165 166 168 169 170 171 172 173 174 175 176 178 179 181 182 183 185 186 187 188 189 190 191 192 193 194 195 196 197 199
14 159 160 161 162 163 164 166 167 168 169 170 172 173 174 175 176 179 180 181 182 183 184 185 187 188 190 191 192 193 194 195 196 198 199 200
15 160 161 164 165 167 168 169 170 171 172 173 175 176 178 179 180 184 185 188 189 190 191 192 193 195 196 197 199 200
9 161 162 163 165 166 167 168 169 170 171 172 174 175 176 177 178 179 180 181 183 184 185 186 187 190 192 193 195 196 197 198 199
12 162 163 164 165 167 169 170 171 172 173 174 175 176 177 179 181 182 185 186 187 189 190 191 192 193 194 195 196 197 198 199 200
5 163 164 166 167 168 170 171 172 173 174 175 176 177 178 180 183 184 185 187 188 189 190 191 192 193 194 195 196 197 198 199 200
15 164 167 169 171 172 173 174 175 176 177 178 179 180 182 184 185 186 187 188 189 190 191 192 193 196 197 198 199 200
17 165 167 168 169 172 174 175 176 178 179 180 181 182 183 184 185 186 187 188 189 190 192 193 194 195 196 197 198 199
8 166 167 168 169 170 171 172 173 174 175 176 177 178 179 180 181 183 184 185 186 187 191 193 194 195 196 197 198 199 200
14 167 169 170 172 173 175 176 178 180 182 183 184 185 187 188 189 190 191 192 193 194 196 197 198 200
6 169 170 171 174 175 176 178 179 181 182 184 185 186 187 188 189 190 191 192 193 195 198 199 200
6 169 170 171 172 173 174 175 176 178 179 180 181 182 184 185 186 188 189 190 191 192 193 196 197 199 200
17 172 173 174 175 176 177 178 179 181 183 184 185 186 187 189 190 191 192 193 196 197 198 199 200
2 171 173 176 177 178 179 180 181 183 184 185 187 188 192 193 194 196 197 198 199 200
17 172 173 174 175 176 178 180 184 185 187 188 189 190 191 193 194 195 196 197 198 199 200
11 173 176 178 179 180 181 182 183 185 186 189 191 192 195 196 197 198 199
10 174 175 176 177 179 180 182 183 184 185 186 187 188 190 192 194 195 196 197 198 200
4 176 177 179 180 181 183 184 185 186 187 188 189 190 191 192 193 194 195 198 199 200
6 178 180 182 185 186 187 188 189 190 191 192 193 194 197 198 199 200
17 177 179 180 181 182 184 185 186 188 189 191 192 193 194 196 197 198 199 200
11 178 179 180 181 182 183 184 185 186 188 189 190 191 192 193 195 196 197 198 199
8 179 181 182 183 185 187 188 189 190 192 194 195 196 197 198 199
8 180 181 182 184 186 187 188 189 190 191 192 194 195 197 198 199 200
11 182 183 184 186 187 188 189 190 191 192 193 194 195 197 198 199 200
14 182 183 184 185 187 188 189 190 191 192 193 194 195 196 197 198 199 200
10 184 185 186 187 188 190 191 193 194 195 196 198 200
15 184 187 188 189 191 192 193 194 197 199 200
10 185 186 188 189 190 191 192 193 194 195 196 197 198 199 200
19 186 187 188 189 191 192 193 194 195 196 197 198 199
4 187 188 189 191 192 193 194 195 196 197 198 199 200
2 188 189 190 191 192 193 194 195 196 197 198 199 200
5 189 191 192 193 196 197 198 199 200
18 190 191 192 193 194 195 196 198 199 200
6 191 192 193 194 195 196 197 198 199 200
15 194 196 199
15 194 195 196 197 198 199
2 194 195 196 197 198 199 200
5 195 196 198 200
8 196 198 199 200
3 197 198 199
17 198 199
3 199 200
11 200
8
