50	10	10000	10
-4	962	2
-4	182	8
-1	816	4
-3	949	3
-5	653	5
-4	799	7
-4	500	2
-3	957	3
-4	822	8
-3	637	8
924 2 3 4 6 7 8 9 10 11 12 14 15 16 17 18 19 20 21 22 23 24 26 27 28 30 31 32 33 34 35 36 37 38 39 40 41 43 44 45 46 47 50
726 3 4 6 8 9 11 12 13 14 16 17 18 19 20 21 22 23 24 25 26 27 28 29 32 33 35 36 37 38 39 40 42 44 45 47 48 50
733 5 6 9 11 12 16 17 18 19 21 22 23 24 25 26 27 28 30 31 32 33 34 35 36 37 39 40 41 42 43 44 45 46 47 50
970 5 6 8 9 10 11 12 13 14 15 16 18 19 20 21 22 25 26 27 28 29 30 31 32 33 34 35 36 37 38 39 40 41 43 44 45 46 47 48 49 50
836 6 7 8 9 10 11 12 13 15 18 20 21 22 23 24 25 26 27 30 31 32 33 34 35 36 37 39 41 42 44 45 46 47 48 50
295 7 9 10 11 12 13 14 16 17 18 19 20 21 22 23 24 25 26 27 28 29 30 31 35 36 37 38 39 40 42 44 45 46 47 48
182 8 10 11 12 14 15 16 17 18 19 20 21 24 25 26 27 28 31 32 34 35 36 37 38 40 41 44 45 47 48 49 50
408 11 12 13 14 15 16 17 18 20 21 22 23 24 26 27 28 29 30 31 32 34 35 36 38 40 41 42 43 44 46 47 48 50
660 10 11 12 14 15 16 17 18 20 22 23 24 25 26 27 29 30 31 33 34 35 36 37 38 40 41 42 43 44 45 46 47 48 49 50
191 11 12 13 14 16 17 19 21 22 23 24 26 27 28 30 31 32 34 35 36 37 39 42 43 44 45 47 48 49 50
922 12 13 14 15 16 17 18 19 20 21 22 23 24 25 26 27 28 29 30 32 34 35 36 37 38 40 41 42 43 44 45 46 48 49 50
133 13 14 15 16 18 21 23 24 25 26 27 28 29 30 31 32 33 34 35 36 37 38 39 40 41 42 46 48 50
997 14 15 16 18 20 21 22 24 26 28 29 31 32 35 36 37 38 40 41 42 44 46 47 49 50
139 15 16 17 18 20 21 24 26 27 28 29 30 32 33 36 37 38 39 40 43 44 46 47 48 49
665 16 18 19 20 21 22 23 24 25 26 27 29 31 33 34 35 37 38 39 40 41 42 44 47 49 50
922 17 20 22 23 25 26 28 29 30 31 32 34 35 36 37 38 39 42 43 44 45 46 47 48 49 50
941 18 19 20 21 22 23 24 25 27 28 29 30 31 33 35 36 37 38 39 43 44 45 46 47 50
243 19 20 21 22 23 25 26 27 28 29 30 31 32 33 34 35 36 37 38 39 41 43 44 45 47 50
645 20 21 22 23 24 25 26 27 30 31 32 33 34 35 36 37 38 39 40 41 42 43 44 46 47 48 49 50
201 21 22 23 24 25 27 29 30 31 32 33 34 36 37 38 39 40 41 42 43 45 46 48 49 50
288 22 23 24 25 26 28 29 30 31 33 34 36 38 39 40 41 42 43 44 45 46 47 48 49 50
587 23 24 25 26 27 28 31 32 34 36 38 39 40 41 42 43 46 47 48 49 50
583 26 27 28 29 30 31 33 34 35 36 37 38 39 40 41 43 44 45 46 47 48 49
544 25 26 27 28 29 30 31 32 33 35 36 37 38 39 41 42 43 44 46 47 48 49
725 26 27 28 29 32 33 34 35 36 37 38 39 40 41 42 43 44 45 47 48 49
349 28 29 30 31 32 33 34 36 37 38 39 40 42 43 44 47 48 49 50
820 28 29 30 31 32 33 34 35 36 38 39 40 41 43 44 45 46 47 48 50
996 29 32 33 34 36 37 39 40 41 42 43 44 45 46 47 48 49 50
934 30 32 33 34 35 36 37 38 39 40 41 44 45 46 47 48 49
827 32 33 35 37 40 41 42 43 44 45 46 47 48
424 32 34 35 36 38 39 40 42 44 45 46 47 48 49 50
553 33 34 35 37 38 39 41 42 43 45 46 47 48 49 50
947 34 35 36 37 38 39 40 42 44 45 50
193 35 36 38 39 40 43 44 45 46 47 48 49 50
242 36 37 38 39 40 41 42 43 44 45 46 47 49 50
203 37 39 40 41 42 43 44 46 47 48 49 50
366 38 40 41 42 43 44 45 48 50
114 39 40 41 42 43 46 47 48 49 50
558 40 41 43 44 45 46 47 49 50
601 41 42 44 48 49 50
398 42 44 45 46 47 48 49 50
308 44 45 46 47 48 49
323 44 46 48 49 50
250 46 47 48 49
327 46 47 48 49 50
660 47 48 49
394 48 49 50
917 49 50
347 50
772
