50	5	200	1
0	14	11
0	18	7
0	10	7
0	18	11
0	9	14
48 2 3 4 5 6 8 9 10 11 12 13 14 15 16 17 18 19 21 22 23 25 26 28 29 30 31 32 33 34 35 36 38 39 40 41 42 43 44 47 48 49 50
59 3 4 5 6 7 8 9 10 11 12 13 14 15 16 17 18 19 20 21 23 24 26 27 29 30 32 33 34 35 36 38 39 40 41 42 44 47 48 49
50 4 5 6 7 8 10 12 13 14 15 18 19 20 21 22 23 24 25 27 28 32 33 34 36 39 40 41 43 44 45 46 47 49 50
51 6 7 8 9 10 11 12 13 14 15 16 17 18 21 22 23 25 27 28 31 32 35 36 37 38 39 40 42 43 44 45 46 47 48 49
57 7 8 9 13 14 15 16 17 18 19 20 21 22 23 25 26 27 28 31 32 36 37 38 39 40 41 42 43 44 45 46 47 48 50
42 7 8 9 10 12 13 14 15 16 17 18 20 22 23 24 25 26 27 28 29 30 31 32 34 36 38 39 40 42 43 44 45 46 47 49 50
59 9 10 11 12 13 14 16 17 18 19 22 23 24 25 26 27 28 30 31 32 33 34 35 36 37 38 39 40 41 43 44 45 46 47 48 49 50
46 9 10 11 12 13 14 15 16 17 18 20 21 22 23 25 27 28 29 30 31 32 33 34 35 37 38 39 40 41 43 44 45 46 49 50
42 10 11 12 14 15 16 19 20 21 22 23 24 25 26 27 31 32 34 36 37 38 39 43 44 45 46 48 49 50
44 11 12 13 14 17 18 19 20 21 22 23 24 26 27 28 29 30 32 34 35 38 40 41 43 44 46 47 49 50
57 12 13 14 15 16 17 19 20 21 22 23 24 25 26 27 28 30 31 32 34 35 36 37 38 39 40 42 43 44 46 47 48 49 50
57 13 14 15 16 18 19 21 22 23 24 25 26 27 29 30 31 32 33 34 35 36 37 38 39 40 41 44 45 46 47 48 49
50 14 15 17 18 19 20 21 22 23 24 25 26 27 28 29 30 32 34 35 36 38 40 41 42 45 46 47 48 49
44 15 17 19 20 21 22 23 24 26 27 28 29 30 31 32 33 34 35 36 39 40 41 42 43 44 45 46 47 48 49 50
49 16 18 19 21 22 23 24 25 26 27 28 29 33 36 37 38 39 40 41 42 44 45 46 47 48 49 50
46 17 18 19 20 21 22 23 24 26 27 28 29 30 31 32 33 34 35 36 37 38 39 40 42 43 44 45 46 47 48 49 50
41 22 23 24 25 26 27 28 29 30 32 33 34 36 37 38 39 40 42 43 44 45 47 48 49 50
41 19 20 21 22 23 24 25 26 27 28 29 30 31 32 33 34 35 36 37 39 40 41 42 43 45 46 47 49
44 20 21 22 23 24 25 26 27 28 29 30 31 33 35 38 39 40 41 42 43 44 46 48 49 50
57 21 22 23 24 26 27 28 30 31 32 33 35 36 37 38 39 40 41 42 43 44 45 46 48 50
43 22 23 26 27 28 30 31 32 33 34 35 36 38 39 40 41 42 43 44 46 47 48 49
56 23 25 26 27 28 29 31 32 33 35 36 37 38 39 40 42 43 44 45 46 48 49 50
57 24 25 26 27 28 30 31 32 33 34 35 36 37 38 39 41 42 43 44 45 47 48 49
43 25 26 27 31 32 33 34 35 37 39 40 41 43 45 46 47 48 49
58 27 28 30 31 32 33 34 35 36 37 38 39 40 41 42 44 48 49 50
53 27 28 29 30 31 32 34 35 36 38 39 41 42 43 44 45 46 47 48 49 50
49 28 29 30 31 32 33 35 37 39 40 41 42 43 44 45 46 47 48 49
51 29 31 33 34 39 40 41 42 43 44 45 47 48 50
57 30 31 32 33 34 35 36 37 38 40 41 42 43 44 46 47 48 49 50
50 31 33 34 35 36 37 39 40 41 42 43 44 45 46 48 49
54 32 33 34 35 36 37 38 39 40 43 45 46 48 49
60 33 34 35 36 38 40 42 44 45 46 48 50
50 34 35 37 38 39 40 41 42 43 44 45 46 49 50
43 35 36 37 38 39 41 42 43 45 46 47 48
42 36 37 38 39 40 41 42 43 44 45 46 47 48 50
42 37 39 40 41 42 43 44 45 47 48 49 50
55 38 39 41 42 43 44 45 46 47 48 50
46 39 40 41 42 43 44 45 47 49 50
44 41 42 46 48 49
44 41 42 43 44 45 46 47 48 49 50
60 42 43 44 46 47 48 50
48 43 46 47 48
47 44 45 46 47 48 49
54 45 46 48 49 50
50 46 47 48 49 50
46 49 50
57 48 49 50
49 49 50
52 50
48
