50	5	10000	10
-1	479	9
-3	601	11
-5	850	6
-5	130	15
-5	580	9
1367 2 4 6 7 8 9 10 12 13 14 15 16 17 19 22 23 25 26 27 28 29 30 31 33 34 35 36 37 39 41 43 44 45
761 3 4 5 6 7 8 9 10 11 12 14 15 17 18 19 21 22 23 24 25 27 29 30 31 33 34 36 37 38 40 45 46 47 48 50
1280 4 5 6 7 8 9 10 11 12 13 14 15 17 19 20 21 22 24 26 27 28 29 30 31 34 35 36 37 40 41 44 45 46 47 49 50
1105 6 7 8 9 10 11 12 13 14 15 16 17 18 19 21 22 23 24 25 26 27 28 29 30 31 32 33 34 35 36 40 42 43 45 47 48 49 50
531 6 7 8 9 11 12 13 14 15 17 18 20 21 22 23 24 25 26 27 28 31 32 33 34 35 37 38 39 40 41 43 45 48 49 50
1243 7 8 9 10 11 12 13 14 18 19 20 21 22 23 24 25 28 29 30 31 33 34 35 37 38 40 41 42 43 44 45 46 48 50
1448 8 9 11 12 13 14 15 17 19 20 21 22 23 25 27 29 30 31 32 33 34 35 36 37 39 40 41 43 44 45 46 47 48 49 50
1444 9 10 12 13 14 16 17 18 19 20 21 22 24 26 28 29 30 31 32 33 34 35 38 39 40 41 42 43 44 46 47 48 49
1373 10 11 12 13 14 15 17 19 20 21 22 25 27 28 29 30 31 32 34 36 38 40 41 42 44 45 46 47 48 49 50
1307 11 12 13 15 16 17 18 19 21 22 23 24 25 26 27 29 30 31 32 33 35 36 38 39 40 41 42 44 47 48 49 50
772 12 13 14 15 16 17 19 20 21 22 23 24 25 26 27 28 30 31 32 33 34 35 36 37 39 40 41 42 44 45 46 47 48 49 50
1202 13 14 15 16 17 18 20 21 22 23 24 25 26 28 29 32 33 34 35 36 37 38 39 40 41 42 43 45 46 48 49
1040 15 16 18 19 20 21 22 24 25 26 27 28 29 31 33 36 37 38 39 40 41 43 45 47 49 50
1066 15 16 17 18 19 21 22 23 24 25 26 27 28 29 30 31 32 33 34 35 36 37 39 41 42 43 44 45 46 47 48 49 50
853 17 18 19 21 22 24 26 27 28 30 31 32 33 34 36 37 38 39 40 41 42 43 44 45 46 47 48 49 50
1193 17 18 20 21 22 23 24 26 28 29 30 32 33 36 37 38 39 40 42 44 45 46 47 48 49 50
1019 18 21 24 25 26 27 28 29 30 31 32 33 36 37 39 40 41 42 43 44 45 46 47 48 49 50
991 19 20 21 22 23 24 25 27 28 30 31 32 33 34 35 36 37 39 40 41 43 44 45 47 48 50
924 20 21 22 23 25 27 28 29 30 31 33 35 36 37 38 39 40 43 44 45 46 47 48 49 50
610 22 24 25 26 28 30 31 33 34 36 37 39 40 41 43 45 46 47 48 49 50
1423 22 24 25 26 27 28 29 30 31 32 33 34 35 36 37 38 41 42 43 44 45 46 48 49 50
1475 24 25 26 27 28 29 30 31 35 36 37 40 41 42 43 44 46 47 48 49 50
690 24 25 26 27 31 32 34 35 36 37 39 40 42 43 45 46 47 48 49 50
623 25 26 28 29 30 31 32 34 35 37 39 41 42 43 44 45 46 47 48 49 50
810 26 27 28 29 31 32 33 34 35 36 37 38 40 41 43 44 45 46 47 48 49 50
1403 27 28 29 30 31 33 36 38 39 40 41 42 43 44 45 47 48 50
1007 30 31 32 33 34 35 36 37 38 41 42 43 45 47 48 49 50
983 30 31 32 33 35 36 37 38 39 40 42 43 44 45 46 47 48 49 50
596 30 32 33 34 37 38 39 40 41 42 43 44 48 49 50
529 31 33 34 35 36 38 39 41 42 43 44 45 46 47 48 49 50
1212 33 34 35 36 37 38 39 40 41 42 43 45 46 48 49 50
509 33 34 35 36 37 38 39 41 42 43 45 46 48 49 50
1492 34 36 37 38 40 41 42 43 44 45 46 47 49 50
1282 35 36 37 39 40 41 42 44 45 46 48 49 50
1461 36 37 38 39 40 41 42 44 45 46 47 48 49
1279 37 38 39 40 41 42 44 45 46 47 48 50
1458 39 40 41 42 44 45 47 48 50
1101 39 40 41 43 44 45 46 47 48 49 50
1261 40 41 42 43 45 46 47 48 49 50
588 41 42 43 44 45 46 47 48 49 50
1033 42 44 45 46 47 48 50
637 43 44 45 47 48 50
943 44 45 46 47 48
526 45 46 47 48 50
926 46 47 48 49 50
1417 47 49
1366 48
902 49 50
875 50
1179
