25	5	200	1
0	20	4
0	22	5
0	32	7
0	40	4
0	20	5
41 2 4 7 8 9 10 13 21 23
48 5 6 7 8 10 11 12 13 14 16 17 20 23 25
59 4 6 7 8 9 10 15 18 19 20 22 23
53 7 13 16 19 20 23 24 25
34 6 7 9 10 15 16 19 21 24 25
20 9 11 12 13 18 19 22 23
50 9 14 15 16 17 20 23 24
21 10 11 13 14 16 17 18 20 21 22 23 24 25
37 10 11 12 16 19 20 23 24 25
34 13 14 15 17 18 19 23 25
32 12 15 17 18 19 21 22 25
39 16 19 20 21 22 24 25
60 15 16 18 21 23 25
32 16 18 19 20 21 24 25
29 16 17 18 19 20 21 23
41 17 18 19 20 21 23
50 19 20 21 22 23 24
4 20 23 25
27 20
30 21 23 25
47 24
59 24
8 24 25
18 25
60
