100	5	10000	1
0	353	18
0	1081	21
0	531	20
0	1589	15
0	1739	26
2633 3 4 8 10 15 16 17 19 24 28 29 30 32 33 34 35 38 40 45 46 48 50 51 52 53 54 56 57 58 60 62 64 68 69 73 74 76 79 80 81 83 86 87 89 91 92 93 94 98 99 100
2747 3 4 5 11 14 18 20 22 23 25 26 27 29 30 31 32 35 36 37 39 41 43 44 47 49 51 54 56 57 61 63 66 68 69 71 74 75 76 77 78 80 81 84 87 90 91 94 96 97 99 100
2920 4 5 9 10 12 13 14 16 17 19 21 23 24 25 27 28 30 31 34 37 38 39 42 45 47 48 52 53 54 55 56 57 61 63 66 67 68 69 74 77 79 83 84 87 89 92 93 94
2824 5 6 11 12 16 17 23 26 27 28 30 35 36 40 44 46 48 49 50 56 58 60 63 64 67 68 69 70 72 73 78 79 80 83 84 86 89 90 92 93 94 96
2095 6 13 14 15 16 18 22 25 27 28 30 32 33 34 35 36 43 44 46 52 54 57 58 61 64 66 69 70 72 74 78 79 80 82 83 85 86 87 89 90 91 92 93 94 96 97 98
2626 10 12 15 16 17 18 19 24 25 26 28 30 33 35 39 40 41 42 45 46 48 49 50 52 54 55 56 57 60 61 62 69 70 71 72 73 75 77 83 84 85 87 88 89 90 91 92 93 94 97 98 99
2195 8 10 12 15 16 18 20 26 27 28 29 34 35 37 38 41 42 44 45 46 47 48 49 51 52 54 56 59 61 63 65 67 68 70 73 74 77 78 80 81 87 91 92 93 94 96
2082 13 15 16 17 22 24 27 29 33 34 35 37 43 47 49 50 52 54 55 59 61 63 67 70 73 75 76 77 81 82 89 90 91 92 95 97 98 100
2560 10 11 12 13 16 17 18 19 20 21 24 25 27 29 30 37 39 43 45 47 50 52 53 55 57 59 63 64 66 68 72 74 80 81 83 84 86 87 88 90 91 93 94 97
2091 13 14 15 17 18 22 23 24 25 27 28 29 31 33 34 35 36 37 39 42 43 45 47 48 51 52 53 54 56 57 58 59 60 63 64 65 66 67 68 69 71 72 74 75 78 79 82 84 85 87 88 91 92 93 94 98 99 100
2862 12 19 20 22 26 29 34 35 36 37 39 41 42 43 46 47 49 52 54 57 60 64 65 67 68 70 71 72 73 74 76 78 79 81 85 89 90 91 92 93 95 96 97 100
2919 13 14 16 19 20 22 25 27 29 31 34 38 39 45 46 47 48 50 51 52 54 55 56 58 60 63 65 68 69 70 71 73 76 77 79 80 81 85 86 87 88 89 91 93 95 97 98 99
2498 15 25 26 28 30 32 33 34 35 36 37 39 40 41 42 43 46 53 55 56 60 61 68 70 74 76 83 86 90 93 94 98 100
2749 16 18 19 22 23 25 28 29 31 34 35 37 38 39 40 41 50 51 52 55 56 57 58 59 63 66 69 71 72 74 76 78 80 81 84 85 86 88 92 93 94 95 96 98 99 100
2103 17 18 19 21 22 25 26 30 32 35 37 38 39 40 41 46 47 48 52 59 60 61 63 69 70 71 72 75 78 80 81 82 83 87 88 89 93 96 100
2027 19 20 23 24 25 31 37 39 41 44 45 47 48 49 54 56 58 64 65 66 67 68 70 73 74 75 76 77 81 83 87 91 93 95 99
2650 18 20 21 22 24 26 27 28 29 33 34 36 37 41 42 43 45 46 49 50 51 52 60 63 69 71 72 76 77 78 80 87 90 92 93 100
2037 21 22 27 31 33 34 35 36 37 38 39 42 49 51 53 55 56 57 58 63 64 69 74 76 77 79 84 88 89 90 97 99 100
2516 25 27 28 29 30 32 33 35 36 37 41 46 47 53 54 55 56 57 58 59 60 62 64 66 68 71 74 75 77 79 82 84 85 87 91 92 95 98 99
2288 21 22 32 33 34 35 36 37 38 42 43 47 50 51 57 58 61 64 65 67 69 73 75 76 78 83 84 85 87 88 89 90 92 95 97
2773 22 24 25 27 28 29 33 34 37 41 43 44 47 48 49 51 52 53 56 59 60 61 62 66 68 69 74 75 77 79 80 81 83 86 90 91 92 95 96 97 98
2317 28 31 34 35 37 40 41 42 44 45 46 47 50 53 54 55 56 58 59 60 64 66 67 70 72 73 74 77 79 81 82 83 84 85 86 87 90 91 92 93 96 97 99 100
2989 24 25 27 32 36 37 39 44 45 47 50 52 53 54 57 58 60 62 63 65 68 69 72 74 75 80 81 84 86 87 88 89 95 96 97 98
2822 27 28 30 32 37 40 42 47 50 57 62 63 65 66 67 69 70 72 74 75 76 79 82 84 85 86 89 93 96
2822 26 27 28 30 31 32 35 37 39 42 44 46 47 48 49 50 54 57 58 60 63 64 65 67 70 71 77 79 80 83 85 86 87 88 89 90 92 93 96 98 99 100
2841 27 30 33 34 36 39 40 43 45 46 47 50 53 55 56 57 58 60 62 63 64 65 66 67 68 71 72 74 75 76 77 78 80 82 83 85 86 87 88 89 90 92 97 98 99
2033 33 35 39 41 43 44 45 46 49 50 51 52 55 57 58 59 60 61 62 64 65 67 69 73 76 77 78 79 81 87 88 89 91 92 96 99
2897 30 32 33 34 35 40 46 47 48 50 51 53 58 59 61 62 63 64 68 70 72 75 79 81 82 84 86 87 88 91 94 96 97 98 99
2945 31 32 33 34 35 38 40 42 43 44 48 55 56 57 58 59 60 63 64 65 67 68 71 72 75 77 80 83 85 87 90 92 93 94 95 97 98 99 100
2869 31 33 34 35 37 38 39 41 42 45 46 47 49 50 55 56 58 62 71 74 75 79 83 85 86 87 89 90 91 95 96 97 98 99
2916 33 34 35 36 38 41 47 50 52 53 54 55 56 59 62 63 65 67 68 69 70 71 73 80 81 82 89 93 94 95 96 98 100
2248 33 36 39 40 44 46 49 50 52 54 55 56 59 63 64 65 69 71 75 77 79 80 81 82 83 84 86 87 88 89 90 91 92 93 94 97 99
2380 34 36 38 41 42 43 44 45 46 51 53 57 60 63 72 73 75 76 80 83 85 86 90 93 94 96 97 98 99 100
2340 35 36 39 41 42 45 46 51 52 56 57 58 59 60 61 65 67 68 70 77 80 81 82 83 85 89 91 92 93 94 96 97 98
2875 39 40 41 42 43 44 45 46 52 53 55 56 57 59 63 65 66 67 69 71 72 74 76 77 80 84 85 96 97 100
2046 41 42 43 44 45 47 49 51 52 54 55 56 60 62 63 64 65 69 70 71 73 74 75 77 82 85 86 89 93 94 96 98 100
2620 38 40 42 43 44 45 54 55 56 57 59 61 64 66 67 72 73 80 92 93 95 96 97 98 99
2984 39 40 43 44 45 47 51 53 54 55 59 65 67 68 71 73 75 77 80 82 84 85 86 87 89 90 92 93 94 100
2735 40 41 42 44 48 49 53 56 57 61 65 66 67 68 70 71 74 76 79 81 83 84 86 89 90 95 97 98 99 100
2988 41 42 43 44 45 47 50 53 55 58 62 65 66 67 70 75 76 77 79 80 81 82 83 84 85 88 89 90 91 97 98
2991 44 45 46 47 48 49 51 52 53 54 56 58 59 60 65 66 67 68 69 76 81 83 84 85 92 94 95 97 99 100
2931 43 44 47 49 51 52 56 58 60 61 63 64 66 72 74 75 76 78 80 84 85 86 89 92 94 95 99 100
2483 44 45 46 48 51 57 59 62 65 66 67 68 69 70 72 73 74 78 79 81 83 84 85 87 89 90 94 98 99 100
2444 45 47 49 50 52 56 61 64 67 70 72 73 74 78 80 82 83 84 85 86 88 90 91 93 100
2625 46 48 52 57 58 59 60 62 64 65 66 67 68 70 71 72 74 75 76 79 81 82 83 86 87 88 91 94 95 98
2249 49 50 52 54 55 56 57 58 63 66 69 70 72 78 80 85 87 90 91 94 97 99
2720 48 51 52 54 58 59 60 61 62 65 67 68 69 73 76 77 78 79 80 81 86 87 88 90 95 96 97 100
2896 53 56 63 66 68 72 76 80 82 83 84 85 89 90 91 92 93 95 99 100
2564 50 53 56 58 63 65 69 71 73 75 81 82 83 87 92 93 97 98 99
2723 51 52 53 54 55 56 57 58 59 60 61 65 66 68 69 71 74 76 79 82 85 86 87 88 91 92 93 95 99
2834 52 54 56 57 58 59 63 64 66 68 70 71 74 75 76 77 78 81 82 84 85 87 88 90 91 94 95 97 98 100
2188 53 55 56 58 59 62 63 64 66 67 69 70 73 75 77 78 79 82 83 85 89 91 93 94 96 97 98 100
2487 56 59 60 64 65 67 68 69 70 72 74 75 81 82 85 86 87 88 91 95 96 97 99 100
2461 55 56 57 60 61 62 66 67 68 69 70 72 73 77 78 79 80 81 82 83 84 86 88 89 90 91 92 94 95 99 100
2084 58 60 62 63 64 66 70 72 73 76 77 78 81 82 90 92 94 96 100
2627 57 58 59 63 66 68 69 70 72 74 75 76 78 79 80 81 82 83 85 90 92 96 98 99
2865 62 63 64 66 68 70 72 73 74 77 78 79 81 82 83 84 86 87 92 98 99
2119 59 63 64 65 67 70 73 76 83 84 85 86 89 90 91 94 95
2853 60 61 65 66 72 73 74 76 79 80 81 82 83 84 85 86 87 88 89 93 94 95 96 98 99 100
2776 61 62 64 66 71 73 74 75 78 81 82 87 90 91 95 100
2041 62 63 65 68 72 79 81 86 87 88 91 93 94 96 97 98 99
2940 64 67 70 71 72 73 74 75 76 77 78 81 85 86 87 88 89 92 94 97 98 100
2366 65 66 67 68 70 72 81 82 84 85 86 87 88 89 92 94 95 96 97 98 99 100
2886 69 73 74 75 76 79 80 82 85 92 95 96 97 98 100
2727 67 68 69 70 71 77 79 82 83 85 86 87 88 89 90 91 93 95 96 98 100
2847 69 70 72 77 78 79 82 83 84 87 88 91 92 94 97 99
2111 68 71 73 75 79 81 82 83 84 90 91 92 93 94 97
2093 71 73 75 76 77 79 82 85 89 90 92 94 95 96 97 98
2324 71 72 74 75 78 83 88 91 93 96 97 98 100
2857 71 74 77 78 80 81 82 83 85 87 88 89 90 92 95 96
2593 73 76 77 81 85 86 89 93 95 97 98 99 100
2676 73 77 78 80 85 87 88 89 94 97 98 99 100
2835 74 76 79 82 84 85 86 88 89 95 98 99
2093 75 79 80 81 82 83 85 87 88 89 90 92 93 95 97 98
2497 76 78 81 86 87 90 91 93 95 96 98 99
2913 78 80 82 88 90 91 92 93 95 98 99 100
2722 78 80 82 84 85 86 88 89 91 92 93 94 96 97 99 100
2923 91 93 95 100
2103 82 88 89 91 92 93 95 99
2488 81 82 84 85 86 87 90 93 94 95 98
2266 83 84 85 87 93 94 99 100
2937 84 86 87 88 89 92 93 94 95 96 99
2227 84 87 88 91 92 93 99
2458 91 95 96 97 98
2955 87 91 92 95 98 99 100
2208 89 90 91 92 94 96
2560 89 90 91 92 93 94 98
2294 92 93 94 95 98
2817 93 98 99 100
2247 91 92 96 97 98 100
2672 93 94 95 100
2699 93 94 95 96 98 99
2282 94 96 100
2831 98 99
2845 100
2645 97 99
2649
2616 99
2122 100
2022
