25	5	1000	10
-4	20	5
-4	50	3
-1	75	7
-3	72	5
-5	23	5
138 2 3 7 8 9 10 11 12 14 16 17 18 20 22 23 24 25
179 3 5 8 12 14 16 17 18 19 20 23 24
191 4 7 11 14 15 16 20 21 22 23 24 25
214 8 10 12 13 16 17 18 19 20 22 24 25
262 7 8 9 10 12 14 20 21 22 23 24
300 7 8 12 13 14 16 17 18 23 24
132 8 9 10 12 17 19 21 22 25
288 10 11 12 14 15 17 18 19 20 21 23 24 25
254 11 16 17 20 22 24
121 12 14 17 18 19 22 24 25
81 14 15 16 18 19
60 19 22 23 24 25
41 15 16 17 18 20 21 23
134 19 20 21 25
42 16 18 22
217 18 23 25
296 20 25
171 19 20 21 23
276 25
56 23 25
81 24 25
85 23 24
114 24 25
254 25
17
