200	5	10000	1
0	1635	52
0	552	31
0	225	47
0	888	33
0	116	37
1160 2 6 7 8 9 10 11 12 14 15 16 17 18 19 20 21 22 24 25 26 28 30 36 38 39 40 42 43 47 48 49 50 51 52 53 54 56 57 59 62 66 68 69 72 73 77 78 81 83 88 91 94 96 99 100 103 104 109 110 112 114 116 119 120 129 131 132 134 135 140 142 143 145 146 149 150 151 152 154 155 156 158 159 161 162 167 168 172 174 177 179 180 183 185 186 189 191 193 194 196 197 199
2632 7 11 12 13 14 15 16 17 18 19 21 22 26 27 28 30 32 34 35 37 41 42 43 46 47 50 51 52 53 58 59 60 61 62 65 69 70 72 73 74 75 76 78 80 81 82 83 86 88 91 93 94 96 98 100 102 106 109 110 112 113 115 117 123 128 129 132 134 135 138 140 141 142 144 145 146 147 149 150 151 152 154 155 159 162 164 167 172 173 175 176 178 179 184 187 188 191 192 193 200
2901 4 5 8 9 12 13 15 16 20 21 22 24 25 27 28 31 32 38 39 40 45 47 49 50 51 52 54 56 59 60 61 63 64 68 71 72 75 78 81 82 83 84 91 92 93 94 96 97 100 101 102 106 107 108 109 110 111 113 114 119 120 121 122 125 126 128 130 134 138 139 143 144 145 148 149 153 155 156 162 164 165 166 167 168 170 171 172 174 175 177 179 180 181 182 185 186 189 191 193 196 200
2347 5 8 9 10 11 12 15 16 18 20 25 26 27 28 29 30 32 33 34 35 37 40 45 46 47 48 50 51 53 54 55 58 60 62 63 66 67 71 73 77 79 81 82 84 86 87 88 92 93 94 95 97 98 99 102 104 108 109 113 115 118 119 120 121 125 129 130 132 133 134 135 136 137 138 139 143 147 148 151 155 156 161 162 164 167 168 172 173 177 178 179 180 184 187 190 191 192 193 196 197 198 199
482 7 8 10 11 12 13 14 15 16 17 21 22 26 29 31 32 34 35 36 38 39 41 43 44 46 51 52 53 54 56 58 59 61 62 65 66 67 70 72 75 77 79 81 83 85 87 88 91 92 93 94 95 96 97 98 100 104 106 107 112 113 117 118 120 125 127 128 130 131 134 135 137 138 139 141 144 145 148 149 155 156 161 164 168 177 178 179 185 186 189 190 192 193 194 195 198 200
2606 7 8 10 11 12 13 14 15 16 17 18 19 21 24 26 27 28 29 30 33 34 36 37 38 42 45 46 51 52 53 58 62 63 64 66 67 68 69 70 71 77 78 79 82 83 84 88 90 95 96 97 98 99 100 104 105 106 109 112 114 116 121 122 124 125 127 129 130 136 141 144 146 147 150 151 152 153 154 155 156 157 158 161 162 163 164 166 167 172 174 176 177 178 181 182 183 187 188 189 190 192 195 196 197 198
882 12 13 14 15 16 17 18 20 22 26 27 31 36 37 39 40 41 43 44 45 46 47 48 49 50 52 53 55 57 58 61 63 64 65 68 70 74 76 77 80 83 84 86 87 88 89 90 91 93 96 98 100 101 102 109 111 112 113 114 115 118 120 122 125 127 133 135 137 138 140 142 143 144 145 147 151 152 153 154 155 156 157 162 163 164 165 166 169 170 171 175 176 178 179 181 182 185 187 188 189 192 195 197 199 200
429 11 16 17 18 21 22 24 26 27 29 32 33 36 39 40 41 42 46 47 48 51 54 57 59 61 62 63 64 68 70 71 73 75 77 79 81 84 85 86 87 89 91 94 95 97 100 101 102 105 106 110 111 117 119 120 126 127 132 134 135 140 141 145 151 152 153 155 156 158 160 161 162 164 166 167 169 172 173 178 179 180 182 188 189 190 192 194 195 196 200
2342 11 13 14 17 22 25 26 29 30 31 32 33 34 37 38 39 41 42 43 44 45 46 48 49 50 51 52 62 64 65 66 71 72 82 84 85 86 88 90 93 97 101 103 108 109 110 114 115 117 118 119 120 124 125 126 127 129 131 132 136 138 141 142 144 145 147 148 150 151 153 156 158 160 161 162 163 165 166 168 171 172 173 174 175 177 181 183 184 186 189 190 191 193 199
2542 11 15 16 17 18 27 29 30 32 33 35 36 37 38 39 45 47 50 52 53 56 57 59 60 63 64 65 66 69 70 72 73 74 76 77 79 80 81 83 85 87 88 89 90 91 92 93 94 97 98 100 102 105 106 109 110 114 117 118 119 120 121 123 125 126 127 131 132 133 134 138 139 141 142 143 147 148 151 156 158 160 161 162 163 164 170 172 174 175 179 180 181 182 184 186 189 190 191 192 193 194 195 196 197 198 200
2609 16 17 19 25 27 28 30 33 34 36 37 41 42 44 45 47 48 53 54 55 56 59 60 63 66 67 68 70 71 80 82 83 90 93 95 98 100 102 106 108 111 113 115 118 120 122 123 124 126 127 128 129 133 134 135 137 139 141 142 148 149 151 152 153 154 155 156 159 160 161 163 164 165 168 169 170 172 174 175 177 179 181 184 185 188 189 190 191 196 197 198 199 200
467 13 16 18 19 23 25 27 28 29 33 35 36 38 41 43 44 45 46 48 53 54 58 59 61 63 64 67 68 69 70 71 75 76 77 81 83 84 85 86 87 89 91 92 98 99 100 101 105 106 107 108 110 111 114 117 119 125 127 128 130 132 133 134 135 136 141 144 145 147 148 150 152 156 157 158 159 160 161 162 164 165 167 169 173 174 177 178 181 183 184 185 187 188 189 190 191 193 194 196 197 198 200
428 16 17 18 19 20 21 24 25 27 28 30 32 34 35 36 37 39 40 42 43 49 51 53 54 55 57 58 59 60 64 68 69 71 74 75 77 79 80 82 85 87 88 89 90 92 93 94 95 96 99 100 102 103 108 110 112 115 120 122 124 125 126 127 128 130 132 133 134 137 139 141 142 143 145 146 148 153 154 156 159 162 165 166 168 170 171 173 175 177 178 180 181 182 183 186 188 189 190 192 194 195 199
2092 18 19 24 28 29 34 35 36 37 40 42 43 44 46 48 49 53 54 57 59 60 61 62 63 67 68 70 73 74 75 78 79 80 82 83 85 86 90 91 94 95 96 97 101 102 104 105 107 111 112 114 115 118 119 121 122 123 124 125 128 129 130 132 134 135 136 139 140 141 143 146 148 149 150 151 154 155 159 161 163 166 167 170 171 172 173 174 175 176 177 179 180 181 182 183 186 189 192 194 196 199
699 16 19 22 24 27 28 29 30 33 34 36 39 42 43 44 45 46 50 54 55 56 57 58 60 64 67 68 71 73 74 75 82 86 88 89 90 91 95 102 103 104 105 107 108 111 113 115 116 117 118 119 121 123 126 127 129 130 132 134 136 137 141 144 145 146 147 150 151 152 153 154 157 159 161 162 163 166 167 168 172 174 175 178 179 181 186 187 188 189 192 194 200
209 21 22 25 26 27 28 29 33 34 36 37 42 44 45 47 49 51 52 53 59 60 67 69 70 71 72 75 76 79 82 86 87 89 90 95 99 104 105 107 112 113 118 119 120 122 124 126 128 129 132 133 134 136 137 138 139 140 143 145 146 149 150 153 154 155 156 157 158 164 165 166 168 170 172 175 177 183 184 185 187 192 194 196 197 198 199
2700 19 20 24 26 27 28 35 39 40 43 45 47 48 51 53 54 56 58 60 66 67 68 69 72 74 76 78 81 82 83 84 86 93 94 96 98 99 101 105 106 107 108 109 111 113 114 116 117 121 124 125 128 137 138 141 142 144 145 147 149 152 155 157 158 162 164 165 166 168 169 170 171 172 174 176 177 180 184 187 188 191 192 194 195 197 199
2580 19 22 23 26 27 28 33 42 43 44 46 48 51 54 56 57 58 61 62 63 64 65 67 68 69 70 72 75 76 82 83 86 93 95 98 99 100 105 106 107 109 110 113 119 120 121 123 125 129 130 133 137 138 139 140 141 142 143 145 147 148 150 151 154 155 157 158 160 165 166 167 168 169 174 175 176 177 182 183 184 186 188 190 192 193 194 195 196 197 198 200
897 20 22 23 28 29 30 32 33 35 36 37 38 40 41 42 43 44 46 50 52 53 54 55 56 60 61 66 67 69 74 76 77 78 81 82 83 85 86 87 89 91 93 96 97 98 100 101 103 106 110 112 115 116 117 118 120 121 122 124 126 131 132 133 134 135 136 141 144 145 146 148 149 150 151 152 154 155 156 157 159 161 162 163 164 168 170 171 172 174 175 176 179 180 181 183 185 188 189 192 193 197 198
2882 21 23 24 26 28 33 35 41 45 49 54 57 58 59 60 69 70 72 73 74 75 77 79 81 83 86 89 92 93 95 99 102 103 105 106 107 108 114 117 118 119 122 125 127 128 129 130 131 132 133 136 139 147 148 150 151 152 153 154 155 159 161 165 167 170 171 177 181 182 184 192 193 195 196 197 198 200
2329 24 25 26 28 29 34 36 38 39 42 45 46 49 52 54 55 56 57 59 61 65 66 71 74 77 81 85 87 92 93 94 95 96 98 101 102 103 104 105 107 109 110 112 114 115 116 120 121 122 125 126 127 130 131 132 134 135 138 143 146 147 148 153 154 155 157 158 161 162 164 166 167 168 170 171 172 173 175 176 177 179 181 182 186 187 188 189 190 194 195 196 197 198 199 200
1164 23 25 26 28 30 34 36 42 43 49 52 53 55 56 59 61 63 66 67 69 70 72 74 75 78 80 84 86 87 89 93 97 101 102 104 105 107 113 114 115 116 117 118 119 121 122 123 124 127 130 131 134 138 139 140 141 146 158 164 165 166 170 173 174 175 176 177 179 182 183 186 187 188 189 192 193 196 197 199
1004 24 25 27 28 29 30 32 33 34 36 37 38 39 42 45 46 51 53 58 59 60 62 66 67 68 70 73 75 78 80 81 87 88 90 91 94 96 98 101 102 103 109 114 117 118 119 120 121 122 124 126 129 131 133 134 136 138 141 146 147 150 151 155 156 157 158 161 166 167 168 169 170 171 172 174 175 178 179 181 187 192 193 194 197 200
2749 26 27 28 29 31 32 37 40 42 45 49 52 53 54 56 59 60 62 65 67 68 70 71 73 79 81 83 84 85 88 94 97 100 102 103 104 105 106 107 110 111 112 114 119 122 123 124 125 126 128 129 130 132 134 135 138 139 141 142 143 146 147 148 149 150 151 152 156 157 159 160 162 166 167 168 171 172 175 184 186 187 188 191 193 195 199 200
2162 26 27 28 29 30 31 32 34 35 36 38 39 40 42 44 45 47 50 52 62 64 65 66 67 70 72 74 76 79 80 82 83 85 86 87 88 90 92 93 94 98 106 107 108 109 111 112 117 118 119 121 125 127 129 130 131 132 135 136 138 139 140 141 142 144 145 147 148 149 150 151 153 155 159 160 161 163 165 170 176 177 180 182 183 184 185 186 187 189 190 195 196 197 198 199
1975 30 31 32 40 45 48 49 50 51 52 56 57 58 59 64 66 68 70 72 76 78 81 87 88 89 90 96 98 99 100 101 102 104 105 108 110 111 112 116 117 119 120 123 124 126 128 130 131 133 134 135 136 137 138 141 142 143 147 148 149 151 152 153 154 157 162 165 166 174 176 178 179 180 183 185 186 189 190 191 192 195 197 200
1475 29 30 33 34 35 38 39 40 43 44 45 46 47 48 49 53 54 56 57 58 62 64 65 66 68 69 71 72 73 75 78 79 81 86 87 89 93 95 100 101 103 105 107 109 111 113 114 115 116 117 120 121 127 130 131 132 135 137 140 143 146 148 149 151 154 158 160 162 163 165 170 175 176 178 179 180 183 184 188 191 193 194
2329 30 31 32 35 39 40 41 42 43 47 50 53 55 57 61 64 68 72 73 76 79 80 81 82 85 86 87 91 94 95 96 97 98 100 102 106 108 109 115 118 119 123 125 127 131 132 134 135 136 138 139 140 146 147 148 150 152 153 155 156 157 158 159 163 164 166 169 171 172 173 174 175 177 178 179 180 181 182 184 185 187 189 191 193 195 197 200
106 31 33 34 39 41 42 44 45 47 48 49 55 56 58 59 62 63 64 65 66 67 69 72 73 75 77 78 79 80 81 83 85 86 87 88 92 94 95 96 97 100 105 107 109 110 111 115 117 121 124 126 127 130 131 132 133 135 137 139 140 141 144 145 146 147 148 149 150 152 153 154 155 160 163 166 168 169 170 172 174 178 183 185 186 189 193 196 197 200
1747 37 39 40 41 42 43 45 47 49 51 52 53 54 56 58 59 60 61 63 65 67 68 71 73 74 75 76 78 79 80 81 83 84 85 86 87 88 90 91 92 93 94 95 97 98 100 101 102 110 112 113 115 116 117 119 120 122 123 128 129 130 135 137 141 142 143 145 146 148 151 152 159 162 163 164 170 172 175 176 179 180 182 183 185 187 188 190 191 193 195 197 198 199
778 32 34 35 37 41 43 44 47 48 50 51 59 65 72 74 75 78 79 82 84 86 87 89 90 92 93 96 99 101 102 107 108 109 110 111 113 115 116 118 123 125 126 128 129 132 137 140 141 142 143 144 149 151 152 153 154 155 158 161 162 164 169 177 179 180 181 184 189 191 192 193 195 196 197 198 199
259 34 35 36 37 39 42 43 45 46 50 53 55 56 57 58 63 64 70 72 73 76 77 79 80 81 82 83 85 86 87 88 89 92 93 94 95 96 97 98 99 101 102 103 105 108 109 110 113 114 116 117 118 122 123 124 125 126 127 128 131 133 136 139 146 147 149 150 152 153 156 160 162 165 166 167 170 172 173 176 177 181 183 184 186 194 195 196 198
1800 36 37 40 41 45 48 50 51 52 53 56 57 59 61 63 67 69 72 76 83 86 88 90 91 93 94 95 96 97 99 100 101 106 107 108 111 115 116 117 118 119 120 121 122 125 126 128 130 131 134 136 139 141 143 146 148 149 150 156 158 159 166 167 168 169 170 171 172 174 176 178 181 183 185 190 193 196 199
634 36 38 44 45 47 49 50 53 57 59 60 63 66 69 82 83 84 86 89 93 97 99 101 102 104 106 108 111 113 117 118 119 121 122 125 126 129 131 132 134 135 136 138 139 141 144 145 147 148 149 150 152 153 158 163 165 166 167 169 171 172 175 176 179 186 187 188 189 190 191 193 194 199
1745 36 41 43 47 48 51 53 54 56 57 60 61 62 63 65 66 68 70 71 72 73 74 77 78 81 82 86 87 93 94 99 100 101 102 105 106 107 108 110 111 112 116 117 119 126 132 133 135 138 143 144 146 150 151 153 154 155 156 158 161 164 165 166 174 175 177 180 182 184 186 187 188 191 198
974 38 40 43 46 49 50 51 56 57 59 60 64 65 70 71 72 74 76 78 79 82 83 86 88 90 91 92 95 96 97 100 101 106 107 108 111 112 113 115 116 118 119 123 124 128 129 130 131 132 136 137 138 139 140 144 151 152 157 158 159 160 161 165 166 167 168 171 172 175 177 179 183 184 186 190 191 192 193 194 195 197 198 199 200
109 38 42 43 45 47 48 50 54 56 59 60 63 66 67 68 70 71 72 76 81 83 84 86 89 94 97 98 100 108 110 112 113 114 116 117 120 126 128 129 130 131 132 133 135 137 140 141 145 146 147 151 152 153 154 157 160 161 162 163 167 171 173 174 178 182 183 187 189 191 193 194 197 198
880 39 40 43 44 49 50 51 52 53 56 57 59 60 61 63 64 65 66 68 69 71 72 75 77 83 84 86 88 89 90 91 93 94 95 96 103 107 111 113 115 117 119 120 121 123 125 126 127 128 130 131 134 136 137 140 141 142 143 144 145 146 147 151 152 153 154 155 156 157 160 165 166 169 170 171 173 177 179 181 182 183 185 186 189 190 192 196 197 198 199 200
2591 40 43 44 47 49 50 52 56 57 58 61 62 64 67 70 74 77 81 83 84 85 86 87 89 90 92 93 94 96 98 100 105 111 113 117 119 120 121 123 125 126 127 128 133 136 137 145 147 148 149 150 152 153 154 157 158 160 162 163 167 168 171 172 173 177 179 180 184 187 190 193 194 198
189 41 42 46 50 57 59 64 65 66 68 70 72 73 75 77 78 79 81 83 86 87 90 92 95 97 98 102 103 104 106 107 111 112 113 114 120 121 123 124 126 127 128 129 130 131 133 134 136 137 141 143 144 146 150 151 152 157 158 159 160 161 165 168 170 171 172 173 177 178 179 180 182 186 187 189 191 194 196 200
1150 42 44 47 50 51 52 58 61 63 65 66 70 73 75 76 78 81 82 83 84 85 87 90 91 93 97 98 99 103 106 107 108 110 112 113 114 115 117 121 123 124 127 133 134 135 138 139 141 144 146 148 151 153 154 156 157 159 164 165 166 167 169 170 172 173 174 175 183 184 185 186 190 192 195 196 198 199 200
273 43 45 46 47 48 50 51 53 54 57 58 59 64 65 67 68 69 70 71 72 75 76 77 78 79 80 81 83 85 88 89 92 93 95 100 101 102 104 106 107 109 110 116 118 120 123 125 127 129 131 132 133 138 140 142 143 144 145 146 147 148 149 151 156 157 159 161 162 164 166 167 170 172 174 177 182 183 185 186 189 193 197 198 200
942 45 46 47 49 52 53 54 57 58 59 60 63 65 70 72 73 75 77 79 80 83 87 92 93 94 95 96 97 98 99 100 101 102 103 104 108 111 112 113 119 123 127 128 130 131 134 135 136 137 139 140 141 143 144 145 147 148 150 152 153 155 156 157 159 162 165 167 175 177 178 184 185 186 187 189 190 191 193 194 196 198 200
667 45 46 47 50 51 52 56 57 59 63 65 67 68 73 74 75 76 77 78 79 81 85 89 91 103 105 108 109 110 111 114 116 117 119 123 132 133 135 136 137 138 142 143 144 146 151 152 154 155 156 160 163 165 167 169 170 174 175 177 187 189 191 192 195 196 197 198
268 47 49 50 51 55 56 59 62 65 66 70 72 75 79 82 83 84 85 86 87 88 91 93 96 98 100 102 104 105 107 108 110 113 116 121 123 125 126 129 130 131 135 137 138 141 144 146 147 151 152 153 154 157 159 160 161 163 164 165 173 174 175 177 179 182 183 184 186 189 190 195 197 198 199 200
2058 50 51 52 53 54 55 56 57 58 60 64 65 66 69 71 72 73 74 76 79 80 81 82 83 84 85 86 88 89 91 97 99 100 102 103 108 111 118 119 120 123 128 131 132 136 137 142 143 146 147 148 149 150 151 152 161 162 165 167 168 170 171 176 177 179 180 181 182 185 191 193
2397 49 50 51 52 53 55 56 58 59 60 63 64 66 68 69 73 79 80 83 84 85 87 89 90 91 92 93 94 95 96 98 103 104 113 114 116 118 119 121 125 126 127 128 130 132 133 135 137 138 139 141 145 147 150 151 153 154 155 156 158 167 169 172 174 182 186 187 188 190 193 195 196 198 199
2062 49 51 53 55 56 57 60 62 64 65 68 69 72 74 75 77 78 79 81 82 83 84 85 86 90 91 94 96 102 103 105 108 109 112 114 116 119 120 122 123 128 130 134 141 146 149 151 154 155 156 160 162 163 164 165 166 171 172 176 177 180 181 183 184 194 195 196 198 200
2965 50 51 52 55 57 58 60 62 63 70 71 72 73 77 78 81 83 87 88 89 91 93 95 97 101 102 108 111 112 114 117 120 124 127 129 130 131 134 135 136 137 138 139 141 142 143 145 149 151 152 153 154 156 157 161 165 169 172 173 176 177 178 179 181 182 185 186 187 189 195 196 197 198 199
1336 52 53 54 55 56 59 60 63 64 65 66 70 72 73 75 76 86 87 88 90 91 92 93 94 97 98 101 104 106 108 109 110 111 112 114 117 119 120 121 122 130 131 134 136 138 141 142 143 144 146 149 152 153 155 157 158 162 163 165 167 170 171 173 176 179 182 184 187 188 191 193 195 196 197 198 199
369 53 55 56 57 59 62 63 67 68 70 72 75 76 78 79 82 83 87 88 89 90 92 95 97 98 99 100 102 103 106 107 108 114 115 116 117 118 119 120 122 123 126 127 133 135 136 138 139 140 141 142 146 149 150 151 153 155 158 160 161 164 167 168 171 172 174 175 178 180 182 186 187 188 190 192 195 197 198 200
911 53 54 55 57 58 60 61 62 67 69 70 71 72 73 74 79 80 81 83 87 88 89 94 96 99 103 108 110 111 112 114 115 117 118 125 126 132 133 138 141 144 145 146 149 152 154 156 158 159 160 161 162 167 168 169 170 172 173 174 178 179 180 182 183 184 186 188 194 195
2363 55 57 58 60 61 63 65 66 67 68 69 70 72 74 75 76 77 81 82 84 85 87 89 90 92 95 96 97 101 104 105 108 110 111 114 115 116 119 123 124 126 127 130 131 134 135 138 140 143 144 146 148 149 150 151 152 156 157 159 162 165 166 167 170 171 172 173 175 176 179 183 185 186 188 189 196 197 200
1432 55 58 60 61 62 67 69 70 73 74 75 76 77 78 80 81 85 86 88 89 94 95 96 97 100 101 102 106 107 109 112 115 116 117 119 121 122 125 126 128 129 130 136 137 139 141 142 146 148 152 154 156 162 164 167 168 170 172 173 174 181 185 186 189 190 191 193 194 195
683 56 57 58 61 62 64 70 72 74 75 76 84 87 89 93 94 95 97 103 105 107 109 111 112 113 114 116 119 121 124 125 126 127 129 131 132 134 137 138 141 143 144 146 147 148 149 152 156 158 161 164 165 167 168 169 172 173 175 176 180 185 187 188 189 190 191 196 199
2570 62 64 65 66 67 72 74 76 78 81 82 86 91 92 93 96 99 101 104 107 108 109 110 119 121 122 123 124 125 126 127 128 132 133 136 137 139 140 141 144 145 147 151 153 155 157 158 160 162 163 165 167 169 172 177 178 179 180 182 183 184 188 190 192 193 195 197 199 200
864 59 60 61 62 64 65 70 72 73 74 76 77 79 80 82 85 89 90 91 92 93 94 95 96 97 100 101 102 106 107 109 110 112 116 118 121 123 124 130 131 133 138 139 141 142 146 147 148 150 151 153 156 158 159 160 164 165 168 171 172 176 179 182 183 185 186 188 189 190 192 194 198
712 59 62 63 64 65 70 73 74 75 76 77 78 79 80 81 82 83 84 86 87 88 89 93 94 97 98 103 105 111 112 117 118 119 122 124 125 129 132 134 137 138 142 145 146 154 156 157 158 162 163 164 165 167 168 171 172 175 176 177 179 183 187 188 190 192 194 195 196 197 198 199
2883 61 66 67 75 76 78 80 81 82 83 88 89 90 92 93 94 95 97 100 105 106 107 109 112 114 115 117 118 120 121 122 124 127 133 136 139 140 141 142 143 144 148 152 157 163 165 169 170 172 174 175 178 180 186 188 189 197 198 200
166 61 62 66 72 73 74 77 79 82 84 85 89 90 95 96 99 100 101 103 105 107 109 110 112 113 114 115 120 124 125 126 127 129 130 132 134 136 142 144 147 149 150 151 153 155 158 160 161 162 163 164 165 166 167 169 170 174 175 176 178 181 183 185 187 190 191 193 197 198 200
1623 63 65 66 67 68 69 71 73 74 81 82 84 85 87 92 95 96 97 98 99 100 102 104 106 108 110 112 117 121 122 125 130 131 134 135 136 137 139 140 141 143 146 147 152 153 154 157 158 160 165 167 170 174 177 179 181 183 184 186 187 190 191 194 195
1462 63 65 67 68 70 72 74 76 78 81 82 85 88 89 90 92 93 97 98 103 104 105 106 107 108 110 112 113 114 116 118 122 123 129 130 131 132 133 137 138 141 144 145 146 149 150 151 154 155 156 157 159 162 163 164 166 168 169 173 174 175 178 185 186 189 190 191 193 196 197 198
285 68 69 72 73 76 78 79 84 85 88 90 94 95 96 99 107 108 110 113 114 116 117 119 120 123 124 126 127 128 130 131 132 133 136 137 138 139 140 141 142 144 146 150 152 155 156 157 159 160 161 164 167 168 170 173 174 175 178 179 180 185 186 188 189 190 191 194 195 197 199 200
2583 65 66 72 73 79 80 82 83 86 88 91 92 95 96 99 100 102 103 104 105 106 108 111 112 116 117 119 120 121 127 128 130 131 134 135 136 140 143 144 147 148 149 151 154 155 157 158 160 161 162 164 166 168 169 170 171 177 179 182 184 187 191 192 193 194 195 199 200
607 69 71 73 77 78 79 82 85 86 88 92 93 95 97 98 99 100 102 104 105 106 112 117 118 120 122 123 124 127 132 133 136 137 138 139 143 144 145 146 147 148 150 155 158 165 167 170 171 173 174 175 177 179 181 182 183 184 186 189 192 194 197 198 199 200
2957 69 72 73 74 75 76 78 81 83 86 89 92 95 97 99 100 103 104 107 109 121 122 123 124 125 127 128 131 134 136 137 143 144 150 152 154 155 156 157 158 162 169 170 172 177 179 180 181 183 185 191 192 195 198 199
337 72 74 76 78 79 85 86 87 89 90 91 93 94 98 99 100 102 104 105 107 108 111 113 115 117 123 125 127 128 129 130 131 132 133 137 138 144 146 149 150 154 157 158 159 160 161 162 164 167 176 178 179 181 182 183 187 189 191 195 196 197 198 199
763 73 75 76 77 82 84 85 86 87 88 92 93 95 96 97 100 103 110 111 114 117 118 119 121 123 124 127 128 129 132 135 136 137 139 144 145 147 148 149 151 155 156 157 159 160 162 163 164 165 169 170 172 173 175 176 177 179 180 187 190 197 200
154 72 75 77 79 80 83 84 85 88 92 93 97 98 104 106 107 109 110 112 114 115 116 117 118 119 122 124 126 127 128 129 130 131 133 135 137 141 142 143 145 149 150 151 152 154 156 158 163 166 167 168 169 171 172 174 176 177 179 181 184 186 187 188 189 190 192 195 197 199
2073 73 76 79 85 92 94 95 96 97 98 99 100 101 105 106 107 110 112 113 114 115 118 120 121 122 125 128 129 130 132 134 136 138 141 143 145 147 148 151 152 154 157 159 163 165 166 168 169 175 176 177 179 180 181 182 183 184 189 193 194 198 200
1013 72 74 75 79 80 83 84 87 89 91 92 95 96 99 100 103 106 115 117 118 120 121 122 125 127 129 131 133 135 136 137 138 141 144 147 148 151 152 154 155 157 158 159 160 166 168 169 170 174 175 177 179 180 181 186 188 189 193 195 197 200
1928 73 75 76 77 78 82 83 84 85 87 91 93 94 98 99 101 102 103 104 109 112 116 117 118 119 120 126 127 128 130 133 134 135 136 138 141 143 144 146 147 148 149 151 152 155 156 158 160 161 168 169 175 176 178 179 180 184 186 187 189 192
2346 75 77 80 83 84 86 88 89 91 93 96 97 98 100 103 105 107 108 110 111 112 113 114 115 117 119 121 122 124 127 129 130 131 135 136 139 140 141 142 143 144 146 153 155 156 157 158 160 161 162 163 167 172 176 178 179 182 183 184 186 187 188 189 190 195 196 197 198 200
1338 75 76 77 78 83 84 85 91 93 96 97 111 112 113 115 116 119 124 125 126 127 130 132 134 138 139 140 141 143 148 151 152 153 154 165 167 170 171 177 180 182 183 186 188 190 192 194 196 200
510 76 79 80 83 84 86 92 95 97 98 100 103 107 108 109 110 112 114 118 121 124 126 127 129 134 138 140 141 142 145 146 147 148 149 152 159 160 162 164 166 168 171 173 174 178 179 180 181 183 185 186 188 189 190 192 193 195 199
2777 81 84 85 88 91 96 98 99 101 103 105 107 110 113 114 119 120 123 124 125 128 129 130 131 134 135 136 140 141 143 145 146 148 150 155 159 160 161 163 167 168 169 171 174 176 179 180 182 183 191 192 196
1240 78 79 81 82 83 84 88 89 90 93 94 97 99 103 105 107 109 110 111 112 116 118 119 121 122 124 125 128 129 133 134 135 137 138 139 141 142 145 148 152 153 155 158 160 164 169 172 174 175 178 179 181 185 186 191 194
1638 79 81 84 85 86 87 89 92 95 97 98 100 102 105 108 111 118 119 121 122 123 127 128 129 132 133 134 135 138 140 141 142 144 145 149 151 152 153 156 158 160 161 164 165 166 167 169 170 171 172 174 176 177 179 180 181 183 186 190 194 197
1211 81 84 85 87 93 94 95 96 98 99 101 103 104 105 106 109 112 115 116 120 126 131 133 134 135 136 137 139 140 141 144 146 147 150 151 152 153 154 155 156 157 158 159 160 161 163 167 170 171 172 173 174 176 177 179 182 183 184 185 186 187 188 189 190 191 194 196
2489 81 82 84 87 88 89 90 92 93 94 97 98 99 100 103 106 111 118 122 123 124 125 126 128 130 133 135 136 137 138 140 141 142 145 146 148 150 152 155 158 162 164 165 168 173 177 178 179 180 181 183 186 188 189 192 195 200
1301 82 83 84 86 88 90 93 94 95 96 97 101 103 105 106 108 109 111 114 118 121 123 124 125 127 128 130 131 132 133 134 146 147 151 154 156 157 159 161 162 164 165 166 167 169 171 175 179 180 181 184 185 186 188 190 192 193 194 195 196 197 198
297 84 85 86 87 89 90 94 97 98 99 100 101 103 107 112 115 118 119 120 121 122 123 125 126 127 128 129 130 133 134 135 136 137 138 140 141 147 148 150 153 157 158 160 164 171 176 177 178 182 183 185 188 191 192 195 196 197
782 85 87 88 93 94 96 97 98 99 101 103 109 112 113 115 120 121 122 124 125 127 130 135 136 137 140 142 144 149 151 157 162 167 168 169 172 174 175 180 181 182 183 187 188 190 191 196 197 198
672 86 87 90 92 93 98 99 103 105 108 109 114 115 117 119 120 123 124 126 127 128 131 134 136 138 141 142 143 144 146 149 151 152 153 154 156 158 160 161 163 167 168 169 171 172 176 180 183 187 188 191 192 193 195 196 197 198
2281 87 88 89 91 94 95 96 97 103 105 106 107 112 114 115 116 117 118 119 124 125 128 129 131 136 139 141 142 144 145 148 149 150 151 152 153 156 158 159 161 163 165 167 171 177 179 180 182 183 185 186 189 194 195 196 199 200
504 87 88 90 92 94 101 102 103 104 106 107 108 109 110 111 112 113 115 116 120 123 126 128 129 130 131 133 135 137 140 141 143 144 145 146 147 149 150 152 154 155 156 168 170 173 174 175 176 177 179 180 181 184 186 188 190 191 192 193 194 195 197 199 200
2033 88 91 92 93 94 97 98 99 101 105 108 109 111 112 113 114 115 116 120 127 130 134 135 140 141 142 144 148 150 152 153 155 156 159 162 163 165 169 170 172 174 175 176 177 178 184 185 186 188 189 190 191 192 193 194
1878 89 91 92 93 94 95 96 97 99 100 101 103 105 106 108 109 110 112 114 117 118 122 123 124 125 126 131 132 133 134 136 139 141 143 145 150 151 154 156 157 159 161 163 167 169 170 171 172 173 175 179 186 189 190 192 198 200
2602 90 92 94 96 100 106 110 113 117 119 122 123 125 127 128 133 136 137 138 139 141 145 146 147 149 150 151 152 154 156 159 162 163 166 167 171 175 182 185 186 190 192 193
2180 93 97 98 99 100 105 107 110 114 120 121 124 126 130 131 133 134 135 136 138 140 141 142 144 145 149 151 153 154 157 158 160 161 164 165 170 171 173 174 175 177 179 182 186 187 188 189 190 191 196 197 200
2357 92 94 95 98 100 102 104 105 108 109 110 112 113 115 117 118 122 123 125 128 133 134 135 137 138 140 141 143 144 145 146 148 151 152 155 156 158 160 161 162 163 164 165 167 168 169 170 172 178 180 182 184 186 187 188 191 192 193 196 200
2994 93 95 98 102 105 106 108 111 112 115 117 118 119 120 121 124 130 132 133 135 136 137 140 143 145 146 151 152 153 154 155 157 159 161 162 165 167 168 169 170 174 176 177 179 184 185 186 189 190 194 195 198 199 200
2313 95 98 99 104 107 108 111 115 117 119 120 122 129 130 132 133 137 139 143 144 145 149 151 154 159 162 166 167 168 169 170 171 174 175 176 178 179 181 182 186 187 190 191 193 194 195 197 199 200
1922 95 96 97 98 99 100 102 108 110 111 112 114 115 116 118 121 122 126 127 128 132 135 136 140 142 146 147 149 151 153 158 163 164 165 168 173 174 175 177 178 181 183 191 194 196 197 198 200
853 97 100 101 102 105 106 112 113 114 116 118 120 121 126 128 129 134 137 138 143 144 145 147 148 150 151 152 154 155 156 157 161 163 167 170 173 174 176 177 179 181 183 184 188 189 192 194 195 196 199
2051 101 103 105 106 109 111 112 115 118 120 121 124 126 128 129 132 133 136 139 140 143 144 147 151 156 160 161 162 165 166 168 170 172 173 174 175 176 177 181 182 186 189 190 192 193 195 199 200
437 98 99 100 101 103 104 105 106 107 111 113 114 115 118 121 123 124 125 126 128 129 130 131 132 133 135 137 138 141 143 144 146 149 153 155 156 163 166 169 173 174 175 176 177 181 182 183 186 187 189 193 196 197 199 200
2609 99 100 102 104 107 113 114 118 119 126 127 128 129 131 132 136 137 142 144 145 146 147 150 151 153 155 161 162 167 171 175 178 179 180 184 185 186 187 188 193 194 198 200
879 101 103 105 110 111 112 115 116 117 118 120 121 126 127 130 132 133 135 136 137 138 141 142 143 144 147 149 150 151 152 156 159 160 163 164 167 168 171 173 174 175 183 186 187 188 189 191 192 194 196 197 199
579 101 102 104 105 106 114 117 118 120 121 122 124 125 126 127 129 130 131 132 134 135 136 139 141 142 143 144 145 147 151 152 154 155 157 158 161 166 175 177 178 179 180 182 183 184 185 188 190 192 194 195 196 198 199 200
575 102 104 105 109 111 112 114 115 116 118 119 120 121 123 128 129 130 131 132 133 134 135 137 138 142 145 146 149 152 157 158 161 162 164 165 167 168 172 174 175 176 179 181 183 184 185 188 189 190 191 193 194 195 198
1534 103 105 107 109 110 113 115 119 122 124 125 127 128 129 130 131 134 135 136 146 147 151 152 154 156 160 164 165 168 169 172 174 175 177 179 181 188 189 193 195 200
1568 105 110 112 113 115 117 121 123 126 127 130 131 132 133 134 135 136 142 143 146 149 150 151 152 155 156 159 160 165 167 170 173 174 176 177 180 181 184 186 188 189 191 194 196 199 200
2268 107 109 112 114 115 120 121 122 123 126 128 129 131 135 136 137 140 143 144 145 147 148 149 150 151 152 153 156 159 160 161 164 165 166 168 169 170 175 176 177 178 181 183 185 186 188 190 192 193 197 200
580 106 107 111 113 114 117 120 121 123 125 130 132 133 134 135 136 137 138 141 142 143 144 145 147 149 150 152 154 159 162 163 166 169 170 171 172 175 176 178 179 180 183 184 185 187 189 194 196 198 200
1691 107 109 112 115 119 122 123 124 125 131 132 137 140 145 146 147 150 151 153 154 155 158 159 161 162 166 167 170 171 173 174 176 177 178 179 180 183 184 187 188 189 191 195 196 198 199 200
728 109 110 111 112 113 115 116 118 120 122 125 129 130 136 137 141 143 145 148 149 151 155 156 161 163 165 166 171 172 173 174 175 177 179 183 187 188 196 199 200
652 111 112 117 118 121 122 125 127 128 129 130 134 135 137 142 143 146 147 149 152 154 158 160 161 162 164 165 166 169 171 172 173 175 176 177 178 179 182 183 185 188 189 190 193 194 195 198
2599 110 113 117 118 119 120 121 124 125 128 129 130 132 135 136 137 138 140 145 147 148 149 152 154 157 158 159 165 168 169 171 173 174 175 176 177 178 179 180 181 182 184 186 192 193 194 196 198 199 200
2858 111 112 117 118 120 121 123 127 128 129 130 131 132 133 138 139 140 142 143 144 145 147 149 150 154 156 158 159 162 163 164 168 170 172 173 175 178 181 182 183 187 188 192 193 194 195 196 199
2517 112 115 117 118 119 120 122 127 128 129 131 134 135 136 138 140 145 146 152 156 157 158 160 165 168 170 173 174 176 178 179 180 183 184 186 187 189 193 194 196 198 199 200
1689 113 114 117 120 123 126 127 128 131 132 133 135 136 137 138 139 140 143 145 148 151 156 162 167 168 169 172 173 177 181 183 184 186 187 188 189 192 194 200
755 122 124 125 126 127 128 130 133 134 137 138 140 144 145 147 148 152 153 154 157 158 160 161 162 163 167 169 170 172 176 177 179 180 181 184 185 186 189 192 194 195
2973 115 116 117 119 120 124 125 126 127 128 131 133 134 135 136 137 139 141 145 148 150 151 153 154 157 160 161 162 164 167 169 170 172 174 176 177 178 179 181 185 187 188 189 190 191 192 195 196 197 200
2012 117 118 122 127 128 129 131 132 135 136 138 139 141 142 143 144 145 148 150 151 152 156 157 158 159 160 163 165 166 169 170 171 172 174 176 177 179 180 183 185 186 188 189 190 192 193 197 199
2920 119 122 126 128 130 131 137 138 141 146 148 149 152 153 157 158 160 163 164 168 172 176 178 179 181 182 186 188 189 190 192 193 195 198 199
1955 119 120 121 125 128 129 132 134 135 138 141 143 144 145 147 149 151 153 159 160 161 166 171 172 174 176 177 179 180 181 185 186 189 192 194 197 200
571 119 120 121 130 131 132 136 137 143 144 145 146 147 148 149 152 157 158 159 160 163 168 171 172 173 174 176 177 179 180 182 184 188 190 192 197 200
2387 120 121 122 123 126 127 129 130 131 135 136 137 144 145 146 154 156 157 158 159 160 162 163 164 168 170 171 174 176 178 179 180 181 182 183 184 185 189 191 195 198 199 200
1602 121 124 125 128 129 130 134 135 137 138 141 142 143 144 145 146 149 151 152 153 155 156 157 158 159 160 162 163 165 168 169 171 174 177 178 179 180 181 183 184 189 190 192 193 194
1482 122 123 124 125 126 127 128 129 131 132 135 139 140 146 147 149 150 151 157 160 162 163 165 166 169 170 171 173 174 178 186 187 188 190 195 198
483 123 124 126 127 128 131 132 135 136 138 139 141 143 147 150 152 153 157 159 161 162 163 164 167 172 174 176 177 181 182 184 185 186 187 188 189 190 191 192 193 194 195 198 199 200
2641 124 125 128 129 130 131 137 138 141 142 144 146 148 151 153 156 157 158 159 161 163 164 165 166 169 171 172 177 179 180 182 183 184 191 192 194 198
771 125 129 130 131 136 142 143 144 145 146 148 153 154 156 159 163 164 165 170 173 176 179 180 183 184 185 188 189 191 196 197 198
1578 126 129 130 132 133 134 135 136 140 141 142 144 147 149 153 155 156 157 158 161 162 164 166 169 170 171 173 175 178 179 180 183 185 189 190 191 193 194 195 196 197 200
835 127 128 131 132 135 137 138 144 145 146 148 149 151 152 153 154 155 156 157 165 169 171 174 176 181 182 183 185 186 189 191 193 196 199 200
1751 128 129 130 132 133 137 138 140 142 143 148 151 152 155 160 162 163 164 165 167 168 169 172 175 176 178 183 184 186 190 191 192 195 196 199
1325 131 133 134 136 138 139 141 143 148 149 152 153 157 158 161 164 165 166 169 171 173 176 179 180 181 182 183 186 187 188 189 190 192 193 195 196 200
1507 134 137 138 141 142 144 151 152 153 155 157 161 162 163 164 167 168 171 173 174 180 181 182 183 186 188 192 193 194 196 199 200
2914 132 134 137 139 140 147 149 151 154 155 156 159 163 165 168 169 170 172 174 176 179 187 188 191 192 193 194 198 199
1822 136 138 139 140 141 143 144 147 149 150 152 157 159 160 164 165 166 167 171 174 177 178 180 181 182 184 186 188 191 192 194 196 197 199 200
1342 134 136 137 139 141 142 143 144 145 146 147 149 152 155 157 158 161 162 163 164 169 170 173 175 176 177 178 179 181 183 184 188 190 193 194 196 197 198 199 200
1566 135 136 137 138 139 141 142 143 145 150 151 152 158 159 163 165 166 167 171 172 175 176 179 180 181 182 183 184 187 188 190 191 193 195 196 198
1913 136 138 142 146 147 149 150 154 157 160 161 166 171 173 176 178 179 180 185 187 189 192 195 197 199 200
2836 138 139 140 142 144 146 147 148 149 150 152 155 158 160 161 162 163 164 166 167 168 172 173 179 181 182 185 187 190 192 194 195 196 197 198 199 200
1464 137 139 142 143 144 145 147 149 150 151 153 154 155 159 160 161 162 164 169 171 172 173 177 178 182 183 188 190 191 192 193 197
546 138 139 140 143 144 146 147 152 157 158 159 162 165 167 168 169 175 177 178 182 184 186 187 189 190 194 199
1398 143 144 146 147 150 153 154 155 156 157 159 160 161 162 164 165 169 175 177 180 181 184 188 192 195 197 199 200
2988 142 143 146 147 149 150 151 154 155 156 157 158 160 161 162 163 164 165 167 169 170 173 174 175 176 178 179 180 183 184 187 189 190 192 193 194 197 198 199
2117 141 142 147 149 150 151 152 153 154 155 156 157 158 159 160 162 163 164 166 169 170 171 176 177 179 180 182 184 185 187 188 190 191 193 195 197 198 199
354 144 146 149 150 151 155 156 157 158 160 161 163 166 167 168 169 171 172 174 175 177 179 180 181 183 184 185 186 187 191 193
474 146 147 149 150 152 153 154 155 156 158 159 161 163 165 167 169 173 175 176 178 180 183 188 189 190 193 195 196 197 199
962 144 146 147 149 150 153 155 157 158 161 162 163 165 170 175 176 177 178 179 180 181 182 183 184 185 189 190 191 192 193 194 197 198
2641 145 148 156 157 163 166 169 171 172 176 179 181 183 184 186 189 190 191 192 193 194 196 200
838 146 149 150 153 154 156 158 161 162 163 165 170 172 173 174 175 179 180 182 183 184 189 190 191 192 193 194 196 198
261 147 149 152 154 155 156 158 159 161 162 163 164 166 167 168 170 172 174 175 176 177 180 181 182 183 184 185 187 188 195 196 197 199
916 150 156 162 168 169 172 173 174 176 177 179 180 181 184 187 189 190 191 193 196 197 199
2433 153 157 158 159 161 165 169 170 171 172 173 174 175 176 178 179 182 186 189 195 197 198 199
2890 150 151 154 156 159 160 161 163 166 168 172 173 176 177 178 179 180 183 184 187 196 200
2431 151 152 154 156 159 161 167 170 172 173 178 179 180 181 185 191 192 193 194 195 196 197 198
2765 152 153 156 157 158 159 163 165 166 168 169 173 174 175 176 177 180 187 188 189 191 192 195 197 198 199 200
1650 154 157 158 159 164 167 168 169 170 173 180 181 183 186 188 189 190 191 192 194 196 197 198
361 155 156 157 160 162 166 167 169 170 173 174 175 176 183 184 186 198
1435 155 157 159 161 164 165 169 170 171 172 175 176 179 181 182 183 184 186 187 188 190 191 195 196 197
1395 157 158 159 162 166 169 172 174 175 176 177 178 179 184 185 191 192 194 196 197 198 199 200
1724 157 159 160 161 163 164 166 168 169 170 172 176 180 181 182 183 184 185 188 189 191 193 196
2738 158 159 161 162 163 164 166 169 170 172 173 175 177 178 179 180 181 184 185 186 187 188 189 192 193 194 195 197 198 199 200
2722 161 162 163 165 166 169 172 175 176 177 178 179 180 186 191 194 196 197 198 200
1625 160 162 163 165 167 169 171 172 173 175 177 178 179 180 181 183 184 185 186 187 188 189 190 193 195 196 197 198 199 200
2346 163 164 166 167 171 173 175 177 180 181 182 185 187 188 189 194 195 196 197 200
545 162 164 165 168 169 171 172 173 175 177 180 182 183 184 185 186 188 189 190 192 193 194 197 200
2041 163 165 167 175 177 178 179 180 181 183 184 186 188 189 192 196 200
1847 167 169 174 177 179 180 181 183 185 187 191 194 196 197 198 199 200
2090 166 169 171 172 174 180 183 184 186 188 189 190 191 193 194 198
994 166 167 169 170 171 176 177 178 180 181 182 192 193 194 195 196
670 167 169 171 175 177 178 179 180 181 184 185 186 187 188 191 194 197 198 200
701 168 170 176 178 182 183 185 186 187 189 191 192 196 198
512 171 172 174 175 177 185 186 188 189 190 196 197 198 200
1166 170 173 175 176 177 178 179 181 182 184 186 189 190 191 192 193 195 198 199 200
1008 172 177 183 185 187 188 189 190 191 193 196 197 199 200
1934 172 173 174 179 181 182 184 185 186 189 190 192 194 196 197 198 199
2506 177 179 181 183 186 187 188 191 192 194 196 197 199 200
1091 177 180 182 184 188 189 193 197 199
2899 177 179 182 186 189 190 191 193 194 196 198 200
1228 176 177 179 180 181 183 184 186 187 188 190 192 193 196 200
1064 178 179 180 185 186 188 192 194 195 196 197 200
1817 179 180 181 182 183 184 187 189 191 192 193 195 196 199 200
1227 181 182 184 185 186 187 189 190 192 194 195 197 199 200
2681 180 185 186 188 192 195 197 198 200
2697 181 183 186 191 192 193 195 196 198 199 200
2566 182 185 189 190 191 192 194 196 197 198 199 200
590 184 186 188 189 190 191 193 196 197 200
513 184 186 189 194 197 198 199 200
1911 185 186 187 188 197 199
1375 186 187 188 189 192 194 196 197 200
2929 187 188 191 193 196 198
642 189 192 193 194 197 198
887 189 191 192 193 195 196 197 199
1797 190 192 194 195 198 199
1813 191 192 193 194 197
2095 194 196 197
2573 194 195 197 198 200
2607 195 196 198
2765 196 199
272 197 200
2784 197 198 199 200
830 200
1292
390 200
1638
