100	5	10000	1
0	613	25
0	340	16
0	1322	21
0	1987	18
0	1005	20
1160 2 3 4 5 6 7 8 9 10 12 14 15 17 18 19 21 22 26 27 28 29 30 31 32 33 35 37 39 41 42 43 46 54 55 57 62 65 68 70 74 75 80 81 83 84 86 87 88 89 90 92 93 94 95 98 99 100
2632 3 4 5 6 7 8 10 14 20 22 23 24 26 27 30 32 35 39 40 41 43 44 45 47 49 50 51 53 63 64 66 67 68 70 71 72 73 74 77 79 82 84 85 87 89 90 91 94 99
2901 11 13 17 18 24 26 27 28 34 37 39 40 41 47 48 49 50 55 56 58 59 60 63 65 68 70 72 73 76 77 78 79 82 85 86 87 89 90 94 98 99 100
2347 5 7 9 17 22 23 25 26 28 29 32 34 35 36 38 39 43 45 49 55 60 64 65 70 71 72 74 75 76 77 78 80 81 82 84 85 86 87 89 90 96 100
482 7 9 12 13 14 15 17 18 21 22 23 25 28 29 30 31 32 33 34 35 36 37 39 40 41 42 44 45 49 56 59 63 64 65 66 67 68 71 74 79 82 83 84 86 88 89 90 96 97 98
2606 10 13 14 16 18 21 24 26 27 28 29 30 31 33 35 38 41 43 45 47 48 49 52 55 57 58 60 62 64 66 68 69 72 75 80 81 93 94 96 97 98
882 10 11 12 13 16 18 21 22 23 25 26 27 28 29 31 32 33 37 39 41 42 43 47 48 49 52 54 56 60 63 64 66 67 71 73 75 78 80 81 85 87 91 92 93 95 98
429 11 13 14 18 20 22 23 24 26 28 29 30 33 34 35 40 41 42 44 45 47 49 52 54 55 58 59 62 63 65 67 68 70 71 75 77 78 79 80 82 83 86 87 88 90 92 93 94 98 100
2342 10 12 15 16 20 23 24 26 27 32 33 34 36 40 42 44 46 47 48 51 52 54 55 57 58 60 63 65 67 68 69 70 71 73 74 79 81 83 84 85 86 87 90 92 93 97 99
2542 11 15 16 17 19 20 21 22 29 33 35 37 42 43 44 45 46 47 49 50 53 54 55 60 61 63 65 66 67 69 71 73 75 77 79 83 84 85 87 89 92 93 96 97 98
2609 12 13 16 17 21 23 24 26 27 29 30 33 34 35 38 40 41 43 46 48 49 55 57 58 60 61 62 63 64 66 67 70 71 72 79 80 81 82 83 84 85 89 93 96 97 99
467 14 15 17 18 20 21 22 23 24 28 35 40 41 42 43 46 47 48 52 55 60 62 63 64 65 68 74 78 81 83 84 86 87 90 92 93 94 95 96 97 98 99
428 19 22 24 25 31 33 34 35 36 37 38 39 40 41 42 43 44 45 48 49 52 54 56 61 63 66 67 73 74 75 77 80 83 86 88 90 92 93 98 99
2092 15 16 17 23 25 26 29 30 31 32 33 35 40 42 44 45 46 47 50 51 52 56 57 58 59 60 63 64 65 68 71 72 73 74 75 76 78 79 81 82 83 86 89 91 92 93 94 96 97 100
699 17 19 25 30 34 35 38 42 43 44 45 46 47 48 50 53 54 59 62 64 66 68 70 72 73 74 75 76 77 81 82 83 84 85 87 88 89 90 91 92 95 96 98 100
209 17 18 19 21 22 26 29 31 33 34 36 39 40 41 42 43 44 45 48 50 51 55 59 63 64 66 68 72 74 76 77 79 80 81 87 88 90 91 93 97 98 100
2700 19 21 23 24 25 26 27 28 29 31 32 33 34 35 41 44 45 48 49 52 55 57 58 60 61 69 70 73 74 75 77 78 79 84 85 88 89 90 91 96 97 98 99 100
2580 19 21 24 27 29 31 33 34 35 37 38 41 42 45 47 48 49 51 53 54 55 56 57 60 61 62 67 69 71 74 78 80 83 84 86 87 88 90 92 93 94 99
897 20 21 25 27 29 32 34 35 36 40 41 44 45 47 48 52 57 58 59 61 62 63 68 70 72 73 80 81 82 84 87 88 89 90 92 93 96 97
2882 21 22 23 26 29 30 31 32 37 38 39 41 42 44 45 47 49 52 53 54 55 56 57 61 64 65 66 68 70 73 75 76 77 79 80 81 82 83 85 86 88 89 91 92 95 97 98
2329 22 23 24 27 28 29 30 32 34 35 37 44 49 54 55 57 58 60 61 62 64 65 70 71 72 73 76 78 80 82 85 86 87 88 98 99 100
1164 24 27 28 30 33 41 42 46 49 51 52 56 63 66 67 68 69 71 72 73 74 75 78 81 82 86 87 89 90 91 92 94 95 96 98 99
1004 26 27 29 31 33 35 38 39 40 42 48 50 52 54 55 56 58 59 60 61 64 66 68 69 72 75 77 78 80 82 83 84 85 88 90 91 92 95 96 97 99
2749 25 27 28 30 33 34 37 38 44 48 49 51 52 53 56 60 65 68 69 72 73 74 76 77 78 80 83 86 88 89 90 91 92 95 96 97 98 100
2162 26 27 28 29 32 37 38 40 41 42 44 45 46 47 50 53 54 56 57 58 60 62 64 65 66 68 69 70 72 74 75 77 81 82 84 86 89 91 93 94 97
2363 32 33 34 35 36 37 40 41 42 45 46 47 48 49 53 55 57 59 60 62 63 64 65 66 68 70 71 73 74 75 76 78 79 85 86 87 88 90 95 96 97 98 100
1432 29 35 36 40 41 44 45 47 50 52 53 56 58 60 64 65 66 67 68 70 72 75 77 78 84 86 87 88 90 92 93 94 95 98
683 29 33 35 36 40 41 42 44 45 48 49 51 52 53 54 58 59 62 64 65 66 68 69 70 72 73 76 79 82 83 84 85 86 87 93 94 96 97 98 100
2570 35 40 41 42 43 44 45 46 47 48 49 50 51 52 53 55 56 57 60 61 62 63 66 69 71 72 73 75 76 79 80 81 82 85 87 89 92 94 95 98 99
864 31 32 37 38 39 42 43 44 45 48 50 51 52 53 54 55 57 59 62 65 67 68 72 73 74 75 81 83 85 87 90 92 96 97
712 33 36 39 40 41 42 45 46 47 50 51 52 54 55 59 60 64 67 69 71 72 73 75 76 77 78 79 81 85 87 90 91 93 94 95 97 98 99 100
2883 33 36 37 39 43 45 46 47 48 49 51 53 54 55 56 60 64 65 68 69 71 73 74 78 79 81 83 84 91 92 93 95 96 98
166 35 37 38 46 50 52 57 58 59 62 63 66 68 74 75 77 80 88 91 92 93 94
1623 35 39 42 44 45 46 47 48 52 54 55 56 57 60 64 67 68 74 75 76 78 79 80 82 84 87 91 92 94 100
1462 36 38 39 42 43 44 46 48 49 50 51 53 55 56 62 63 65 66 67 68 69 70 72 75 77 78 79 80 81 82 84 86 87 89 92 93 96 97 100
285 37 38 39 40 41 43 49 50 54 57 58 61 64 66 67 71 73 74 75 76 77 81 85 86 88 89 90 93 95 98
2583 40 41 44 45 46 51 52 53 54 57 58 62 64 69 72 74 76 80 81 85 87 89 92 93 94 95 97 99
607 39 40 44 47 49 50 52 55 56 57 58 61 62 64 65 66 67 68 71 72 74 77 78 79 81 84 86 87 88 89 90 94 97 100
2957 43 44 46 47 48 50 52 53 54 56 57 60 61 65 66 67 68 70 72 73 75 76 77 78 79 80 84 87 90 91 94 95 96 97 100
337 41 42 43 44 45 47 50 51 52 57 58 60 61 63 64 65 66 67 68 69 70 72 77 79 81 83 84 86 88 89 92 93 94 96 100
763 42 43 45 49 51 54 56 59 61 64 66 69 71 76 79 83 84 85 89 92 93 95 100
672 43 45 47 52 53 54 56 59 60 61 63 64 66 67 69 70 75 78 79 80 81 82 83 84 87 90 91 93 95 96 97
2281 44 46 47 49 50 54 55 56 57 61 62 64 66 70 72 74 75 76 79 80 82 83 84 85 88 90 92 95 97 98 100
504 46 47 49 51 53 56 58 59 62 64 65 69 71 72 73 74 75 79 80 82 86 88 89 91 92 94 96 98 100
2033 46 51 58 59 60 61 62 64 65 68 69 70 71 75 76 78 79 81 83 86 91 92 94 95 100
1878 49 53 54 55 57 59 60 63 67 70 71 74 75 76 77 80 81 82 85 86 88 89 92 93 94 98
2602 49 50 51 52 55 59 60 63 64 65 69 73 77 78 79 81 82 84 85 86 90 94 98 100
2180 51 52 57 58 59 61 62 64 67 72 73 75 79 80 81 82 89 94 95 96 100
2357 54 56 57 58 59 63 66 67 69 70 71 74 75 77 78 79 82 83 85 86 87 88 89 90 91 93 95 97 100
2994 51 52 53 54 57 58 59 66 68 73 75 76 77 79 80 81 83 88 90 91 93 99 100
2313 53 54 60 61 62 63 66 67 69 70 73 74 75 76 79 80 84 85 87 88 89 90 93 94 95 100
1922 55 63 68 69 70 71 72 73 74 75 78 80 81 83 84 86 88 90 93 94 95 96 100
853 55 57 60 62 63 64 65 66 67 69 70 71 73 74 75 76 78 80 81 85 86 87 88 89 91 92 97 98
2051 55 58 63 65 72 74 76 77 80 82 87 90 92 93 94 95 98 99 100
437 57 59 60 61 62 63 65 66 67 69 71 73 75 78 80 83 86 87 90 91 93 95 98 99
2609 58 59 60 61 64 65 66 69 70 73 76 77 79 80 82 83 86 87 89 90 91 92 95 96 97 98 99 100
879 58 61 62 64 65 67 70 71 72 76 77 80 82 87 91 92 95 97
579 59 60 66 68 69 77 78 79 80 81 82 83 85 89 91 92 93 95 96 97 99
575 60 61 63 64 68 69 70 73 74 76 77 81 82 83 84 85 87 88 89 90 92 95 97 98 99
1534 62 63 64 67 69 71 72 77 78 81 82 83 85 87 88 89 90 91 93 94 96 99 100
1568 62 68 69 71 72 74 75 76 77 79 80 83 85 87 91 95 96 97 99 100
2268 63 64 66 67 69 70 71 78 79 87 89 90 92 94 99
1822 66 67 68 69 71 74 78 79 80 83 85 89 93 94 95 98
1342 67 69 71 72 75 81 82 83 84 85 86 89 91 95 96 99
1566 67 68 69 71 72 73 75 77 78 79 80 84 85 86 88 94 95 97 99 100
1913 67 70 76 77 78 80 83 84 85 87 88 89 90 91 92 93 96 97 98 99
2836 68 72 76 80 81 82 83 84 85 87 92 94 95 97 100
1464 69 70 73 74 75 76 79 81 83 85 90 91 92 94 95 97 98 99 100
546 70 73 76 77 79 81 84 85 86 87 88 89 90 92 94 95 97
1398 71 72 76 80 84 85 86 87 91 94 97 99
2988 74 75 76 81 83 84 86 87 88 89 94 95 98 99 100
2117 75 76 77 78 82 84 86 87 89 90 91 92 93 94 97 98 99 100
354 77 78 81 82 83 84 85 87 89 90 91 93 96
474 75 77 79 80 82 84 85 87 88 91 92 93 94 96 97 99
962 77 79 80 81 82 84 87 88 89 90 91 92 95 96 97 99
2641 80 82 83 85 87 88 90 92 96 97
838 79 80 83 84 86 88 90 92 93 95 100
261 79 82 83 84 88 89 90 91 92 94 98 99
916 81 82 84 86 87 88 93 94 95 98 100
2433 82 85 86 89 93 95 98 99
2090 83 85 87 88 91 97 98
994 83 88 89 90 92 96 98
670 85 86 87 92 93 95 96 98 99
701 85 87 88 89 93 95 96 97 98 99 100
512 86 89 90 95 96 99 100
1166 87 93 94 96 99
1008 88 89 90 96 97 98
1934 89 93 94 96 97 99 100
2506 93 96 98 100
1091 91 92 93 94 95 96 97
2899 94 95 96 98 100
1228 95 97 98 100
1064 96 97 99
1817 96 100
1227 97 100
2681 97 98
2697 98 99
2566
590
513
