100	10	10000	10
-4	1406	18
-5	1149	6
-2	1036	7
-5	1736	11
-4	1982	11
-2	1164	4
-5	1456	10
-1	1721	11
-4	1518	15
-5	1694	7
2499 2 3 7 8 9 10 14 16 19 22 23 24 25 27 28 30 32 35 36 38 39 40 42 43 50 51 54 55 56 58 59 62 63 65 67 69 71 73 74 75 77 79 80 81 83 90 100
2744 5 6 8 11 12 13 14 17 18 19 20 22 23 26 27 29 32 33 34 35 36 39 42 44 45 46 47 48 51 53 54 55 56 58 62 63 64 70 74 78 80 81 83 84 85 87 88 90 91 92 95 96 99
2150 6 8 10 11 15 16 17 20 21 22 24 26 27 29 31 32 34 35 39 40 42 44 48 49 52 54 58 60 62 64 65 68 72 73 74 77 78 79 81 83 84 85 86 87 88 91 93 95 100
1545 9 13 15 17 18 19 21 22 25 26 28 29 31 33 38 42 44 45 46 47 49 50 54 55 56 58 60 64 65 69 70 76 77 78 80 81 86 87 90 91 93 98 99 100
2364 7 13 14 15 26 27 28 32 33 35 36 38 39 42 43 46 47 49 50 51 52 53 57 58 60 61 63 66 67 70 71 75 76 78 79 80 81 85 86 91 94 96 97 99 100
2706 7 9 14 18 19 21 22 23 26 28 30 31 32 33 35 38 39 40 42 43 44 48 51 52 53 55 56 58 59 61 63 65 68 69 72 73 74 75 76 78 81 82 83 84 86 89 94 95 96
3000 9 10 11 12 15 17 20 22 23 24 25 27 28 30 33 34 40 41 42 44 45 47 50 51 54 55 56 57 58 60 63 64 66 69 72 73 74 76 77 79 80 81 82 83 84 92 97 98
2461 9 13 14 16 17 18 21 24 25 26 29 32 34 36 37 38 41 43 44 45 47 48 53 55 56 62 65 67 68 69 72 73 74 77 81 82 85 86 87 89 93 95 98
1964 10 11 13 16 18 19 20 22 23 25 29 30 31 33 34 37 40 41 43 44 46 50 51 54 55 56 60 61 62 65 67 69 72 74 76 78 81 82 84 87 88 89 90 91 92 96 97 99
2747 11 12 13 14 16 21 22 23 26 27 28 29 31 32 33 34 36 37 38 41 43 44 50 51 52 53 55 56 57 59 60 61 62 64 65 67 68 69 72 73 74 76 79 81 84 91 95 98 99 100
2372 12 13 15 19 24 25 26 27 28 29 30 31 35 36 39 40 44 49 50 52 53 54 56 57 58 60 62 66 69 72 74 75 76 77 80 87 90 98 99 100
2208 13 14 15 16 17 18 19 22 23 24 27 28 33 35 37 38 39 41 43 44 45 47 49 50 53 55 60 61 62 63 64 65 66 72 74 80 81 86 87 88 90 91 94 95 96 97
2728 15 16 17 23 25 26 28 29 34 35 36 39 42 47 48 49 50 54 56 59 61 62 66 69 71 76 78 79 80 81 83 84 85 86 88 89 92 94 98 100
1670 16 18 21 23 24 27 28 30 31 32 33 35 36 37 38 39 41 43 44 45 46 47 48 52 53 54 55 57 58 59 60 61 64 65 67 71 75 79 80 81 82 83 85 86 88 91 92 95 96 97 99 100
2427 18 19 22 25 30 32 39 42 44 49 52 54 55 58 59 60 61 67 68 69 70 72 73 74 75 76 78 80 82 84 85 87 88 92 93 99
1733 18 19 20 21 25 26 29 30 35 37 40 41 42 43 46 47 48 50 51 52 54 55 56 57 58 59 60 62 63 64 65 66 68 69 71 74 75 76 78 79 80 82 84 86 87 88 90 91 92 97 98 100
2384 18 19 20 21 22 24 25 29 30 31 32 33 34 36 37 38 39 43 47 49 50 51 52 54 55 56 61 65 68 69 70 72 73 74 77 79 82 83 85 87 89 90 91 92 93 98 99
1961 19 20 24 30 32 37 38 42 43 48 53 54 56 57 59 60 65 67 70 73 75 77 82 84 86 89 93 98
1929 20 21 22 23 24 25 27 28 29 30 31 32 35 36 37 41 42 48 49 52 53 57 58 59 60 70 71 74 75 76 79 80 82 83 89 92 93 97 98 99
2710 22 27 28 29 35 37 39 41 43 44 45 47 51 53 54 58 59 65 68 69 70 72 74 75 76 79 82 83 86 87 88 90 95 98
2639 23 24 28 29 32 39 40 42 44 46 50 52 54 56 58 60 61 62 63 65 66 68 69 71 76 78 80 83 86 89 91 93 94 98 99 100
1870 27 28 30 31 32 34 36 37 39 40 44 46 48 49 51 53 54 55 59 60 61 64 65 67 68 70 72 74 78 79 81 83 84 89 92 94 95 96 99
1566 24 26 29 30 33 35 38 42 43 44 45 46 47 48 54 58 59 61 65 68 69 71 72 75 78 79 80 82 83 85 91 94 96 97 98 100
2050 26 28 30 34 35 36 40 42 44 48 49 52 54 58 59 60 62 63 64 66 68 70 72 74 75 77 79 80 82 84 85 86 91 93 94 95 99 100
2861 26 27 31 32 33 35 36 37 42 43 46 48 52 53 54 56 60 63 64 65 66 67 69 70 72 73 75 78 79 80 82 88 89 90 92 93 99
1721 27 28 31 32 33 34 35 37 39 42 43 45 46 48 51 55 57 58 59 62 63 64 69 74 77 78 80 81 83 87 91 98
2306 28 30 33 34 36 38 41 42 43 45 47 49 52 53 56 57 60 61 62 63 65 66 68 71 72 74 75 76 78 82 83 85 86 87 90 91 93 94 95 97 100
1970 29 30 33 35 40 46 47 49 52 53 56 59 60 65 66 70 73 74 75 76 83 85 86 88 90 91 93 94 96 97 98
2779 31 34 35 38 40 42 43 44 46 47 48 49 54 55 57 59 61 62 63 65 66 72 74 75 76 77 78 79 81 82 84 85 88 90 95 96 97 98 100
1642 31 32 33 35 36 38 41 46 47 48 51 52 56 57 58 61 62 64 66 68 70 71 72 74 76 81 82 85 86 87 89 91 92 94 95 96 98
2580 37 38 39 45 47 49 50 52 53 54 55 57 60 61 62 64 65 67 69 71 73 74 75 76 77 80 84 86 87 89 91 95 96 97
2045 33 34 36 37 39 45 46 47 50 52 53 55 61 63 64 71 72 73 77 79 80 81 82 83 86 87 91 94 95 96 98 100
2905 39 41 42 45 48 49 52 54 55 56 57 59 60 65 70 71 73 74 76 80 81 82 85 87 88 90 93 94 95 96 97 98
2580 37 38 39 41 44 46 47 48 53 63 67 70 72 75 78 79 82 85 86 87 88 89 91 93 96 98 99 100
2632 36 38 39 40 41 43 45 47 48 51 56 58 59 60 61 62 65 67 71 72 75 76 81 83 87 89 91 92 94 95 96 97 98 99
2207 37 38 39 46 47 48 51 54 55 56 58 60 62 64 67 69 70 71 72 75 76 79 81 82 83 85 88 92 93 94 97 99
2886 38 39 40 42 45 46 54 55 56 58 60 61 65 67 68 69 70 76 77 78 80 82 83 84 87 88 90 93 94 99
2872 39 41 43 44 50 52 53 55 56 57 58 62 63 64 68 71 73 75 77 80 83 88 91 93 94 95 97 99 100
2483 40 41 42 43 44 45 46 47 51 52 57 58 59 61 62 64 66 67 68 69 70 71 73 75 77 79 82 83 84 87 89 90 92 93 97 99
2622 42 46 48 50 51 53 58 61 64 65 68 69 70 71 72 74 81 86 88 89 90 91 92 93 94 95 96 97 98 100
2649 44 46 47 51 52 53 54 57 58 61 62 63 67 70 72 79 81 86 87 88 89 91 94 95 96 97 99
2075 43 44 45 47 48 49 50 51 52 54 56 57 58 60 61 63 65 68 70 77 78 79 82 87 88 91 93 94
1629 46 47 50 53 55 56 58 61 62 63 64 65 66 70 73 75 77 78 79 80 82 83 86 87 89 90 91 92 93 95 98
2441 46 50 51 53 54 56 57 60 62 63 64 69 74 75 77 78 80 85 89 91 93 96 97 98 99
1880 46 47 49 51 52 57 58 62 63 66 67 69 72 73 74 75 76 81 82 83 86 87 90 91 92 94 96 98
2121 47 50 52 55 56 57 59 60 61 66 68 70 71 74 75 78 79 80 85 87 90 94 95 97 99 100
2628 49 51 52 57 58 59 61 64 65 66 67 69 71 74 77 79 80 81 83 84 85 88 89 91 95 98 99
2205 49 50 53 61 67 68 69 70 71 74 75 78 79 80 84 85 86 88 91 95 99 100
1826 50 52 60 62 64 66 70 72 73 74 76 77 79 81 82 85 86 87 88 89 90 92 94 97 99
2844 51 55 57 60 65 66 67 68 73 74 75 85 87 88 89 90 91 92 93 100
2827 56 58 62 64 68 70 71 72 74 77 79 81 82 83 84 87 88 90 92 98 100
1885 58 59 63 64 65 66 67 68 70 72 73 75 76 77 78 79 89 90 91 93 94 95 96 97 98 100
1722 55 56 60 61 63 65 68 70 73 74 76 78 79 80 83 84 85 87 88 92 94 95 98 99
1747 55 56 58 60 63 64 65 68 71 75 77 78 79 80 81 82 83 84 89 92 94 95 96 97 100
2939 57 58 59 60 65 67 70 71 72 75 81 83 84 85 91 93 94 98 99 100
2485 57 59 60 62 64 65 66 67 68 70 71 72 75 76 81 82 84 87 88 90 91 97 98
2431 61 64 66 67 69 70 72 73 75 78 80 81 82 85 88 89 92 93 94 98 99
2834 61 62 63 67 69 70 76 77 78 80 81 82 83 86 89 90 91 93 94 95 97 98 99 100
2298 60 62 64 65 67 68 70 71 75 77 84 86 89 91 92 93 94 96 98
1518 61 62 71 72 73 74 75 76 79 80 84 86 87 90 92 95 97 98 99
1544 62 68 73 77 78 80 81 82 83 86 87 89 90 93 94 96 97 98 100
2534 69 72 73 74 75 78 80 83 84 86 87 88 89 94 97 99 100
2327 65 66 67 69 71 73 75 77 78 79 80 82 84 86 87 90 91 93 94 95 97 98 100
2566 71 73 76 79 80 87 91 92 97 99
2230 66 67 68 69 73 74 75 79 80 81 82 84 85 87 89 90 93 95 96 98 100
2138 71 74 75 76 77 80 81 83 84 87 90 91 93 95 96 97 98 100
2203 70 72 73 75 76 77 78 80 82 85 86 87 88 89 92 94 95 98 99 100
1741 69 72 73 74 75 77 79 82 83 84 88 90 92 97
2420 70 72 73 76 79 81 83 84 85 86 91 92 94 95 96 97
2925 71 73 76 77 78 79 82 86 87 88 89 91 95 97 98 99 100
2396 72 76 77 78 80 81 83 85 87 88 92 94 96 98 99
2703 74 76 77 78 79 80 82 84 87 88 92 93 95 96 98 99 100
1677 76 77 78 79 80 85 88 90 91 93 94 96 97 98 100
2258 77 78 79 80 81 82 83 85 90 91 93 96 97 100
2223 76 77 79 83 84 94 96 98 100
2346 77 78 79 85 86 92 94 96 97
2178 81 82 84 85 91 92 93 97 98 100
2516 79 81 83 87 88 89 90 92 94 95 96 98 99
2830 82 84 85 90 91 92 93 94 96 97 98 100
2977 82 85 86 93 95 98 99
2364 82 83 88 89 91 93 95 96 97 98 99 100
2251 83 84 86 87 93 94
2859 84 88 89 90 92 93 94 99 100
1845 88 91 93 94 95 96 97 98 99
1908 89 97 98 99
2328 89 91 93 94 95 96 98
2051 89 90 91 92 93 94 95 96 98
2285 91 95 97
1764 90 91 92 94 95 97 100
2667 93 95 97 100
1909 94 95 97
2602 94 98
2995 94 96 97 98 100
1775 99 100
2131 98 100
2714 97 99 100
2204
2776
2627
1928
