25	10	200	1
0	20	3
0	10	3
0	14	2
0	7	2
0	8	3
0	10	2
0	3	2
0	17	2
0	5	4
0	19	2
13 2 4 5 7 8 16 18 19 21 23 24
23 5 9 10 11 12 13 14 15 16 17 18 20 24
26 5 10 12 19 21 23 25
28 5 7 8 11 14 15 16 18 19 22 24 25
17 9 13 15 17 21 24 25
26 7 8 12 13 14 15 16 23 24 25
17 9 10 12 13 15 19 22 23 24
18 9 11 12 19 20 21 22 24
27 10 11 14 16 18 24
25 14 15 19 21 22 23 25
21 14 15 16 17 23 24 25
22 14 16 21 23 25
23 18 19 21
17 17 19 20 21 23 24
10 16 17 20 21 22 24 25
11 17 18 19 20 25
28 18 20 22 23
15 19 20 23 24
12 20 23 25
28 22 23 24
25 23 24
29 25
18 24 25
18
13
