75	10	10000	1
0	293	6
0	720	11
0	950	2
0	689	9
0	222	9
0	500	9
0	193	6
0	479	5
0	953	10
0	218	8
2030 2 3 5 7 14 15 16 17 18 19 20 21 23 24 26 27 29 30 32 33 34 35 36 37 40 41 43 44 46 51 52 55 58 60 62 63 65 66 68 69 71 73 74 75
2623 4 5 7 8 11 14 17 19 21 22 23 24 26 27 28 29 30 31 33 36 42 47 48 51 52 58 59 60 62 63 65 69 70 72
1691 7 9 10 13 15 16 19 20 22 23 25 32 35 36 37 40 45 48 49 50 51 52 55 59 61 62 63 64 65 66 67 69 70 75
2753 7 8 12 13 17 18 20 27 29 30 32 35 36 41 42 45 46 51 52 54 58 59 60 64 67 69 70 75
2754 8 12 13 15 17 19 20 22 25 27 29 30 41 42 46 49 51 52 54 56 62 64 66 67 68 69 70 71 73 74 75
1664 9 10 16 17 18 19 23 25 26 29 30 31 33 35 36 38 41 42 45 48 52 53 57 64 65 66 69 71 73
2766 8 11 13 15 16 21 22 25 26 34 36 39 40 41 45 46 47 48 49 50 58 61 62 67 69 71 73 74 75
2900 10 11 14 15 17 19 20 21 22 23 28 36 41 42 44 45 46 49 52 53 54 55 57 59 61 66 67 70 71 72
1891 11 12 18 19 21 23 24 25 26 28 30 31 32 37 38 41 42 43 45 46 48 51 52 53 54 56 60 62 64 66 67 70 71 72 74
1664 11 12 13 15 16 18 21 23 27 28 35 37 39 40 45 50 51 52 57 58 61 64 65 66 69 70 73
2621 12 13 15 16 17 18 23 25 26 27 28 32 33 35 36 38 39 40 41 42 43 44 50 52 54 56 57 58 60 61 63 65 66 69 73 74
2721 15 16 18 19 22 24 25 29 32 34 35 38 40 43 45 46 48 49 50 53 54 55 58 62 68 69 70 71 75
1683 14 17 19 20 21 22 23 27 32 34 36 43 52 56 58 59 60 64 65 71 73 74 75
2496 15 17 22 26 27 29 33 34 37 40 41 42 43 44 45 49 50 52 53 55 56 57 58 60 61 65 67 71 72 75
1799 16 18 21 26 29 33 35 36 38 39 40 45 46 50 51 52 53 56 60 63 64 65 66 67 69 70 71 75
1554 19 22 23 24 26 27 30 32 33 34 35 37 39 41 42 43 44 45 48 49 51 52 53 54 56 57 59 60 61 62 63 65 66 67 69 71 72 73
2800 18 19 20 21 22 23 25 38 40 42 45 46 49 50 51 52 53 56 59 60 61 63 64 66 67 71 72 73
1806 19 20 22 23 24 25 26 27 30 33 36 38 40 41 47 49 50 51 54 60 61 68 71 72 73
2181 21 22 23 28 29 30 32 33 34 35 37 40 41 43 44 45 46 47 48 49 53 55 57 59 60 61 62 63 64 66 70 71 74 75
2631 23 25 26 27 28 31 32 33 34 35 37 39 40 43 44 45 46 51 53 56 57 58 61 62 64 65 67 68 69 70 71 72
2995 23 24 25 27 33 41 48 49 50 53 55 56 57 59 63 64 65 69 70 74 75
1791 23 28 30 32 33 36 38 39 41 42 43 44 50 51 53 55 57 58 60 62 64 71 72 74 75
2735 25 26 27 28 33 35 37 38 39 44 45 46 48 50 51 52 54 55 59 60 61 62 64 65 66 69 73 74 75
1882 29 30 31 32 33 34 36 37 38 41 42 43 44 46 60 61 62 64 65 70 75
2891 28 30 32 33 34 38 40 41 43 44 48 49 50 52 55 56 60 61 63 66 67 68 72 73
1533 27 28 29 30 32 35 36 38 41 43 46 50 53 55 56 57 59 60 61 62 65 66 69 70 72 73 75
2261 28 29 30 31 32 33 34 37 40 44 45 46 47 50 51 52 53 57 60 61 68 71 72 73 74 75
1592 30 33 34 39 40 42 43 44 47 51 52 53 55 56 57 60 61 63 64 65 71 72 75
1786 30 33 34 35 38 39 40 41 42 44 45 49 51 53 57 58 59 63 65 67
2590 31 34 38 39 41 42 44 45 46 47 51 53 54 55 59 60 62 63 64 65 66 67 69 71 74
1702 33 37 39 40 41 42 43 48 49 51 52 53 56 57 59 60 61 65 67 68 71 73
2628 35 36 38 40 41 45 47 48 51 54 57 58 59 61 62 66 67 68 69 71 73 74 75
2947 34 36 39 41 44 46 47 49 50 55 56 62 63 64 65 66 68 73 74
2411 35 41 43 44 48 49 50 51 52 54 56 57 59 62 64 65 66 69 70 74 75
1876 36 37 38 42 43 44 45 48 51 53 63 64 65 67 68 72 74
2475 38 40 42 43 44 45 46 47 48 49 50 51 52 54 55 57 58 61 62 63 65 68 70 71 72
1739 38 39 43 44 45 49 52 55 56 57 59 60 61 63 66 67 73 74 75
2466 39 40 41 42 43 44 45 50 51 52 53 54 55 60 61 65 66 67 68 72 73
2389 40 42 46 49 50 51 52 53 60 61 62 63 64 70 71 72 74 75
2751 42 43 44 46 48 50 51 55 62 64 65 66 68 69 71 74
2941 42 44 47 49 53 58 60 63 65 66 67 70 71 72
2540 43 45 47 50 53 54 60 61 62 63 64 65 68 72 73 74 75
2606 44 45 46 48 49 54 58 59 61 63 65 66 68 71 73 74 75
1668 48 49 51 52 53 58 59 62 63 64 65 66 69 70 71 72 75
2754 46 47 49 52 55 56 57 58 60 62 63 66 67 71 73 75
1889 47 49 53 54 55 61 64 67 68 69 70 71 72 74
2361 48 49 50 53 55 56 57 58 59 61 63 64 65 66 67 68 72 73 74 75
2121 50 51 52 53 54 55 56 57 62 64 65 66 71 74 75
2954 50 55 58 60 67 68 72 74 75
2149 53 54 55 58 59 60 61 62 68 71 72
2944 54 55 57 58 59 65 66 69 70 72 73 74 75
1627 53 54 55 56 61 63 64 65 68 71 72 74 75
2233 56 58 61 62 63 64 66 68 72 73 74 75
2406 57 60 62 63 64 65 66 68 70 71 75
2182 56 59 62 67 69 70 72 75
1723 57 58 59 60 63 67
2508 58 63 64 65 67 68 71 73 74 75
2495 59 64 67 69 71 73
1785 60 61 62 63 66 70 71 74 75
1706 61 62 64 65 67 68 69 70 71 72 74 75
2033 62 65 66 69 70 71 72 73
2417 63 65 68 71 75
2703 67 72 73 75
2899 65 68 69 72 73 75
2064 66 68 69 73
1982 67 71 75
2733 68 70 71 72 74 75
1947 71 73 74
1800 70 74 75
1954 74
1995 73 75
2358 73 74
2063 74
2790
2798
