25	10	1000	10
-2	90	2
-4	12	2
-3	88	2
-5	97	3
-2	80	2
-2	56	5
-2	12	2
-4	64	3
-2	25	2
-1	93	2
179 2 3 7 8 9 10 12 13 14 17 20 22 23 25
244 6 7 8 11 15 17 23 25
68 4 5 7 8 9 11 15 18 20 22 23 25
26 5 6 7 8 14 15 16 19 23 24 25
219 7 9 11 12 13 14 15 17 19 20 21 23 24 25
171 8 9 10 12 14 15 17 18 21 23 24 25
66 9 12 13 14 15 17 18 21 22 24
105 11 12 16 19 22 23
149 10 12 14 17 19 20 22 24
258 13 14 16 18 19 24 25
100 13 14 15 17 19 20 22
25 13 17 19 21 25
122 18 20 21 22 24
248 17 18 20 21 22 24 25
34 17 18 19 20 21 23
21 17 18 19 22 23 25
64 18 20 21 22 23
148 19 20
168 20 22 23 24 25
198 24 25
50 22 23 25
90 23 25
275 24 25
57 25
292
