200	5	1000	1
0	80	40
0	19	39
0	19	44
0	12	40
0	91	37
157 3 4 6 10 11 13 14 15 16 19 20 21 22 24 25 29 30 31 32 33 35 36 39 40 43 44 45 48 51 53 55 56 61 62 63 65 69 70 72 74 78 79 80 83 85 86 88 89 90 93 96 97 99 100 101 102 104 107 109 110 111 112 114 115 118 119 121 124 125 126 127 128 131 133 134 136 137 139 140 142 144 145 146 147 148 149 152 154 155 158 159 160 165 168 173 175 176 179 181 182 185 187 188 189 190 192 193 194 195 196 199
292 3 4 7 9 10 12 15 21 22 23 25 30 31 33 34 35 39 40 41 43 44 46 48 49 52 55 57 58 64 67 71 74 75 78 79 83 84 85 87 88 89 91 92 93 94 96 101 106 107 108 109 110 112 118 119 120 121 123 129 130 131 134 135 136 138 139 140 142 145 146 147 148 149 153 155 161 162 166 167 169 172 174 177 178 179 181 182 183 185 186 187 188 189 190 191 192 194 200
300 4 6 7 8 10 11 12 15 16 19 20 21 24 25 27 29 31 33 39 40 41 43 44 45 46 48 49 51 52 55 57 58 59 61 62 64 65 66 68 69 71 72 73 74 79 81 82 85 86 87 89 92 94 95 96 98 102 106 107 109 110 111 112 114 117 121 126 128 129 132 133 134 135 136 138 140 142 143 144 147 149 150 151 153 156 159 160 161 162 166 167 169 170 176 180 183 185 187 188 191 194 197 199 200
280 5 6 8 11 12 13 17 18 19 20 21 24 26 27 31 33 34 36 37 40 42 44 48 49 51 53 58 60 65 66 67 68 70 71 73 75 77 78 79 81 82 83 88 89 90 91 93 99 101 104 107 108 109 114 115 117 121 123 124 126 128 129 132 133 134 136 138 141 145 149 151 153 155 158 159 160 161 163 164 166 167 169 170 172 173 174 175 176 178 183 186 192 193 194 196 197 200
275 7 8 9 11 12 14 15 16 17 19 20 25 26 28 29 30 33 34 35 39 40 41 42 43 44 46 47 48 49 50 52 53 54 56 58 59 60 61 62 63 65 68 69 70 71 72 74 76 80 81 82 84 86 88 89 92 93 94 98 99 101 102 103 108 111 113 115 116 117 119 121 122 125 127 129 133 135 136 140 143 144 146 153 154 155 157 159 166 169 170 171 172 173 175 176 177 179 180 182 188 189 191 192 193 194 195 198 199 200
270 7 10 11 12 13 14 15 16 18 21 22 24 29 30 31 32 33 35 38 39 40 42 45 48 49 50 51 53 55 56 58 59 61 63 64 68 69 70 71 72 74 75 76 77 78 79 81 82 83 84 86 87 90 96 97 98 102 103 104 106 107 112 113 118 119 121 123 125 128 132 133 134 139 141 144 145 146 147 149 150 151 153 154 155 156 158 160 161 169 173 174 175 176 177 178 179 180 181 183 184 186 188 192 193 196 199
215 9 10 12 13 14 15 18 20 21 23 26 29 31 34 36 38 39 41 42 43 47 49 52 53 56 59 61 63 65 70 71 75 78 79 80 82 83 85 86 89 90 91 99 100 104 105 106 109 110 112 113 118 119 121 123 127 128 135 136 140 146 147 150 152 154 158 159 160 161 164 165 166 168 171 172 174 175 176 178 180 181 182 185 187 188 192 193 194 197 198
168 10 11 12 13 14 17 18 23 24 29 30 32 35 37 40 42 43 45 46 48 49 50 52 56 58 59 60 61 63 64 67 69 70 71 73 74 75 78 80 83 84 85 88 89 90 91 94 96 99 100 101 103 106 107 108 109 113 115 118 121 122 123 124 129 131 134 135 137 139 140 141 144 146 147 149 150 154 163 165 166 167 168 169 171 173 177 178 181 184 186 187 190 191 194 199 200
224 11 15 16 18 21 24 28 29 30 31 34 36 37 39 41 43 45 46 47 50 52 56 57 58 64 69 70 71 72 73 75 76 77 78 84 85 86 87 88 89 92 93 95 96 97 99 100 103 107 108 109 110 113 115 116 118 120 121 123 124 127 128 131 136 137 140 144 153 154 155 158 159 160 162 163 164 168 172 173 175 178 179 180 184 185 186 188 191 194 195 197 198 199
271 11 14 17 19 32 35 39 44 45 47 51 53 55 56 57 59 61 65 67 70 72 73 74 76 77 79 80 81 82 85 86 87 89 90 91 95 98 102 105 106 109 110 113 115 118 121 122 124 126 136 137 138 142 144 145 146 147 148 149 151 152 154 159 160 162 163 164 166 168 172 174 175 176 177 180 182 191 194 195 199 200
216 13 14 17 19 21 23 24 26 27 30 32 35 36 39 42 44 47 48 49 52 53 54 56 57 60 61 64 65 67 72 74 75 76 77 78 79 80 82 83 85 88 89 90 91 98 102 105 106 108 109 110 112 113 114 115 116 117 121 125 127 128 130 131 134 136 142 143 144 146 147 151 152 153 155 157 159 161 162 163 165 167 168 169 170 172 173 175 179 182 183 185 188 189 190 194 195
260 16 17 18 21 26 27 29 31 34 39 41 44 45 46 49 52 55 57 58 59 63 65 67 68 71 73 77 78 83 86 88 89 90 94 96 109 110 112 113 114 115 116 117 118 122 124 127 128 129 130 131 132 134 136 139 142 143 144 147 148 150 151 152 155 158 160 166 170 172 173 174 180 182 183 184 187 188 191 193 194 196 199
207 14 15 17 21 22 24 25 27 28 30 32 33 35 37 41 43 44 47 50 51 52 54 58 62 65 66 67 70 71 81 85 88 89 95 97 99 100 104 107 108 111 114 115 117 119 120 121 126 131 132 135 136 137 138 139 141 143 145 147 148 149 150 151 153 154 155 156 158 159 160 168 169 170 171 180 181 183 186 187 190 192 193 194 198 199
284 15 16 18 20 21 23 26 27 28 29 31 36 37 41 44 45 46 50 53 54 55 57 58 63 66 68 70 72 75 76 77 78 79 80 82 85 86 89 90 91 94 96 98 99 101 102 106 108 109 111 112 114 119 123 124 125 128 129 135 136 142 144 146 148 152 154 158 160 163 164 165 166 167 168 169 172 174 177 178 179 181 184 185 189 191 198 199
168 16 20 24 26 27 28 29 32 37 38 42 44 46 50 52 53 54 56 57 58 59 63 71 74 76 79 82 83 84 85 86 87 88 91 92 97 98 99 103 104 106 107 108 113 115 118 119 120 121 124 125 127 129 130 132 135 137 142 143 145 148 149 150 157 158 159 163 164 165 167 170 174 175 176 179 180 181 183 185 187 190 191 193 194 198 199
183 17 18 19 20 22 24 26 28 29 31 32 35 37 38 40 42 43 44 46 47 50 53 54 55 59 62 65 67 68 69 71 75 76 77 78 79 80 82 83 85 86 87 88 92 93 95 97 102 109 119 126 128 130 132 134 135 136 139 140 143 144 147 150 151 152 153 154 155 156 158 159 162 164 166 167 168 169 170 175 183 184 186 188 191 192 194 197 198 199
293 19 21 22 24 26 28 30 32 36 38 39 40 45 46 47 48 49 50 52 54 60 64 65 66 67 71 75 76 77 78 79 80 81 83 86 88 93 94 95 96 98 99 100 103 106 110 111 112 113 115 116 118 121 123 124 127 132 139 141 143 144 145 148 149 150 151 158 159 163 164 165 166 167 168 169 171 174 175 178 179 181 185 186 187 188 190 192 194 196 197 198 199
280 19 25 26 28 29 32 39 41 42 44 46 50 51 52 54 57 58 59 60 61 62 70 71 74 77 78 83 87 88 90 92 93 94 96 97 101 102 104 105 107 108 109 112 114 116 119 120 124 125 131 133 135 137 141 143 147 148 149 151 152 159 160 164 165 167 170 171 176 178 179 182 183 186 187 188 191 192 195 198 199 200
238 20 22 24 29 32 34 35 38 42 44 46 47 52 53 54 58 60 61 62 63 64 65 66 68 70 72 74 76 77 78 80 81 85 87 88 91 92 95 96 98 99 101 102 105 109 111 113 116 117 123 124 125 130 131 132 133 134 138 144 145 146 147 148 150 151 159 161 164 165 166 167 169 170 171 172 174 175 176 177 180 182 183 185 186 189 190 191 193 194 200
277 23 25 26 27 28 30 32 33 35 36 38 40 41 45 46 47 48 50 51 54 55 57 59 60 61 63 65 66 67 68 73 78 80 83 84 85 86 89 91 92 94 95 96 97 99 100 104 105 110 112 113 114 120 124 125 126 129 130 132 133 134 136 138 140 142 143 144 145 146 147 150 151 152 154 155 156 157 158 161 163 164 167 168 169 173 175 177 180 183 184 186 188 190 192 194 197 198 199
166 22 24 25 27 31 33 34 35 37 41 42 44 45 51 52 56 57 59 61 62 65 67 71 72 73 75 77 80 83 84 86 88 90 97 100 104 105 106 109 110 116 117 118 119 121 122 124 125 126 129 132 133 136 137 138 139 141 145 147 149 153 159 160 161 162 171 175 177 178 179 180 181 186 188 191 192 193 196 197 199
237 23 26 29 31 32 33 34 38 42 47 48 49 51 52 53 55 57 62 63 64 65 72 73 75 79 80 81 82 85 86 87 88 89 91 96 101 104 106 107 115 116 117 118 120 123 124 126 128 129 131 134 135 136 141 142 143 145 146 148 152 155 156 158 160 162 164 165 167 168 170 173 174 175 177 178 181 184 186 188 189 192 194 195 198
237 25 28 31 33 34 37 38 39 40 41 44 51 55 58 60 61 62 65 71 72 73 74 79 80 82 83 85 90 91 92 95 96 99 103 104 107 108 110 113 115 116 117 118 120 121 122 125 126 127 129 130 131 132 134 135 136 137 138 139 140 141 144 145 149 150 152 154 155 160 162 164 166 173 176 177 180 182 184 186 188 189 190 192 193 194 196 197
294 25 26 28 29 32 33 34 35 37 39 42 44 46 48 49 50 51 52 53 55 56 57 62 64 65 66 68 71 73 74 76 81 82 87 88 89 90 92 93 96 99 103 105 109 111 112 114 115 116 117 122 123 124 127 129 131 133 134 135 137 139 142 144 147 152 153 154 155 156 157 159 161 164 165 169 171 173 175 177 178 183 184 187 191 193 194 196 197 198
286 27 30 31 32 33 34 38 41 42 43 44 45 46 47 48 49 54 55 57 59 63 66 67 68 71 72 73 74 75 76 77 78 79 80 81 82 83 84 86 87 88 89 90 91 92 96 97 99 101 102 105 107 108 112 113 114 115 116 117 119 122 124 125 127 129 132 134 136 140 142 145 147 148 154 159 161 162 163 164 165 166 168 170 171 182 186 188 189 190 194 195 197
177 27 29 31 33 35 37 39 40 41 42 45 46 47 51 53 55 56 58 59 62 65 69 70 71 77 79 80 84 85 87 88 89 90 92 101 103 105 106 107 108 109 110 111 112 113 114 118 120 125 129 131 132 133 134 136 138 142 143 145 146 147 149 150 152 154 155 157 158 159 163 165 166 167 168 169 170 171 174 175 177 179 183 184 185 189 190 191 194 195 196 197 200
225 30 32 33 34 35 41 42 48 51 52 53 54 55 57 58 59 60 62 63 69 72 73 74 77 78 80 83 84 85 87 88 89 92 93 94 102 105 108 109 110 113 116 117 118 119 120 124 125 129 132 133 134 135 136 137 139 141 142 143 145 155 156 159 162 164 167 168 169 173 174 175 176 177 178 179 181 184 185 186 191 193 196 200
153 31 32 35 37 40 41 42 45 46 47 49 50 52 53 54 56 57 58 59 60 61 63 65 68 71 73 75 76 77 79 80 81 82 84 87 88 90 91 93 94 95 96 97 98 100 103 104 105 110 112 114 115 117 118 119 120 122 124 126 129 131 132 136 137 138 140 143 144 145 148 149 150 153 154 156 159 161 162 164 166 167 171 172 173 174 175 176 177 179 180 182 183 184 186 187 192 196 198 199
255 31 33 34 35 36 37 46 48 50 51 57 58 60 61 63 64 65 67 69 70 72 73 74 76 77 78 83 85 87 89 90 92 93 94 103 106 107 108 109 110 111 114 115 117 118 120 122 124 125 128 130 131 132 134 135 136 138 140 143 144 146 147 148 149 153 154 156 158 160 164 167 168 170 171 173 174 176 179 180 181 182 183 185 187 188 189 191 194 195 196 197 198 199
190 31 32 33 34 35 41 43 44 45 47 49 50 51 52 55 58 59 60 62 64 65 66 67 71 72 73 75 79 80 83 84 85 86 89 90 91 94 95 98 111 113 114 117 118 121 129 130 132 133 134 141 143 145 146 147 151 152 154 158 159 160 161 162 163 164 165 170 171 172 173 174 175 176 179 180 185 187 188 189 190 191 193 195
231 39 40 41 43 46 49 54 59 60 62 63 65 67 68 69 70 71 72 77 78 79 80 81 83 85 86 87 88 89 91 92 93 94 97 98 100 101 102 104 107 108 109 110 111 114 116 119 120 121 124 127 129 130 131 133 134 137 138 139 140 142 143 144 145 147 150 155 158 163 164 166 167 170 172 173 174 176 178 180 182 183 184 185 190 192 193 194 195 198
156 37 40 41 42 43 48 49 51 54 57 58 59 60 62 64 65 67 71 72 77 78 79 80 82 83 84 86 87 89 90 92 94 96 97 101 102 106 110 111 115 116 117 120 121 123 124 126 132 134 135 136 140 142 143 144 146 147 149 153 157 159 161 163 165 166 167 168 170 172 173 174 175 178 179 186 191 194 195 197 199
252 34 35 37 38 40 41 42 45 47 49 50 51 54 55 57 58 59 65 67 68 73 75 77 79 80 82 85 87 90 91 92 97 100 101 103 104 106 107 108 112 114 116 117 120 122 123 126 127 130 132 133 134 136 137 139 141 142 143 149 154 155 158 160 162 169 171 174 176 181 183 186 194 195 197 198
266 36 38 39 41 44 46 47 49 50 51 55 58 59 62 63 64 69 70 71 72 73 74 76 77 79 80 83 86 87 89 92 93 95 96 97 100 101 102 103 104 105 107 110 111 114 117 118 121 122 123 124 125 127 128 129 130 132 138 139 142 143 144 146 151 152 154 155 156 157 159 160 166 167 170 171 172 173 175 176 178 181 182 184 185 186 187 190 192 193 194 196 199
242 38 40 42 43 44 45 46 48 53 54 57 60 61 62 65 66 67 70 71 73 77 80 81 85 86 88 90 92 97 99 100 102 104 105 106 108 109 112 113 116 117 121 122 123 126 127 128 130 131 132 134 135 139 142 143 144 145 147 148 149 150 153 154 156 158 159 160 163 166 168 171 172 175 176 180 181 183 185 186 188 189 193 195 197 200
221 41 43 46 49 52 54 56 57 60 61 63 64 65 66 67 68 69 70 73 74 76 77 79 80 81 82 84 90 91 92 95 97 99 100 101 103 104 111 112 114 115 116 120 121 123 124 125 126 132 133 134 136 138 139 140 141 142 143 145 147 149 150 152 153 155 159 160 161 162 164 165 169 171 173 175 176 177 179 181 182 184 185 186 187 188 189 190 193 196 197 198
264 43 45 46 47 51 55 58 60 62 67 70 71 72 81 82 83 85 89 91 93 94 101 102 106 107 108 110 116 119 120 121 122 123 126 130 135 138 139 140 141 142 145 146 148 152 154 155 156 157 159 161 162 163 166 167 169 173 175 176 177 178 185 187 190 192 193 195 196 197 199
228 39 40 41 43 45 49 50 54 55 57 58 59 61 66 68 69 70 71 72 73 74 80 81 82 87 89 94 95 96 97 100 101 102 103 106 107 108 109 111 112 115 116 118 119 121 124 126 127 128 129 132 133 134 135 138 139 142 145 150 152 153 155 159 160 162 163 164 166 168 169 172 173 175 176 178 179 181 187 188 190 191 192 194 195
235 40 41 45 46 50 51 52 54 60 61 62 64 65 67 68 73 74 75 76 77 80 83 85 88 90 93 94 95 96 98 99 100 104 109 110 111 116 117 120 122 124 125 126 127 131 132 134 135 136 137 139 140 143 145 146 148 149 158 162 163 165 167 169 170 172 176 179 180 182 184 185 190 192 194 198 199
206 42 43 46 49 54 56 57 61 62 64 65 66 67 68 69 70 71 72 73 78 79 80 84 88 90 91 95 96 98 100 101 102 103 106 107 108 109 113 114 115 124 126 128 132 133 134 135 137 138 139 140 142 146 147 149 152 156 158 159 160 161 164 165 166 167 168 170 172 174 175 176 178 179 181 183 184 188 189 190 191 194 195 196 198 200
247 45 46 49 53 58 59 62 63 64 66 67 69 70 72 73 74 76 77 78 79 80 82 84 85 86 88 90 91 96 98 99 101 104 106 109 110 113 116 119 120 121 123 126 127 132 133 136 137 138 139 143 146 147 150 152 153 154 155 159 161 169 172 173 178 181 183 186 187 193 196 197 199
218 43 44 45 47 48 50 55 56 59 61 66 67 69 70 72 74 75 76 77 78 79 80 83 85 86 87 89 92 94 95 99 101 106 107 111 112 115 116 117 120 124 125 127 128 130 131 133 134 135 137 143 144 146 147 151 152 153 154 155 156 157 158 159 160 162 163 165 168 171 173 174 175 177 183 187 189 190 193 195 198 200
209 46 47 48 50 51 52 54 56 59 61 64 70 72 76 83 84 85 89 91 93 97 98 102 104 105 111 114 115 117 118 120 121 125 126 128 129 130 132 134 138 139 141 143 150 151 153 155 157 158 159 162 164 165 167 170 171 175 177 179 180 183 185 187 190 191 194 195 196 197 198
279 47 50 52 53 54 57 58 60 61 62 63 65 67 69 70 71 72 74 76 79 80 82 84 85 86 88 91 98 99 102 103 106 109 113 116 117 118 120 126 128 130 133 137 139 140 144 145 148 152 154 155 157 161 162 163 164 165 166 167 168 175 178 183 185 186 188 190 191 193 194 196 197 199 200
272 46 47 48 49 50 53 55 57 58 59 60 63 65 66 67 68 69 70 73 74 76 77 79 86 87 89 92 95 96 99 101 103 104 106 108 109 110 112 113 117 120 121 124 129 130 132 133 134 136 137 138 139 140 142 143 144 146 148 150 151 152 158 159 160 161 162 163 164 168 170 171 173 175 177 181 182 184 189 191 195 197 198 200
193 47 48 49 51 53 56 57 61 62 66 71 74 80 82 84 85 86 95 97 98 99 104 106 109 110 111 113 114 116 118 119 120 121 125 130 131 132 133 139 140 144 148 149 150 152 159 160 161 164 166 169 170 173 174 177 178 181 182 183 185 188 189 191 192 194 198 200
278 48 50 51 53 55 58 59 60 64 65 66 68 69 70 72 76 77 79 80 81 82 84 85 86 87 88 89 90 92 93 94 95 98 104 105 109 110 114 115 117 120 122 123 124 125 126 128 129 130 132 134 137 138 139 141 143 147 148 150 154 155 156 157 158 159 162 163 164 167 168 169 170 173 174 175 178 180 182 183 185 186 188 189 193 196 197 198
153 50 51 55 56 60 61 65 66 71 75 80 82 83 84 85 89 91 92 95 96 97 100 101 103 104 112 113 114 115 117 119 120 121 122 126 127 129 133 135 137 138 140 142 144 145 147 149 150 153 154 155 156 157 160 161 162 164 167 168 169 176 178 180 182 183 185 186 187 188 192 194 195 197 200
281 50 56 58 60 64 65 71 72 73 74 75 79 81 84 87 88 90 92 94 97 100 101 102 105 107 110 111 126 129 130 133 134 135 140 141 144 145 146 153 154 157 162 163 169 170 173 174 179 180 183 184 186 187 191 192 194 196 197 198 199
291 51 54 58 61 62 63 69 71 72 74 79 81 84 86 87 91 93 94 95 96 97 98 99 101 104 108 109 110 113 114 116 117 121 122 124 125 126 127 128 129 130 134 136 140 143 144 150 151 154 155 157 158 160 163 164 165 167 168 172 174 176 178 179 180 181 185 187 190 191 194 195 197 198 199
157 52 57 58 59 61 63 64 65 67 68 69 71 72 73 76 80 81 82 84 88 92 93 94 95 97 101 103 104 105 112 115 123 127 132 133 134 136 139 140 144 145 146 147 148 149 155 157 158 159 160 162 163 165 168 169 170 174 177 179 180 186 187 194 196 198
299 53 55 56 58 59 60 61 68 71 72 73 74 75 77 78 80 81 82 84 85 86 88 92 93 97 98 100 101 107 110 113 116 118 119 122 125 127 130 132 134 135 136 137 139 141 143 144 145 152 155 156 159 160 161 162 163 168 169 170 172 173 175 177 178 180 182 184 187 188 189 190 192 194 196 197 198 200
192 54 56 57 58 61 62 64 65 66 70 73 75 77 78 81 82 85 86 87 88 90 95 97 100 103 105 106 107 110 113 115 118 119 121 124 127 130 133 134 136 138 141 142 143 144 147 151 153 154 156 158 161 163 164 165 167 172 173 175 176 178 179 182 184 186 188 190 191 192 196 200
257 55 56 60 63 65 69 71 72 74 76 77 79 80 81 84 85 88 89 91 92 94 95 96 97 98 100 101 102 107 108 110 111 112 115 117 119 121 122 125 128 129 130 134 136 137 138 139 145 147 150 152 154 155 157 158 159 160 161 163 164 165 167 169 172 173 174 175 177 178 180 182 185 186 187 189 192 195 197 198 199
251 56 60 61 62 68 69 71 72 77 83 84 85 86 89 90 93 94 96 97 101 102 103 105 106 111 112 113 114 115 119 120 121 122 123 124 127 130 131 134 135 136 138 139 140 141 143 150 154 155 157 160 161 164 165 166 169 170 172 173 176 177 178 181 182 183 184 187 191 194 196 199 200
159 58 65 66 68 71 72 75 77 78 80 81 84 85 86 87 88 89 91 93 94 96 98 103 105 106 107 110 111 112 117 118 119 123 125 130 131 132 134 135 138 140 144 149 151 156 159 160 162 163 166 168 170 171 176 177 180 181 182 183 185 186 187 188 189 190 195 197 199 200
265 59 60 61 63 66 68 69 70 71 72 73 74 76 77 79 80 83 86 88 92 96 97 99 101 103 107 109 111 113 114 117 124 126 128 129 132 136 138 143 149 151 156 157 159 160 161 163 165 166 170 172 174 178 179 180 181 183 185 187 190 191 194 196 198 200
182 59 60 62 65 67 68 69 70 72 74 76 77 79 81 82 83 85 87 89 91 92 93 95 97 100 102 103 111 113 114 116 118 119 120 122 125 127 129 130 131 135 136 137 139 140 141 143 144 146 147 152 154 156 159 160 161 162 163 164 165 167 169 170 172 174 176 177 178 179 182 183 184 186 187 188 189 190 191 192 193 194 196 197 198 199 200
267 60 62 64 67 68 69 71 72 73 75 76 77 79 81 83 84 85 87 89 91 92 93 97 98 99 100 101 102 103 105 106 107 111 112 113 115 118 119 120 122 123 125 128 129 131 135 138 139 140 141 143 145 146 150 151 153 155 156 158 159 160 163 164 165 166 169 170 172 175 177 178 179 181 183 187 188 189 190 192 194 197 198 199 200
246 63 65 67 68 69 70 78 79 80 83 84 85 86 87 88 90 91 92 93 95 98 99 102 103 107 109 110 113 114 115 116 118 122 125 126 129 135 136 137 139 143 144 145 146 150 152 153 155 156 158 159 162 164 165 166 167 168 170 171 174 176 181 182 183 185 186 187 190 195 196 198 199 200
154 62 63 70 71 73 74 75 76 77 78 80 86 88 90 91 92 95 100 101 102 103 105 107 108 110 111 112 117 118 122 123 124 125 128 129 131 133 134 138 140 141 142 143 144 148 150 151 154 156 158 159 160 161 164 165 167 169 170 171 174 175 176 179 181 183 184 185 188 190 191 192 194 197 198 199 200
294 63 65 66 67 69 72 74 76 77 81 82 84 86 87 93 94 95 96 98 99 100 103 104 105 107 108 109 114 117 119 120 127 132 133 135 138 139 141 142 145 147 148 150 151 152 154 155 158 159 160 161 162 163 166 168 171 172 173 174 178 180 183 185 191 192 194 200
286 65 67 68 69 72 74 76 79 80 81 85 90 91 92 94 95 96 98 100 101 102 104 106 108 111 112 113 115 120 123 124 125 126 128 131 132 136 137 140 142 143 145 147 149 152 156 157 158 159 160 161 164 165 166 167 169 170 172 173 174 175 177 178 179 183 184 185 186 189 190 191 195 196 198 199
171 65 69 70 71 73 76 77 78 79 82 87 91 92 93 97 98 102 104 111 112 113 114 117 121 122 124 125 129 132 136 137 139 145 150 151 158 159 162 164 165 166 167 168 170 172 174 177 179 185 186 187 190 191 192 193 195 197 198 199 200
193 67 70 71 72 74 77 78 82 84 85 87 93 96 101 104 105 108 109 111 112 113 116 117 118 121 128 129 132 133 138 144 146 148 149 150 152 154 155 157 158 159 160 164 167 169 171 172 173 174 175 178 181 182 184 185 188 191 195 196 197 199
287 69 70 72 73 74 75 78 81 82 84 89 90 93 95 96 98 99 101 104 107 109 111 112 117 118 119 121 122 123 124 128 129 130 131 132 135 136 137 139 140 141 143 145 147 148 150 153 155 158 160 161 163 165 168 169 170 171 175 176 179 180 181 182 183 184 188 194 195 196 197
224 68 70 71 75 76 77 80 82 84 85 86 87 90 91 92 95 96 98 99 100 103 105 106 107 108 109 114 115 116 122 126 128 129 130 137 140 141 143 144 145 146 147 148 151 152 154 155 156 157 159 160 162 164 166 168 170 171 174 179 180 183 184 185 186 188 191 193 194 195 196 198 200
275 72 73 76 77 78 84 85 88 89 91 94 96 97 98 100 101 102 103 104 105 107 108 110 115 116 117 118 119 125 128 129 130 133 134 135 136 137 142 143 145 147 149 152 154 157 158 160 161 162 164 166 168 172 175 176 178 179 182 183 185 186 190 191 193 198
187 70 71 72 73 76 78 79 80 81 82 83 84 85 86 87 88 90 92 93 95 96 98 99 101 104 105 106 108 109 114 115 117 118 119 120 121 122 123 127 129 130 131 134 135 138 139 142 143 144 145 146 147 149 150 151 152 154 155 159 160 161 163 164 165 167 168 169 171 173 174 175 176 178 179 184 185 188 190 191 192 195
290 72 73 74 79 87 88 90 91 92 94 95 97 99 101 102 105 106 109 111 112 113 114 117 118 120 121 122 123 126 127 130 132 133 134 135 139 140 144 146 149 150 153 154 155 157 161 164 165 166 169 170 175 176 177 179 181 182 183 184 185 186 187 190 192 194 195 196 198 199 200
160 73 74 75 76 77 80 81 82 83 90 91 92 94 97 98 101 103 104 106 113 116 117 118 120 121 123 125 126 127 128 129 131 133 134 138 140 141 142 143 145 149 154 156 157 159 162 165 170 173 174 175 177 179 180 183 185 186 187 188 190 193 194 195 199 200
257 75 76 77 79 80 81 84 85 87 88 93 94 96 98 100 103 104 106 111 113 115 117 118 120 121 123 125 126 127 129 130 132 136 138 140 143 144 146 150 152 153 155 156 157 158 163 165 167 169 170 171 172 173 174 175 176 177 178 180 182 183 185 186 188 189 190 191 192 195 196 197 200
192 74 75 76 77 82 84 88 89 91 92 93 95 96 97 98 100 101 103 104 107 109 111 112 115 117 119 121 123 126 127 131 132 133 136 137 138 141 142 146 149 150 151 152 156 160 161 167 169 170 171 172 173 174 176 180 185 190 191 193 194 195 197
175 76 77 78 81 82 85 87 88 89 90 91 92 96 99 102 103 104 105 108 110 114 115 117 119 120 122 125 126 129 131 136 137 138 140 141 142 143 144 145 146 148 149 152 153 155 157 158 159 161 162 164 167 170 171 172 173 177 178 179 182 183 184 185 188 194 196 197 200
214 76 77 80 83 84 85 86 87 89 90 91 96 100 102 104 105 106 107 108 109 110 111 113 115 118 121 122 126 128 129 130 131 132 135 137 138 139 142 143 149 154 155 156 158 160 163 165 167 168 171 173 174 175 176 177 180 182 184 186 187 189 191 192 194 195 196 197 198 199 200
200 79 84 85 86 92 95 97 98 99 102 107 108 109 111 114 115 119 120 122 123 124 125 126 128 129 133 134 137 138 139 140 143 145 146 148 151 153 157 159 162 163 164 165 167 169 170 171 172 173 175 182 187 188 191 195 197
233 80 82 83 86 90 91 93 95 96 97 98 101 102 105 107 108 111 112 113 114 115 116 117 118 121 122 126 128 129 134 136 137 138 139 140 148 150 154 156 158 159 160 163 164 166 167 172 175 176 177 178 179 182 183 184 186 187 189 190 191 193 195 197 198 200
227 79 80 81 82 83 84 85 90 91 92 93 94 95 97 98 99 101 104 106 108 109 110 111 113 114 123 126 127 128 130 132 133 134 135 137 138 139 140 141 142 143 145 147 148 150 155 156 157 158 161 162 166 171 172 175 176 179 182 184 185 186 187 188 190 191 192 195 198 199 200
173 85 87 88 91 94 96 97 98 99 100 101 102 103 107 110 115 116 117 118 120 121 122 123 124 125 126 127 134 138 139 143 144 145 147 150 151 152 155 157 160 161 162 168 171 172 174 175 179 180 182 184 186 188 192 194 195 199
166 82 85 88 89 93 94 95 98 99 100 101 110 112 114 116 118 119 121 123 124 126 127 129 131 136 137 138 139 141 142 147 149 150 151 154 155 156 159 160 161 163 164 165 166 168 174 175 177 180 185 186 189 191 193 194 195
176 82 83 84 85 86 88 89 91 92 93 98 99 101 103 106 107 108 109 114 118 119 121 123 124 126 127 128 129 132 134 137 138 139 140 143 144 145 147 148 149 152 153 154 159 160 161 167 170 175 177 178 179 181 187 189 190 191 192 194 196 197 198 199 200
209 83 88 91 93 94 96 97 98 100 105 107 113 114 115 116 118 119 120 122 123 124 125 130 131 133 134 136 137 138 141 143 146 147 149 152 153 155 156 158 159 161 162 163 164 166 168 169 170 172 175 176 177 180 181 185 186 189 190 192 194 197 198 200
267 90 91 92 93 94 95 102 105 106 107 108 110 111 113 114 115 116 123 125 128 134 135 136 137 139 140 141 143 144 145 146 147 148 151 154 155 156 157 158 159 162 163 169 170 173 175 176 179 180 181 183 185 186 187 190 191 193 198 200
197 86 91 92 94 95 96 101 103 106 107 108 109 110 115 116 117 118 119 121 122 123 127 128 132 135 137 140 142 144 147 150 152 153 154 155 157 158 160 161 164 165 166 168 170 171 174 175 176 177 178 179 182 186 188 189 190 194 196 199 200
180 91 92 93 94 96 97 99 101 103 104 106 109 111 113 114 115 119 123 125 127 128 130 131 132 133 134 136 137 138 141 145 147 148 149 150 155 156 158 159 161 162 163 165 169 171 172 175 176 177 178 179 181 182 188 189 191 192 196 197 199 200
227 88 90 94 97 98 99 101 102 103 104 106 107 109 111 112 113 115 118 119 120 121 122 123 124 126 127 128 132 133 135 137 142 143 145 146 149 151 154 156 157 161 163 167 168 169 170 172 175 176 177 179 180 181 182 185 187 189 194 195 198 199
194 88 89 90 91 96 97 99 101 104 106 108 112 113 114 115 116 117 118 120 121 124 129 131 133 135 138 139 141 143 144 146 152 153 157 159 160 164 166 167 168 169 170 171 173 174 176 178 181 184 185 186 188 189 191 192 194 195 196 197 198 199 200
290 89 97 100 101 102 106 112 113 115 116 117 118 119 120 124 125 127 128 132 133 135 137 139 140 142 144 145 146 147 148 149 150 151 153 154 156 161 165 171 172 174 176 178 185 186 187 191 192 195 197 199
250 90 91 92 94 96 97 98 99 101 103 104 106 110 112 113 115 116 118 120 121 123 124 125 126 129 131 132 133 134 135 137 138 139 140 141 143 144 152 154 155 157 159 161 163 168 169 173 182 187 188 189 195 196 199 200
281 94 96 98 99 100 101 103 105 106 107 108 109 110 111 112 113 116 119 121 122 124 125 126 128 129 130 133 135 136 141 142 143 147 154 155 156 157 158 159 160 162 164 165 166 169 170 172 173 177 178 179 181 183 186 187 188 190 191 195 196 197 198 199 200
297 93 94 95 97 99 100 101 102 103 107 108 110 111 114 115 116 117 118 120 122 123 124 125 126 127 128 130 131 135 137 138 140 143 145 146 147 148 150 151 152 153 154 156 158 160 163 164 165 167 169 170 175 177 178 179 180 181 182 185 186 189 190 194 195 198
267 95 96 97 98 101 103 104 106 109 112 113 114 116 117 119 120 122 123 128 129 131 132 133 135 136 137 139 140 144 147 148 151 152 155 156 157 158 159 161 164 166 167 169 173 174 177 179 181 184 187 189 192 193 194 196 199
274 95 97 98 100 101 106 109 111 112 113 114 115 120 121 123 124 125 126 127 129 131 132 133 136 138 140 141 143 144 146 147 148 150 151 153 154 156 158 159 163 165 170 171 172 174 176 177 180 181 182 184 186 187 189 190 194 198 199 200
256 96 97 98 99 100 104 105 106 107 109 115 128 129 131 133 134 135 136 141 144 145 147 148 151 153 154 155 156 159 160 161 165 167 168 170 171 173 175 181 182 183 184 186 187 189 191 193 197
153 97 100 106 107 115 117 118 119 120 123 124 127 129 130 132 138 139 140 142 145 146 149 152 153 155 156 157 158 160 161 164 166 168 169 170 171 172 173 176 180 181 183 184 188 189 192 196 199
213 97 98 99 100 101 103 105 109 110 115 118 120 122 126 127 128 131 132 135 137 138 139 143 146 147 152 153 155 157 158 160 161 162 164 165 167 171 173 174 175 176 178 180 181 184 185 189 190 195 197 198
197 99 101 102 111 113 116 119 121 123 124 125 130 131 132 134 137 139 141 143 144 145 148 149 153 165 166 171 172 175 177 179 181 187 189 192 193 194 195 196 198 199 200
193 102 108 110 111 112 114 119 122 127 129 130 131 132 133 135 136 137 138 139 141 142 143 147 148 149 150 151 153 154 155 156 157 158 160 161 162 163 164 165 166 167 168 169 171 174 175 177 179 183 184 188 189 190 191 192 195 197 198
156 100 103 105 110 113 115 116 117 119 122 123 126 127 128 129 132 133 135 139 142 145 146 147 150 154 155 156 158 159 160 163 164 165 166 167 171 174 178 179 180 181 182 185 189 190 191 192 193 195 196 197 198
248 103 104 106 109 110 112 115 117 118 121 123 127 129 130 133 136 139 142 144 145 146 148 150 151 152 153 154 155 156 157 159 163 164 167 169 173 175 176 178 179 182 183 185 186 188 191 195 196 197 199
165 103 108 109 110 111 116 117 118 119 120 121 124 125 127 128 129 131 132 133 135 137 139 144 146 148 149 150 151 154 155 156 157 159 161 162 163 165 168 172 173 176 179 184 185 188 191 193 195 196 197 198 199
162 103 106 107 109 111 114 117 121 122 123 126 127 128 129 131 132 135 137 138 139 140 141 143 147 149 152 153 154 156 159 160 165 172 173 178 183 185 187 189 190 191 192 193 196 197 198 199 200
229 105 106 107 109 112 116 117 118 123 126 127 129 131 136 138 139 140 142 143 145 147 149 150 151 152 154 156 157 158 159 160 162 163 165 168 170 174 176 177 179 182 184 186 190 192 193 194 195 196 197 198 200
294 108 113 115 118 119 124 125 130 131 132 133 134 135 136 138 140 141 149 150 152 153 154 156 162 164 167 168 170 173 174 175 178 179 182 183 185 186 187 189 193 195 197 200
252 107 108 109 110 111 112 118 119 120 123 125 128 129 130 132 133 134 139 140 141 145 146 147 149 150 152 157 159 160 161 163 164 165 169 175 176 177 178 180 183 186 187 190 192 193 194 196 199
201 107 108 112 116 119 122 126 131 132 134 135 138 142 148 149 153 155 157 159 160 161 163 164 165 167 168 170 172 174 175 176 177 179 180 182 183 186 188 189 191 193 194 197 198 199
204 108 109 110 111 113 114 115 118 119 120 121 122 124 128 129 138 139 141 142 144 148 149 150 152 153 156 158 160 161 162 164 165 166 168 169 171 172 173 174 175 176 178 179 180 187 188 189 190 192 193 196 197 198 200
290 109 111 114 116 118 119 123 124 125 126 127 128 129 133 136 137 141 144 150 152 153 154 156 157 159 160 162 164 165 168 170 171 172 176 182 185 187 190 191 194 197 198 199
218 110 111 112 113 114 115 118 121 123 124 125 127 128 129 132 133 134 135 138 139 143 144 145 146 148 149 150 154 155 156 157 161 162 166 167 169 170 172 173 174 175 176 181 182 183 184 185 186 187 190 191 192 193 195 198 199 200
279 112 114 115 116 117 119 120 121 124 127 129 130 131 132 133 134 136 137 138 139 141 142 144 145 147 149 150 151 154 155 156 160 164 165 166 167 168 169 171 172 174 175 176 178 179 180 181 182 184 186 188 190 191 192 196 197 198 199
244 112 113 114 115 116 118 119 120 122 123 126 129 131 135 137 138 139 140 144 145 146 148 154 158 159 162 164 168 170 178 181 182 183 184 188 191 192 194 197 199 200
176 113 117 118 119 122 124 125 126 127 128 130 131 132 134 135 137 138 139 141 142 144 147 149 153 156 161 164 166 168 169 171 174 175 176 178 180 181 189 190 192 193 196 197 198 200
218 116 120 125 126 127 128 129 130 134 136 137 140 141 142 144 146 147 152 153 159 164 165 167 171 172 173 174 175 176 178 180 181 183 185 188 189 191 193 196 199
267 115 116 117 118 119 120 121 124 126 127 128 129 132 133 134 135 136 137 138 144 145 146 149 151 152 153 155 158 160 163 165 167 172 173 174 175 176 177 178 183 184 185 186 189 196 197 199 200
288 116 117 119 122 124 125 127 130 131 133 136 137 139 140 142 143 144 146 147 148 153 155 156 157 158 160 163 166 167 169 170 171 174 175 176 177 182 185 187 188 190 194 198 199
290 117 120 123 129 130 131 132 134 135 138 140 141 142 147 148 149 152 153 155 157 160 164 165 166 169 170 171 172 173 174 177 181 183 184 185 186 188 190 194 195 199 200
272 122 125 127 129 130 131 133 134 135 140 141 146 147 149 150 154 155 156 157 163 164 165 166 169 171 173 174 178 180 181 183 185 186 188 194 197 198 199
250 119 120 121 122 124 125 126 128 129 131 132 135 136 137 139 141 143 144 145 149 150 151 152 153 155 156 157 161 162 164 165 166 167 168 169 170 172 173 174 177 179 180 182 183 185 188 190 191 194 196 197 199 200
166 120 121 122 123 128 130 131 134 138 139 140 141 143 145 146 147 148 149 150 151 152 153 154 157 158 161 164 165 166 168 169 171 173 174 177 187 189 192 193 194 195 196 197 198
241 121 122 124 125 128 129 131 133 134 135 137 139 148 149 150 151 153 154 158 162 164 169 170 171 172 173 177 178 180 181 183 187 188 189 190 191 194 196 197 200
203 123 124 125 127 128 129 130 134 137 139 141 142 143 144 147 148 150 152 153 154 155 158 160 162 163 165 167 171 174 175 176 177 178 179 180 182 184 185 186 187 188 191 196 199 200
297 125 126 127 130 132 133 134 135 136 137 139 142 144 147 148 149 150 152 153 154 157 158 159 161 163 165 166 167 169 170 171 172 176 178 179 180 181 183 187 189 190 191 193 194 195 200
168 127 128 129 130 131 132 133 135 137 139 140 141 144 146 147 148 150 151 153 154 157 158 159 163 165 173 176 177 182 183 185 186 187 190 192 194 195 196 199 200
180 125 127 128 133 135 136 141 142 144 146 148 152 153 155 157 160 161 162 164 165 166 167 168 169 171 176 178 180 183 189 190 191 192 193 194 195 196 197
265 126 127 128 129 131 133 134 136 140 141 142 144 146 147 148 151 153 154 155 158 159 160 162 164 166 167 168 171 172 173 175 177 179 182 188 192 195 196 197 199 200
174 127 129 130 132 134 137 141 142 144 146 147 148 150 153 154 156 157 158 161 164 165 167 170 173 175 177 179 181 182 184 185 187 190 191 193 194 195 197 200
157 128 129 133 134 136 137 138 139 140 141 142 143 145 151 152 153 155 156 157 159 161 162 163 168 169 171 176 179 181 184 185 186 188 189 191 192 193 197 199
150 129 132 135 138 140 141 146 147 148 149 157 158 160 162 165 166 168 173 178 179 180 181 183 188 189 190 191 193 195 197 198 199
152 132 135 136 138 139 142 143 145 147 149 152 155 157 158 160 161 163 164 166 168 170 171 173 175 176 181 183 186 187 188 189 194 197 199
205 131 132 134 136 139 140 142 143 144 147 148 149 150 153 154 155 156 159 160 161 164 165 166 169 170 171 177 179 183 184 185 186 187 191 193 195 197 198 199
206 132 134 135 137 139 140 141 142 143 144 146 147 148 151 152 153 154 156 157 159 160 164 165 166 168 171 172 173 174 175 176 177 178 179 182 184 185 186 187 189 191 192 194 196 197 198 199 200
155 133 138 140 142 143 144 145 150 151 155 157 159 160 167 169 170 172 173 178 181 183 184 186 188 189 191 195 197 200
278 134 135 136 139 140 142 143 144 150 152 153 154 155 156 157 159 160 161 162 167 169 170 172 177 178 179 188 192 196 197
300 135 137 139 141 144 151 153 154 160 161 163 166 168 170 174 177 180 184 187 194 196 197 200
279 136 139 141 142 145 146 147 150 153 156 157 160 164 166 167 170 171 173 174 175 177 178 180 182 183 184 189 190 191 192 193 195 197 198 199 200
253 140 141 143 144 145 146 147 148 150 151 153 154 155 156 157 158 161 162 166 171 172 173 175 176 179 182 184 186 187 188 189 190 191 193 196 199
172 138 140 142 144 146 147 148 149 150 151 152 153 157 158 159 160 162 163 165 167 168 169 170 171 172 174 178 179 183 184 185 187 190 192 193 196 198 199 200
298 139 141 147 149 152 156 158 159 160 169 171 174 175 176 177 178 185 186 188 191 192 193 196 199 200
209 140 141 148 150 152 155 156 157 158 159 161 162 163 167 168 169 171 174 177 183 186 188 189 190 191 192 193 194 195 196 197 199 200
151 141 142 147 148 149 151 152 153 154 155 157 160 163 170 171 174 176 177 178 179 183 184 187 188 189 190 191 193 195 200
202 142 145 147 148 149 150 153 156 157 159 160 162 164 167 168 169 176 177 178 179 181 182 183 184 188 190 192 193 195 196 198
164 143 145 148 150 157 158 167 168 170 172 173 174 177 178 182 183 185 188 189 192 193 196
279 144 145 146 147 148 149 150 151 153 154 155 156 158 159 160 161 164 167 169 170 171 175 176 177 181 185 186 187 189 190 192 193 194 198 200
234 146 147 148 149 150 151 152 154 155 157 161 163 164 166 169 170 171 173 174 175 176 177 178 179 180 182 183 186 188 189 190 193 196 197 200
154 146 148 149 150 151 153 154 156 157 159 160 161 162 165 166 167 169 171 172 176 177 178 183 188 189 191 193 194 195 200
225 148 150 152 153 154 155 156 158 160 163 164 165 167 169 171 173 174 176 177 179 180 182 183 184 186 188 189 192 193 194 195 198 200
232 148 155 156 158 159 161 163 164 166 168 169 170 174 176 179 181 183 187 190 192 194 196 200
232 150 152 155 156 157 158 159 160 161 162 166 167 168 169 176 177 178 179 181 182 184 186 188 189 190 193 195 199 200
190 150 151 152 153 154 155 156 162 164 165 167 168 169 170 171 173 174 175 176 178 180 182 184 185 186 187 188 189 190 191 192 193 200
199 152 153 155 156 158 164 165 166 167 168 169 175 176 177 178 183 187 188 192 195 196 198 200
176 157 160 161 167 171 173 174 176 177 181 183 184 185 186 189 190 191 192 194 198
236 153 154 155 156 158 160 163 164 168 171 172 173 175 176 177 178 181 182 184 185 186 188 192 193 194 197 199 200
174 154 155 156 158 160 163 167 168 174 177 179 180 189 193 194 195 196
286 155 158 159 162 163 164 167 168 169 172 174 180 181 182 184 186 187 188 189 190 191 192 193 195 199 200
160 157 158 160 162 163 165 168 169 170 171 172 173 174 180 183 185 186 190 191 197 199 200
168 157 158 159 160 164 165 170 173 174 175 176 178 181 183 184 189 190 191 192 193 195 199 200
300 158 159 162 164 165 166 167 170 171 173 176 182 183 184 185 186 187 191 192 193 196 197 198
179 159 160 166 169 172 176 178 180 181 183 184 187 189 191 192 194 195 196 197 198 200
261 160 161 162 163 164 166 168 169 170 171 172 174 175 176 178 179 180 181 182 183 187 189 190 192 195 197
231 161 162 163 167 169 170 171 176 178 179 182 184 186 188 189 192 195 196 197 198 200
288 162 166 174 176 178 180 181 182 185 188 190 191 194 195 196 198 200
208 163 164 166 169 172 173 174 179 183 184 185 186 188 190 191 192 194 196 197 198
212 164 166 167 168 170 172 173 174 175 176 177 179 180 183 187 189 191 194 200
184 165 169 173 180 182 184 186 187 190 191 194 196 198 200
260 166 173 174 175 176 178 179 180 181 184 189 191 192 195 196 197 198
156 167 168 169 170 171 172 175 181 182 185 188 189 191 192 193 194 197 198
157 168 173 176 177 178 180 182 184 186 187 188 189 190 192 193 194 196 197 198 199 200
276 173 174 176 177 180 182 185 186 189 193 194 195 197 199
191 171 174 176 177 178 179 182 183 184 185 186 187 190 191 194 195 198
228 174 175 176 180 184 186 188 189 190 191 192 193 194 197 199
288 173 174 175 176 177 179 181 183 185 187 188 189 190 191 192 194 195 200
290 174 176 178 180 181 186 187 191 192 193 197 199 200
282 174 176 177 178 179 181 185 187 189 191 193 195 199
243 175 177 183 184 186 194 195 196
150 179 181 185 186 190 192 193 194 196 198 200
288 177 178 179 181 183 187 188 191 192 194 198 200
195 179 180 181 183 185 186 191 194 196 197 199
173 179 181 182 184 185 186 187 188 189 193 195 196 200
178 182 185 186 190 191 192 193 194 195 197 198 199 200
215 184 185 186 192 193 196 197
214 182 183 184 185 186 188 192 193 194 195 199
203 183 184 185 186 188 189 193 194 195 197 198
264 187 188 191 192 195 197
259 186 189 190 194 198 199
206 187 188 191 192 193 194 195 196 197 199 200
251 189 190 191 192 193 194 195 198
205 191 193 195 199 200
202 189 190 191 194 197 198 200
260 190 192 199
225 191 192 196 199
233 194 199 200
298 194 195 197 199
169 197 200
225 195 196 198
211 196 198 199 200
225 197
196 198 200
231
289
298
