75	5	200	1
0	13	14
0	15	15
0	13	9
0	2	19
0	19	18
38 2 8 12 17 18 19 21 22 24 25 27 29 31 33 34 35 38 41 43 44 45 47 48 51 52 53 57 59 61 66 68 71 74 75
45 5 6 7 17 22 23 25 26 29 30 35 37 39 40 42 46 48 52 55 56 57 59 61 62 63 64 68 69 70 71 75
52 6 7 8 9 10 11 14 18 19 20 22 26 27 28 29 34 36 37 38 39 46 48 50 51 53 55 58 59 61 62 63 65 66 67 68 71 73 74 75
58 6 7 8 9 10 11 14 15 16 18 20 21 24 25 26 28 29 30 31 32 36 38 39 42 43 44 46 47 52 57 58 59 60 62 64 65 66 68 69 72 73 74 75
30 6 7 9 12 13 14 15 17 18 23 25 26 27 28 30 32 33 37 38 39 40 41 43 44 45 47 49 51 52 53 54 58 59 60 61 63 66 70 73
46 7 9 11 12 13 19 20 21 22 23 24 26 27 31 32 33 35 39 40 41 43 45 46 48 52 53 54 58 61 62 63 67 68 72 75
43 9 10 14 16 18 19 20 22 23 24 27 29 34 35 39 43 44 45 50 54 55 57 58 63 65 66 67 69 73 74 75
35 9 10 12 14 16 19 20 22 26 27 28 31 34 37 38 39 42 43 46 48 51 54 56 58 59 61 62 63 64 65 67 71 73 74 75
45 10 18 19 22 23 24 25 27 28 30 31 34 35 36 37 38 39 40 41 46 48 49 51 52 53 55 56 58 59 61 62 63 68 70 71 72 73 74 75
45 12 13 14 15 16 21 23 24 25 28 29 32 33 34 36 38 39 40 41 42 44 46 48 50 55 56 58 60 62 64 67 69 71 75
39 12 13 19 20 21 22 23 24 25 27 29 30 31 34 37 38 39 40 41 43 44 50 51 54 57 59 60 61 63 65 68 70 71 72 74 75
54 13 14 15 18 19 20 21 26 27 32 36 37 38 39 42 43 44 45 47 48 49 56 60 63 65 70 72 73 75
42 14 15 16 18 19 22 23 27 28 29 30 32 33 36 39 40 42 43 45 47 49 50 52 53 56 58 61 64 65 66 68 71 73 74 75
45 15 16 18 22 27 29 31 32 33 34 35 39 40 42 44 46 49 50 52 53 54 55 57 59 61 62 64 66 67 70 73 74
48 16 19 20 22 24 26 29 35 36 37 38 39 42 44 45 49 50 51 52 53 55 56 59 60 61 64 69 70 73 74 75
33 20 21 22 23 24 29 30 32 33 34 36 39 41 42 45 47 49 50 53 56 59 60 66 67 69 71 74 75
48 20 21 22 24 25 30 31 32 33 36 37 41 43 45 50 51 53 54 56 57 60 63 64 67 68 70 71 72 73
43 19 20 22 23 25 26 27 29 30 32 33 34 37 38 39 40 41 42 46 48 49 51 53 55 58 59 60 66 67 68 71 72 73 74
54 20 23 24 30 31 32 33 35 36 41 42 43 44 47 48 51 52 53 54 56 58 59 60 61 62 66 67 68 70 71 73
41 21 22 24 25 26 27 28 29 32 34 40 42 46 48 53 54 56 57 60 64 67 68 72 73 74 75
51 26 27 28 29 30 32 33 35 38 40 41 42 44 46 47 48 51 54 58 59 60 64 68 69 71 72 73 74
54 26 28 29 31 33 34 36 40 44 47 48 50 51 53 60 62 63 64 66 67 68 69 70 72 73 74
39 24 25 26 30 31 32 33 34 35 36 37 40 45 46 50 51 56 57 61 62 63 65 66 67 68 70 71
53 25 28 29 31 32 33 34 36 37 38 41 46 49 51 52 53 54 55 59 60 61 62 63 64 65 66 67 68 69 72 73 75
41 27 28 29 30 31 33 34 35 36 38 39 41 43 45 46 48 49 50 51 52 53 58 60 61 63 66 68 69 73 75
46 28 31 33 34 35 37 39 42 44 45 51 52 53 54 65 66 67 68 69 70 71 72 73 75
35 28 29 31 32 33 34 35 38 39 41 46 49 53 54 57 60 61 62 63 64 65 66 67 71 73 74 75
47 29 30 33 35 37 38 39 42 43 44 45 49 51 53 56 61 63 65 66 68 72 74 75
46 31 33 34 38 39 40 41 45 53 54 56 57 58 59 61 65 66 67 69 72 74
30 32 36 42 44 46 49 50 51 53 54 58 60 61 62 63 64 65 66 67 68 72 73 74 75
59 32 33 34 35 39 41 42 43 53 54 55 56 57 61 63 65 66 67 68 70 73 74 75
33 33 35 37 38 39 40 41 42 44 45 46 49 50 51 54 57 60 61 65 66 68 69 70 73 74
58 39 42 44 45 46 48 50 53 54 55 57 61 63 66 67 69 73 74 75
48 35 39 40 42 44 45 47 48 49 52 53 54 55 56 61 66 67 70 73
32 37 38 41 45 48 51 52 53 55 56 57 58 60 62 63 65 71 72 73
60 39 42 44 47 48 49 50 52 53 58 59 65 68 70 71 72 74
51 39 41 42 44 46 47 49 51 54 55 56 59 60 61 66 68 70 74
48 39 41 43 45 46 47 48 49 50 54 56 57 64 66 67 70 71 72 74
45 41 43 45 46 49 50 55 63 66 67 71 73 74 75
55 41 42 43 44 45 47 51 54 57 60 62 63 64 65 67 68 69 72 73 74
30 42 43 44 45 46 47 48 49 50 54 55 56 57 58 59 61 62 63 64 66 67 68 69 70 71 72 73 74 75
43 50 51 52 53 54 57 59 60 62 65 69 70 71 74
38 44 45 47 49 53 54 55 57 58 59 61 62 64 65 66 67 68 71 74
51 45 47 49 52 53 54 55 56 61 65 66 69 70
60 47 49 50 52 57 59 60 64 66 69 71
47 48 49 51 55 56 57 58 62 63 65 66 68 69 71 72 73 74 75
60 48 50 51 53 54 55 56 59 60 61 62 63 65 69 72 73 74
46 49 51 52 54 56 60 61 62 64 65 70 73 74
57 50 52 54 55 58 59 60 61 62 66 70 72 74
43 51 54 62 69 70 71 72 75
51 52 54 55 56 57 61 62 64 67 68 69 72 74 75
41 53 55 57 60 64 65 66 67 68 69 70 71 74
53 56 57 59 61 63 64 65 66 68 70 71 74 75
46 56 58 61 62 64 66 68 69 70 71 74 75
59 56 57 59 61 66 68 69 73 74
60 57 60 65 67 69 71 75
56 61 62 66 69 70 74 75
54 60 62 63 65 66 70 71 74
30 60 61 62 66 70 72 73 75
59 62 63 65 67 69 70 74 75
59 63 64 65 66 67 69 71 72 73 75
42 63 65 66 68 70 72 73 74 75
57 64 67 69 70
58 65 66 67 70 73 75
33 66 67 68 72 74
48 67 68 71
42 70 74
37 71 72 73 74 75
37 70 71 72 73
41 72 73 75
49 75
55 75
36 75
36
43
