50	5	200	1
0	31	10
0	38	5
0	31	11
0	34	13
0	28	11
16 3 6 7 8 9 10 12 15 19 20 24 30 31 32 34 36 41 42 45 47 49
25 3 5 7 8 9 10 11 17 19 20 21 22 28 29 32 33 38 40 41 43 45 46 47 50
29 6 7 8 9 11 12 14 17 20 21 22 24 25 27 29 30 31 33 34 35 37 39 40 41 42 45 46 47 49 50
10 5 7 10 12 14 15 18 19 21 23 24 27 28 30 33 34 36 38 39 41 42 43 44 45 46 47 48 50
27 6 8 9 12 13 14 16 19 20 21 22 24 25 29 30 33 36 38 39 42 44 45 46 47 48
28 9 11 13 14 15 16 18 19 21 26 27 30 32 33 41 42 43 44 46 47 48
26 9 10 11 14 18 19 20 21 22 25 27 28 29 31 32 33 35 36 40 42 43 44 46 47 48 49
25 12 13 14 17 21 26 28 29 30 32 33 34 36 37 38 42 43 44 45 48 49 50
25 10 11 12 13 18 19 20 22 23 25 27 30 32 33 34 35 37 38 39 42 43 44 48 49
17 11 12 15 16 17 20 22 25 28 30 35 38 39 42
17 12 15 16 17 20 21 22 25 26 27 28 29 30 31 32 33 37 39 40 44 45 46 49
26 13 14 17 18 19 21 22 23 24 25 26 31 32 33 34 37 41 43 46 47 50
25 14 16 18 19 20 21 22 24 25 26 30 31 37 38 42 43 44 47 49 50
22 17 18 21 22 23 27 28 31 32 36 38 40 41 42 46 47 48 50
27 18 19 20 21 22 25 26 28 34 36 39 40 44 46 48
12 17 18 20 22 23 27 31 34 37 39 42 43 44 45 46 48 49
24 19 20 21 22 24 25 26 27 29 31 32 33 35 36 37 39 41 42 46 48 50
13 19 24 25 26 28 31 33 35 38 42 47
17 20 21 25 30 32 33 38 40 43 45 47 48 50
24 23 25 27 28 30 31 32 35 37 39 41 42 43 47 49 50
15 26 32 37 40 41 43 45 46 48
13 24 27 31 32 34 36 37 40 42 43 46 47 48 49 50
19 24 25 26 27 29 30 32 34 35 36 37 38 40 43 44 45 46 48 49 50
15 26 28 29 32 33 35 36 40 42 49
27 26 27 28 30 32 33 34 35 36 37 38 39 40 41 44 46 47 48 49
22 27 28 29 31 33 37 38 42 46 47 48
13 37 40 42 43 47 48 49
24 29 30 32 33 37 40 41 42 43 44 47 50
30 30 31 34 35 36 39 41 43 45 49
22 32 33 34 36 37 39 40 42 45 47 49
10 33 34 35 38 39 40 42 44 49 50
16 36 38 39 40 42 45 49 50
17 34 35 36 38 39 40 42 47 48 50
10 36 37 38 39 40 45 46 47
26 36 38 41 44 46 47 48 50
28 39 41 42 47 48 49
26 38 39 42 46 49
22 40 44 48 49
12 42 45 47 49
14 45 46 47 50
17 42 43 44 47 48 49 50
10 43 44 46 47 48 50
10 46 48 49
25
15 46 47 49 50
19 47 48 49
28 48 50
15
16
22
