100	5	200	1
0	33	22
0	38	17
0	36	16
0	29	21
0	40	24
48 3 4 5 6 9 11 14 17 20 21 24 27 29 33 35 37 39 40 44 45 46 49 52 53 55 56 57 58 60 61 64 70 72 73 75 77 79 82 84 87 90 91 93 100
59 3 6 11 16 19 22 23 24 26 27 28 31 33 41 44 45 47 50 51 52 54 55 56 57 58 59 62 63 64 65 68 69 70 71 72 73 76 77 80 81 84 85 86 88 89 90 91 94 98 99 100
50 4 5 6 7 10 12 14 15 16 19 21 23 27 28 29 32 33 37 42 43 44 49 50 55 57 59 60 63 64 65 67 68 70 71 72 73 76 77 78 80 82 85 86 87 88 92 94 95 97 100
51 5 7 9 11 12 14 18 26 27 28 31 34 35 37 41 42 45 47 48 51 53 54 55 57 58 60 61 62 63 64 70 71 72 73 78 79 83 86 89 93 95 96 99
57 7 9 10 11 12 15 18 20 24 25 26 31 32 34 36 37 38 39 40 42 43 44 47 50 52 55 56 59 61 62 63 64 65 66 67 68 69 78 79 81 82 84 85 88 89 90 91 92 95 96 99
42 8 12 15 18 19 21 24 25 26 28 30 33 34 36 38 39 41 43 44 45 46 48 49 51 60 61 62 63 64 65 66 67 68 69 72 77 80 84 85 86 90 94 96
59 8 9 10 12 14 16 17 18 21 24 25 29 30 31 32 34 35 39 41 42 44 46 48 50 54 56 58 62 63 64 66 68 69 71 72 73 76 77 78 79 82 87 88 89 90 91 92 93 95 97 98
46 9 10 11 12 15 17 20 22 23 24 26 29 30 33 34 41 44 46 49 50 52 53 54 57 58 60 62 63 64 66 67 70 71 74 77 78 80 81 85 86 88 90 92 93 96 98 99
42 10 12 13 14 15 16 20 22 23 24 25 30 32 36 37 38 40 41 42 43 45 50 51 55 57 58 61 63 64 65 68 69 73 74 79 82 83 86 87 88 90 91 92 94 96 97
44 11 12 13 14 16 17 18 19 20 25 26 27 28 30 31 33 34 38 39 41 44 46 49 50 51 52 54 56 57 60 61 62 63 65 67 70 72 73 74 80 83 84 85 86 90 91 92 94 95 97 98 99
57 14 17 20 21 28 30 33 35 36 37 39 42 44 45 46 48 49 50 54 56 57 59 62 63 65 66 68 70 72 76 77 81 83 88 90 91 94 96 98
55 14 15 16 18 19 20 21 22 25 26 27 29 32 33 34 40 41 42 43 45 48 49 51 52 53 54 55 58 62 64 66 75 80 81 86 87 89 90 92 94 95 96 97 98 99
44 14 15 20 21 22 27 34 37 41 44 47 52 53 55 57 59 61 62 64 65 70 71 72 74 76 77 78 80 81 82 83 86 87 89 90 92 93 94 98 99 100
40 16 19 22 23 24 26 28 29 33 34 37 39 43 44 45 48 49 51 52 56 61 63 67 71 73 75 78 79 80 82 83 85 86 87 92 96 99
60 16 20 21 29 30 32 33 35 37 38 39 42 43 49 50 52 53 54 57 66 67 74 76 77 79 82 83 84 85 88 93 94 95 99
59 17 18 20 29 33 35 36 37 41 44 45 46 47 48 51 54 55 56 58 63 64 66 67 68 70 72 74 75 79 83 87 88 89 91 92 95 97 100
46 20 23 25 29 34 35 36 43 45 47 48 54 59 61 63 75 77 80 83 84 88 93 94 95 97
40 19 20 23 25 28 31 34 35 36 37 38 39 41 42 44 46 48 49 53 56 57 63 65 68 69 70 71 72 74 75 76 77 78 81 82 84 85 86 87 89 91 93 99 100
56 20 21 23 26 29 30 31 33 39 40 42 43 44 46 47 48 49 50 54 56 57 58 63 66 67 68 69 70 72 76 77 79 81 83 85 87 88 91 92 93 95 96 98 99 100
45 23 24 25 26 27 29 30 33 35 37 40 43 44 45 46 47 48 51 52 53 58 60 61 62 63 64 68 69 70 72 81 82 83 86 89 90 91 92 93 94 97 98 100
59 22 23 24 28 29 31 33 36 37 42 44 46 47 48 49 50 51 53 54 56 57 58 60 64 66 68 69 71 72 74 78 79 80 81 82 83 84 85 86 88 90 92 94 95 97 99
55 24 26 27 28 29 32 33 34 35 36 37 38 39 40 41 43 44 45 46 49 50 52 53 54 55 56 59 65 67 68 70 75 76 79 80 81 82 83 85 86 90 92 93 95 98
57 26 28 33 37 38 39 42 48 57 58 61 62 63 64 76 80 81 84 86 87 88 92 93 97 98
50 27 28 29 30 32 34 35 36 37 38 42 43 44 48 50 51 52 53 56 61 62 63 64 69 71 72 75 76 77 79 82 86 87 90 93 95 97 100
44 27 33 34 36 38 42 46 49 50 51 52 55 56 57 60 61 62 64 74 76 77 80 81 83 84 85 86 87 89 92 93 96 98
49 30 31 32 33 34 41 42 44 48 49 53 54 55 56 58 59 61 62 63 64 66 68 69 73 74 76 77 78 81 82 84 87 88 89 91 93 94 97 100
46 29 30 36 38 39 40 42 45 49 55 56 58 59 60 61 62 67 68 69 70 72 74 76 80 83 85 88 90 91 93 94 95 97 98 100
41 35 36 37 38 39 40 43 46 47 49 50 52 53 56 60 61 65 66 70 71 73 74 75 76 77 78 80 81 82 83 89 90 94 95 96 97 99 100
41 32 33 34 35 36 37 39 40 42 44 46 48 49 52 55 57 58 59 62 64 67 71 72 73 74 75 77 78 81 82 84 87 89 91 93 94 95 96 97 98 99
46 31 32 33 34 35 38 39 40 42 44 46 47 49 50 51 53 56 59 60 62 63 70 71 72 73 74 75 77 79 82 84 85 86 87 89 92 93 94 95 96 98 99 100
40 32 37 40 41 42 43 44 45 46 49 50 51 53 56 57 60 63 64 65 66 71 72 76 78 79 83 85 87 89 96 97 99
51 35 36 39 40 42 43 44 45 49 50 52 53 54 55 56 61 63 67 68 69 71 72 73 77 80 83 84 85 86 88 90 92 93 94 95 99
50 34 35 36 38 39 44 45 51 53 55 57 58 61 62 63 65 68 70 73 74 76 77 79 80 84 85 89 90 95 96 99
41 38 40 41 45 47 51 52 54 55 59 61 62 63 64 65 66 67 68 69 72 74 75 76 77 78 79 80 82 83 84 86 87 89 90 91 93 96 98 99 100
59 37 39 41 42 44 46 50 51 53 59 61 62 64 65 67 69 70 71 76 83 84 89 90 92 95 97 98 99 100
43 38 39 40 41 42 43 44 45 47 48 50 51 52 53 54 55 58 59 64 68 69 70 73 74 75 77 83 89 92 94 95 97 100
42 39 41 42 50 51 52 54 55 56 57 58 59 60 63 65 68 70 72 78 79 80 81 83 84 86 87 88 89 90 91 92 93 94 95 96 98 99
46 39 40 43 45 46 49 50 51 53 54 55 57 59 61 63 64 65 66 70 73 74 75 77 80 83 84 85 86 87 89 90 91 94 96 99
50 42 45 46 47 51 52 56 58 59 61 62 64 65 68 69 70 71 72 73 74 75 78 80 81 82 83 86 88 89 91 92 94 97 100
44 41 43 47 48 49 51 53 55 59 60 64 67 68 69 70 71 73 74 76 78 79 89 90 94 95 97 98 99 100
57 47 48 49 52 53 54 55 56 58 59 60 61 62 63 64 66 67 69 70 72 73 75 77 78 81 82 83 84 85 90 95 97 98 100
43 43 44 46 49 54 58 60 61 62 64 65 66 69 71 72 74 75 80 81 82 83 84 87 89 93 94 95 96 97
56 44 46 47 48 51 52 55 56 57 60 63 67 78 79 82 84 85 86 89 91 92 93 94 96 100
57 45 48 51 53 56 57 60 61 64 67 68 69 70 74 75 81 82 83 87 90 91 95 96 97
43 47 48 51 55 59 61 62 63 64 65 66 69 70 77 79 80 85 86 88 89 91 92 94 96 97 98 100
58 47 48 51 53 55 57 58 70 72 75 79 80 81 82 83 86 92 94 95 100
56 49 50 55 57 58 61 64 65 73 74 75 76 78 80 81 82 83 88 90 92 94 96 97 100
42 53 54 58 62 64 67 68 70 72 73 74 75 76 77 78 81 84 85 86 87 93 95 96 97 99
59 50 52 54 55 57 58 61 63 66 70 71 72 76 77 78 79 82 84 85 86 88 89 90 91 93 95 96 97 98 99
46 52 54 55 56 59 60 61 62 64 67 68 69 70 71 72 73 75 78 82 83 85 86 88 89 91 92 94 95 97 98 100
43 55 56 58 60 62 63 65 66 69 71 73 74 75 77 78 88 89 90 93 95 98
43 53 54 57 59 61 64 65 67 69 70 73 78 79 80 82 84 86 87 88 89 90 95 97
42 57 64 65 67 68 69 71 73 75 76 81 82 83 87 88 89 91 92 95 96 98 99 100
51 55 57 59 63 64 66 69 72 76 77 78 79 80 81 83 84 85 90 91 92 93 95 96 99 100
51 57 59 60 61 62 63 64 67 68 74 76 78 80 86 87 88 89 90 92 94 97 98 100
53 60 63 65 66 67 68 69 70 71 72 73 74 77 78 81 82 83 85 87 88 90 97 98
49 60 61 65 67 71 73 74 75 76 77 79 81 82 83 85 86 90 91 92 94 95 97 98
51 59 61 62 64 72 73 74 79 80 82 84 87 88 91 92 93 96 100
57 60 62 66 67 68 70 79 80 81 83 84 86 87 89 90 91 92 93 94 96 99 100
50 64 67 69 70 72 76 77 78 79 80 82 84 89 90 96 97 98 99 100
54 62 67 70 72 73 75 77 78 79 80 81 82 83 84 85 86 87 90 94 96 97 99
60 63 65 66 69 73 75 76 80 82 84 85 86 88 91 94 95 97 100
50 64 65 66 67 69 70 71 72 76 79 81 83 84 85 92 93 94 96 97 98 99
43 68 71 73 85 86 90 91 92 93 94 95 96 97 98 99 100
42 71 73 74 78 82 89 90 91 93 94 95 97 98 100
42 71 72 74 75 78 79 80 84 85 86 87 90 91 94 95 96 100
56 68 70 74 76 78 79 81 84 87 91 92 93 94 95 100
55 71 74 77 78 80 81 82 84 85 86 88 89 92 98 99 100
41 72 73 74 79 80 81 82 85 87 92 93 97 99
42 71 72 73 75 77 78 82 84 86 87 89 90 95 96 97 98
46 74 78 79 81 87 90 95 99 100
45 73 75 77 78 79 81 82 84 87 88 89 90 91 93 95 96 97
41 74 80 81 84 86 88 93 96 97 98 99
46 78 80 81 82 86 88 89 90 91 92 95 97 98 100
58 76 78 79 80 81 84 86 88 91 92 93 98 99 100
45 79 80 82 83 84 86 87 92 95 96 97 98
55 78 79 84 85 87 90 91 95 98 100
46 79 81 83 84 86 88 90 92 95 99 100
44 82 84 86 88 90 93 94 98 99 100
44 81 85 86 88 92 93 97 98 100
60 82 84 89 90 91 96 100
48 84 85 86 88 89 91 95 96 98 100
47 85 87 89 92 94 96 98 100
54 85 86 87 88 92 93 95
50 86 87 88 90 91 92 96
46 90 92 93 94 96 97 98
57 90 91 92 93 94 95 96 99 100
49 91 92 94 96 97 99 100
52 90 92 94 95 97 98 99
48 91 92 94 95 96 98
53 92 93 96 99 100
48 93 94 96 97 98
60 95 97 99
60
59 96 98 100
43 97 98 99 100
53 99 100
43 99 100
43
48
