25	10	10000	10
-1	450	2
-5	561	2
-2	679	2
-2	940	3
-4	307	2
-4	782	2
-4	453	3
-4	555	3
-4	907	4
-3	461	2
2569 2 11 14 17 18 21 22 23 24
2300 4 5 6 7 8 9 10 11 14 15 16 17 19 21 22
1679 5 7 8 10 11 13 15 16 17 19 20 22 24 25
2606 5 7 11 17 22 23 25
2194 6 7 8 13 14 15 17 18 22 23 24 25
2287 13 16 17 23 25
1884 9 10 17 21 24
2291 14 18 19 22 23
2042 10 11 13 15 16 17 20 24
2290 11 13 14 16 17 18 19 20 23
2572 13 16 17 19 21 24
2651 16 19 20 21 23 25
1814 14 19 20 22 23 25
2837 16 17 20 21 25
1876 20 23 25
2350 19 20 22 23 24
1945 18 20 23 24 25
2929 19 20 21 22 24
2883 20 21 22 24 25
2818 21
2214 24 25
2384 24
1903
2258
2654
