25	10	200	10
-1	26	2
-5	31	2
-2	34	2
-2	31	3
-4	21	2
-4	39	2
-4	33	3
-4	25	4
-4	36	3
-3	29	2
26 5 7 8 11 14 15 16 20 22
22 3 4 5 6 7 8 9 11 14 15 17 18 20 21 22 23 24 25
12 4 6 7 9 13 16 18 20 21 22 24 25
27 5 7 9 10 12 14 15 19 20
20 6 8 9 11 12 16 18 23 24
22 7 10 13 14 18 20 21 22 24
16 9 11 12 14 16 18 19 21 25
22 9 10 12 13 15 18 20 21 25
18 10 11 14 16 17 18 21 22 23 25
22 11 12 15 17 18 20 25
26 13 14 15 16 17 18 19 20 21 23 24
27 13 14 19 22 24 25
14 14 15 16 20 22
30 16 17 18 19 22 23 24
15 16 18 22 24
23 17 18 23 24 25
16 19 20 21 22 24
27 20 23 24 25
20 23 25
28 21 22
21 22 23 24 25
23 23 25
16 25
21 25
28
