100	10	1000	1
0	75	14
0	36	7
0	87	5
0	65	9
0	12	10
0	38	9
0	12	11
0	60	11
0	28	15
0	14	9
147 2 4 7 8 9 11 13 14 16 17 18 20 22 23 26 28 29 30 32 35 36 38 40 41 42 43 44 45 47 48 49 51 52 53 54 55 56 57 58 60 61 62 63 64 65 66 68 72 73 74 75 76 77 81 85 89 92 93 94 97 100
90 3 6 7 8 9 10 12 17 18 19 22 24 25 27 29 32 33 35 40 41 42 49 50 52 53 54 55 56 58 61 62 63 65 66 70 72 73 76 77 78 79 83 85 86 90 91 98 99 100
52 5 6 8 13 14 15 17 21 22 23 24 25 27 29 30 31 32 33 35 37 40 45 47 51 53 55 57 59 60 63 64 66 68 71 72 73 76 78 79 81 89 92 95 97 98 99
104 6 7 9 10 13 14 17 20 21 22 23 25 27 29 30 32 38 39 40 42 45 46 47 49 50 52 57 59 60 70 75 76 77 78 79 83 85 86 87 89 90 91 93 94 96
87 6 7 8 9 10 12 13 15 16 19 20 21 23 25 26 27 28 33 35 37 38 39 40 41 42 48 52 53 60 61 62 63 65 66 68 71 72 73 75 77 79 83 86 88 89 91 98 100
125 7 20 21 23 25 26 27 28 30 32 33 34 35 36 37 40 41 42 43 44 45 47 48 49 50 53 54 57 59 60 61 63 64 65 66 69 71 72 74 76 77 80 84 89 90 92 94 96 98 99
143 8 10 14 16 19 20 22 23 26 28 30 39 40 42 44 46 47 53 54 55 56 57 59 60 61 64 65 67 69 70 71 72 76 78 83 84 86 89 90 91 92 93 97 99
110 9 10 12 15 16 17 18 19 22 24 25 26 27 29 30 32 34 35 37 43 45 46 48 50 51 52 57 58 59 60 61 62 64 65 66 69 70 71 72 74 75 77 82 83 85 86 88 89 91 92 95 97 100
79 11 12 13 15 16 17 18 19 28 32 33 34 36 37 38 40 41 43 44 47 53 54 55 57 59 60 61 63 64 66 67 68 69 70 71 72 73 74 75 76 77 78 80 81 89 90 93 95 99 100
127 12 17 18 20 21 23 25 26 28 29 31 32 33 36 42 43 44 46 47 52 53 57 58 59 61 62 63 66 67 70 72 74 76 77 78 79 80 86 87 89 90 92 93 99 100
126 12 14 17 18 19 22 28 29 30 31 33 34 35 39 43 46 49 52 53 57 58 59 61 62 64 66 68 69 70 71 74 75 76 77 78 79 80 81 82 85 86 87 90 95 96 98 100
60 13 16 18 19 21 25 28 29 31 33 36 38 39 40 42 44 45 50 51 52 53 55 56 58 60 61 62 63 65 66 68 70 71 72 75 78 84 86 90 92 93 97 99 100
107 16 17 20 21 23 24 26 28 31 34 36 38 40 41 42 45 52 57 58 59 60 61 62 67 71 72 74 75 76 77 80 82 84 88 91 93 96 98 99 100
64 16 20 21 22 26 27 28 29 30 34 37 38 39 40 42 44 45 46 47 50 51 55 57 58 59 60 62 63 64 67 68 70 72 76 80 82 84 86 88 89 91 93 94 95 97 98 99 100
147 16 20 23 25 26 29 31 34 37 38 39 40 42 43 44 46 47 48 49 50 51 53 54 55 56 58 59 60 62 63 67 70 71 74 75 77 78 79 81 82 83 86 87 89 93 94 95 100
82 18 19 21 24 28 29 30 31 34 35 37 38 39 40 41 42 46 49 51 52 53 55 56 57 58 59 63 65 66 68 69 72 74 75 78 79 80 82 83 88 90 97
125 18 19 20 25 26 29 30 34 35 36 38 39 40 42 44 46 48 49 51 52 54 55 56 57 59 61 62 72 74 75 84 86 89 91 96 99
132 23 25 26 31 33 35 36 40 41 43 45 46 51 52 53 58 61 62 63 64 65 68 71 73 74 77 78 80 81 82 83 86 87 88 92 94 96 98 99
73 21 22 25 26 27 28 29 31 32 33 36 40 41 43 44 48 51 52 53 54 55 57 58 60 61 65 67 69 70 73 74 75 81 83 84 86 90 91 93 96 97 98 99 100
54 21 25 26 27 28 29 30 31 33 35 39 40 41 43 44 46 47 48 50 54 56 60 61 62 64 65 66 69 72 74 76 79 80 81 83 87 88 91 92 94
87 22 23 25 26 28 29 30 34 35 36 37 39 44 46 49 53 54 55 57 59 63 64 69 71 72 73 74 77 78 79 80 82 83 85 86 92 93 94 96 98 99
103 23 24 26 28 33 35 39 41 42 46 50 51 55 58 59 62 63 64 65 67 69 71 72 74 76 77 78 79 86 87 88 90 95 96 97 98 99 100
63 24 27 28 34 35 36 40 41 44 45 46 47 48 52 53 60 61 64 67 68 69 70 72 76 79 81 82 89 93 94 97 100
100 27 28 32 33 34 35 37 39 41 46 47 52 57 58 60 62 66 69 70 72 75 77 80 82 83 86 91 92 94 95 96 97 100
79 26 27 28 30 31 33 35 39 40 42 46 48 49 50 52 53 57 58 60 62 66 67 68 70 71 73 74 76 79 80 81 82 83 85 86 87 89 90 92 93 94 95 96 97 98 100
71 27 29 30 31 34 36 38 39 42 45 49 50 51 53 54 56 60 61 64 65 68 69 70 73 74 75 76 78 79 80 81 82 83 84 87 88 90 91 94 95 96 97 98 99
150 30 32 35 36 37 39 40 41 49 50 51 52 53 54 55 56 58 61 62 64 65 66 68 69 73 79 81 82 83 84 91 94 96
84 29 31 34 38 39 40 41 43 45 46 49 50 52 53 54 58 59 62 64 68 72 73 74 75 76 77 78 80 83 84 85 86 87 90 91 95 96 97 98 99 100
137 31 33 34 37 40 41 42 43 46 47 51 54 57 61 62 64 65 67 68 75 76 77 80 83 84 85 86 88 91 95 97 99 100
117 31 32 34 35 37 38 40 41 44 45 46 47 48 49 50 52 53 54 56 58 61 64 65 67 70 71 73 74 75 77 80 83 84 85 86 87 88 89 90 91 93 95 96 97 98 100
79 32 34 35 37 46 47 50 53 56 60 61 65 67 69 73 78 79 84 87 90 95 98 99 100
135 33 35 36 39 40 41 42 45 46 48 52 54 55 57 58 63 64 66 68 70 71 72 73 79 80 81 84 87 89 91 94 95 96 97 99
111 35 36 38 42 43 45 46 48 51 55 59 64 66 67 68 69 70 71 75 78 79 83 86 87 89 90 91 93 94 95 97 100
148 39 42 44 45 46 47 48 49 51 55 56 57 58 60 61 63 64 65 66 67 69 70 71 74 77 80 81 83 84 85 86 89 91 92 93 94 98
120 36 38 40 41 42 43 45 47 50 53 54 55 56 60 61 62 66 68 69 70 74 75 77 81 82 84 86 89 90 91 93 96 97 99
73 38 40 41 42 46 49 50 51 52 57 58 59 65 66 67 72 75 76 77 80 82 83 84 86 91 92 93 98 99 100
88 42 44 51 52 55 57 58 60 64 67 70 71 72 74 75 76 77 80 87 88 91 92 95 96 97 98
108 40 44 46 48 51 52 54 55 57 58 60 65 69 71 74 77 78 79 85 86 90 91 92 94 95 96 97
120 40 42 46 49 50 53 54 59 67 68 69 70 71 72 74 75 76 78 79 80 81 82 83 85 86 89 92 94 95 96 99 100
146 41 44 45 48 50 52 53 56 57 58 59 60 65 66 69 71 72 75 76 80 81 82 84 87 89 90 92 95 96 97 99 100
81 42 46 51 55 58 62 63 65 66 68 72 73 74 75 78 79 82 85 87 88 93 95 97 98 99
71 43 44 47 48 49 50 56 57 58 59 61 62 64 67 71 72 73 74 75 76 77 82 84 85 88 90 94 95 96 98 99 100
132 45 46 47 48 49 50 51 53 55 58 60 61 62 64 66 67 68 73 74 75 78 79 80 81 82 84 86 88 89 90 94 95 96 97 99
74 45 46 49 50 51 53 54 55 56 57 58 59 60 61 62 65 69 70 71 72 73 76 80 81 83 86 88 89 90 91 93 94 95 97 98 99 100
63 48 49 50 51 52 53 55 56 58 59 62 65 67 68 69 71 72 75 76 78 80 81 82 86 87 90 92 93 94 96 97 100
79 47 48 49 51 52 54 55 58 59 62 63 65 73 77 79 80 81 82 83 86 89 90 93 98 100
65 48 50 56 57 60 61 62 64 66 67 68 69 71 72 73 74 75 77 80 81 82 84 86 87 88 91 93 94 95 96 99
139 51 52 53 54 58 59 61 62 63 66 69 71 72 74 78 84 87 88 89 90 92 93 96
115 51 52 63 65 67 69 70 71 72 73 76 77 78 80 81 82 84 85 89 92 95 99
123 55 56 58 59 61 62 64 65 66 67 68 69 70 74 76 78 80 81 87 90 93 94 96 98 99 100
112 52 53 55 60 62 64 65 66 67 69 71 77 80 86 91 92 96 98
103 53 55 57 59 62 63 67 68 72 78 80 82 83 91 93 96 98 99
73 54 56 57 58 60 62 63 66 67 69 71 72 73 75 77 79 80 83 84 85 86 87 89 92 93 94 97 98 99 100
108 55 57 58 59 61 64 69 71 72 74 75 76 77 79 80 82 85 89 90 92 94 95 98 99
110 57 58 60 63 66 70 72 74 76 77 78 83 91 92 93 94 96 99 100
53 57 58 59 61 62 64 65 69 70 72 74 77 81 83 84 85 86 89 90 93 95 97 98
51 59 61 62 64 68 69 71 72 73 75 77 79 80 81 82 83 84 90 91 92 94 95 97 98
114 67 68 69 71 72 73 74 76 79 80 84 85 87 89 90 95 96 98 100
145 60 61 65 66 67 68 71 72 73 75 76 79 80 81 83 84 85 86 89 90 91 93 95 97 98 100
116 64 66 67 69 72 73 74 75 76 77 80 81 85 87 89 91 92 95 96 97 99
79 62 63 68 69 70 71 72 73 74 76 77 78 80 81 83 84 85 87 91 94 96 97 98 99 100
76 63 69 72 75 76 78 80 81 83 84 85 90 92 94 95 96 97 98 99 100
114 64 67 68 70 72 75 77 78 79 80 83 84 85 94 95 97 98 100
89 65 72 73 74 75 76 83 84 94 95 96 97 98 99 100
93 66 68 69 71 74 76 77 80 82 83 84 85 86 88 89 90 93 97 98 99 100
113 67 68 70 71 72 73 78 81 82 83 84 87 89 92 93 94 98 100
62 68 70 71 72 74 78 79 82 83 84 88 89 90 92 95 96 97 100
139 71 72 73 77 80 81 82 83 84 86 88 91 94 95 100
147 70 71 72 75 76 77 79 80 83 86 87 89 91 93 94 99
147 71 75 76 78 80 82 83 85 87 89 91 93 94 95 99 100
125 72 73 78 80 82 84 86 87 91 95 96 100
61 74 76 77 80 83 85 88 90 91 92 100
97 76 77 85 86 91 93 97 98
57 77 79 85 86 88 94 96 97 98 100
92 78 79 80 83 85 86 91 92 94 97 99
113 79 81 84 85 87 88 90 94 96 99
133 80 83 84 85 90 93 94 95 99
113 79 81 82 83 85 88 89 95 96 97 98 99 100
103 83 84 85 88 89 91 93 96
142 81 82 85 86 87 91 92 94 98 99 100
104 83 88 89 90 92 94 95 96 97
96 83 91 97 100
134 84 86 87 90 92 96 98
71 88 90 92 95 96 97 98 99 100
119 87 88 89 90 93 98 99
134 87 90 94 96 98 100
99 88 92 93 94 95 98
66 90 93 94 95 97 99
149 90 94 95 97 99
50 100
82 92 93 94 98 99
67 93 95 97 98 100
105 94 95 96 97 98 99
89 95 97 98 100
125 96 99
96 98 99 100
119 99 100
150 99 100
120 100
64
