50	10	200	1
0	32	4
0	36	7
0	28	3
0	36	4
0	27	5
0	26	2
0	38	4
0	33	7
0	38	6
0	28	8
28 4 5 6 8 11 12 16 18 19 21 22 24 26 33 34 37 39 41 45 46 49
37 5 6 7 8 9 10 15 17 20 21 22 23 29 32 37 43 44 46
22 9 11 12 13 14 15 17 18 20 22 26 34 35 36 40 42 47 49
39 8 9 11 13 14 18 19 20 22 23 25 27 28 32 33 37 39 40 41 42 43 45 46 49
39 9 11 12 13 15 18 20 24 26 29 30 31 32 34 36 40 41 45 47 48 49 50
30 7 8 9 13 14 15 18 20 23 24 25 26 30 33 35 37 38 39 40 41 42 47 48
31 8 9 11 13 14 15 16 17 22 23 25 27 29 32 33 34 36 37 38 41 42 43 44 47 50
26 11 13 14 15 16 17 18 20 21 22 25 26 27 29 31 32 34 35 39 40 41 44 47 50
22 10 13 14 15 18 19 24 26 28 33 34 37 39 40 44 47 48 49 50
24 11 13 15 17 18 19 22 23 24 25 26 27 29 30 31 32 34 36 43 46 47 48 50
37 12 14 17 18 19 20 21 26 27 29 30 31 32 35 37 38 40 41 44 45 46 47 48 49
26 13 15 19 21 23 24 25 28 31 33 34 36 37 39 43 44 45 47
21 14 15 17 20 21 22 24 26 27 28 31 32 34 37 39 40 42 48 49
21 16 17 21 24 25 26 29 33 34 35 36 37 38 40 44 47 49
37 16 17 19 20 21 23 32 33 34 38 39 44 47
30 17 19 21 25 26 27 28 29 30 31 34 35 39 41 46 47 48 49
24 19 21 22 27 28 32 33 36 37 42 43 44 45 46 47 48 49
29 21 23 24 27 29 31 33 34 35 37 40 41 46 47 48
24 21 23 24 30 32 35 39 44 46 47 48 49
37 22 23 24 30 32 33 34 38 39 41 46 48 49 50
23 25 26 27 35 38 40 48 49
37 24 26 27 28 29 34 35 36 37 39 40 42 45 46 47 48
23 25 26 29 31 32 39 48 49
36 25 28 29 32 33 35 43 45 49 50
38 29 30 31 32 36 37 40 42 44 45 46 50
33 30 33 34 36 39 41 43 44 45 46 47
29 28 29 31 32 34 35 37 38 39 40 41 44 45 46 47 48
30 34 37 38 42 44 45 48 49 50
40 30 34 35 36 37 38 39 40 42 43 44 45 46 49 50
31 32 34 36 39 41 42 43 44 47 49 50
37 32 34 35 36 37 39 43 46 47 50
34 35 36 37 38 40 41 43 44 45 46 48 50
30 36 37 42 43 44 45 47
23 35 37 44 45 47 48 50
22 36 47 48 49 50
22 37 38 39 41 46 47 49
35 39 42 43 44 47 49 50
24 39 40 41 43 47 48 49 50
28 42 43 46 48
34 42 44 45 46 47 49 50
30 42 43 44 48 49 50
26 46 47 48 49 50
26 44 45 48 49 50
24 47
40 48 49
27 48
37 48
29 50
32
28
