50	10	200	10
-4	30	3
-4	33	7
-1	24	3
-3	7	5
-5	22	6
-4	9	2
-4	33	3
-3	39	6
-4	23	5
-3	14	10
57 4 5 9 10 12 14 16 17 18 22 25 26 27 30 31 33 34 37 38 41 47 48
42 4 6 8 10 14 15 16 18 22 26 27 28 29 31 32 33 38 42 44 46 47 50
59 6 12 17 18 20 25 26 33 35 36 39 40 41 43 44 46 47 48 49 50
59 6 10 11 12 16 17 18 20 24 25 26 28 31 32 35 37 38 40 41 44 46 49 50
50 6 7 8 9 11 12 14 17 18 19 20 21 22 25 27 28 31 32 34 38 42 43 44 45 47 49 50
51 7 12 14 15 17 18 22 25 26 27 28 29 31 32 38 39 42 44 45 47 48 49
46 8 9 11 13 14 16 18 19 23 28 30 31 33 35 36 37 38 40 43 45 46 48 50
42 10 13 18 19 22 28 29 31 32 33 35 37 38 39 41 43 45 46 48 49
44 10 11 13 14 18 19 20 21 22 24 28 29 30 31 36 40 41 42 43 44 46 47 48
57 11 14 15 16 19 21 23 24 26 28 29 30 31 35 38 39 44 47 49 50
46 14 15 17 18 20 21 22 24 26 28 30 32 35 38 40 44 45 46 47 48
41 15 19 21 26 27 29 37 38 39 43 44 45 48 49 50
41 15 17 19 21 22 24 26 27 29 30 31 32 35 36 38 40 41 42 43 44 46 47 48 50
57 15 18 19 20 23 28 35 37 38 41 47 48 50
50 20 22 24 25 26 28 30 31 34 35 37 40 42 46 48
44 19 21 23 30 31 33 34 35 36 37 39 41 42 49
49 18 23 27 29 33 34 37 39 40 42 45 46 48 49
46 19 23 25 26 27 29 34 36 39 40 41 43 45 49 50
44 22 23 24 26 29 30 33 35 37 38 39 43 47 48
57 21 22 24 25 26 28 29 31 32 33 36 39 42 44 45 46 47 48 50
43 23 24 26 28 29 30 31 32 34 35 39 40 41 42 43 44 48 49 50
57 24 25 27 29 31 32 33 36 41 42 46 47 49 50
43 24 26 27 28 29 30 32 33 37 39 40 41 42 44 46 50
56 25 28 29 34 38 39 40 44 45 46 48
56 26 27 28 31 33 35 38 40 41 42 47 49 50
58 28 31 32 33 37 39 41 42 43 48 49 50
50 28 36 37 40 43 46 47 49 50
60 29 32 35 40 42 43 45 46 49
56 33 34 36 38 40 41 43 47 48
57 31 33 36 37 38 39 40 41 42 43 44 47 48 49 50
54 37 38 43 44 48 50
50 34 35 36 37 40 41 42 43 45 46 48
43 35 40 43 44 45 46 47 49
42 36 39 40 41 42 45 46 48
42 37 38 42 46 48 49
44 39 42 44 45 46 48
48 38 39 40 41 42 44
54 41 42 43 45 48 50
50 40 41 43 44 48
46 42 43 44 47 49
46 43 45 48 50
44 48 49
60 44 45 47 48 50
47 45 46 48 49
57 46 48 49
49 48 49
52
48
53 50
48
