200	5	1000	1
0	170	40
0	109	39
0	193	44
0	109	40
0	102	37
157 3 4 5 6 7 11 14 15 17 18 21 23 25 27 32 35 37 38 44 45 46 47 52 54 55 59 60 62 63 67 69 72 73 75 83 84 85 87 89 90 94 95 96 99 100 103 104 106 107 108 109 110 112 113 116 119 121 122 123 126 128 132 134 136 137 138 139 140 142 144 145 147 148 149 153 154 155 156 160 162 165 166 168 171 174 178 179 180 181 182 185 186 187 189 192 193 194 197 198 200
292 3 4 9 11 12 13 15 17 19 21 23 24 30 31 32 33 34 35 36 37 39 42 43 45 47 48 49 52 54 57 58 59 60 61 63 64 66 70 73 76 77 79 83 84 87 89 90 93 94 96 97 98 99 100 103 106 107 111 113 114 117 118 119 123 124 125 127 129 130 132 133 135 137 138 139 141 142 143 146 147 148 149 153 154 155 157 158 160 162 163 166 169 172 177 182 183 184 185 188 190 191 193 194 195 198 200
300 6 9 11 13 15 18 24 27 28 31 32 33 35 36 38 39 40 41 43 49 51 53 57 60 61 63 66 68 70 73 77 79 81 83 86 88 94 97 99 100 102 104 106 113 119 122 125 126 127 129 132 133 134 136 138 141 144 146 148 149 150 151 153 154 157 158 159 160 161 162 163 166 171 174 175 177 180 181 185 186 188 189 194 196 197 199
280 7 9 11 16 18 19 20 22 23 24 27 31 34 35 36 37 41 42 45 47 49 50 51 53 55 56 58 60 61 62 64 69 70 71 73 74 77 82 85 87 88 89 91 94 96 100 101 105 106 107 110 111 112 114 115 116 117 118 119 122 123 125 127 128 130 131 132 133 134 136 139 140 141 143 144 146 147 148 149 150 155 156 161 162 168 169 171 172 173 174 175 178 182 185 194 195 197 199 200
275 7 8 16 18 20 27 29 31 32 33 34 35 36 38 41 44 50 53 54 56 58 59 60 61 62 63 65 66 70 72 73 80 81 82 86 87 91 94 95 102 103 106 107 108 109 110 112 113 114 115 119 128 132 134 136 137 138 139 140 141 143 144 147 148 149 150 151 153 154 156 158 161 162 169 172 173 175 176 177 181 183 184 185 192 194 196 198 200
270 7 8 9 10 12 14 15 16 18 19 22 23 24 26 28 30 33 35 39 41 43 44 46 48 49 55 58 60 62 66 69 72 73 74 76 80 81 83 84 85 92 95 97 98 101 102 104 105 107 109 110 111 113 114 117 118 119 121 122 123 124 125 126 127 128 129 132 133 134 135 139 141 142 143 144 146 147 148 149 151 162 165 166 167 169 170 171 174 175 177 179 182 185 186 187 189 192 193 194 197 198
215 8 9 11 14 15 17 25 26 28 29 33 36 37 39 40 41 45 48 50 51 52 54 55 57 59 60 62 63 64 65 67 69 70 71 75 82 84 87 88 90 95 97 99 103 104 105 106 109 111 113 118 120 121 123 124 125 126 127 128 130 131 136 138 141 144 150 151 157 162 163 164 165 168 169 174 176 178 179 180 183 185 186 187 188 191 193 200
168 12 15 16 18 19 20 21 25 31 38 39 40 43 44 45 46 48 55 57 59 61 65 66 67 70 75 76 78 79 80 83 84 89 90 93 94 95 96 100 102 103 104 105 108 110 117 119 120 122 123 125 131 132 135 136 138 140 141 142 143 147 149 150 151 155 156 159 161 163 165 166 167 170 172 173 176 180 182 184 185 187 191 192 195 196 197 198 200
224 10 12 13 14 15 17 18 20 23 24 27 28 32 34 35 36 38 39 41 42 43 46 47 49 50 52 53 54 63 65 67 68 70 74 76 77 78 79 81 86 87 88 90 92 93 96 101 106 108 111 112 114 116 117 119 123 125 127 129 131 132 133 136 140 142 143 145 149 151 152 153 154 157 162 164 165 166 167 171 173 174 175 176 181 184 185 187 188 189 192 193 194 195 196 197 198 199 200
271 11 14 16 17 18 20 21 22 23 24 25 27 28 29 32 34 37 39 40 41 43 45 47 48 49 50 54 56 58 62 64 65 67 68 70 72 73 75 79 80 81 83 86 88 89 91 96 99 100 102 104 106 108 109 110 111 112 114 115 116 117 118 119 123 124 125 129 132 133 134 137 139 140 142 147 148 149 150 152 153 155 156 157 158 159 161 162 163 164 166 169 175 177 178 179 180 185 186 188 190 192 193 194 195 196 198 199 200
216 15 16 18 19 21 22 24 25 27 28 30 31 33 34 36 39 40 43 46 47 48 49 50 51 52 53 54 55 56 57 60 61 62 63 66 68 71 73 74 75 77 78 80 81 83 87 88 89 90 91 93 94 95 97 98 100 101 102 104 106 108 110 111 112 114 115 117 120 123 126 127 128 132 134 136 141 145 149 150 153 155 156 161 162 163 164 165 166 167 168 169 170 171 173 174 177 179 180 181 185 186 187 188 189 191 194 196 197 198
260 14 16 17 18 20 21 23 24 25 26 30 31 33 34 35 36 38 42 45 46 47 49 51 53 54 55 56 57 59 60 63 65 66 68 71 74 75 79 81 82 83 86 87 90 91 92 93 95 98 99 101 102 106 110 112 114 115 116 117 119 124 125 129 131 132 133 134 135 136 137 138 139 140 141 142 146 147 150 152 154 155 156 157 159 160 162 163 164 166 168 170 172 178 179 181 189 190 191 193 194 197 198 199
207 15 17 18 21 23 24 25 27 28 29 30 31 33 34 36 37 38 43 44 47 49 51 59 61 64 65 69 70 71 72 73 75 78 79 81 84 85 86 87 88 90 91 94 95 96 101 106 107 109 110 112 113 115 116 117 118 121 125 126 129 130 132 134 137 138 140 142 143 144 148 150 151 153 154 157 159 160 161 162 164 166 167 170 172 177 180 181 183 184 185 186 187 188 191 192 193 195 196 198
284 15 16 17 22 24 26 28 30 31 33 38 39 40 43 45 47 48 49 50 51 52 54 56 57 60 61 64 67 69 70 71 72 74 76 77 78 81 82 83 84 86 87 89 90 93 97 102 103 104 107 108 109 111 112 115 116 117 119 120 121 122 124 125 127 129 130 131 133 135 136 138 143 144 146 148 151 152 153 154 158 159 160 163 164 166 168 169 172 173 174 175 176 177 180 182 184 186 187 191 192 195
168 16 18 19 20 22 25 28 31 34 35 36 37 39 41 42 44 45 46 47 48 49 50 51 52 53 54 63 64 66 68 74 75 78 80 85 86 89 92 93 97 100 101 103 108 111 113 114 115 117 121 123 126 128 129 130 131 132 134 135 136 137 138 139 140 145 148 150 158 159 160 162 163 164 168 170 171 174 177 178 179 180 182 184 188 189 190 191 192 195 197 198 200
183 18 21 22 23 24 26 29 35 36 39 41 42 49 50 53 55 57 58 59 63 64 65 68 69 70 71 76 78 83 84 85 88 90 91 92 96 97 102 103 105 106 107 108 111 113 116 124 127 128 129 135 136 137 141 144 145 146 148 150 153 154 156 157 158 159 161 164 166 168 171 174 175 184 185 189 191 192 194 195 199
293 18 19 21 24 25 32 34 35 37 38 40 42 43 44 47 49 50 51 54 58 59 60 65 66 68 74 76 77 83 85 87 88 89 90 92 93 96 99 102 103 108 109 110 111 113 117 118 122 136 137 138 139 140 141 142 146 148 149 155 156 157 159 161 163 166 169 170 172 173 174 175 179 181 183 185 187 188 191 194 195 196 199
280 19 21 22 23 24 27 29 31 35 36 37 39 40 41 42 43 47 50 52 54 58 60 63 64 65 68 69 73 74 75 77 80 84 85 86 90 91 92 93 95 98 99 100 103 104 105 107 108 109 110 111 112 114 116 117 121 122 123 124 126 130 135 137 141 144 145 149 150 154 156 157 159 160 161 164 165 166 167 169 172 173 175 176 178 180 182 183 189 190 193 194 195 196
238 20 23 25 28 29 30 35 36 38 41 46 47 50 52 53 56 61 64 68 69 72 74 75 76 77 79 80 82 83 84 85 87 88 89 90 92 97 100 101 108 110 113 114 115 116 123 124 126 127 129 131 136 138 140 144 145 146 147 148 149 151 154 157 158 160 161 162 164 165 172 173 174 177 179 181 182 183 185 187 188 191 194 197 200
277 21 22 23 27 28 32 33 34 35 38 39 40 45 46 47 48 49 50 54 57 62 63 65 66 67 68 69 71 72 74 75 76 77 80 83 86 87 88 89 90 91 93 98 99 100 102 103 106 110 112 114 116 117 118 120 121 122 123 124 126 127 129 131 134 138 140 143 146 147 148 149 150 153 155 156 157 159 162 165 166 169 171 172 178 180 182 184 189 190 194
166 28 32 35 36 39 40 41 45 51 52 54 56 58 59 60 63 65 66 68 69 71 73 83 84 86 87 88 89 90 91 95 96 97 101 103 104 105 106 108 109 110 112 113 118 119 121 123 126 135 136 138 140 141 142 146 148 149 150 152 153 154 157 162 163 164 166 167 168 169 170 179 181 182 185 192 194
237 23 25 27 28 29 31 33 34 36 37 38 40 44 45 47 48 50 52 53 55 56 57 60 62 63 64 65 66 67 70 74 75 76 77 78 79 80 81 82 83 84 89 91 93 97 99 101 102 103 106 109 110 111 112 113 115 117 121 122 123 124 125 126 127 128 130 132 136 139 140 141 142 143 148 149 153 155 156 157 158 159 160 162 163 167 168 170 173 176 177 178 179 180 182 186 187 190 194 195 196 197 200
237 24 28 30 33 35 39 40 41 46 47 48 50 51 55 57 59 60 61 63 64 65 67 70 74 75 80 81 87 88 91 93 94 95 99 100 101 102 103 105 110 111 112 113 117 119 124 125 126 127 128 132 133 134 138 140 141 144 145 146 147 148 149 150 152 153 155 157 158 159 160 162 163 164 165 166 169 170 172 173 174 177 179 180 181 187 189 190 191 193 194 195 197 199
294 25 26 27 28 30 31 40 41 45 47 48 51 54 55 58 60 62 63 64 65 66 67 72 73 74 76 77 79 83 84 86 87 90 92 98 101 102 104 106 109 110 111 112 114 117 120 123 124 125 126 130 135 136 137 139 140 141 143 144 146 149 150 153 157 164 166 167 170 171 172 174 177 180 181 184 185 186 187 188 192 194 195 196 200
286 26 28 29 30 32 33 34 35 39 40 43 46 47 48 49 50 51 52 54 55 56 60 62 67 68 69 73 74 76 78 79 82 83 84 85 86 89 95 96 97 98 99 101 105 106 108 110 115 116 118 120 122 123 124 125 134 137 138 140 141 144 146 147 149 150 153 155 157 159 160 163 164 165 168 169 170 172 173 174 176 178 181 183 186 187 188 190 192 196 197 199
177 29 31 32 34 35 37 38 40 45 47 53 57 58 64 65 67 68 69 73 75 76 77 82 85 87 88 92 93 94 98 99 100 102 105 107 109 111 112 115 117 118 120 121 122 123 124 129 133 135 137 138 142 145 146 147 150 151 158 159 160 161 162 163 164 167 169 170 172 176 177 179 182 184 185 187 189 193 196 198 200
225 29 31 32 34 35 38 39 41 43 44 45 47 48 50 52 53 54 56 57 58 62 63 67 68 70 71 73 74 75 77 78 80 81 82 83 86 87 88 89 91 94 96 97 98 100 101 102 103 105 106 108 110 112 114 116 117 121 122 126 127 130 131 135 137 138 139 140 141 142 143 147 152 153 155 156 157 160 162 163 166 167 168 170 173 175 177 180 181 183 184 185 186 191 193 194 195 196 200
153 31 33 34 38 42 43 44 48 49 51 53 54 55 61 62 63 65 71 72 73 74 75 76 77 80 81 82 83 88 89 95 97 98 103 107 108 109 110 112 113 115 116 117 118 120 126 128 129 130 131 132 137 138 141 143 144 145 146 149 150 154 155 157 159 160 161 162 163 164 167 168 170 171 174 179 182 185 186 187 189 194 198 199
255 31 33 34 35 36 39 41 42 46 47 48 51 52 53 57 58 64 66 67 68 70 71 74 76 78 79 80 81 85 86 89 91 95 99 100 103 105 106 107 108 111 113 114 117 118 119 126 127 128 130 132 133 136 138 139 140 141 143 144 145 147 148 149 150 151 152 154 155 156 157 160 161 163 164 166 167 168 171 173 174 176 178 179 180 181 183 186 188 190 192 193 195 196 197 199 200
190 31 35 36 37 38 39 40 43 44 45 46 51 52 53 56 57 59 62 64 65 70 72 74 75 77 78 80 81 82 83 85 86 87 88 90 93 95 96 97 103 105 110 112 113 114 117 118 119 120 121 123 126 128 129 132 135 136 139 140 141 142 143 144 145 148 152 153 155 156 157 158 160 162 163 167 169 171 172 173 174 175 176 177 178 179 181 184 185 186 189 190 191 193 194 196 198 199 200
231 34 36 39 40 41 43 46 48 49 51 52 56 57 59 61 63 64 73 74 75 76 78 79 80 86 89 91 92 93 95 97 100 102 103 107 108 109 110 112 113 114 115 120 121 123 124 125 129 131 133 136 138 140 144 145 147 151 152 153 154 156 157 158 159 160 161 163 165 167 170 172 175 177 180 181 182 184 185 186 188 189 190 191 192 194 195 198
156 34 35 36 38 41 43 44 45 50 52 53 55 57 58 75 76 78 80 85 87 88 90 94 95 98 99 103 104 106 107 108 109 110 114 115 119 122 125 129 130 131 133 136 137 141 142 145 150 151 152 153 154 156 158 160 161 164 165 166 168 170 172 175 176 178 181 183 184 185 186 188 189 190 191 193 194 195 197 198 199 200
252 35 37 38 39 41 42 44 46 47 49 52 53 54 56 57 59 60 62 64 66 67 72 73 74 77 78 80 82 83 86 87 89 91 93 95 97 98 100 101 102 105 106 108 111 113 115 119 120 125 127 128 131 134 135 136 137 138 140 145 146 148 152 156 157 159 161 163 164 165 166 168 169 172 175 176 177 178 180 181 182 185 188 189 191 193 195 197 199
266 36 37 39 41 42 43 45 46 47 52 57 60 63 65 66 68 69 70 73 74 75 76 78 80 81 82 83 84 85 86 91 92 95 96 98 100 104 105 108 114 115 116 120 121 126 128 131 132 135 136 137 141 145 146 150 152 155 156 157 158 159 161 164 166 169 172 173 174 177 178 180 181 183 184 185 186 187 188 189 191 194 195 196 197 199
242 36 37 39 41 46 47 48 52 53 57 59 60 62 63 65 67 68 69 77 78 80 81 85 86 87 88 89 91 96 97 99 101 106 107 108 109 110 111 112 113 114 115 119 124 126 127 128 129 131 132 134 136 139 140 142 143 145 146 148 150 151 155 156 157 158 161 162 163 164 167 170 173 177 178 179 180 181 182 183 186 190 194 195 197 198 199
221 43 44 45 47 50 52 56 61 63 64 65 71 78 79 81 84 87 88 95 98 102 104 105 107 108 109 110 111 113 114 115 119 120 123 126 128 130 131 136 138 139 140 142 143 144 145 146 147 158 159 162 164 167 168 169 171 172 174 175 177 180 181 185 186 188 190 195 198 199 200
264 38 39 41 42 43 45 46 47 48 49 50 51 52 53 55 57 60 61 62 63 65 67 68 71 75 77 78 80 81 82 84 85 86 87 88 89 91 93 94 95 96 97 99 101 102 103 106 107 108 110 111 113 115 118 122 124 125 128 129 131 133 135 137 141 142 143 144 146 148 149 150 153 154 160 161 164 165 166 169 171 172 176 177 179 182 183 188 189 191 195 197 198 200
228 40 41 42 43 45 47 54 55 56 58 59 63 64 65 66 68 71 72 77 80 81 83 84 86 89 91 92 95 96 97 98 99 100 101 105 110 111 115 120 124 129 130 132 133 134 135 136 140 144 145 146 147 148 150 154 157 158 162 163 164 166 168 170 172 176 177 180 181 187 190 198
235 40 42 43 44 45 46 47 49 50 52 53 55 58 59 61 66 68 70 75 76 80 83 85 87 89 90 91 94 95 97 100 102 106 107 108 110 111 113 115 116 118 119 121 122 127 128 129 130 131 132 141 144 145 146 149 151 152 154 156 158 159 162 163 164 166 167 170 172 173 178 179 181 182 183 185 193 194 197
206 42 43 45 48 51 56 57 58 59 60 62 63 64 68 70 73 76 79 81 83 86 90 95 97 99 100 106 111 114 116 118 121 122 123 124 127 129 131 132 135 136 141 142 144 146 148 149 151 152 154 156 157 159 160 161 163 168 171 173 182 183 187 189 192 193 196 198 199
247 42 43 47 48 49 50 54 59 60 63 64 67 68 70 72 74 76 78 79 81 83 85 86 88 92 93 94 98 100 102 106 108 111 112 113 114 116 126 129 131 135 137 139 145 148 150 152 153 154 158 161 163 164 165 167 168 170 174 175 176 177 178 179 182 183 184 186 189 190 193 194 195 199
218 43 44 45 53 55 59 63 65 66 68 71 73 74 76 81 83 92 93 94 95 96 100 103 104 105 109 111 112 113 117 118 120 121 122 125 126 127 128 136 141 144 145 146 152 153 156 158 162 166 169 170 171 173 174 175 176 177 180 183 184 185 186 188 190 193 197 198 199
209 44 45 46 48 52 54 55 59 61 63 64 67 68 69 70 71 72 77 79 80 81 83 84 86 87 91 92 93 101 102 105 106 108 109 111 112 114 115 116 118 125 128 130 131 133 135 137 138 139 143 145 149 150 151 152 157 159 162 164 167 169 170 173 175 176 177 178 182 183 187 190 191 194 198 200
279 47 49 55 56 57 58 59 62 64 66 68 69 71 74 75 78 80 81 83 84 87 95 100 101 103 106 109 110 111 113 114 115 116 117 122 126 127 128 129 131 133 135 136 141 143 144 145 146 149 151 152 154 157 158 159 160 162 164 165 169 170 171 173 176 177 181 182 184 185 187 188 192 193 194 195 196 197 199
272 46 47 48 50 51 54 55 58 59 60 61 62 63 64 66 67 70 71 72 75 78 80 81 82 83 86 88 90 91 93 95 96 97 98 99 103 106 107 110 112 115 116 118 119 120 121 122 123 125 127 128 130 131 132 133 135 137 141 142 143 144 150 151 152 153 160 161 162 163 164 165 173 174 179 181 183 187 188 189 191 192 197
193 47 48 54 55 56 59 61 62 67 73 74 76 78 80 82 83 84 87 89 91 93 94 96 97 98 99 101 102 104 106 107 109 111 114 115 120 122 124 126 128 130 134 136 139 140 143 144 146 148 149 151 152 153 155 157 158 160 161 162 164 166 167 169 171 172 175 176 177 178 182 183 184 187 189 193 197 198
278 48 49 57 59 61 63 66 67 68 70 75 76 77 78 79 81 82 83 89 91 92 93 94 96 98 100 101 102 104 108 109 110 112 113 116 117 118 119 121 122 124 128 129 132 133 135 137 143 145 146 147 149 152 155 156 157 158 160 161 163 166 167 168 170 172 173 174 175 179 181 185 189 191 192 194 196 198
153 49 51 58 61 62 64 66 67 72 73 75 77 79 84 85 86 87 88 89 90 91 94 95 96 97 101 103 104 105 106 109 110 115 116 117 119 123 128 131 132 133 134 136 139 141 142 143 144 146 149 151 153 156 158 162 164 166 168 169 170 171 172 173 175 176 179 181 183 184 187 188 190 191 192 195 196 198 200
281 51 53 54 56 58 59 61 64 65 67 73 74 76 79 80 81 82 83 84 87 88 91 94 95 96 100 101 109 110 113 115 117 118 123 124 126 131 133 137 139 142 143 145 147 148 152 155 156 158 160 161 162 164 165 167 169 170 176 177 182 183 184 185 188 189 190 193 195 199 200
291 56 57 59 60 61 62 64 69 71 74 75 76 77 80 81 82 84 92 93 94 97 98 99 101 102 106 107 114 115 117 121 123 127 128 129 131 138 139 140 141 142 143 144 147 148 149 152 155 156 157 161 164 166 167 170 178 181 187 188 190 191 192 197 198 200
157 52 53 54 56 57 58 61 66 68 75 76 80 82 83 88 90 91 92 98 100 101 102 106 107 109 110 111 115 116 118 121 122 126 128 130 132 133 134 135 136 139 140 143 148 151 154 160 162 163 165 167 170 171 174 175 177 180 181 183 184 186 187 190 191 192 193 194 195 196 199 200
299 61 62 66 67 68 70 72 73 74 76 81 82 83 84 87 88 92 96 99 101 103 104 105 107 108 115 116 119 120 122 124 126 129 132 133 134 136 140 141 145 146 148 150 151 152 156 157 161 165 166 168 172 177 178 180 181 184 185 187 189 190 191 194 196 198
192 54 55 56 59 61 63 64 66 68 72 76 78 80 81 82 83 88 89 91 92 94 95 96 97 100 101 102 106 108 109 111 114 116 117 118 122 125 129 130 132 133 134 135 136 138 140 142 143 144 147 148 149 150 152 154 157 158 160 162 165 166 169 170 171 174 178 181 182 184 185 186 188 189 191 192 194 195 196 200
257 56 57 59 60 61 62 64 65 66 67 71 72 74 75 76 78 80 82 83 84 86 88 90 91 92 93 94 95 96 100 101 102 104 105 106 107 108 110 111 113 121 123 124 125 126 130 131 133 137 139 142 143 144 145 147 153 155 156 157 161 163 166 169 170 173 174 176 178 179 180 182 183 186 188 189 192 193 197 200
251 58 59 60 61 65 68 69 70 72 79 80 81 82 83 85 86 95 97 98 99 103 104 105 108 110 111 117 119 120 123 124 126 127 129 130 131 132 133 134 136 138 139 140 142 143 144 145 146 147 149 150 153 154 155 158 160 161 164 165 166 169 172 173 174 175 177 178 181 183 185 186 195 196 200
159 59 60 61 62 67 68 69 70 71 74 75 78 81 82 88 91 94 96 97 102 107 109 110 112 114 116 118 119 122 124 125 128 130 131 133 136 137 139 140 142 145 146 147 152 153 155 157 158 161 165 168 169 172 174 176 179 181 184 185 186 187 189 190 193 194 196 197 198 199
265 58 59 61 62 63 64 65 69 71 72 74 75 76 80 82 83 89 90 91 92 93 94 95 100 103 104 108 109 113 114 115 116 117 118 119 122 125 127 129 130 131 132 133 134 139 140 141 146 147 149 152 153 155 159 160 161 163 167 170 171 174 175 177 179 181 182 184 185 186 187 188 189 193 195 196 197 198 199
182 59 61 62 63 65 66 68 70 71 72 74 75 78 80 84 86 87 88 90 92 93 94 100 101 102 103 104 109 110 111 112 114 117 124 125 126 127 129 132 133 139 141 142 143 146 150 151 153 154 155 156 157 159 164 169 173 174 175 180 181 182 184 186 187 188 189 191 192 195 196 197 198 200
267 61 62 66 69 78 81 83 84 85 91 92 93 95 98 100 103 104 107 109 110 114 115 117 122 125 127 128 129 130 131 132 137 139 140 141 143 145 148 149 151 153 155 158 159 161 163 164 168 169 173 174 176 180 181 189 190 191 192 193 200
246 61 62 64 65 68 71 72 73 76 77 80 81 83 87 89 91 93 97 99 100 102 107 108 110 112 113 114 117 120 123 127 128 138 139 141 142 143 145 148 150 153 155 156 157 158 159 162 163 165 168 169 171 173 176 178 179 182 183 184 186 187 192 193 194 195 199
154 62 66 70 71 73 74 76 77 78 81 82 83 84 86 87 88 90 91 92 97 99 100 102 103 104 107 108 109 110 111 113 115 116 117 118 120 122 124 125 129 132 136 141 142 143 148 149 150 158 159 160 161 163 164 165 166 168 170 173 175 176 177 183 185 186 188 191 192 195 196 197 200
294 63 64 67 70 74 75 79 80 83 86 88 89 90 92 93 94 97 99 100 102 103 110 112 114 115 118 119 124 126 128 129 130 135 136 142 143 144 145 146 147 150 156 158 160 162 164 166 168 169 173 174 175 177 178 180 181 184 185 187 190 194 196 197 199
286 65 68 72 76 78 79 82 87 90 92 93 94 95 96 97 99 101 102 104 108 110 112 113 114 117 119 124 126 127 128 130 145 147 150 151 153 154 159 161 164 166 167 169 170 172 179 184 187 188 190 193 194 195 196 199 200
171 66 68 71 72 73 75 77 78 79 80 84 85 86 94 95 97 98 99 101 102 103 108 109 111 114 120 122 124 126 128 132 133 139 140 142 143 144 146 147 148 153 156 157 158 160 161 162 165 167 168 170 172 178 179 180 181 184 186 189 191 192 197 198
193 66 70 71 73 74 75 77 78 80 82 84 86 87 88 89 92 93 95 96 99 101 102 106 108 109 110 111 112 113 114 115 117 118 122 123 125 126 127 131 132 136 137 138 141 142 145 147 148 149 150 151 152 153 154 156 157 160 164 165 168 169 170 171 173 174 177 179 180 181 186 189 190 192 196 198 200
287 67 69 71 72 74 79 80 84 89 90 92 93 100 101 102 104 114 115 122 125 128 130 136 140 141 142 144 145 146 147 151 153 155 156 157 158 160 161 165 167 168 171 172 173 175 176 178 181 184 189 190 191 194 195 197 199
224 69 70 72 73 74 75 76 78 81 82 83 85 87 88 92 93 95 96 97 100 102 103 104 105 107 108 109 110 111 113 117 118 119 120 121 123 126 127 130 131 132 133 135 136 137 138 139 140 141 143 144 146 150 152 153 155 157 160 162 163 164 168 169 170 173 174 179 181 182 183 188 190 192 196 199 200
275 69 70 71 74 77 78 79 80 81 83 86 87 88 92 94 95 96 101 102 103 104 105 108 110 111 115 116 123 124 125 127 128 129 130 131 133 135 136 137 142 143 145 148 149 151 152 155 157 160 163 169 170 171 172 173 176 177 178 179 180 181 184 186 189 191 193 197 199 200
187 71 73 76 78 81 83 85 88 89 90 92 95 96 97 98 99 100 101 102 105 110 112 113 114 116 117 118 121 123 124 127 129 131 133 135 137 138 139 141 143 144 147 148 152 157 159 162 164 165 166 169 170 171 172 173 174 176 178 179 181 182 183 185 186 187 189 190 193 195 198 200
290 71 73 75 78 79 80 83 85 89 91 94 97 98 102 103 106 108 109 110 111 116 117 120 121 122 125 126 127 128 131 133 135 136 138 139 140 141 149 150 157 159 161 162 164 168 169 170 172 173 175 176 179 183 184 186 187 192 200
160 72 74 77 79 80 84 85 88 90 92 94 95 97 99 102 103 104 107 108 109 112 113 116 117 118 121 122 125 128 129 130 132 135 141 142 143 144 151 154 156 159 160 162 164 171 173 174 175 177 178 179 182 184 185 189 191 192 193 194 197 198 199
257 73 75 77 81 82 84 85 86 87 89 92 93 94 98 99 100 101 102 103 104 106 107 109 111 113 115 117 118 119 120 123 124 125 127 131 132 137 140 141 142 143 145 147 149 153 155 158 161 163 164 168 170 172 173 175 178 182 183 188 191 192 193 194 197 198 200
192 76 77 78 80 82 83 88 89 90 92 100 107 108 110 115 118 121 122 123 126 127 128 129 130 132 133 135 136 139 141 142 143 144 147 149 150 151 155 156 157 161 165 167 168 169 173 174 177 180 186 187 188 190 195 197 200
175 76 78 79 81 86 91 92 93 94 95 97 99 101 103 104 105 107 108 109 111 113 114 116 119 121 122 123 125 130 132 133 134 138 141 143 146 147 149 150 151 152 154 156 158 160 165 167 168 169 174 176 180 185 189 190 191 195 196 198
214 77 78 80 82 86 90 91 92 93 95 98 100 101 102 106 107 109 110 111 112 114 116 120 121 122 127 128 130 132 133 136 145 148 149 153 156 158 159 166 169 176 177 179 180 182 185 186 189 190 191 193 195 197 200
200 78 79 80 85 87 88 89 91 92 93 95 96 97 100 101 103 105 106 107 110 112 114 116 117 119 122 125 126 131 132 134 136 140 142 146 148 149 150 151 154 155 156 158 159 162 164 167 168 170 172 176 177 178 179 180 181 183 184 185 187 190 193 194 196 197 199
233 82 85 86 87 88 90 91 92 93 94 95 97 98 99 102 103 106 107 109 110 111 114 115 117 122 123 126 127 130 131 132 134 136 138 140 141 142 148 149 150 151 152 155 157 158 159 160 161 162 164 168 170 174 176 178 182 184 188 189 190 192 193 195
227 80 81 83 84 85 88 89 90 92 93 94 99 100 101 102 104 105 106 109 110 111 112 116 118 119 121 122 124 125 127 128 133 134 137 144 145 146 148 149 150 151 154 155 156 159 162 163 166 168 169 170 175 180 182 186 188 190 193 194 198 199 200
173 80 81 82 83 84 86 87 88 91 93 94 95 96 100 102 103 105 106 108 111 112 113 116 118 119 120 125 128 130 132 133 134 136 138 139 140 141 144 147 149 150 151 153 155 156 157 158 160 161 162 163 164 165 166 167 169 171 173 175 177 179 180 184 187 188 189 192 193 195 197 199
166 83 85 86 88 89 90 91 93 95 96 98 99 100 101 102 107 112 113 116 122 137 138 140 141 144 145 146 147 149 150 151 152 155 157 158 160 163 166 167 168 172 174 175 178 179 180 182 183 186 189 191 193 195 197 198 199
176 83 85 86 88 89 90 91 93 94 95 96 97 99 102 105 107 108 111 112 113 114 117 118 120 122 130 131 132 134 135 136 139 140 144 145 147 148 151 152 153 154 155 156 157 161 163 165 168 169 171 172 173 174 179 182 187 190 192 194 196
209 85 86 87 89 90 92 93 94 95 98 100 105 108 111 112 113 115 119 121 122 123 125 126 132 137 142 143 149 152 154 155 156 157 159 161 163 171 177 178 179 181 182 184 189 190 195 197 198 200
267 85 88 89 90 92 94 95 99 101 102 105 106 107 108 109 111 112 114 115 116 119 125 126 128 129 132 133 134 136 137 140 146 147 148 149 152 154 156 157 159 160 162 164 165 166 167 171 174 175 176 177 181 183 185 186 191 192 196 199
197 85 86 88 90 91 93 94 95 98 99 100 109 111 114 116 117 119 120 125 127 128 129 130 131 133 134 139 141 142 143 148 151 153 157 158 161 162 166 167 168 169 172 173 174 176 179 181 183 184 186 190 195 196 197 198 200
180 90 91 94 95 97 105 110 113 120 121 124 125 126 127 130 131 132 134 136 137 139 140 144 147 150 153 156 158 163 164 166 168 170 171 172 173 176 179 180 182 184 186 189 191 193 194 195 198 199
227 87 88 90 91 94 97 98 99 100 101 102 103 104 105 107 108 109 111 114 115 116 118 119 120 123 126 127 131 132 135 138 140 142 143 144 145 150 152 153 154 155 157 159 161 162 172 173 174 176 177 178 179 180 184 189 190 191 193 196
194 88 92 96 98 99 102 104 108 110 117 119 120 121 122 123 124 127 129 131 133 134 135 136 137 142 144 147 148 149 151 152 153 154 155 156 158 159 161 164 165 169 171 172 173 175 176 177 178 179 181 182 184 186 188 189 194 198 199
290 94 95 97 98 100 101 103 107 111 119 120 121 123 126 127 129 132 136 137 138 141 142 144 145 147 153 160 161 162 163 166 167 168 171 172 174 177 178 179 180 182 183 184 186 187 190 191 197 198 199 200
250 92 94 96 97 98 100 101 102 103 105 109 110 111 114 115 116 117 118 119 122 124 126 128 129 131 132 133 134 135 138 140 146 147 150 151 152 155 159 161 162 164 165 168 170 172 175 179 181 182 186 187 188 190 191 193 197 198
281 91 92 93 94 95 96 98 100 101 102 103 104 105 106 108 109 111 112 114 116 117 119 121 124 127 128 129 131 132 139 140 142 143 145 147 151 154 155 158 164 165 167 168 171 172 173 175 178 180 185 186 189 190 191 193 197 198
297 99 100 104 106 110 111 112 113 115 118 119 121 122 123 125 126 133 134 135 136 141 149 152 157 158 161 162 163 165 166 168 170 171 176 177 180 183 184 189 190 191 194 195 198 200
267 99 101 104 111 113 115 117 119 120 124 127 128 129 130 132 133 134 136 139 140 141 144 147 148 149 150 152 155 157 159 163 164 165 167 168 169 173 175 177 180 181 183 186 188 189 191 192 193 194 195 198 200
274 94 96 98 100 101 102 104 106 109 111 115 117 120 121 123 126 127 129 131 132 134 136 139 141 143 144 146 149 151 153 154 157 158 163 166 167 169 171 172 174 175 177 180 182 183 184 186 189 192 195 196 197 198 199
256 95 99 100 103 104 105 106 110 111 112 114 118 125 129 131 133 134 135 137 138 140 141 142 145 146 148 149 150 154 155 157 158 160 168 173 177 178 180 182 185 186 187 192 193 194 195 198 199 200
153 96 97 100 101 102 107 108 111 114 115 119 121 126 127 128 129 134 136 137 138 139 140 142 145 146 147 148 149 153 155 157 158 162 163 164 165 167 168 169 171 174 175 176 182 183 185 186 190 191 193 195 199 200
213 97 100 101 102 104 105 106 109 110 111 112 113 115 116 118 121 122 123 124 125 126 129 130 132 133 135 138 140 144 147 148 149 151 154 155 156 157 159 160 162 163 165 166 167 168 170 173 175 176 178 179 183 184 185 186 187 189 192 193 196 197
197 100 101 102 103 105 113 114 116 117 119 121 122 124 126 127 128 129 133 135 136 140 142 144 145 146 150 154 156 157 160 164 169 171 173 176 178 179 183 184 187 193 195 196 198 199 200
193 100 101 103 104 105 107 108 109 112 114 115 119 120 122 123 124 125 126 129 130 131 132 134 138 141 143 145 147 148 151 153 154 155 159 160 161 162 169 170 172 175 176 180 181 182 186 188 191 192 193 195 196 197 199 200
156 100 102 103 105 106 107 109 110 113 115 120 121 123 125 127 129 133 134 136 137 139 140 143 145 146 147 149 151 153 154 155 161 162 163 166 169 171 175 176 177 181 183 186 187 190 191 193 194 195 199
248 101 106 108 110 111 112 113 114 117 118 119 120 122 123 124 125 128 129 131 132 135 136 137 141 143 144 145 146 148 151 154 161 162 163 171 177 178 179 181 183 184 185 188 190 194 196 197 199 200
165 102 103 104 105 106 109 111 112 114 115 117 118 119 122 124 129 130 131 132 133 135 139 142 143 145 149 150 153 156 157 158 160 162 167 168 169 170 173 176 181 184 185 186 187 188 189 190 195 196 198
162 106 111 113 116 117 121 123 125 126 127 129 130 131 133 136 137 140 141 143 145 147 153 155 156 157 158 159 163 165 166 167 170 175 176 177 178 180 184 185 187 188 189 190 191 192 194 195 198
229 104 108 110 111 115 116 117 118 120 121 122 123 125 128 130 132 136 137 139 140 141 142 143 146 149 152 155 156 159 160 163 166 169 171 172 173 174 177 178 184 185 186 189 190 191 193 194 196 198 199 200
294 108 109 113 114 115 116 119 122 123 124 125 126 128 129 130 132 135 138 141 144 145 147 148 149 150 152 153 155 156 160 161 165 166 168 171 173 174 175 177 178 183 185 186 190 193 197 198 200
252 106 108 110 112 113 114 118 120 122 125 128 130 131 132 133 134 135 138 139 141 142 146 148 154 156 157 159 160 161 163 164 165 166 168 170 171 172 177 180 182 184 186 187 192 194 196 197 198 199 200
201 107 110 111 112 113 114 116 117 118 120 123 124 125 128 129 130 133 134 135 136 137 138 139 140 141 143 145 148 152 153 154 157 160 161 162 164 166 167 168 170 174 176 180 181 182 185 186 188 189 190 193 195 197 198 200
204 109 110 111 115 116 118 119 120 122 124 125 126 132 137 139 142 143 144 145 146 148 153 155 158 159 162 164 166 168 169 172 173 175 177 179 181 182 185 186 187 188 192 196 197
290 109 110 111 115 117 118 120 121 122 123 125 129 131 132 134 135 138 139 140 144 147 148 149 154 155 156 157 158 159 160 161 164 167 169 170 171 173 174 177 178 179 181 182 183 184 187 189 190 195 197 200
218 112 113 114 115 116 118 121 122 123 125 126 127 128 129 130 131 133 135 136 138 142 143 148 150 151 152 153 154 155 156 158 159 163 167 168 169 171 172 177 180 181 182 183 184 185 187 192 195 196 197 198 199
279 112 114 115 116 118 122 123 124 126 127 128 129 131 133 135 136 137 138 139 140 144 145 148 149 150 151 156 157 160 161 164 169 170 172 179 183 184 185 186 187 188 190 192 194 195 197 198 200
244 113 114 117 121 122 123 124 125 126 127 128 132 135 136 145 147 148 149 150 151 152 154 155 156 159 162 167 168 169 170 178 179 180 182 184 185 186 190 191 192 193 195 196
176 114 118 119 125 134 135 137 139 145 149 150 153 154 155 157 159 164 168 170 173 174 175 178 179 180 181 184 186 188 189 190 191 193 194 195 197 198 200
218 114 117 118 119 122 125 127 129 132 133 134 135 139 142 143 148 149 150 151 152 153 156 161 164 167 168 173 174 175 178 180 186 187 189 191 193 194 197 198 199
267 115 116 117 118 119 121 122 125 128 129 130 131 133 135 137 138 142 144 146 147 149 153 155 156 160 164 165 166 167 169 171 173 174 175 176 179 180 182 184 187 188 189 190 192 193 194 196 199 200
288 116 118 119 122 128 130 132 133 135 137 140 143 147 148 150 152 153 154 159 161 163 168 171 172 174 176 178 179 180 181 182 183 184 185 186 187 188 189 190 193 200
290 119 122 124 127 128 131 132 134 135 137 140 141 144 153 154 158 161 164 165 167 168 169 171 172 173 176 178 180 182 183 184 185 186 189 190 191 195 196 197 199
272 118 119 120 121 124 125 128 132 133 137 141 142 143 150 152 153 154 155 157 159 160 168 174 176 177 178 181 186 187 190 192 193 197 199 200
250 119 120 126 127 129 131 132 133 134 135 136 142 143 147 149 150 153 154 155 157 159 160 161 162 164 165 166 168 170 171 173 175 176 177 178 182 184 185 186 190 192 197 199
166 121 124 125 127 129 133 140 143 148 151 154 157 158 159 160 161 162 163 165 167 169 173 174 176 177 178 180 181 186 187 188 189 191 192 193 194 196 198
241 122 124 131 132 136 137 140 141 145 146 147 150 151 152 155 157 158 163 165 169 170 171 172 175 176 177 179 183 184 185 186 188 189 190 191 193 195 197 200
203 123 124 126 128 130 131 132 133 137 138 139 140 142 143 144 145 149 150 153 155 158 159 161 163 164 169 170 171 173 176 177 178 180 181 182 183 184 185 186 188 189 191 192 195 196 197 198 199
297 124 125 129 130 132 133 134 135 136 137 138 139 140 144 145 148 149 151 152 157 160 161 162 164 165 166 175 176 177 178 184 185 186 187 188 193 194 195 196 197 199
168 124 125 129 131 132 133 134 136 140 143 144 146 147 149 151 158 160 163 167 170 172 175 180 182 184 185 188 194 196 200
180 125 128 130 131 132 133 135 136 137 138 140 144 145 146 147 148 149 150 152 155 156 157 159 160 162 163 164 165 166 167 170 174 175 176 179 181 182 184 189 192 193 194 196 199 200
265 126 128 130 131 133 134 136 137 138 140 141 142 143 144 145 146 148 150 151 153 155 156 159 163 167 168 173 175 177 178 180 181 183 185 188 189 190 193 194 195 196 197 198
174 128 129 131 132 137 139 140 143 145 147 148 151 152 154 155 157 158 159 160 161 162 165 166 167 169 171 173 177 183 184 186 187 188 189 193 197
157 128 129 130 136 137 138 140 141 144 146 147 151 152 153 154 161 162 163 164 167 169 170 172 174 175 177 178 180 181 182 184 192 193 194
150 130 131 133 134 137 143 144 146 147 148 150 153 154 155 156 157 158 161 163 164 166 168 170 171 172 174 176 179 183 184 185 186 188 191 193 194 199
152 134 136 137 140 141 142 143 145 146 147 148 150 151 156 160 161 164 165 167 168 169 171 172 174 177 178 179 180 188 189 190 191 192 193 194 196 199 200
205 131 136 137 138 140 143 147 148 149 150 152 158 159 164 165 167 169 170 173 175 177 179 181 182 183 188 189 190 192 195 196 197 198 200
206 132 136 137 138 140 141 143 145 147 149 151 152 155 156 157 163 164 165 166 172 173 178 179 180 181 184 185 186 187 189 191 192 193 195 196 200
155 133 135 136 137 138 139 142 143 144 146 147 150 152 153 156 157 163 164 168 169 171 172 177 179 180 181 182 183 184 185 187 188 191 192 194 195 196 199
278 137 142 146 147 148 152 154 158 159 162 165 167 169 170 171 173 174 175 176 177 178 179 180 183 184 186 188 192 193 194 195 196 198 199 200
300 137 140 143 145 146 147 149 150 151 153 155 158 163 164 165 166 167 170 171 172 174 175 176 179 180 185 188 191 193 194 195 196 199 200
279 140 141 142 143 147 148 152 153 155 159 162 163 165 166 167 168 169 171 172 174 175 176 178 179 180 185 186 187 188 189 191 196 197 198 199
253 139 141 144 146 148 149 150 151 152 153 154 157 159 163 164 166 168 170 171 172 173 174 175 180 183 184 186 188 193 194 197
172 138 139 140 142 147 149 151 152 157 158 167 171 175 176 177 179 181 182 185 186 189 191 192 194 197 198 199
298 139 148 150 156 157 159 161 162 163 170 171 173 175 177 178 182 183 184 185 187 188 189 190 191 196 197 199 200
209 140 141 142 145 147 148 149 150 153 154 155 157 161 163 164 165 166 167 171 172 173 175 176 178 179 181 183 184 185 190 193 195 196 198 199 200
151 145 147 150 152 154 158 159 161 162 164 165 172 173 175 176 179 182 186 187 191 194 195 196 197
202 142 143 144 151 153 154 155 157 158 159 160 163 165 167 170 171 174 176 177 178 180 181 182 183 184 185 186 187 189 190 191 193 197
164 147 150 151 152 153 154 156 157 160 163 169 171 175 176 177 178 181 182 188 190 193 194 196 197 199 200
279 147 149 152 154 155 156 157 158 159 162 163 165 166 168 175 176 178 179 182 184 189 190 191 192 196 197
234 147 149 151 153 158 163 164 165 170 171 172 174 176 178 179 180 182 184 186 187 191 199 200
154 148 151 155 158 159 161 164 165 168 171 175 178 181 182 184 187 189 191 192 196 198 199 200
225 147 150 155 156 158 161 162 163 165 166 167 168 172 179 181 182 186 187 190 191 193 197 200
232 148 149 150 155 156 157 158 161 162 165 170 172 173 174 176 181 182 183 184 188 189 190 192 193 196 198
232 149 151 153 154 155 158 168 169 172 173 175 178 179 180 181 183 184 185 186 188 191 192 193 194 195 196 199
190 150 151 153 157 158 159 160 162 164 165 166 167 169 173 174 175 177 182 183 184 186 191 193 194 198 199
199 153 155 156 157 159 160 161 162 163 165 167 168 170 171 172 173 175 177 178 180 181 184 187 188 189 193 194 196
176 152 155 158 159 160 164 165 166 170 177 178 179 182 184 187 189 192 193 194 195 196 200
236 154 155 158 159 165 166 168 170 172 173 175 177 178 182 184 186 187 188 194 199
174 154 155 156 157 160 161 164 167 168 169 170 172 173 177 182 185 188 189 191 193 195 196
286 162 164 166 167 170 171 172 176 178 180 186 189 191 192 195 196 200
160 156 157 158 159 160 162 163 165 166 167 168 169 170 172 173 174 175 177 181 182 184 185 187 190 193 194 195 196 197 199
168 163 164 165 166 169 170 171 174 175 176 177 179 180 181 182 183 184 185 186 188 189 190 193 198 199 200
300 158 159 160 161 163 168 169 170 171 173 174 175 176 179 182 185 187 189 191 193 195 197 198
179 160 161 163 167 169 170 171 172 173 174 175 176 178 180 181 183 187 188 192 195 196 198 199
261 161 162 163 164 167 168 169 170 171 172 173 175 176 181 183 184 185 186 187 188 189 192 198 199 200
231 163 164 165 167 168 169 170 171 175 177 179 183 185 192 193 200
288 165 169 170 171 173 175 177 178 179 182 185 187 188 190 192 193 194 195 196 197 200
208 164 165 167 170 171 178 179 180 182 183 184 185 188 190 193 194 196 197 198 200
212 164 166 169 170 171 172 173 177 178 179 181 182 184 185 189 190 192 193 196 198 200
184 166 171 172 174 175 176 177 181 192 193 194 198
260 166 168 170 171 173 174 176 177 180 183 185 188 189 191 193 197 198 199 200
156 167 171 174 175 176 177 181 183 184 190 195 196 197 198 200
157 168 170 171 172 173 175 179 182 183 184 187 188 189 190 194 197
276 169 170 173 176 178 179 180 181 182 184 185 186 194 195 198 199
191 170 172 174 177 179 181 182 183 185 186 187 188 189 191 192 193 194 195
228 171 172 174 175 176 177 178 181 182 183 187 190 191 192 195 197 200
288 174 177 178 179 180 182 183 187 188 190 191 192 196 197 199
290 173 175 176 177 179 180 181 182 185 186 188 191 192 193 194 200
282 176 181 182 184 185 188 192 194 195 196 200
243 178 180 184 187 190 191 192 193 194 197 198 199
150 179 180 183 185 187 189 190 191 193 194 196 197 198 200
288 180 181 182 183 184 185 190 191 195 196 199 200
195 180 182 183 185 187 195 196 198
173 179 182 183 184 185 186 188 190 196 200
178 181 182 190 196 198
215 182 183 184 186 187 189 193 194 195 196
214 182 183 184 188 191 192 193 195 197 198 199
203 188 191 193 194 195 196 198
264 186 188 189 191 193 195 196
259 185 186 187 190 197 198 199 200
206 187 188 189 191 192 199
251 187 189 190 191 194 195 196 198 199 200
205 193 195 197 198
202 193 194
260 191 196 199 200
225 191 193
233 192 193 195 197 198 200
298 194 197
169 195 196 198 199 200
225 195 197 199 200
211 198 199 200
225 198 199
196 200
231
289
298
