25	5	200	10
-2	7	3
-3	9	6
-1	11	6
-4	10	4
-4	3	6
10 2 3 4 5 10 11 14 16 20 23 24 25
18 4 5 7 9 14 15 16 17 20 21 24 25
19 5 7 10 11 13 14 15 17 18 20 22 25
12 6 7 8 11 12 15 16 18 21 22
26 6 7 8 9 12 13 14 16 17 18 20 24
10 8 9 10 11 12 15 16 17 18 20 21 24
15 9 12 14 15 17 19 20 22 25
15 9 10 11 13 15 19 20 21 23 24
25 11 14 18 20 21 22 25
11 14 15 16 18 19 20 22
15 12 13 14 15 16 20 21
18 14 16 18 19 21 23 25
19 14 15 16 18 19 20 21 24 25
12 15 16 17 19 22 23 24
12 17 20 21 23
27 18 19 22 23 24 25
26 18 19 20 23
23 21 22 25
24
21 21 22 23 24
20 22 25
19
19
16
19
