200	10	1000	1
0	71	24
0	24	25
0	99	16
0	73	19
0	64	24
0	14	21
0	48	16
0	52	17
0	97	18
0	29	20
170 2 3 5 7 8 10 13 17 18 19 20 22 24 26 27 28 29 32 33 40 44 45 47 49 51 53 55 56 57 59 61 62 63 65 67 69 70 71 73 76 78 79 80 81 83 86 87 89 92 94 95 96 97 99 100 102 103 106 109 111 114 115 116 117 120 121 122 123 124 126 128 132 134 135 141 142 143 144 149 150 153 154 156 157 158 159 162 164 166 167 168 169 171 173 176 178 180 181 184 186 187 190 191 193 196 198 199 200
111 3 4 5 8 9 11 13 14 15 16 19 20 21 23 28 30 38 39 40 43 44 45 46 51 53 55 56 57 61 62 64 65 66 67 71 72 74 75 76 77 79 81 82 83 84 85 86 88 91 92 95 96 97 98 100 101 102 103 105 106 107 108 114 116 117 119 120 121 123 124 127 130 132 134 137 138 139 142 144 145 148 151 154 155 160 162 164 165 166 168 172 174 176 179 182 184 185 186 187 189 190 191 192 194 195 196 198 199 200
178 11 13 16 17 20 21 24 26 27 28 30 31 32 35 36 37 43 49 50 51 52 54 55 56 60 64 68 69 70 72 73 74 76 77 78 86 87 88 94 95 98 101 102 105 107 108 112 117 119 122 124 128 130 133 134 138 139 141 143 147 148 150 151 152 157 161 162 164 167 168 169 173 174 176 178 181 182 183 186 188 189 192 193 194 196 198 199 200
178 5 8 10 11 12 16 18 19 22 24 29 30 34 35 37 38 39 40 42 43 47 48 53 56 58 59 60 62 64 65 66 67 69 71 72 74 77 80 81 83 85 87 91 92 99 105 107 111 112 115 116 119 121 122 124 127 130 131 132 134 135 140 141 142 143 144 145 146 157 158 160 161 162 164 167 169 170 172 173 178 179 180 182 184 185 192 195 196
110 6 7 8 10 12 13 15 17 21 22 23 24 25 28 30 32 35 37 38 39 41 42 44 46 48 50 52 53 57 58 59 61 65 66 71 73 75 76 81 83 84 85 86 90 94 95 97 101 103 105 106 109 110 111 112 114 115 117 118 119 120 121 122 123 125 126 127 128 129 131 132 134 137 138 142 143 144 147 148 150 151 152 155 156 157 158 163 169 171 173 176 178 180 183 186 188 192 196 199 200
177 8 9 10 11 13 15 17 18 20 25 27 29 30 31 36 39 40 42 44 46 47 49 51 52 61 65 66 68 69 70 71 75 76 81 83 84 85 86 87 93 98 99 101 102 103 104 106 108 109 110 111 114 115 116 119 121 123 125 127 128 133 134 135 139 142 143 146 150 151 152 154 157 158 160 161 162 164 165 167 169 173 174 175 177 179 184 186 188 189 190 191 196 198 199 200
124 9 11 12 13 14 15 18 22 25 27 33 34 37 38 39 43 44 45 47 52 53 55 59 61 63 64 66 69 70 73 74 77 79 80 85 86 87 88 93 94 95 97 100 102 103 105 106 107 108 109 112 113 114 115 118 121 122 124 126 127 129 130 131 132 133 136 137 138 139 141 142 148 149 150 154 155 156 157 158 160 169 171 172 173 175 176 177 178 179 182 183 185 186 187 190 191 194 195 196 199 200
186 12 15 17 18 19 20 22 24 26 29 33 35 36 40 46 48 50 51 54 56 62 64 65 66 74 75 78 79 80 81 84 85 86 88 90 91 94 95 97 98 99 101 102 104 107 108 109 110 115 116 124 126 127 128 130 132 133 136 139 141 142 149 152 153 154 155 158 161 165 166 167 168 169 171 173 175 176 177 178 180 181 184 185 186 188 190 191 192 193 194 195 197 199
169 13 22 28 29 32 34 38 39 40 41 43 44 45 47 51 52 53 54 57 58 59 61 70 72 73 77 79 80 81 84 85 86 87 88 91 97 100 101 102 103 104 105 106 110 112 113 116 117 118 119 120 123 124 126 128 130 133 135 136 137 139 143 144 145 146 148 149 150 152 156 157 158 166 167 168 172 175 180 181 182 183 185 186 188 189 190 192 195 197 198 199
164 11 13 15 17 19 22 23 24 26 31 33 36 37 39 42 45 47 49 50 51 53 54 55 57 61 62 63 64 68 69 70 74 75 78 82 85 86 92 93 95 96 98 99 102 104 105 108 110 112 113 115 116 117 118 119 120 123 125 126 127 130 132 134 136 144 146 148 152 153 156 157 158 159 160 161 166 168 172 173 174 176 177 178 179 181 183 185 191 192 193 194 196 198 200
200 12 13 15 17 21 23 25 27 29 30 34 38 39 40 42 43 45 48 51 53 54 55 56 57 58 60 61 62 63 64 67 71 72 74 76 79 82 84 85 87 88 89 91 92 93 95 96 97 98 102 103 104 105 106 107 108 109 110 111 113 114 116 117 118 120 121 123 126 128 129 131 132 133 134 137 140 144 145 146 149 151 154 155 157 158 159 162 164 166 169 173 176 177 178 179 183 184 185 187 191 192 196 197 199 200
158 14 17 20 21 22 23 24 25 26 28 30 31 32 33 34 35 36 41 45 52 54 55 56 61 64 66 69 70 71 72 74 75 76 77 79 85 86 87 89 90 92 96 97 98 102 104 106 107 108 112 113 115 120 121 123 124 130 133 138 139 141 142 145 151 152 153 155 156 157 159 160 161 163 169 170 171 175 176 177 178 182 185 187 188 192 193 194 195 197 198 199 200
169 15 16 18 21 24 25 29 30 31 34 37 39 40 41 42 43 45 48 51 59 63 66 68 71 73 74 75 78 80 81 84 86 87 91 93 94 95 101 102 104 105 107 108 110 113 115 117 118 121 122 123 124 127 130 135 136 138 139 140 142 143 145 147 148 151 153 154 155 156 157 159 161 171 172 173 176 177 179 180 183 184 185 190 192 193 197 199 200
151 17 18 19 20 24 25 26 28 29 33 35 37 38 39 44 46 50 51 53 56 59 60 61 62 63 65 67 68 73 74 75 77 79 82 83 84 85 88 91 92 94 96 97 98 100 106 108 109 110 115 117 119 124 125 127 131 132 134 137 139 140 142 143 147 149 150 151 152 162 163 165 166 168 171 172 174 176 177 179 180 182 183 189 195 196
121 16 21 27 29 30 31 33 36 37 39 42 48 50 51 56 57 60 61 66 69 71 72 73 75 78 79 82 83 84 85 86 88 92 93 94 95 97 99 100 108 113 117 118 119 120 121 122 125 126 128 130 132 133 134 137 140 142 143 144 147 148 150 152 154 156 157 161 162 164 165 167 168 170 175 176 180 183 184 185 188 191 193 194 196 197 199 200
104 17 19 21 23 24 25 27 28 29 31 33 34 35 36 43 44 46 47 50 51 52 53 55 62 66 69 70 71 72 73 74 75 76 77 81 82 84 85 92 98 99 101 103 104 106 112 113 114 115 116 119 120 121 126 128 132 133 138 141 144 146 147 148 150 152 153 154 156 159 160 161 162 164 165 166 168 169 171 172 173 175 176 178 179 182 183 184 185 189 190 192 193 194 195 196 197
153 18 22 25 26 29 30 31 36 39 40 41 43 44 45 46 47 50 52 53 54 57 58 62 66 70 71 72 74 75 77 80 82 85 89 90 94 95 100 101 102 103 105 106 107 109 112 114 116 117 119 120 122 123 126 130 132 134 135 136 141 142 143 144 146 147 149 151 156 158 160 162 163 168 169 171 172 176 178 181 183 184 187 192 193 195 196 197 198
127 19 20 22 24 25 30 31 32 35 36 37 39 40 43 49 52 53 56 57 59 61 65 67 70 71 72 73 75 77 79 80 81 82 83 84 87 89 90 91 94 95 97 101 104 105 109 111 113 115 116 117 118 120 121 123 128 129 130 132 133 134 137 139 141 142 143 146 148 149 150 151 153 154 157 158 159 160 161 165 167 169 170 174 175 176 177 180 182 186 188 190 191 193 194 195 197 198 200
191 20 21 24 26 28 30 31 32 34 36 38 39 46 50 51 52 55 58 59 62 64 65 66 70 71 72 75 76 77 79 80 81 84 85 86 87 89 91 92 94 98 103 104 106 110 111 114 115 116 122 124 125 127 129 135 140 143 144 146 147 150 154 155 157 158 161 164 165 167 168 169 171 173 174 179 185 187 188 193 194 195 198
186 21 22 23 25 27 32 37 42 43 44 45 48 53 54 55 60 63 64 65 66 70 71 72 73 74 75 76 80 83 84 86 87 88 89 91 93 94 96 105 107 112 114 115 116 118 120 123 124 127 128 132 133 135 137 139 140 141 142 144 148 149 150 153 154 155 160 161 162 164 165 167 168 169 171 175 176 178 183 187 188 189 190 193 196 197 199 200
105 23 24 25 26 30 33 34 35 36 38 43 44 47 48 49 50 51 56 61 63 64 66 69 70 79 85 90 93 94 97 98 100 101 102 104 105 106 111 113 117 120 123 124 126 130 131 132 133 134 136 140 144 146 148 149 151 152 154 155 157 160 161 162 164 166 167 169 171 173 177 181 183 185 186 187 189 194 197 198
126 26 27 29 30 31 32 34 35 36 37 38 41 42 44 46 47 50 51 53 56 57 58 60 63 64 65 67 68 69 70 73 74 78 81 82 84 86 87 88 89 91 93 94 95 97 101 103 104 106 112 115 117 121 122 123 124 126 129 130 131 132 134 136 139 140 142 143 145 148 150 151 153 154 159 160 163 165 170 172 173 174 175 176 177 178 179 180 181 183 188 190 196 197 198 200
117 24 30 34 36 37 39 41 42 43 44 46 47 48 50 51 54 58 59 60 61 63 65 67 68 71 73 80 81 84 85 87 88 90 93 94 98 100 101 102 103 110 114 115 117 118 119 122 123 126 127 128 129 132 136 137 141 142 144 146 148 151 155 156 157 158 160 162 167 168 171 172 175 176 177 181 186 188 189 190 199
134 25 26 29 30 31 33 34 36 38 39 41 46 50 51 52 54 56 59 60 63 65 66 67 68 70 72 79 84 86 87 88 91 94 95 96 101 105 106 108 112 114 115 116 117 118 120 121 122 123 124 126 130 133 135 137 139 147 149 152 153 157 158 162 163 164 165 166 168 175 176 178 179 180 181 182 184 186 198 199
179 28 29 30 31 32 34 35 37 39 40 43 47 48 49 50 51 54 59 60 61 64 66 71 74 76 79 83 84 85 86 89 90 91 93 97 99 100 101 103 104 105 110 114 118 119 120 121 122 123 124 127 128 129 131 134 135 136 138 139 140 141 143 144 145 147 151 152 153 154 155 156 157 159 161 166 167 169 176 177 178 179 181 184 185 187 188 192 195 196 198
187 28 29 30 31 33 36 38 47 48 51 55 56 59 63 65 66 67 69 70 73 75 76 77 78 79 81 82 87 90 91 93 95 101 102 103 105 106 110 111 112 113 115 116 117 119 121 124 126 130 135 136 138 139 141 145 146 147 151 153 155 156 157 158 162 163 164 167 168 169 172 174 180 181 184 185 186 188 189 190 193 194 197 199
124 28 35 37 38 40 41 42 50 51 54 55 58 61 62 68 70 71 73 74 75 76 79 81 82 83 84 90 92 94 95 97 106 108 110 113 114 115 116 119 120 121 122 123 125 127 128 129 130 133 134 135 136 138 140 141 143 146 147 152 153 158 161 162 165 166 169 174 181 183 185 189 190 191 192 195 199 200
110 29 30 33 36 37 38 40 41 45 46 49 51 56 57 59 65 67 68 69 70 71 74 77 79 80 83 87 93 103 104 106 110 112 116 117 118 119 125 126 128 129 130 132 133 138 139 141 142 143 148 150 151 153 155 159 164 167 168 169 171 172 173 177 181 182 188 195 196 198
170 31 32 33 34 35 36 37 39 41 43 45 46 48 50 51 52 54 55 57 62 65 68 69 71 73 74 76 81 82 87 88 90 93 96 98 99 103 104 105 107 109 111 113 114 115 117 118 120 121 123 125 127 128 131 135 136 137 138 139 141 144 145 146 152 154 158 161 163 165 166 169 170 177 178 180 182 183 184 185 188 190 191 193 194 196 197 200
176 31 32 38 39 40 41 42 44 45 46 47 49 51 52 55 56 57 58 64 65 67 68 69 70 71 75 78 82 83 84 85 86 90 92 93 99 101 102 103 104 105 106 109 112 113 114 115 116 117 121 123 124 125 126 127 128 129 130 131 132 133 137 141 142 146 147 149 151 155 157 158 159 160 161 162 163 165 168 169 170 173 176 177 179 180 181 186 188 190 193 197
111 34 35 36 37 39 41 47 49 50 56 58 59 60 64 66 67 68 70 73 74 76 77 78 81 82 83 84 87 89 91 92 93 94 96 100 101 106 107 109 110 111 113 115 116 119 120 121 122 124 127 129 130 131 132 133 134 135 136 137 141 143 144 145 146 149 151 154 155 156 157 159 160 161 162 164 166 167 168 170 171 177 179 180 183 186 192 194 195 197 198 200
162 34 35 36 37 39 40 42 44 48 50 53 54 57 59 60 66 67 69 72 76 77 78 80 82 84 85 86 89 92 93 94 97 101 102 103 105 106 109 114 115 116 118 120 121 125 127 129 132 135 137 139 140 141 142 145 147 148 149 151 152 154 156 158 162 163 166 169 170 173 174 180 181 186 192 193 194 197 198
200 34 37 39 40 41 42 43 44 45 47 48 49 50 51 53 54 59 60 61 64 65 66 67 68 70 72 73 74 76 77 78 80 82 87 88 90 92 93 94 100 105 106 108 111 115 120 121 124 125 128 130 131 133 135 136 138 141 143 144 145 146 147 149 151 154 158 160 162 167 168 169 173 174 177 178 179 180 181 182 183 184 186 188 189 193 199
103 35 37 39 41 42 44 45 46 48 49 50 51 52 56 57 59 60 61 66 67 70 71 72 75 76 81 82 84 85 87 89 91 93 94 97 100 101 102 103 104 105 107 110 111 112 113 118 119 121 123 125 126 128 129 130 132 133 134 136 138 139 140 141 142 144 145 146 149 150 151 152 155 156 157 158 161 165 170 171 174 176 179 181 182 185 192 193 194 195 197 199 200
181 36 37 41 42 46 48 53 54 55 58 59 61 64 67 68 69 70 74 75 76 81 83 89 92 94 97 99 101 102 103 105 107 108 110 113 114 116 119 120 121 123 124 131 135 137 138 140 143 144 147 149 152 155 157 158 159 162 163 165 166 167 170 171 174 175 176 177 181 185 193 195 196 197 198 199 200
161 37 39 42 43 44 45 46 48 50 51 57 58 60 62 63 66 67 68 70 72 73 74 77 78 79 80 82 84 86 87 88 90 93 94 96 97 98 102 103 105 107 109 111 112 113 114 115 116 118 120 121 123 124 127 129 130 131 132 133 134 135 136 137 139 141 144 145 147 148 150 152 153 155 156 160 165 166 171 178 180 181 182 183 185 187 189 194 196 198 199 200
133 38 40 44 48 49 60 61 63 70 72 73 76 78 80 81 85 87 90 93 95 96 97 98 101 105 106 107 108 109 111 112 115 117 119 120 122 127 129 131 137 139 144 146 147 148 149 151 152 153 155 156 158 159 164 167 170 172 173 177 178 179 182 183 184 185 186 187 191 192 195 197 199
128 39 40 41 42 46 49 51 52 56 58 61 64 66 68 69 73 76 82 83 85 86 87 89 92 94 95 99 100 102 103 104 106 107 108 110 111 112 116 117 119 125 130 132 133 136 138 140 141 143 146 147 148 149 151 152 157 161 163 165 166 167 170 171 174 177 180 181 183 185 186 190 192 194 196 197 198 199
182 42 49 50 56 57 59 60 63 64 65 67 68 69 71 74 75 76 77 79 81 82 84 85 89 90 92 93 94 95 96 100 101 103 104 105 108 109 112 113 114 118 120 121 125 129 130 131 132 135 137 143 144 149 151 152 153 154 155 158 163 165 166 167 170 172 173 174 175 176 179 181 186 189 193 194 199
142 41 44 45 47 48 53 59 60 62 63 64 65 68 69 70 72 75 76 77 78 79 82 85 86 90 91 92 94 95 96 98 99 100 101 102 103 105 106 107 108 112 114 117 119 120 123 125 128 129 130 131 132 133 134 136 137 138 140 143 144 146 148 154 155 156 158 160 162 163 164 166 168 169 170 180 182 187 188 191 199
100 43 44 45 46 47 50 51 60 61 64 65 67 68 69 71 77 78 79 82 85 86 89 93 94 100 101 103 105 107 108 109 111 112 113 120 121 122 123 125 126 127 128 129 130 134 138 139 140 141 143 144 147 151 152 156 157 158 159 160 161 162 164 166 168 171 174 175 177 178 179 180 185 186 187 193 194 196 199 200
192 43 45 54 55 57 58 60 63 66 68 73 74 76 78 79 80 82 84 86 88 90 93 95 96 98 99 101 107 112 113 114 119 120 121 123 124 125 126 127 128 130 133 138 139 140 141 142 144 147 154 159 160 161 166 168 170 171 172 174 176 181 182 183 184 187 188 189 191 192 196 197 198
124 44 46 48 53 55 57 58 61 62 63 68 72 74 75 76 78 79 80 81 84 86 87 89 91 93 98 99 102 103 107 109 111 113 114 117 122 123 125 131 134 135 136 137 141 144 146 147 150 151 155 156 158 159 162 164 170 172 176 178 179 181 182 183 184 185 187 188 189 191 193 195 196 198 199 200
177 45 46 48 49 51 53 54 56 58 62 63 64 65 66 67 71 75 76 77 79 81 82 85 87 90 91 94 95 97 98 100 101 104 105 107 109 110 111 112 115 116 117 118 119 120 127 128 129 131 133 134 136 138 143 144 146 149 151 152 153 155 157 159 165 166 168 169 171 172 174 176 177 180 181 184 185 188 189 190 192 194 195 197 198 199
102 47 48 49 50 51 52 55 56 58 63 67 68 70 71 74 75 77 79 82 83 84 86 88 90 91 92 96 98 99 111 115 116 117 119 120 121 122 127 129 131 135 139 142 144 145 147 148 150 151 153 154 155 156 157 158 159 160 161 162 166 167 168 171 173 174 176 177 180 181 182 183 185 187 188 190 192 193 194 195 196
132 48 49 50 55 57 59 61 63 64 66 68 69 70 71 72 73 74 76 77 79 80 84 85 87 93 94 95 97 98 100 101 104 107 111 112 114 116 117 118 119 121 122 124 126 128 133 135 136 137 138 140 143 144 145 146 148 149 151 154 155 156 158 159 162 163 164 166 173 175 176 178 180 183 184 185 187 188 189 192 194 195 196 199 200
143 48 49 50 51 54 55 56 57 60 62 63 64 66 68 70 71 72 73 74 75 77 80 82 83 84 86 87 89 90 92 94 98 101 104 106 107 110 111 116 117 119 127 130 131 133 135 136 139 141 142 145 149 156 158 160 161 164 165 166 167 168 169 171 172 175 176 178 183 186 192 196 198 199 200
138 50 51 52 54 56 58 60 61 62 64 65 67 69 70 74 76 81 82 84 85 86 87 88 90 91 92 93 97 98 99 101 102 104 105 107 110 111 112 117 118 120 122 123 124 125 126 128 130 131 133 134 136 138 141 144 145 146 148 151 153 156 157 158 162 165 167 168 171 172 173 174 176 181 182 184 185 186 187 189 190 191 192 193 194 196 199 200
112 50 52 53 54 55 56 58 59 64 65 66 68 71 72 74 77 78 80 81 83 84 86 90 94 101 102 103 104 105 107 109 110 112 113 116 117 119 122 124 125 126 127 133 136 137 139 141 142 143 144 145 146 151 152 153 155 156 161 162 163 164 165 172 173 175 176 177 178 180 181 182 185 187 191 192 193 197 200
136 51 56 57 61 64 66 67 68 69 71 73 74 75 76 77 80 81 84 85 87 89 90 91 93 94 96 97 98 99 103 104 105 107 110 112 113 117 118 119 120 125 126 128 129 130 131 132 133 135 139 141 142 147 148 149 150 152 153 155 156 157 160 161 162 170 173 174 175 177 179 180 181 183 185 186 187 188 190 192 193 195 198 200
196 52 53 54 55 57 58 61 63 67 68 70 71 72 73 75 77 80 82 83 85 88 91 92 93 98 99 100 101 103 104 108 109 114 118 119 122 124 125 127 129 130 132 134 138 140 146 147 149 151 154 155 156 157 158 159 160 162 163 164 167 172 175 176 177 180 181 182 183 184 186 187 190 191 192 196 198 199 200
119 57 58 59 62 63 64 66 69 71 73 74 75 78 79 81 82 83 84 85 87 89 91 92 94 97 99 101 103 104 106 109 110 111 112 114 115 116 125 127 131 138 145 146 149 153 154 156 159 165 167 168 170 174 175 178 179 181 182 183 184 185 187 188 189 190 194 195 197 198 199
142 56 61 64 65 66 67 70 73 74 75 79 82 84 87 88 89 90 93 96 97 99 101 104 105 108 111 113 115 116 117 120 121 122 124 126 128 131 137 138 139 141 142 143 144 146 147 149 150 154 155 161 163 164 167 168 169 172 173 174 175 176 178 180 181 182 187 188 190 191 193 196 197 198 200
189 55 58 59 60 61 62 63 64 65 66 69 75 78 83 87 88 103 104 105 108 109 111 112 113 115 116 117 121 122 125 126 127 132 133 134 136 142 145 146 147 149 150 151 152 153 154 155 158 160 161 163 164 165 168 169 170 171 176 178 179 181 182 185 186 187 188 189 198 199
191 57 59 60 65 66 67 69 72 73 76 77 79 80 82 83 85 86 90 93 96 97 102 104 105 106 107 116 117 120 121 125 126 127 130 131 136 139 140 141 142 143 144 145 149 150 151 155 156 157 159 162 163 164 166 167 170 174 176 178 180 181 183 184 186 188 191 193 195 196 197
189 62 63 65 66 69 71 73 75 77 79 80 83 86 87 88 92 94 97 98 101 102 103 107 108 109 112 113 114 115 116 119 120 121 122 125 126 127 140 141 142 144 147 148 150 151 152 154 156 158 159 160 161 162 164 165 166 167 168 169 173 175 177 179 180 181 182 183 192 194 195 196 197 198
120 58 62 63 64 66 68 76 78 79 80 81 83 84 88 89 93 94 95 96 97 98 100 101 104 107 108 111 113 115 116 118 119 121 126 134 137 138 139 141 143 144 146 148 149 150 152 153 154 157 158 159 160 161 162 163 164 165 166 168 174 175 177 182 183 187 189 190 192 194 196 197 199
101 59 61 65 67 68 69 74 75 85 86 88 89 90 92 94 95 96 97 99 106 107 110 112 115 116 117 119 121 122 123 128 129 131 132 134 139 140 141 142 145 146 148 151 153 155 157 161 162 163 167 168 169 170 171 175 178 179 182 183 184 186 188 192 193 194 196 199 200
157 61 66 68 74 75 76 77 83 84 86 87 89 92 95 98 101 102 103 106 107 111 114 116 118 122 123 126 128 131 133 136 139 141 142 143 150 154 156 159 160 161 164 166 167 168 174 175 177 180 182 185 187 189 191 193 195 196 197
101 62 63 65 67 68 70 75 76 77 78 79 80 81 83 87 91 95 98 100 102 103 105 107 108 109 111 112 114 115 120 124 125 127 128 130 131 132 133 136 138 139 140 145 152 155 156 159 160 162 163 167 169 170 172 176 177 180 181 182 183 185 187 190 192 194 198 200
112 64 66 70 71 72 73 79 81 84 87 93 94 95 97 98 100 101 102 105 113 115 117 119 120 121 126 132 133 135 137 138 141 142 143 144 146 147 149 152 154 159 160 161 162 164 165 166 168 172 173 176 177 179 180 181 182 186 192 193 195 196 197 199
183 67 68 74 75 76 79 80 81 84 85 90 91 92 94 96 99 100 102 104 105 107 108 110 111 112 113 114 116 117 118 120 122 123 124 126 135 137 138 142 144 146 147 148 150 153 154 155 157 160 161 162 164 165 166 167 172 173 175 178 180 182 183 185 186 188 189 190 192 193 195 197 199 200
135 64 67 68 71 73 74 75 77 78 80 84 85 89 90 91 92 93 94 95 96 107 108 109 110 111 113 114 115 116 120 122 123 124 127 132 138 142 143 146 153 154 155 156 157 158 159 166 167 168 170 173 174 176 177 178 179 180 186 187 192 195 197 198 199 200
134 67 68 70 74 78 82 83 84 87 90 91 93 94 97 98 100 101 102 104 105 107 112 113 114 115 116 118 119 122 126 129 130 137 138 140 141 145 146 147 148 151 152 153 157 158 160 162 164 166 168 170 171 172 174 175 176 180 182 184 185 187 189 190 191 197 199
119 67 69 70 71 73 75 76 77 79 84 85 86 87 88 89 90 93 94 95 100 101 104 105 107 110 111 114 118 121 122 125 126 127 128 129 130 131 132 133 134 139 140 142 145 148 150 152 153 155 156 157 159 160 162 163 164 167 168 169 171 173 175 177 181 182 183 187 188 190 191 192 196 197 199
164 67 68 69 71 72 73 75 80 83 84 85 86 87 90 91 92 96 97 98 100 101 106 108 112 113 115 116 117 118 119 120 122 124 125 126 129 130 131 133 138 139 140 142 144 146 149 150 153 154 155 156 157 158 159 160 164 165 170 171 173 177 179 180 183 184 186 187 188 189 190 191 194 197 198 199 200
170 69 70 71 72 75 77 78 79 80 82 84 85 86 90 92 93 94 96 101 102 107 108 110 111 112 114 116 118 120 125 126 129 130 131 133 134 135 138 140 141 142 143 144 146 149 152 153 154 155 156 157 159 160 161 163 164 172 173 175 177 178 179 180 182 187 188 189 190 191 194 195 198
193 70 72 74 75 76 81 83 85 87 88 89 90 99 100 102 103 104 105 107 108 109 112 116 118 119 121 124 125 126 128 131 137 140 141 144 145 147 149 152 153 154 155 156 157 159 161 163 168 170 171 172 175 177 178 179 180 189 190 191 195 196 199 200
118 72 73 74 75 79 82 86 87 88 90 93 103 105 106 107 108 109 110 111 112 113 114 121 123 126 127 128 132 133 136 137 142 143 147 148 151 152 153 156 157 158 159 160 161 164 165 168 169 172 174 175 177 178 179 180 182 183 185 187 189 190 194 196 197 198 199
177 74 75 76 77 78 80 82 86 87 88 89 92 96 98 101 105 106 107 110 112 115 120 122 123 124 125 126 127 129 132 133 134 136 138 139 142 143 144 145 149 150 152 153 154 160 161 162 166 167 169 170 171 172 175 178 182 183 184 186 187 188 190 191 192 195 197 198 200
123 72 74 76 77 80 81 84 85 87 89 93 95 96 101 102 103 107 109 111 113 114 115 118 119 120 121 122 124 125 127 128 129 130 132 133 134 135 136 137 138 141 142 147 148 150 153 155 159 164 165 167 168 170 171 174 175 177 180 182 183 184 185 190 191 196 197 198
186 76 77 78 79 81 82 85 86 87 88 93 94 96 97 99 100 103 105 106 107 108 109 110 111 113 117 118 119 120 123 125 126 128 132 133 134 135 136 143 145 146 148 149 151 158 162 163 164 165 168 170 171 175 177 178 179 181 182 183 186 187 189 195 196 197 199
102 75 78 79 81 83 88 90 91 97 99 100 101 102 103 105 107 113 114 116 117 118 119 124 126 127 130 132 133 134 135 136 138 139 140 141 144 146 147 148 149 150 152 153 155 159 160 162 165 166 167 173 177 178 179 183 186 187 188 193 194 196 197 199 200
147 75 77 81 83 85 86 92 94 95 98 100 101 108 109 111 114 116 117 119 120 125 128 129 130 131 133 134 140 144 145 146 147 154 156 157 158 160 161 162 165 168 169 171 173 174 175 176 177 178 179 180 181 182 183 187 188 190 192 194 196 199
105 76 79 82 84 85 86 90 91 92 93 94 95 96 97 99 100 102 105 106 108 109 110 111 112 116 118 119 120 121 122 123 126 127 132 134 135 136 138 139 142 143 152 154 156 158 159 164 165 167 168 170 172 174 175 177 178 183 185 186 187 188 189 195
177 79 80 82 83 87 91 93 95 96 97 100 101 102 106 107 108 110 111 112 113 114 116 118 120 124 125 132 134 137 139 140 144 148 151 154 158 159 160 162 163 168 172 174 176 177 184 186 192 196 197 199
193 78 79 80 81 82 85 86 91 93 95 99 102 104 105 108 111 114 117 122 124 125 127 129 131 133 134 136 137 138 141 151 152 154 155 156 157 162 164 165 166 167 168 171 172 173 178 179 185 192 197 200
198 80 81 82 83 84 85 86 87 89 95 96 97 99 103 104 106 108 110 111 116 118 119 120 122 124 127 128 129 132 134 135 136 139 140 141 144 145 147 150 152 154 155 156 157 159 160 161 163 164 165 167 171 172 174 175 176 178 179 180 182 183 186 191 192 196 199 200
197 84 86 87 89 90 94 97 98 99 100 105 106 114 115 117 118 119 120 122 123 124 125 126 129 130 133 134 137 139 140 141 142 143 145 147 148 149 153 156 157 158 159 162 163 164 165 168 179 180 181 182 183 185 187 189 191 192 193 194 196 198 199 200
128 81 83 85 88 90 93 94 96 98 99 100 101 102 103 104 107 110 112 113 115 118 119 122 123 127 129 131 133 136 138 139 140 142 144 145 157 158 159 160 163 165 166 167 168 170 173 174 175 176 177 178 180 181 182 185 186 187 190 191 192 193 195
170 84 85 86 87 88 91 92 94 95 96 98 99 100 102 108 109 113 115 117 119 120 123 124 125 126 129 130 131 133 135 137 139 142 145 146 148 151 152 153 154 155 158 161 162 163 166 167 168 169 170 174 175 177 178 180 182 183 188 196 197 199
138 88 89 91 92 93 95 97 98 99 100 101 103 104 105 106 107 110 111 113 114 116 117 121 123 127 128 130 132 136 140 141 146 147 148 149 150 152 158 160 161 163 164 173 174 175 179 181 182 183 185 186 187 191 192 193 194 195 196 198 200
148 86 89 90 91 92 93 94 95 97 98 99 100 106 107 111 112 113 116 117 122 123 130 131 137 139 140 142 146 147 150 151 156 157 160 161 162 163 169 174 177 178 179 181 182 185 188 190 193 194 196 197 199
106 89 90 92 93 94 95 96 99 100 102 110 113 115 118 119 120 121 122 126 127 129 130 135 136 138 139 140 141 142 143 144 146 148 150 151 152 153 156 157 160 162 165 167 168 172 173 174 175 176 177 178 179 180 184 188 190 194 196 197 199 200
165 86 89 90 91 92 93 95 98 100 101 104 108 112 121 122 124 129 132 135 144 145 150 155 156 157 158 163 164 169 171 172 175 177 178 181 182 183 185 187 189 190 192 193 199
161 92 97 101 102 103 104 105 110 112 113 115 117 119 122 123 129 130 133 135 136 138 139 145 147 149 153 154 156 159 160 161 162 163 166 168 170 171 172 175 179 181 182 184 188 189 190 192 194 199
168 88 89 90 91 92 94 95 97 101 103 104 105 106 107 108 109 111 115 116 117 120 123 124 126 127 129 131 132 134 135 137 140 143 144 145 146 147 148 150 152 153 158 159 160 163 165 169 177 178 180 181 182 185 188 190 192 193 194 196 197 198 199 200
112 90 92 96 98 99 102 103 104 107 108 109 110 111 112 113 114 115 116 117 118 123 126 128 129 130 132 133 134 137 138 139 140 141 142 144 145 147 148 150 151 152 157 160 165 166 168 171 174 176 177 181 182 185 186 187 188 189 191 194 198 199 200
170 99 103 104 109 110 116 117 119 121 122 123 125 126 131 132 133 134 135 137 139 140 141 142 146 147 151 153 154 155 157 160 162 164 165 166 168 169 170 171 175 176 177 178 181 182 183 184 185 187 188 195 196 197
190 91 93 94 96 97 100 104 108 109 111 112 115 117 118 123 127 129 131 132 134 137 138 140 141 142 143 144 145 146 147 148 151 152 153 154 156 158 163 164 166 167 168 169 170 172 174 175 177 178 179 180 182 183 184 185 187 189 190 193 194 195 196 197 198 200
156 92 93 94 95 96 100 102 103 105 109 112 116 118 120 123 124 126 128 130 131 139 140 143 144 147 148 155 157 159 160 162 166 168 171 172 173 174 175 176 184 185 187 188 189 193 194 197 198 200
123 94 95 97 98 99 101 104 105 106 108 109 111 112 113 114 115 117 118 119 120 124 125 126 128 129 130 131 134 136 137 138 140 141 143 146 147 148 149 152 153 154 156 157 158 159 160 164 166 167 168 174 175 178 179 181 185 188 189 191 192 193 194 195
160 98 100 101 102 103 105 107 111 112 115 117 118 119 120 121 124 125 126 129 130 135 136 137 138 139 141 142 143 144 145 148 149 150 152 154 155 157 159 164 165 166 167 169 171 172 176 177 179 182 184 186 187 188 190 192 193 194 195 197 199 200
114 97 98 100 104 105 106 108 109 110 111 112 114 115 116 119 120 122 125 128 129 131 132 133 135 136 138 141 146 148 149 150 154 155 156 157 158 160 161 165 166 167 170 171 173 176 179 180 181 182 184 185 189 191 192 199 200
144 100 104 105 109 112 115 118 121 122 124 125 126 128 129 130 133 139 140 148 149 155 156 157 158 159 163 164 166 167 170 174 175 176 178 180 182 185 187 190 192 195 196 197 198 199 200
145 100 101 105 106 108 110 113 114 115 117 120 123 125 126 128 129 131 132 136 143 147 150 152 153 159 163 166 167 170 174 176 177 178 182 183 184 185 186 188 189 192 193 195 199
115 98 101 102 104 106 110 111 112 113 114 115 116 117 118 121 122 124 125 126 127 128 130 132 135 138 139 140 141 142 143 144 146 148 150 151 154 156 157 159 161 163 164 169 170 171 174 176 178 179 180 181 182 183 189 192 193 195 196
119 100 101 105 108 111 112 115 116 120 122 124 126 128 129 135 136 137 138 140 142 143 145 146 147 149 151 155 156 157 161 162 163 164 165 166 168 171 172 177 179 181 182 183 184 190 191 192 194 195 197 199
117 100 102 104 106 108 109 113 114 115 118 119 121 122 123 125 133 134 136 137 140 141 145 146 152 154 155 159 164 166 168 169 172 173 176 177 178 179 181 182 183 185 186 187 188 191 195 196 198
149 101 102 104 107 109 115 119 122 123 131 133 139 140 142 143 148 151 158 160 162 165 169 170 171 172 173 174 175 176 177 178 182 184 185 186 187 188 189 192 196 199 200
189 103 104 113 114 115 118 121 122 123 124 127 129 131 132 133 135 136 138 140 144 146 147 149 151 154 155 156 157 160 161 163 168 170 171 173 175 185 187 188 190 192 194 198 199 200
159 103 104 105 110 111 112 113 115 116 120 122 123 124 130 132 134 135 137 138 139 143 145 146 148 151 159 160 163 164 166 167 168 172 174 178 182 185 186 187 188 190 191 192 194 195 196
188 105 106 109 110 111 113 115 116 119 120 122 131 132 133 135 136 138 143 144 145 147 149 150 153 154 157 158 161 163 167 168 169 172 173 175 177 183 185 186 192 193 194 195 196 199 200
157 105 107 108 109 110 112 113 114 115 116 120 123 124 126 128 131 134 135 136 137 143 144 145 147 148 150 152 153 159 160 161 162 165 166 167 178 179 180 181 182 183 185 188 190 193 195 196 197 199
171 106 108 109 110 112 115 116 119 120 121 123 125 126 127 128 129 134 141 143 144 146 147 149 150 153 154 155 156 157 158 160 161 162 163 164 165 166 168 169 170 172 173 174 175 176 179 180 182 183 187 191 192 194 195 196 197 199
114 108 110 111 113 114 118 119 121 122 123 125 126 127 129 130 135 136 139 141 143 144 146 149 151 154 157 160 161 163 166 168 169 171 172 173 174 176 177 181 182 183 184 187 189 191 192 195 197 198 200
122 108 109 110 111 113 116 117 119 122 126 127 129 130 132 134 135 136 137 138 139 140 144 151 155 157 158 159 160 162 165 167 168 172 173 177 178 181 182 185 188 192 195 197 198 200
153 110 113 115 116 119 124 125 134 136 139 140 144 145 146 148 150 152 156 158 159 161 163 167 170 172 178 182 183 184 186 190 192 193 196 198 199
174 110 111 115 116 117 121 123 124 125 127 128 132 133 137 141 144 145 146 149 150 153 156 158 161 164 167 169 171 173 174 175 177 180 184 185 188 190 192 193 194 195 197 200
160 111 113 116 117 120 122 124 127 129 130 131 133 134 140 141 142 143 145 147 149 151 152 153 156 159 160 161 163 164 165 166 167 169 170 178 183 185 186 187 188 189 190 193 197 198
155 114 115 117 119 120 122 124 126 127 128 129 132 133 136 137 138 139 140 142 146 148 149 151 152 153 155 157 158 159 160 161 162 166 167 170 171 173 174 177 178 184 185 186 189 191 192 194 197 198 199 200
178 113 114 120 124 126 127 128 129 130 131 133 134 136 137 138 142 143 144 145 150 151 154 155 156 158 160 162 163 164 167 168 172 173 174 175 176 179 181 182 184 186 187 188 191 195
190 114 115 116 120 121 123 125 127 130 131 134 139 140 141 143 145 146 147 148 149 150 152 156 158 163 167 168 169 170 172 174 176 177 179 180 183 184 185 192 194 196 197 198 199
165 115 116 119 124 126 130 133 134 136 137 138 140 146 147 150 151 153 154 159 160 161 163 165 168 170 171 172 175 176 179 180 181 183 184 187 188 192 194 195 196 198 199
169 117 118 124 127 128 134 139 140 141 143 144 145 146 149 150 153 154 157 161 162 163 164 169 172 173 174 175 176 177 178 179 182 183 185 186 187 189 190 192 193 194 195 197 199
110 119 120 127 128 129 130 131 132 134 137 138 139 140 143 145 148 149 150 152 155 156 158 159 161 162 163 164 168 169 171 175 176 177 178 180 181 182 184 185 186 187 188 189 190 191 192 193 194 195 196 198
178 118 121 122 123 125 128 130 131 132 134 138 141 143 146 148 152 155 159 160 161 162 163 164 166 167 169 170 173 174 175 178 179 180 181 183 184 185 186 187 189 191 194 199 200
124 122 123 124 125 126 127 130 131 133 134 139 140 142 146 147 148 151 152 154 156 159 161 162 163 167 168 169 172 174 176 177 180 181 183 184 185 186 187 188 189 191 193 194 197
114 121 122 124 125 129 130 131 132 136 139 140 141 143 145 147 149 151 152 157 158 159 161 169 170 173 174 175 177 179 182 183 184 186 187 188 190 195 199
167 122 124 125 129 134 135 137 138 139 141 143 145 148 153 154 155 159 160 161 162 163 164 169 170 171 172 173 175 177 178 181 182 183 187 188 189 190 194 197 199
149 122 124 127 129 131 132 134 135 136 137 138 139 143 147 150 156 158 160 161 163 164 165 166 167 168 169 172 174 176 179 181 182 184 185 186 188 190 194 196 197 198 199
175 123 124 125 128 129 131 133 136 137 139 141 142 144 151 152 155 156 157 158 159 160 162 163 164 165 168 174 179 180 181 183 189 190 191 194 195 197 200
120 125 126 127 130 131 134 135 136 137 138 140 141 144 146 148 149 150 151 152 156 158 159 161 162 163 164 165 166 167 169 170 173 174 176 182 187 190 192 193 194 195 196 198 200
114 128 129 130 131 132 134 135 137 139 140 141 142 144 146 147 149 150 151 153 154 156 161 163 164 169 170 171 174 175 176 177 179 181 183 187 191 192 193 195 196 198
146 128 129 131 134 135 136 137 139 140 141 143 144 145 146 149 151 153 155 156 159 160 163 165 167 169 175 181 185 187 188 189 191 196 199 200
143 127 132 133 134 135 138 139 140 142 144 149 152 154 157 159 160 164 165 167 170 171 174 178 179 180 182 183 184 186 188 190 191 192 193 194 195 196 197 200
191 129 131 132 133 135 136 140 141 142 144 149 151 155 156 162 163 164 165 169 171 172 174 178 179 180 187 189 190 193 194 199
150 129 132 134 142 144 145 146 147 148 149 150 151 152 153 155 156 158 162 164 165 167 170 173 175 176 178 181 182 185 186 187 188 190 191 193 200
115 130 133 135 137 138 143 145 146 147 150 157 159 161 162 163 164 165 167 168 169 170 171 173 176 177 178 181 182 184 186 187 189 192 195 197 198
197 131 133 134 135 136 138 141 142 143 144 145 151 156 158 159 160 162 163 165 166 167 168 170 174 176 177 181 183 185 186 188 194 195 196 199 200
105 132 135 138 141 142 147 148 150 155 157 161 162 165 166 167 168 171 175 177 178 179 180 182 183 184 185 186 187 188 189 193 194 196 198 200
190 133 137 138 139 140 141 142 147 150 153 154 155 156 157 158 159 160 161 162 164 165 174 177 179 180 181 182 184 185 187 191 193 194 196 197 198 199
140 137 139 140 141 142 144 145 147 148 149 151 152 155 156 158 159 163 164 167 168 171 172 173 176 177 179 182 184 191 194 195 196 197 198 199 200
190 135 139 140 141 143 144 145 148 150 151 152 155 159 160 161 164 165 166 169 170 171 174 175 177 179 180 181 184 185 189 191 193 194 199
107 139 140 146 149 153 157 159 160 161 163 164 167 170 171 175 176 177 178 179 181 184 185 186 187 188 190 191 192 193 196 197
111 138 139 140 142 143 146 147 148 149 151 152 154 155 156 158 160 164 165 168 169 171 173 175 177 178 179 183 184 186 187 189 191 192 194 196 198 199
179 140 143 144 149 150 151 153 154 157 158 162 165 168 169 171 172 174 177 180 189 190 192 195 197
123 140 143 144 145 146 148 152 154 155 158 159 165 166 167 169 170 172 174 177 178 179 182 184 185 187 189 192 193 194 195 196 197 198 199 200
125 143 151 152 153 154 155 156 158 159 162 163 164 166 167 171 173 180 185 186 189 191 192 195 196 197 200
172 145 146 153 155 156 157 158 159 160 164 165 168 169 170 174 175 176 179 183 189 190 192 193 196 197 198 200
183 143 144 146 148 149 150 152 153 154 155 156 157 158 160 161 165 167 168 169 170 173 174 175 176 177 178 180 182 184 186 188
186 145 146 147 150 154 157 159 161 165 166 167 173 176 177 183 184 185 188 189 193 195 198
140 147 149 150 152 153 158 160 161 162 165 168 170 171 172 173 174 175 176 177 178 179 182 186 189 192 196 198 199
147 146 147 149 150 151 154 161 165 168 169 172 173 174 176 177 183 187 188 189 190 192 193 195 197 199
142 148 151 155 156 160 165 167 171 172 173 174 176 177 178 180 183 184 186 188 189 194 195 196 197 198 200
151 147 148 149 155 159 161 163 164 167 168 169 172 176 177 178 180 183 191 192 193 196 197 198
156 149 150 151 153 155 157 158 160 161 162 167 169 173 174 176 179 187 188 189 191 193 197
142 149 150 151 156 158 160 161 166 168 169 170 171 173 175 177 178 179 181 183 184 186 187 189 193 195 196 197 198
113 150 151 152 154 155 156 158 159 161 162 164 168 171 172 175 178 179 181 182 184 185 186 188 191 194 196 198 199
163 151 152 155 160 161 162 165 166 170 172 173 175 178 179 181 188 189 190 191 194 197 198 199
105 152 156 160 162 164 165 166 168 173 175 176 177 178 179 181 182 183 184 186 187 193 195 196 198 200
172 155 157 159 164 166 168 169 175 177 178 179 181 182 183 184 185 187 189 191 195 199
187 156 157 158 160 162 163 164 165 167 171 172 174 176 177 178 181 182 183 184 185 186 188 189 190 191 192 197 198 199 200
145 155 158 159 161 162 163 167 168 169 170 175 176 177 181 182 183 185 188 189 190 191 192 193 194 196 198 199 200
148 157 159 160 162 165 166 170 171 176 179 181 182 183 184 185 186 187 188 189 191 194 195 196 198 199
108 158 160 161 162 164 165 166 167 170 171 172 175 176 178 179 181 187 188 189 191 193 194 195 196 200
141 158 159 160 165 166 167 168 169 172 173 174 175 176 179 181 182 184 185 186 187 188 191 194 195 196 197 199
150 161 163 166 168 172 173 175 176 181 182 187 188 189 193 194 195 196 198 199
191 160 161 164 167 168 170 171 172 173 174 176 180 182 183 185 187 189 193 195 197 198 199
181 163 165 168 169 174 176 178 181 182 185 187 188 190 191 194 195
193 162 165 166 169 170 171 173 174 175 176 179 180 181 183 184 187 188 194 195 196 197 200
143 163 165 168 169 170 172 173 180 182 187 189 191 193 194 196 199
112 165 168 169 170 173 174 175 177 181 182 183 186 191 192 194 195 196 197 198 200
133 165 166 167 168 171 172 173 174 177 179 180 181 185 187 188 189 190 196 197 200
157 166 170 171 173 175 176 178 180 181 182 183 184 185 186 187 190 193 194 196 197 198
175 167 169 173 183 185 188 189 190 192 195 196 197
187 168 170 176 177 179 181 183 185 186 187 189 193 194 195 196 198
135 170 171 174 175 179 184 185 186 187 188 190 191 192 193 195 196 197 198 199 200
130 170 171 175 177 178 179 180 181 186 187 188 189 195 196 199
177 172 175 176 177 183 184 187 192 194 195 196 198 199 200
139 172 175 177 178 179 181 184 191 192 194 197 200
188 175 176 181 183 185 186 187 188 193 196
162 174 175 177 179 180 182 184 185 188 189 191 195 200
177 175 176 179 182 183 185 187 191 192 193 194 196 197 200
178 177 178 180 181 183 184 185 186 188 190 191 192 193 196 197 199 200
183 177 179 183 186 188 189 190 195 198
122 179 181 185 186 187 188 189 192 193 194 196 197 198 200
116 185 187 190 193 194 195 196 197 198 200
193 185 186 187 189 190 192 193 194 195 198 200
161 182 183 185 189 190 191 194 196 197 198 199
118 182 183 184 185 186 187 188 191 192 193 196 198 199 200
128 183 184 188 189 190 192 193 194 196 199 200
130 184 186 191 194 195 198 199 200
153 189 191 192 193 195 196 198 200
135 187 188 190 193 194 196 197
180 188 189 193 194 196 198
181 188 189 190 191 192 193 194
115 190 192 193 196 199
112 190 192 195 197
156 195 198 200
136 195 196 200
116 193 195 196 198 199
124 200
153 200
153 198 200
105 197 198
183 199 200
137
104
137
