25	10	200	1
0	20	4
0	10	4
0	7	2
0	13	3
0	11	2
0	16	2
0	12	2
0	19	2
0	20	2
0	15	2
4 6 8 9 11 12 13 14 15 16 17 18 19 20 21 24 25
5 4 5 7 8 10 12 18 19 20 22 24 25
4 5 7 9 10 12 13 17 18 20 21 22 23 24
19 6 7 9 11 12 13 17 18 19 25
19 6 8 11 13 14 17 19 20 21
15 7 8 9 12 17 18 19 20 21 24 25
2 14 16 17 18 20 21 24 25
17 9 14 16 22 25
3 10 11 12 14 16 17 18 19 25
19 16 17 19 20 21 22 23 24 25
4 14 21 23
5 13 16 18 20 21 23
7 24 25
17 15 16 17 18 21 22 24
13 16 19 20 21
16 17 21 25
12 18 19 22 23 24 25
13 20 22 25
18 20 22
20 21 22 23 24
5 24
7 24 25
11 25
11
11
