50	10	1000	10
-2	61	10
-5	75	3
-1	54	3
-3	83	7
-1	55	2
-4	68	3
-4	44	5
-4	94	6
-4	80	9
-2	87	2
249 2 3 4 6 7 11 12 18 19 20 23 24 25 26 27 29 32 33 35 39 40 42 45 47
289 3 6 7 9 10 15 16 18 22 23 24 25 27 28 32 34 35 36 38 39 40 44 45 46 48
202 4 5 8 9 12 13 14 17 19 21 26 27 28 29 31 32 34 36 38 39 40 41 42 44 46 47 49 50
283 5 6 7 8 9 13 15 16 21 24 25 26 27 29 34 35 37 38 44 46 50
267 7 9 10 12 13 14 19 20 23 25 26 27 28 30 31 33 34 35 36 41 44 46 47 48 49
253 7 10 12 13 15 16 19 21 28 29 36 39 40 41 42 44 46 48 49 50
261 8 9 10 11 12 13 14 16 19 21 22 24 26 27 29 30 32 33 35 36 39 41 42 43 45 48 50
260 12 14 15 19 20 23 25 27 28 29 33 37 45 47 48 49 50
239 10 12 16 19 20 23 30 31 34 35 36 41 43 44 45 46 48 49 50
298 11 13 16 18 21 22 30 31 33 34 36 37 38 40 42 45 47 49 50
262 13 14 15 17 18 19 20 21 23 24 26 28 29 30 31 32 34 39 40 43 45 47 49
240 13 15 16 20 21 22 23 25 26 27 28 31 34 35 37 38 39 40 45 46
223 17 19 21 23 24 25 29 30 31 32 37 38 39 41 42 45 46
246 17 20 22 25 26 27 32 34 35 36 39 42 45 47 48
266 16 18 19 20 21 22 24 28 29 30 31 33 35 36 44 45 49
221 19 24 26 27 35 37 39 41 43 47
275 19 21 22 26 27 28 30 32 37 38 39 46 50
254 20 21 23 24 25 26 30 32 34 35 36 37 39 44 46 47 49 50
297 20 24 25 26 30 31 32 33 34 36 38 39 42 44 45 46 47 48 49 50
297 22 24 25 27 28 29 31 33 34 42 43 44 45 46
238 22 24 26 27 28 29 31 32 34 36 37 39 40 43
295 23 24 26 28 31 33 34 37 40 41 44 46 47 49
269 24 25 29 30 31 32 34 35 36 37 38 39 42 47 49
215 26 27 28 29 30 31 34 35 36 37 42 43 44 45 47 49 50
275 28 29 33 37 38 39 42 44 47
229 27 30 33 36 37 38 39 40 41 43 44 45 46 47 48
292 31 33 37 39 41 46 48 49
211 30 31 33 34 36 38 39 41 42 43 46 47 48 50
277 31 32 35 36 40 41 43 45 46 47 48 49
287 32 33 34 37 39 41 42 44 46 47 49
275 34 35 37 39 40 42 43 45 46 48 49 50
253 35 42 45 46 48 50
247 34 35 36 38 39 41 42 45 47 49
234 35 36 41 43 44 46 47 48
263 36 37 38 39 40 43 44 45 48 49 50
237 42 45 46 49 50
264 38 39 40 43 44 45 46 49
284 40 44 45 49
293 40 41 43 44 46 49 50
201 41 43 44 46 47 50
229 43 44 45 47 48
282 45 47 50
254 44 47
285 45 47 48 49
289 46 50
213 47 50
229
229 49 50
275 50
250
