100	10	200	1
0	28	10
0	38	12
0	34	7
0	21	10
0	24	10
0	26	6
0	18	9
0	11	12
0	37	9
0	2	15
28 2 5 9 12 13 14 15 16 17 18 19 26 27 32 34 35 43 44 45 46 47 48 49 51 53 56 58 59 61 62 63 64 65 69 70 71 77 78 81 82 85 86 89 90 91 93 94 96 98 99 100
37 3 4 5 7 8 11 14 15 16 18 19 21 22 27 29 30 31 33 34 35 36 38 40 43 50 52 53 54 55 56 58 60 63 65 66 67 68 71 72 73 78 79 84 86 87 88 89 90 95 96 99 100
22 4 6 8 10 11 13 15 16 17 18 19 21 24 25 29 30 33 36 37 41 43 44 47 50 51 52 53 57 58 62 63 66 68 69 70 73 75 76 78 81 82 84 86 87 88 89 91 92 93 97 100
39 6 11 12 13 14 17 18 20 22 24 25 26 29 30 31 32 33 34 36 40 41 42 43 45 46 50 53 54 55 56 58 59 61 62 64 66 76 78 79 80 82 83 85 86 87 88 90 92 93 94 100
39 6 7 8 10 14 16 23 25 28 32 34 38 39 40 43 44 45 47 51 56 57 58 59 60 61 63 65 69 70 72 74 77 78 79 80 82 86 87 88 89 92 94 96 99 100
26 7 10 12 14 15 17 18 20 23 24 25 26 27 31 34 35 38 39 40 43 44 45 46 47 50 51 52 55 60 62 65 67 68 69 72 75 76 77 79 85 88 91 92 93 97
20 8 9 11 12 13 15 19 20 23 26 27 30 33 36 37 39 41 45 52 53 54 55 58 59 61 66 67 68 70 72 75 76 78 79 80 81 83 85 91 93 94 95 97
36 10 12 13 15 16 17 21 22 23 25 26 27 29 31 36 39 40 41 42 47 48 49 51 53 54 55 65 66 67 70 71 72 74 78 79 82 87 89 91 93 96 97 98 99
25 10 14 16 17 19 23 24 27 29 31 32 33 35 36 38 39 40 44 46 48 52 54 56 61 62 63 64 66 67 69 76 77 81 84 85 87 92 95 97 98 99
35 11 13 14 15 16 20 23 25 27 28 30 31 32 33 35 36 37 38 45 47 48 50 51 57 58 60 63 66 67 68 69 71 72 73 75 76 77 80 81 82 83 85 88 89 93 96 97 98
39 12 13 18 20 23 31 33 34 38 39 41 45 46 47 49 50 51 52 54 55 57 58 62 69 70 73 76 78 81 82 86 87 88 93 95 100
30 13 17 18 19 20 21 22 26 28 29 30 32 34 35 36 37 41 45 49 50 53 55 56 59 62 63 64 65 66 68 69 72 73 76 77 78 79 80 83 84 86 87 89 90 92 93 96 97 98 99
31 14 16 18 19 22 24 29 30 35 39 40 41 44 46 47 48 49 50 51 55 56 57 59 60 64 66 72 73 75 80 81 83 85 87 90 94 95 100
26 15 18 19 21 23 33 36 37 38 39 41 42 43 44 46 48 53 55 59 64 65 66 68 70 71 75 77 78 79 83 84 85 92 93 95 98 100
22 20 24 26 27 30 31 34 38 40 41 44 45 50 51 52 55 59 63 64 67 68 69 70 73 78 79 80 82 84 88 89 93 96 99
24 21 22 25 27 28 30 31 34 35 37 38 40 41 42 44 49 50 51 52 54 57 58 60 68 73 76 78 81 82 84 85 89 90 91 93 94 96 97 99
37 18 24 29 30 36 39 40 41 43 44 45 46 47 49 52 53 54 55 59 61 63 65 66 67 68 70 71 73 74 75 76 78 80 81 82 83 84 87 88 89 91 92 96 97 99 100
35 19 20 21 24 25 26 27 28 29 30 31 32 33 34 36 37 38 40 42 43 44 47 50 52 53 56 57 58 62 63 64 65 72 73 76 80 84 85 89 90 91 92 93 94 97 98
24 20 21 22 23 26 27 28 30 33 34 37 39 40 43 44 47 48 50 51 52 55 56 58 61 64 67 70 71 72 74 76 80 81 84 85 86 88 90 95 96 97 98 100
20 26 28 30 31 36 39 42 44 46 47 48 49 52 53 59 60 67 69 71 74 81 83 85 86 89 90 91 92 95 96 97
40 23 24 25 26 27 28 29 30 32 34 35 36 37 40 41 42 44 46 47 50 51 57 62 65 66 67 68 70 71 74 75 77 79 82 83 84 86 88 90 93 94 95
39 26 28 32 33 34 35 36 37 40 41 42 48 49 50 52 55 56 59 62 63 64 65 66 67 68 69 72 73 76 77 80 81 82 83 84 85 88 89 90 93 95 96 97 98
26 24 25 27 30 31 36 37 39 42 44 46 49 50 51 54 57 58 59 60 63 69 70 75 76 78 79 83 89 94 96 97 99
21 26 28 31 33 35 36 37 39 41 48 51 53 54 59 60 62 63 66 67 68 69 70 75 78 81 83 84 87 92 96 97 98 100
21 26 28 31 32 34 37 39 41 44 46 47 48 49 51 54 55 57 58 60 61 62 68 69 71 73 74 77 79 80 81 82 84 85 86 87 88 89 90 93 95 96 98
30 27 28 33 34 35 36 39 40 47 50 52 55 58 62 64 65 66 70 76 77 78 81 85 86 88 92 94 95 98
23 30 33 36 39 46 47 49 50 51 52 53 54 56 59 60 62 63 64 66 67 71 72 73 74 77 79 85 86 89 90 91 92 94 98
26 29 31 33 34 35 36 37 38 41 43 44 45 46 47 49 50 53 54 55 60 61 63 65 66 67 69 70 71 73 77 79 82 83 86 87 88 92 93 94 95 96 98
30 33 34 37 39 42 43 46 53 54 57 59 63 64 66 68 70 73 75 76 78 79 84 85 88 89 90 93 95 97 99
37 34 35 38 39 41 42 43 44 49 50 51 55 57 58 59 60 64 65 67 70 74 77 80 84 85 89 90 91 95 96 99 100
30 32 38 42 43 48 51 52 53 54 56 57 59 61 64 67 68 69 71 75 80 83 84 86 87 88 89 90 91 92 94 95 99 100
24 33 34 35 37 38 39 41 43 44 45 46 47 48 53 55 60 62 63 65 67 69 71 76 82 86 98 100
29 36 38 43 45 46 48 49 51 55 58 60 62 63 65 66 69 73 79 84 89 92 94 96 98 100
26 36 37 38 39 40 45 46 47 48 51 53 54 58 60 62 63 64 68 69 72 74 75 77 80 82 84 87 90 91 92 94 98 100
20 36 39 40 41 50 51 52 53 54 56 59 61 62 63 64 65 67 68 69 72 73 76 77 79 81 85 86 88 89 90 93 94 97 100
31 37 38 41 42 43 50 52 57 58 59 60 63 66 67 68 70 72 73 74 77 80 81 85 90 92 93 96
21 38 40 41 42 43 44 47 48 49 51 52 54 57 59 60 61 63 65 66 67 70 72 73 77 80 85 86 87 89 93 99
39 46 49 53 56 59 61 63 65 68 70 72 74 77 79 81 82 83 84 88 89 90 91 93 95 96 99
22 40 43 44 45 49 50 53 55 56 58 59 60 64 65 66 70 72 73 74 78 79 81 82 86 87 88 90 92 94 97
24 43 44 45 46 47 50 52 53 56 58 59 60 61 66 70 72 74 75 76 77 78 80 86 87 88 89 97 99 100
37 42 43 47 51 52 54 57 59 61 67 68 70 73 76 77 80 81 84 85 88 89 90 91 93 94 97 98
23 43 45 47 48 50 51 52 53 54 55 57 62 64 65 66 67 68 70 73 75 76 78 82 83 84 86 88 89 90 91 92 94 96 99
37 44 46 48 49 52 53 55 57 58 60 61 63 64 66 72 74 76 86 89 90 91 93 94 95 98 99 100
23 46 47 48 49 50 53 54 55 60 61 64 66 69 70 73 74 75 76 77 80 83 84 87 89 92 93 94 95 99
36 46 48 51 52 53 55 57 58 59 60 61 63 64 65 68 69 71 72 73 74 76 77 78 79 85 88 93 95 99 100
23 49 51 53 54 55 58 61 62 63 64 65 67 68 69 70 71 73 74 77 81 90 93 94 95 96 97 98
22 51 53 54 56 57 59 61 67 70 71 73 76 77 78 80 81 84 85 87 90 91 94 98
31 50 53 54 55 58 59 60 62 64 71 73 74 76 77 78 83 84 85 86 88 89 91 92 93 94 95 97 100
31 51 52 53 55 56 58 59 61 63 65 66 70 75 76 79 80 81 85 86 88 89 93 94 95 97 98 100
36 57 58 59 60 64 65 70 71 72 73 75 76 77 78 79 80 82 84 86 87 88 89 90 91 93 96 97 98 99 100
38 52 53 54 55 56 61 62 63 64 71 72 73 74 76 80 81 84 85 87 88 89 90 91 92 95 97 100
22 54 56 58 59 61 65 70 72 73 74 75 78 79 80 82 85 87 90 91 93 96 97 100
39 56 57 58 59 60 63 66 67 70 71 72 75 76 77 78 79 83 89 91 92 95 96 97 98 100
26 55 56 59 61 62 63 67 68 69 70 71 72 75 76 82 84 86 89 90 91 92 97 98 99
23 56 57 58 61 62 66 67 70 71 72 73 82 83 86 91 92 95 96 98 100
33 57 59 60 63 64 65 66 67 70 71 72 74 76 77 78 81 84 85 87 90 92 95 98 99 100
29 59 60 63 64 67 68 72 76 77 81 83 84 85 87 88 89 91 94 97 100
30 60 63 65 66 68 69 73 77 81 82 83 84 86 87 90 91 92 93 95 97 98 100
40 60 64 65 66 67 69 73 77 80 81 86 89 90 92 93 94 96 100
36 62 64 70 82 86 87 88 92 94 95 96 99
21 63 64 66 67 69 70 71 72 77 81 82 83 84 85 88 89 90 97 99 100
22 63 65 66 67 69 71 72 74 75 81 82 84 87 89 93 94 96 97 98 100
25 65 66 67 69 70 71 73 75 76 77 78 79 80 82 84 87 88 91 94 95 96 99 100
26 66 67 68 69 70 74 77 78 79 81 84 88 90 92 93 94 95 97 100
31 67 68 69 75 77 79 81 82 90 91 92 93 95 100
37 68 73 77 79 80 82 84 85 86 87 90 92 94 99
34 74 76 81 86 87 89 91 94 97 98
30 70 71 72 73 74 76 77 78 79 82 83 87 88 97 98 99
23 70 72 73 74 76 77 79 82 83 87 88 90 92 93 95 96 98 100
22 71 72 73 74 76 82 83 84 85 88 90 91 93 95 96 98 99
22 72 73 74 76 77 78 82 83 84 86 87 88 89 91 93 94 96 98 99
35 77 79 80 83 85 88 89 95 96 99
26 78 80 81 82 83 88 89 90 94
21 75 76 77 80 85 86 87 88 89 92 93 94 95 98 99 100
38 76 78 85 87 88 91 92 93 94 95 96 97 98 99 100
25 77 78 79 80 81 82 83 86 87 90 91 93 94 96 97 99
35 78 80 84 86 87 90 91 93 94 95 96 97
24 81 83 90 92 93 94 95 99
28 82 84 88 90 91 95 96 98 99 100
34 81 82 83 84 85 86 87 90 91 93 97 98 99 100
30 85 86 87 88 89 90 91 93 95 97 98
26 83 87 88 91 92 96 97 99 100
39 84 86 88 90 91 93 94 98 100
33 85 88 91 92 93 94 95 96 97 99
28 90 94 96 99 100
26 88 91 95 97 98 100
24 91 92 93 94 95 97 98 99 100
40 89 91 92 95 97 98 99 100
27 90 91 92 93 95 97 99 100
37 91 93 95 97 98 99 100
29 93 96 97 98 99
32 93 99 100
28 96 97 99
33 99 100
28 97 99
40 97 98
40 98 99
23 99
23
23
