100	10	1000	1
0	31	10
0	99	15
0	96	6
0	36	12
0	17	12
0	96	11
0	30	10
0	30	7
0	53	8
0	77	9
170 2 5 7 8 9 11 12 18 19 20 22 23 24 28 29 30 32 33 34 37 38 42 43 45 47 48 49 50 51 54 56 58 59 60 62 63 64 65 71 73 74 76 77 78 79 80 84 85 86 87 90 91 97
111 4 5 6 7 10 15 17 18 21 22 23 24 25 26 28 29 31 34 35 36 38 43 46 47 49 51 52 61 62 63 66 68 69 71 72 73 75 76 77 78 81 83 84 88 89 90 97 99
178 4 5 7 9 10 12 13 14 20 23 24 25 26 29 30 33 34 35 36 37 38 41 42 43 44 45 46 47 48 51 52 53 54 55 57 60 61 62 63 67 68 70 72 74 76 80 81 84 86 87 91 92 93 94 98 99
178 7 8 9 11 12 13 14 15 16 17 18 19 20 24 28 29 31 35 37 40 41 42 45 49 52 55 59 61 65 66 67 74 78 81 83 84 85 87 89 90 91 96 97 98 99 100
110 6 8 10 11 13 14 19 21 22 23 24 25 26 27 28 32 33 34 36 39 40 42 44 45 46 47 49 50 52 57 60 65 66 67 68 70 77 81 83 84 85 88 89 90 94 95 100
177 7 8 11 14 15 16 18 20 23 24 26 33 34 36 37 40 43 44 45 48 49 50 51 53 58 60 63 66 70 73 75 77 82 84 87 90 91 92 98 100
124 8 9 10 11 12 13 17 18 20 21 27 30 32 36 37 43 44 50 51 52 55 58 60 64 65 66 68 69 70 71 73 74 75 79 82 83 86 88 89 90 91 93 94 95 97 99
186 13 14 19 20 21 22 25 27 28 29 30 33 35 38 40 41 42 43 49 70 72 74 75 77 79 81 82 87 90 93 95 97 99
169 13 16 17 19 20 21 22 23 24 28 30 32 34 35 36 38 43 44 45 48 51 52 53 55 62 65 66 68 70 71 73 74 78 79 80 81 82 83 87 88 89 90 93 96 98 99 100
164 11 12 13 16 18 19 20 21 23 24 28 31 33 34 37 39 43 46 50 51 52 53 55 56 58 61 62 63 64 65 68 69 71 72 75 78 83 84 85 88 90 91 92 93 94 95 96 100
179 12 14 15 16 18 19 23 24 25 28 29 31 39 40 43 48 49 50 52 55 56 57 59 61 63 65 70 71 72 74 76 77 80 81 82 84 85 86 87 88 89 91 92 93 94 96 97
187 16 19 22 25 26 28 29 30 37 41 43 44 46 49 52 54 56 57 59 62 63 65 66 69 70 78 80 83 85 86 88 91 93 95 97 98
124 15 18 21 22 26 27 28 29 30 31 33 35 37 41 42 52 53 54 55 56 58 60 63 64 65 67 69 70 73 74 75 77 80 81 86 89 92 93 95 97 98 99 100
110 20 22 23 24 27 29 30 31 32 33 36 41 47 49 50 52 61 63 64 69 72 73 76 77 79 80 81 82 83 90 92 94 95 99 100
170 16 17 18 19 21 25 26 28 29 31 32 34 35 37 38 45 47 49 50 51 52 54 58 59 60 61 62 69 70 78 79 81 84 88 89 90 95 96 97 98
176 17 18 22 23 24 25 27 28 29 30 32 33 34 35 36 37 38 40 41 42 43 45 51 52 55 58 60 61 64 73 74 75 78 79 82 86 87 88 90 93 94 97
111 19 25 28 30 31 32 33 34 35 37 38 39 41 45 47 48 51 52 53 55 56 58 60 63 64 65 67 69 70 71 72 73 74 75 78 81 83 85 87 89 91 92 99 100
162 22 23 24 27 28 29 30 32 33 34 35 37 40 41 45 46 49 50 51 53 54 55 56 65 67 68 71 72 73 74 76 77 78 81 83 84 87 88 90 93 94 96 98 99
200 21 25 26 28 29 31 32 33 35 36 37 38 40 41 42 44 51 52 53 54 55 56 58 60 61 64 66 67 71 72 78 80 81 82 85 86 87 92 93
103 22 23 30 31 32 34 36 38 39 40 45 46 51 52 54 55 56 58 59 60 61 62 63 64 66 71 74 75 76 78 80 82 84 86 87 92 94 95 97
181 22 23 29 30 34 35 37 38 40 43 49 51 54 58 59 60 61 62 63 64 65 66 67 68 69 71 72 73 76 77 80 82 84 85 87 88 90 93 95 96
161 25 27 28 30 31 36 37 43 44 45 46 47 48 49 56 57 58 59 61 64 67 69 71 74 75 76 79 80 81 85 86 88 89 90 91 92 93 94 96 97
133 24 28 29 32 38 41 42 43 44 46 48 53 56 58 60 61 62 63 67 68 69 70 71 72 73 79 81 83 84 85 86 88 91 93 95 96 98 99
128 25 27 30 31 32 33 35 36 37 39 41 42 46 47 53 55 56 57 58 59 60 63 64 66 67 68 70 72 73 75 80 83 84 85 86 89 93 96 97 98 99 100
182 26 27 28 30 34 36 37 38 39 41 44 48 53 54 55 58 62 63 64 65 66 69 70 71 73 75 76 77 78 79 80 81 82 87 89 90 92 93 96 97 100
136 28 29 30 31 34 37 41 42 43 45 47 53 56 57 58 60 61 63 66 69 71 73 76 77 78 81 86 87 88 90 92 93 95 97 98 100
196 31 34 45 47 50 51 53 54 57 59 61 62 63 65 66 67 69 70 76 77 78 80 81 84 87 88 90 91 93 97 100
119 29 32 35 36 38 39 40 41 43 45 46 47 48 49 51 53 54 58 61 62 68 70 71 72 75 81 83 84 86 88 90 92 94 96 98 99 100
142 31 36 37 39 40 41 44 45 47 48 50 52 53 57 59 60 62 64 65 74 76 77 78 80 81 83 84 85 86 90 93 94 97 98 99 100
189 31 33 35 37 38 39 40 42 44 46 48 49 50 52 55 56 57 63 66 67 69 70 71 72 74 75 76 77 81 82 83 84 86 87 88 89 90 94 95 96 99
191 37 40 42 43 44 48 49 50 52 54 57 58 59 62 63 65 69 70 74 76 80 81 84 90 92 94 95 96 98 100
164 33 34 35 39 40 45 47 48 50 51 54 55 56 60 62 65 66 68 69 72 73 78 81 83 87 88 90 91 92 93 94 96 100
170 35 40 41 43 44 45 47 48 51 53 54 58 61 64 65 66 67 68 70 71 72 74 75 76 77 78 79 80 81 82 83 86 89 93 96 97 98 100
193 35 36 41 42 44 45 47 48 50 51 55 58 61 62 64 65 66 67 68 69 70 72 74 76 77 79 80 83 90 91 94 95 98 100
118 38 39 41 42 43 44 45 46 47 50 52 55 57 59 61 62 68 69 73 75 77 78 79 82 83 84 85 87 88 90 91 92 94 100
177 37 40 41 42 44 45 46 48 49 50 54 57 59 63 64 65 66 67 69 72 73 74 75 80 83 86 91 93 94
123 38 39 40 42 43 45 47 49 50 53 57 58 59 60 61 63 66 67 68 69 70 72 74 75 78 79 81 82 83 86 87 89 91 95 96 99
186 40 41 43 45 47 49 50 51 53 54 56 57 60 62 63 64 65 68 70 71 73 76 77 78 82 83 87 88 91 94 96 98 100
102 43 44 45 46 47 50 53 54 56 57 58 59 61 62 64 68 69 73 75 79 80 81 84 85 86 87 88 89 90 91 92 93 98 99
147 42 43 46 47 51 53 61 66 67 70 71 74 79 81 82 83 85 86 87 88 89 90 92 93 94 96 97 98 100
105 42 46 52 54 55 56 60 61 62 63 64 68 71 72 78 79 81 83 88 90 95 98 99
177 43 44 45 47 53 54 55 59 62 63 66 67 68 71 73 75 77 78 79 81 82 83 84 85 86 87 88 89 90 93 96 97 98 99 100
193 45 46 47 48 49 51 53 54 56 57 58 60 61 66 68 69 74 75 78 81 83 84 85 87 88 89 94 96 98 99 100
165 46 47 48 51 52 54 55 56 61 62 66 67 69 71 73 74 76 78 79 80 86 88 92 95 96 98
161 47 48 50 52 53 56 57 58 59 61 62 63 66 67 72 75 76 78 79 80 82 84 86 89 90 93 95 96
168 47 48 51 53 54 57 58 60 61 64 68 69 70 71 72 76 77 78 80 81 83 88 89 90 93 94 95 98
112 48 54 57 58 59 61 63 64 65 67 69 70 72 73 74 77 79 81 82 84 87 92 95 97 98
170 49 53 54 55 57 59 60 61 63 64 66 67 68 71 72 74 75 78 79 80 81 83 84 85 86 88 90 91 93 95
190 50 54 55 58 59 61 64 65 66 71 74 76 79 80 82 86 90 91 92 93 99
156 51 52 53 56 57 58 59 60 62 63 65 66 68 69 70 72 73 75 76 77 78 82 83 85 86 87 89 92 96
123 52 54 55 56 58 61 62 65 68 69 70 72 73 74 75 77 79 82 83 85 86 91 92 93 94 95 96 97 98 99
160 53 54 55 56 58 60 61 63 68 69 70 72 73 78 80 81 82 84 86 87 89 90 91 92 93 94 97 98 99
114 55 56 61 62 66 68 69 71 73 75 78 83 84 85 86 87 88 90 93 96 100
144 56 60 61 64 66 67 68 73 74 76 77 80 83 89 90 91 94 95 97
145 57 58 59 65 67 68 69 70 71 73 75 76 78 82 83 87 90 92 94 95 97 98 100
174 59 60 62 63 64 67 68 71 72 74 75 80 82 83 86 87 90 93 94 97 98
160 62 64 65 67 69 70 73 75 79 80 81 83 84 85 86 88 92 96
155 59 62 65 66 68 70 74 77 78 80 81 82 84 87 89 90 93 96 97
178 61 63 65 66 67 70 73 74 77 78 85 87 91 92 93 94 95 96 97 100
190 61 65 67 69 74 75 76 77 78 79 84 85 86 87 88 89 91 92 95 98 99 100
165 62 66 67 69 72 73 75 81 82 83 85 88 89 93 98 100
169 63 64 65 66 73 74 77 78 79 81 83 84 85 87 90 92 94 95 96 97 100
110 65 66 67 69 70 71 72 73 75 77 82 86 87 91 92 95 96 97
178 65 66 67 68 69 72 73 74 75 76 77 78 80 81 82 83 84 85 86 87 88 89 91 92 95 96
124 68 69 70 71 75 77 79 80 82 86 89 93 95 99
114 67 68 71 74 75 79 84 87 89 91 93 94 98 100
197 69 70 71 74 76 77 80 82 84 88 89 91 92 94 96 100
105 73 76 78 79 81 86 87 88 90 92 93 95 98 100
190 70 72 74 75 78 79 80 83 85 86 87 88 92 93 99
140 71 76 77 79 80 81 82 83 84 85 86 87 91 93 96 97 98 99
190 76 78 80 82 83 84 92 93 94 95 97 99 100
107 75 79 80 81 83 90 91 92 94 95 96 100
111 74 82 83 84 85 86 88 91 94 95 97 99
179 76 77 78 80 81 87 91 92 93 94 95 96 97 98
123 79 80 81 82 84 86 87 92 94 96 98 99
125 77 78 79 80 81 84 86 89 92 96 97 98 99
151 78 80 81 87 90 92 94 95 96
156 79 84 85 86 90 91 92 95 96 97 99 100
142 80 82 83 86 87 89 94 97 98 99
113 81 82 83 85 86 89 90 91 92 98 100
163 82 84 87 91 100
105 85 86 87 88 92 93 95 96 97 99
172 84 87 88 89 91 92 93 97 98 99 100
112 85 86 87 88 90 91 93 95 97 99 100
133 86 87 88 91 92 93 96 98 99 100
157 87 90 91 94 96
175 88 89 90 91 92 96 97 98 99
187 89 90 91 98
135 93 96 97
130 91 92 93 95 96 97
177 92 94 96 100
118 93 97 98
128 95 97 100
130 96 97 98 99 100
153 96 97 98
135 98
180 100
181 100
115
112
