100	5	200	1
0	5	18
0	17	21
0	8	20
0	3	15
0	2	26
54 2 4 10 11 13 18 19 22 23 30 31 32 33 37 38 42 43 44 46 49 50 51 52 54 55 56 58 59 61 69 70 71 74 76 79 82 83 85 88 90 94 95 97 98 100
39 4 5 7 8 9 10 15 16 17 19 22 24 27 28 29 30 35 36 37 41 42 46 48 49 50 53 55 58 59 60 62 70 71 75 76 78 79 83 84 86 89 91 92 93 94 97 98 100
53 4 7 9 10 11 12 14 15 16 17 20 21 23 24 25 31 34 36 39 41 42 47 50 53 55 56 57 59 61 63 64 65 67 68 69 72 75 77 81 82 84 85 86 87 88 90 95 97 98 100
38 5 6 8 10 12 17 18 23 25 26 32 34 35 36 40 41 42 43 44 45 46 48 49 50 52 54 58 59 62 64 68 69 70 71 76 79 85 87 90 91 93 94 97 98
59 8 10 11 15 18 19 20 22 24 25 26 27 29 31 32 36 37 38 39 43 44 45 46 47 48 49 51 54 56 57 58 60 61 63 64 65 66 67 69 71 73 76 78 79 80 86 87 88 89 90 92 93 94 96 97
52 9 11 14 16 17 18 20 21 27 29 30 31 32 33 35 37 42 43 44 46 51 52 54 57 60 61 64 65 66 67 68 69 72 74 77 78 79 80 81 84 86 89 90 92 94 96 97 99 100
52 11 13 15 16 18 19 22 23 26 29 31 34 36 38 39 40 45 47 48 49 50 52 53 56 58 64 65 66 67 69 70 73 74 75 76 78 79 80 81 89 90 94 96 97 98 99 100
44 11 15 16 17 25 26 27 28 32 33 34 35 36 40 43 44 50 54 58 62 64 65 68 69 70 73 80 83 85 86 87 88 90 92 96 98 100
52 11 12 14 17 23 25 28 29 30 33 34 36 37 40 41 42 46 47 48 49 51 52 53 55 57 59 63 64 67 70 76 77 79 82 83 84 92 93 94 97 98 99 100
45 18 20 23 25 27 28 29 30 32 33 34 35 37 39 43 49 50 51 52 53 59 66 69 71 72 73 74 76 78 79 82 85 87 89 90 91 92 94 98 100
59 14 15 17 18 19 22 25 28 30 32 33 35 36 37 39 40 42 43 44 47 49 51 52 53 56 64 65 69 72 74 75 77 79 81 82 83 84 85 86 87 89 91 94 95 96 97 98
56 13 16 20 26 29 31 33 38 42 44 50 54 55 56 58 59 60 62 65 68 70 71 72 73 75 81 82 85 87 88 90 91 92 97 99
49 20 21 22 23 26 27 30 35 38 39 41 43 45 47 48 50 52 54 55 56 57 58 59 64 66 71 72 74 78 82 92 94 99
37 20 21 23 24 26 29 31 33 34 37 42 45 47 48 54 55 57 63 66 68 69 70 71 74 75 76 77 79 81 82 85 87 90 91 94 96 97 98 99 100
56 19 23 24 26 28 29 31 32 33 34 35 36 37 38 39 42 43 44 45 46 47 48 50 52 53 56 57 58 59 63 68 69 70 73 77 78 79 81 82 84 85 89 91 92 94 97 98 99
49 18 20 22 23 26 27 28 30 31 33 37 38 39 45 46 48 50 54 56 58 61 62 63 64 65 66 67 68 69 71 73 74 76 77 78 82 83 88 89 91 94 95 96 98 99
30 18 19 20 21 27 28 29 30 36 39 40 43 44 48 53 57 59 60 61 62 63 73 74 75 76 77 78 79 81 82 84 85 87 88 90 91 92 93 98 99 100
56 23 24 25 30 31 34 36 37 39 41 42 46 47 49 51 52 53 54 55 57 58 59 60 62 63 64 65 66 67 68 69 70 71 74 75 76 78 79 80 81 83 84 85 87 88 89 90 92 93 94 99
58 20 23 24 25 28 29 30 31 32 33 34 35 44 47 49 50 52 53 56 58 59 63 64 65 66 67 70 73 75 77 81 83 84 85 87 89 91 92 94 95 96 98 99
46 23 25 26 28 29 30 33 34 35 36 37 38 39 40 41 42 46 47 50 51 52 54 57 59 61 62 63 67 70 75 76 77 87 88 95 96 97 99
39 25 27 28 30 32 33 35 36 37 38 41 44 46 47 49 50 51 54 56 57 58 59 60 62 66 68 69 70 71 72 74 75 77 78 79 81 82 83 84 87 90 92 93 94 96 97 100
58 24 25 26 27 28 30 31 33 34 36 37 38 39 41 42 43 45 46 47 50 52 53 55 56 58 59 60 61 62 63 64 66 69 70 72 73 76 79 81 82 84 86 89 90 92 94 95 96 97 98 99 100
49 25 27 28 33 39 40 42 43 44 48 49 50 51 60 63 64 65 67 69 70 71 72 74 77 78 79 80 86 89 91 92 93 97 100
37 25 26 27 30 31 33 34 36 38 39 42 45 47 48 51 54 56 57 62 63 64 66 68 70 71 72 75 77 79 80 83 84 89 90 92 94 96 98
55 26 28 29 30 33 34 39 43 44 45 46 47 49 52 55 56 57 58 60 61 62 63 65 77 80 84 86 88 91 92 93 96 97
35 28 31 32 33 34 36 37 38 40 42 44 45 46 47 49 51 52 53 55 56 57 60 61 63 69 70 73 74 78 79 80 81 85 86 88 90 93 94 95 96 98 99
56 28 30 31 33 39 43 47 49 50 52 54 55 59 60 63 68 73 74 76 80 82 83 85 87 88 90 91 92 94 96 98 100
32 30 32 33 34 39 40 44 45 46 47 48 50 51 52 54 56 57 60 63 64 65 69 71 77 81 83 85 86 88 91 92 93 94 95 97 100
58 30 35 39 41 42 47 48 51 53 56 58 59 60 61 62 64 67 71 72 76 78 80 81 82 85 89 91 94 95 96 100
55 32 34 36 37 38 39 41 42 43 44 50 52 54 56 58 60 61 62 65 66 69 71 72 75 78 80 81 82 83 85 87 90 92 93 95 97 99
57 32 33 34 35 40 41 42 43 45 46 47 48 50 51 54 56 59 60 61 62 66 68 69 70 73 78 79 80 87 88 89 90 91 92 93 94 97 99 100
57 33 34 35 36 37 39 40 41 42 45 47 48 49 53 55 56 60 61 62 63 64 65 66 70 74 75 77 79 80 85 86 87 89 91 92 97 98
33 37 39 40 42 45 48 49 50 53 55 57 64 65 69 70 74 75 76 81 82 83 87 88 89 91 92 95 96 98
41 37 39 40 43 45 48 49 51 52 53 56 58 59 60 63 64 65 67 70 71 72 75 76 81 82 83 85 87 88 91 92 93 94 95 96 97
33 36 37 38 39 42 44 46 48 50 52 54 55 56 57 58 60 62 65 67 68 69 70 73 74 77 81 83 84 85 87 88 89 90 91 92 94 96 97 98 100
57 38 39 41 42 43 44 45 46 47 48 49 50 51 52 53 54 56 57 58 60 62 63 64 65 69 72 74 76 78 79 80 82 84 85 88 89 92 94 99 100
50 38 39 40 44 45 46 49 50 51 52 54 55 56 58 61 62 67 68 69 70 73 75 76 79 81 82 90 91 95 98 100
30 40 41 45 47 48 50 51 53 55 56 62 63 64 65 66 67 70 75 76 77 79 81 82 85 87 90 91 92 94
60 42 43 47 49 52 53 54 55 60 61 62 63 65 66 67 68 69 70 71 72 76 77 81 86 87 89 90 91 94 97 100
31 42 43 44 47 49 51 54 60 61 63 70 71 75 77 78 79 80 84 85 89 90 91 93 95 96 97 98 100
59 42 44 45 46 47 48 51 53 54 57 58 59 60 66 68 70 72 73 76 78 79 80 84 85 88 89 92 93 94 95
49 43 44 46 47 52 53 54 56 57 58 61 62 63 70 73 76 77 78 80 82 83 89 90 92 94 95 96 97 98
58 45 48 49 52 58 59 60 62 66 68 70 71 72 74 75 81 82 83 84 86 87 88 90 91 92 93 94 97
33 46 48 49 50 52 55 56 57 58 60 61 62 63 64 65 69 71 73 74 75 77 79 87 88 89 90 91 92 93 96 97 99
43 46 47 50 54 56 57 58 61 62 64 65 66 69 70 74 75 76 77 78 79 80 83 86 88 92 95 96 97 99
56 47 51 53 56 58 59 61 64 67 69 70 74 75 76 78 79 80 81 82 85 87 92 93 98 99 100
37 48 50 51 52 53 54 55 58 60 64 65 68 72 74 77 79 81 83 84 86 89 92 93 94 95 98 99 100
32 52 56 57 58 59 60 63 64 65 71 72 74 75 77 79 80 83 84 86 87 88 89 90 93 94 99 100
33 51 52 55 57 60 62 64 67 68 70 72 73 75 79 81 83 85 87 88 91 94 95 96 99
47 51 52 53 57 59 60 61 67 68 70 71 75 76 77 79 80 81 84 88 90 92 96 97 98 99
47 52 53 54 55 65 66 67 69 70 72 74 75 77 78 80 81 82 83 84 87 88 90 92 93 96 97 100
37 53 56 59 60 62 64 65 68 69 73 77 78 81 82 84 85 86 90 92 93 96 99 100
51 59 60 61 62 63 66 67 70 71 72 73 78 80 82 84 88 89 91 96 97 98 99
48 56 65 66 69 70 71 72 73 74 75 76 77 80 83 85 86 89 90 91 92 93 96 98
51 56 57 60 63 67 70 72 73 74 75 77 79 80 85 87 88 90 91 94 95 98
32 57 60 61 63 64 65 66 67 68 73 74 76 77 78 80 84 86 87 91 92 95 96 98 99
50 58 59 60 61 63 64 65 67 69 70 71 72 74 77 78 79 82 83 85 86 87 92 94 96 97 98 100
53 59 61 63 65 67 68 72 73 74 76 81 82 83 84 85 90 91 96 97 98
32 60 61 62 63 65 67 68 69 71 73 75 76 79 80 82 88 89 93 97 99 100
57 63 65 67 69 70 71 73 74 76 80 81 85 88 91 92 94 96 98 100
54 62 63 64 65 70 71 72 73 78 79 86 89 90 91 92 97 98 99 100
45 63 64 66 67 68 70 71 76 79 80 81 82 85 86 87 88 95 96 97 100
60 65 67 68 69 71 77 78 79 80 82 83 84 85 86 87 92 93 99
45 66 70 72 73 74 75 77 78 80 84 86 89 90 91 92 93 98 99 100
32 68 71 72 73 74 75 76 77 78 81 82 83 86 88 90 91 92 94 95 96 100
49 67 68 69 70 73 76 78 80 82 85 87 88 92 93 95 96 97 98 99
59 71 74 76 77 78 79 80 81 82 83 86 90 91 92 95 96 97 98 99
39 70 71 75 76 77 78 79 80 83 86 99
55 75 76 78 84 85 87 88 89 91 92 95 96 98
51 71 72 73 77 80 81 84 88 90 93 94 97 99 100
56 73 75 84 85 86 87 88 90 94 95 96 98
44 73 76 79 80 83 84 88 89 91 93 94 98 99 100
40 74 76 77 78 80 82 84 85 86 87 89 90 91 92 94 95 96 97 99
33 79 81 82 85 89 92 94 97 98
60 76 77 79 82 86 89 94 95 96 97 100
41 78 81 86 88 92 93 95 96 97 99 100
59 78 82 86 87 88 91 93 95 96 98 100
52 79 80 81 83 84 85 88 90 92 93 95 97 98 99 100
45 81 91 92 95 97 99
60 81 82 83 84 85 89 90 92 95 100
57 83 84 86 87 90 92 95 97 99
55 83 84 85 89 91 93 98 100
36 85 86 92 93 95 98 99
55 85 87 89 90 91 93 96 97 98 100
58 88 90 91 93 94 96 97 98 99 100
56 89 90 91 96 100
36 88 89 92 95 97 98 99
47 90 94 97 98 99 100
32 90 91 93 94 96 97 98
40 92 93 95 96 97 98 99
31 97 98 99 100
58 97 99
56 94 96 98 100
38 96 98 99 100
58 96 98 99 100
45 99
31 98
50 100
49
31
