200	10	1000	10
-4	181	25
-4	111	25
-1	108	15
-3	110	18
-5	125	23
-4	195	21
-4	128	14
-3	107	18
-4	149	19
-3	101	22
270 2 3 9 10 12 14 15 17 18 20 23 26 30 33 34 35 36 38 41 42 43 46 47 48 50 52 53 54 56 58 59 61 62 64 65 67 68 69 70 71 75 78 79 80 81 86 89 91 97 99 102 104 105 106 108 112 113 115 121 123 125 127 128 129 131 133 134 138 139 142 150 151 153 155 156 158 159 161 162 170 174 175 178 180 183 184 187 189 190 193 196 198 200
211 3 4 7 8 10 11 17 19 20 22 24 27 30 32 34 35 36 37 40 43 48 50 51 53 55 56 58 59 60 62 63 64 69 70 71 73 76 77 78 81 82 84 85 89 90 91 92 93 99 100 105 109 111 117 118 119 121 122 126 127 128 129 130 131 134 135 137 138 140 142 143 144 146 148 153 154 158 160 163 164 166 167 175 182 184 186 188 189 190 192 195 196 198 199
278 4 6 8 9 11 12 14 15 19 20 25 27 29 32 35 36 37 39 44 46 50 54 56 58 59 61 63 64 65 66 67 68 69 71 72 74 75 76 79 80 82 86 87 91 92 94 95 98 101 104 105 106 109 110 112 113 117 119 121 122 123 124 126 127 128 132 136 137 138 141 145 146 147 148 150 152 153 154 157 160 164 165 168 169 171 176 178 179 180 185 187 192 196 198 200
278 5 6 7 8 9 12 13 16 21 22 23 24 26 27 29 30 32 34 36 37 38 39 41 42 44 48 50 51 53 54 55 56 57 58 61 65 67 68 70 72 77 79 80 81 82 84 85 86 91 92 93 94 96 97 98 101 102 103 105 106 107 108 113 114 115 117 118 119 121 122 124 125 127 128 129 130 134 136 137 140 141 145 146 147 151 154 157 158 160 162 163 164 165 166 169 170 171 173 174 175 176 180 181 183 184 185 187 189 193 194 195 196 197 199 200
210 7 9 10 12 13 18 19 20 22 23 27 28 32 33 36 38 39 41 43 44 49 51 52 54 55 56 57 62 63 64 65 66 67 70 72 74 77 79 80 82 85 86 87 89 96 98 100 101 102 104 105 106 107 111 113 116 117 120 125 126 128 133 137 148 151 153 156 157 159 161 167 168 169 170 172 177 178 181 183 184 185 186 189 190 191 195 199 200
277 7 8 10 11 22 23 25 26 27 28 29 31 34 40 41 42 47 48 53 54 57 59 60 62 63 65 67 70 75 77 78 80 81 82 86 88 90 92 100 103 108 111 115 119 120 126 128 129 130 133 135 136 142 143 144 146 148 149 151 154 155 160 161 164 166 168 172 173 174 175 179 181 182 185 193 194 197 199
224 9 10 17 18 19 20 22 24 28 31 32 34 35 37 38 40 42 50 52 54 55 57 58 60 61 63 64 65 67 68 69 70 73 75 77 78 82 83 86 89 93 94 95 96 98 99 100 102 104 106 107 108 112 114 117 119 122 124 125 126 128 131 132 134 136 139 141 143 151 152 153 155 162 163 167 168 171 172 176 178 179 180 183 184 186 187 189 190 192 193 197 198
286 9 11 13 18 19 20 22 25 27 28 29 30 40 41 42 43 47 49 50 51 52 53 55 56 60 61 63 66 68 70 74 76 78 80 82 83 89 90 95 99 101 102 103 105 106 107 108 109 111 112 113 115 116 118 119 123 124 126 129 131 136 137 139 141 144 146 147 151 154 156 157 158 164 165 168 169 170 171 172 178 179 184 185 187 189 191 192 193 195 196 197 199
269 11 17 20 21 29 31 32 33 35 36 37 40 41 43 44 46 47 48 55 57 59 61 62 64 66 70 72 74 75 78 80 85 89 90 93 95 97 98 100 101 102 104 106 114 116 117 118 121 122 123 124 125 129 130 131 132 133 134 135 138 140 141 142 143 144 145 146 147 148 153 154 155 158 159 160 161 162 164 165 167 169 174 175 177 178 180 181 185 187 188 192 196 197 200
264 11 16 18 20 22 25 26 29 32 33 36 37 39 41 43 44 49 50 55 59 61 64 68 70 73 74 76 79 80 84 85 87 89 94 96 97 98 101 102 104 107 108 109 110 116 117 118 120 121 122 124 125 126 127 128 131 132 134 137 138 139 143 144 145 147 148 149 150 151 152 154 157 158 160 165 167 168 169 170 171 172 173 177 182 185 187 188 189 190 194 197 200
300 12 19 21 22 27 28 29 32 33 34 36 37 38 39 40 41 45 48 51 52 53 55 57 58 59 60 61 62 63 64 65 66 68 69 77 78 85 87 88 90 91 94 100 101 102 104 105 106 110 111 112 113 114 116 119 121 124 125 128 133 136 137 140 141 142 143 153 154 155 158 159 160 163 165 166 168 170 172 173 174 175 178 180 181 182 183 188 192 194 196 197 198 199 200
258 14 16 22 24 26 28 29 31 35 37 39 42 48 49 52 54 55 59 60 61 62 63 65 66 67 69 72 73 74 75 76 77 78 80 82 86 90 91 95 98 99 100 101 102 103 104 107 108 112 113 115 116 117 118 120 123 124 125 126 128 129 131 134 135 136 137 140 148 155 157 158 159 160 163 165 166 172 175 179 182 183 186 189 193 194 195 197 198
269 16 20 23 24 26 28 30 32 33 34 35 36 38 39 40 41 44 47 49 53 54 61 62 67 68 70 73 74 78 79 81 83 85 86 87 88 89 90 92 96 98 100 103 104 106 107 108 109 110 113 115 121 122 123 124 126 127 128 130 132 134 136 138 139 140 144 145 146 148 149 151 153 154 156 157 158 159 160 161 162 163 164 166 167 170 172 175 179 183 186 189 190 191 192 193 195 196 197 198 200
251 17 18 19 21 22 23 27 28 29 30 34 35 36 40 42 43 45 46 48 49 51 52 54 56 57 58 59 60 61 64 66 70 73 77 78 79 80 83 84 86 87 90 91 92 94 95 97 101 104 107 112 113 115 116 117 119 120 122 124 125 126 129 130 131 132 137 138 144 146 147 150 151 153 154 158 160 162 163 165 169 172 175 176 178 179 184 186 191 193 194 195 196 199
221 17 19 20 22 23 26 27 33 34 36 38 39 41 42 43 45 46 47 50 51 54 55 57 59 62 64 69 75 79 82 83 85 86 88 94 95 96 98 100 104 105 106 112 113 114 118 119 120 121 122 123 125 127 128 131 134 137 138 141 142 144 145 146 151 154 156 157 159 163 165 168 171 173 175 176 177 178 180 181 182 188 189 191 192 194 196 198 200
204 18 19 20 22 26 29 30 36 38 40 42 43 46 48 52 54 55 56 57 59 61 63 64 66 67 68 69 72 76 79 83 85 86 87 91 93 96 97 98 99 100 107 108 111 113 117 118 120 124 127 128 130 133 136 137 139 140 147 148 149 151 152 154 158 159 160 162 165 169 171 172 179 180 181 182 183 185 187 188 189 190 192 193 194 197 198 199
253 18 20 21 23 25 26 31 34 36 38 39 41 43 44 45 48 49 50 52 53 54 56 57 59 60 70 71 72 73 74 75 76 79 83 84 86 90 91 97 98 100 104 105 108 110 111 112 117 120 124 125 127 128 129 131 132 134 136 137 138 139 148 149 152 153 159 160 163 164 165 167 172 173 176 178 179 180 181 185 188 189 190 191 192 198 199
227 20 21 25 26 29 30 31 32 34 37 39 40 41 44 47 48 55 60 62 64 65 68 69 71 74 75 76 77 78 80 81 83 84 87 88 90 95 96 97 98 100 104 105 109 110 114 116 117 118 119 120 121 123 124 125 127 128 130 132 134 136 141 149 150 151 159 162 163 164 166 169 170 171 174 176 177 178 180 181 182 183 185 186 189 190 191 196 198 200
291 22 23 25 26 30 32 34 37 38 39 41 43 45 47 49 51 55 57 58 61 64 66 69 70 71 72 73 75 76 77 78 79 80 82 84 85 86 88 91 98 101 102 104 110 111 112 113 114 117 119 120 121 122 124 125 127 133 134 137 139 141 145 148 149 151 156 158 160 161 162 163 164 166 170 173 174 176 178 182 185 190 192 194 196 197 199
286 21 22 23 26 27 28 34 41 43 45 51 54 55 57 59 60 63 65 66 69 71 75 79 83 85 92 93 94 101 103 104 105 108 110 111 112 113 115 117 119 121 122 125 126 127 128 129 131 132 134 136 137 138 140 144 145 149 152 153 160 162 163 165 169 170 172 173 177 179 181 185 186 187 190 191 195 197 198 199 200
205 23 24 25 26 32 34 36 37 38 41 42 45 46 48 50 52 56 57 60 61 62 64 67 70 71 74 75 76 77 78 80 81 91 93 96 98 99 103 104 108 110 112 113 115 118 121 123 124 126 127 128 131 132 134 135 137 139 143 144 146 147 151 152 153 154 155 156 157 158 160 161 163 165 166 167 169 171 172 173 174 178 179 181 185 186 187 188 191 193 194 196 198 200
226 24 25 28 30 31 37 38 39 42 49 53 55 57 59 60 62 63 64 65 66 67 72 73 77 78 79 80 81 84 85 89 91 97 98 99 101 104 106 107 110 111 112 113 117 119 123 127 128 129 131 133 134 135 136 137 139 142 144 145 146 148 149 150 151 152 154 155 156 159 161 162 163 164 165 167 168 169 170 171 172 173 175 177 178 180 181 182 183 187 189 193
217 24 26 27 28 34 37 38 41 42 43 44 45 46 48 54 55 56 57 61 62 63 66 67 70 73 74 75 79 82 83 84 85 87 89 92 97 100 101 104 105 106 107 108 109 113 114 115 116 117 121 123 124 125 128 131 135 137 138 139 141 142 144 147 149 151 153 154 157 158 159 160 161 164 165 167 168 169 170 171 173 174 175 176 178 179 180 181 183 184 185 187 188 195 196 197 198 199
234 25 27 28 29 31 33 36 39 41 42 43 49 53 54 57 59 62 64 66 67 69 72 78 80 83 84 87 91 92 94 95 96 97 98 106 108 111 114 115 116 123 124 125 126 129 130 131 132 135 136 139 142 150 158 159 160 162 164 165 166 167 168 169 170 172 173 174 177 181 185 186 190 191 192 193 194 197
238 27 28 29 33 34 36 38 39 40 43 44 45 46 48 51 53 54 55 56 58 61 64 67 70 76 80 81 85 87 90 93 100 103 105 107 108 110 111 114 117 118 119 120 123 124 127 132 133 134 136 141 143 145 147 148 150 151 153 156 157 158 162 163 164 166 167 168 171 172 173 176 178 179 180 185 187 191 193 195 197 199
279 28 29 31 34 37 38 42 44 45 46 47 48 52 53 54 58 59 62 63 65 70 71 72 73 74 75 76 77 80 84 85 88 89 90 92 93 94 96 97 98 100 101 102 109 110 111 115 116 117 119 120 123 125 129 130 131 133 134 135 136 137 139 144 146 148 149 152 153 154 158 159 166 169 171 173 175 177 179 181 182 184 187 192 193 196 197 199
287 28 29 32 35 36 37 38 39 40 41 42 43 51 52 53 54 55 57 58 59 62 64 67 68 69 73 76 79 81 82 84 86 87 89 91 92 93 94 99 100 101 105 107 109 110 111 113 115 116 117 118 120 121 122 123 125 126 129 132 134 135 136 138 139 141 142 143 144 145 148 149 151 156 158 160 171 174 181 182 183 184 185 186 189 190 191 194 195 196 197 200
224 31 32 35 37 38 39 41 44 45 46 47 48 52 54 55 58 61 62 63 64 66 67 70 72 77 78 80 85 88 89 91 93 94 95 97 99 101 102 105 108 109 111 113 114 115 117 118 119 122 123 124 125 126 128 129 133 137 138 139 140 142 143 148 149 150 152 154 158 161 164 165 166 167 169 170 171 173 175 176 179 183 185 190 192 193 195 197 199
210 31 32 33 38 39 40 44 47 48 49 50 51 52 53 55 56 58 59 61 62 66 68 69 70 72 73 74 79 80 82 86 88 89 90 91 92 94 95 96 98 101 104 105 106 107 109 113 117 119 120 122 123 129 130 132 134 135 136 137 138 139 143 144 146 147 148 149 150 153 155 157 161 162 164 165 166 167 169 170 171 172 174 175 182 184 185 187 189 191 192 194 196 197 198 200
270 31 35 37 45 48 49 54 58 59 62 64 66 67 69 74 79 80 81 82 83 84 85 89 91 92 93 95 96 100 101 103 104 110 111 112 113 114 116 119 121 123 125 128 129 130 132 137 138 139 141 142 144 146 148 150 151 152 154 159 162 163 165 169 170 172 174 176 178 180 181 185 187 188 189 190 192 196 199
276 33 34 38 39 40 41 42 44 45 49 50 52 54 58 59 62 63 66 67 70 73 74 75 76 77 78 79 81 83 84 85 91 93 98 99 101 102 103 104 106 110 112 115 118 120 122 124 125 126 128 129 132 133 135 136 137 138 139 143 145 147 149 150 152 154 155 156 158 159 160 163 164 165 166 168 169 170 172 174 176 177 178 180 182 183 185 186 189 191 195 197 200
211 34 35 36 38 42 43 45 47 52 58 59 61 64 65 66 68 69 70 71 72 75 77 79 80 86 88 89 90 93 96 98 100 102 103 105 106 107 109 111 112 113 115 119 120 121 122 125 126 135 136 137 138 139 140 142 143 144 145 148 150 151 153 154 155 161 162 163 165 167 172 176 178 179 181 183 185 186 187 189 190 191 192 198
262 38 43 44 45 46 47 51 52 55 63 64 65 67 68 69 70 73 75 76 78 79 80 87 88 89 92 94 95 99 100 102 103 105 109 110 116 117 118 119 122 123 125 128 132 133 135 137 138 140 142 144 157 162 164 165 166 167 169 170 171 172 173 176 180 184 185 190 191 193 194 195
300 36 37 38 39 40 42 43 49 50 58 62 66 68 69 70 71 73 76 83 84 86 87 91 92 93 95 96 97 103 107 109 111 113 114 116 118 119 120 124 125 126 127 129 131 132 135 136 138 139 140 141 142 144 148 149 151 152 154 155 156 157 159 160 162 163 165 167 169 170 172 174 179 180 182 187 190 191 193 196 198 199
203 36 37 42 43 44 45 47 48 50 51 52 53 55 56 58 63 68 69 70 72 73 74 75 77 78 79 81 82 83 84 85 87 88 89 90 92 94 95 100 102 103 104 106 109 110 111 113 115 118 119 121 123 128 135 136 143 149 150 151 152 154 155 158 159 162 163 166 168 172 174 175 176 179 182 184 185 186 187 188 189 190 192 193 196 197 200
281 37 38 41 43 44 47 48 49 50 51 54 55 57 58 61 63 64 66 69 71 72 73 75 76 78 79 80 81 83 84 91 92 93 94 97 99 101 103 104 108 110 111 114 116 117 120 121 122 124 126 128 133 135 137 138 139 140 142 146 150 154 156 158 159 160 161 163 164 165 167 168 169 170 173 178 179 182 183 184 185 190 191 195 198 199
261 38 41 42 44 48 49 50 51 52 55 56 58 59 60 63 65 66 68 70 71 72 73 75 77 81 83 87 88 89 90 91 92 94 95 96 98 102 111 114 117 118 119 120 121 123 125 127 129 131 132 135 139 142 143 144 146 148 151 153 154 155 164 165 166 167 171 172 173 174 175 177 178 180 182 184 188 189 190 192 193 196 199
233 41 42 44 47 48 51 53 54 55 57 58 60 63 64 67 68 69 70 71 78 80 87 89 90 91 93 94 95 99 100 104 106 108 109 110 113 115 116 119 120 122 133 136 137 138 142 143 144 145 146 148 149 151 154 155 156 157 160 161 162 165 169 172 173 174 176 185 186 189 190 194 195 196 200
228 40 42 45 46 48 53 60 62 65 67 70 71 73 74 78 80 81 85 88 92 93 94 96 97 98 99 100 101 102 107 108 109 110 112 118 121 123 124 125 127 128 131 132 133 134 135 141 143 145 149 151 153 154 156 159 161 162 163 165 167 168 169 173 175 176 178 180 184 187 197 199 200
282 43 45 46 47 49 52 58 59 63 68 71 72 73 74 75 76 77 78 79 81 87 92 93 95 96 98 101 102 108 109 114 115 117 120 121 122 124 125 130 132 139 140 142 144 146 152 155 158 159 160 161 162 163 164 165 166 167 168 169 175 177 178 179 180 181 183 186 189 192 193 196 200
242 42 44 47 51 53 54 55 57 58 60 61 62 63 64 66 67 69 70 77 78 79 80 81 82 85 88 89 91 92 93 95 96 100 101 102 104 105 107 109 110 111 113 114 116 120 122 125 126 127 128 129 131 133 134 136 137 138 140 142 145 148 149 151 152 153 154 155 159 163 165 166 167 168 169 171 173 174 176 183 185 187 188 196 198 199
200 43 45 46 49 50 53 54 55 57 61 62 67 68 69 70 72 73 74 77 79 80 81 82 85 86 87 89 91 92 94 95 96 98 101 102 103 105 110 116 117 118 119 120 121 122 124 125 126 127 129 132 133 134 135 137 140 141 142 144 145 149 153 154 155 158 159 161 163 164 165 167 169 170 171 173 174 176 178 180 181 187 189 191 194 197 198 199
292 45 46 52 55 56 57 58 60 61 62 64 66 68 69 74 76 77 79 82 85 87 89 91 94 95 98 99 101 102 105 107 108 109 111 112 113 116 118 119 120 122 123 127 128 131 132 133 134 135 139 140 142 143 146 147 148 152 153 155 160 161 163 165 167 171 174 180 184 187 191 192 196 198 199
224 46 50 56 60 61 62 63 65 68 69 71 73 78 79 81 82 84 85 86 88 89 91 92 93 94 95 97 99 101 109 111 116 117 118 120 121 124 129 131 132 133 135 136 138 142 143 147 149 154 158 160 162 163 167 168 170 172 174 175 176 177 178 179 180 183 184 185 186 187 189 191 192 193 196 198
277 46 48 50 51 53 55 56 57 58 61 62 63 64 65 66 67 68 73 74 75 78 79 82 83 86 87 91 92 95 96 97 99 100 101 103 104 106 107 110 112 116 117 119 123 126 128 133 135 141 146 147 148 150 151 154 155 156 157 159 160 163 167 172 173 174 175 176 180 182 186 188 190 195 196 198
202 47 48 51 52 55 57 59 61 63 65 66 68 71 72 74 76 79 81 85 86 87 93 96 97 99 101 105 109 110 111 113 115 117 118 119 120 121 122 123 125 127 130 132 133 136 138 139 141 142 143 144 146 148 150 152 156 158 159 160 162 165 166 167 169 172 173 176 177 178 179 180 182 185 187 188 189 190 194 197 198 199 200
232 49 50 55 60 61 63 64 67 68 69 70 71 74 75 78 79 80 81 83 85 91 92 93 97 98 99 100 101 103 104 105 108 109 110 113 114 118 120 122 125 126 127 128 132 133 134 135 136 137 139 143 144 145 147 148 150 151 152 153 154 156 161 163 164 165 170 172 175 176 177 178 180 181 184 188 189 190 192 197 199 200
243 53 57 58 61 62 63 65 69 72 73 74 76 77 78 80 81 83 87 92 93 94 96 100 101 102 105 106 107 108 109 110 115 117 119 120 121 127 128 135 138 140 141 142 145 147 151 152 157 159 161 164 167 168 170 171 174 176 181 183 189 190 192 194 198 199 200
238 50 51 52 53 54 55 58 60 65 66 67 69 70 73 77 79 80 82 83 84 85 94 95 97 99 104 105 106 107 108 114 117 121 123 124 127 129 130 131 132 133 135 137 138 140 142 144 145 148 149 151 154 155 157 160 162 164 165 168 169 172 173 175 176 178 179 183 185 187 189 192 197 198 200
212 52 54 55 57 58 59 61 63 69 71 74 75 77 79 80 81 82 85 87 88 89 90 92 94 96 97 98 100 101 104 108 109 114 116 117 119 124 125 130 132 133 136 138 139 140 141 149 150 152 155 157 159 160 164 166 168 170 173 174 176 177 179 180 187 192 193 194 198 199
219 52 61 62 63 67 68 72 75 77 79 81 82 84 85 87 89 90 91 92 95 97 98 99 101 102 104 106 108 111 113 115 117 118 119 123 124 126 128 129 130 131 135 138 141 143 145 153 154 155 157 158 159 161 170 176 179 182 184 185 186 188 189 191 192 196 198
242 53 55 60 62 63 64 66 67 68 69 71 75 77 82 83 85 86 87 88 90 91 94 96 97 98 100 101 102 106 107 108 109 112 113 115 116 117 121 122 125 129 131 133 134 137 138 140 141 143 145 146 147 151 153 154 156 158 167 168 171 173 175 177 183 186 187 188 189 191 193 195 197 198 199
289 57 58 61 63 64 67 70 72 76 77 78 79 83 86 87 89 90 91 92 93 94 97 103 104 106 107 113 114 116 118 119 120 121 125 126 127 129 132 133 134 136 137 139 143 144 145 146 147 148 150 151 154 156 157 159 160 162 163 164 165 166 168 169 173 176 178 181 184 186 187 188 189 191 196 197 198
291 56 60 61 62 63 64 67 68 70 72 74 75 78 79 80 82 86 87 88 91 94 95 96 97 98 101 102 103 104 105 106 108 110 111 113 114 115 116 118 119 120 122 123 126 127 128 133 134 135 138 142 144 145 146 148 149 150 152 155 158 159 160 161 162 164 166 167 169 170 171 173 176 177 178 179 181 183 191 194 200
289 58 59 63 65 67 68 70 71 72 73 82 84 85 90 91 92 93 94 97 98 99 101 104 105 107 108 109 112 113 117 118 119 120 121 122 124 125 126 127 130 134 136 137 138 139 140 142 143 146 149 150 151 152 153 154 155 156 162 164 165 166 168 169 170 171 173 174 180 181 190 193 195 197 199 200
220 58 60 61 63 64 65 66 67 68 70 71 74 76 78 80 82 87 88 92 96 98 100 102 103 104 107 108 112 113 115 116 117 120 121 124 125 126 127 128 130 131 133 138 139 140 141 142 146 149 150 152 153 154 157 162 165 168 170 171 175 178 179 181 182 184 185 193 194 198 200
201 59 64 66 68 69 70 71 72 73 74 75 76 78 82 84 85 87 91 92 93 96 97 99 101 104 105 107 108 110 111 113 116 117 118 121 122 123 124 125 126 128 131 133 135 138 140 144 145 148 152 153 159 160 164 165 166 169 171 174 175 180 182 184 187 188 191 194 196 197 198 200
257 61 63 67 72 73 75 76 77 79 81 83 84 87 93 94 96 103 104 108 111 112 113 114 115 117 120 126 127 128 138 139 140 141 143 146 147 149 151 158 159 160 161 162 164 167 168 170 171 175 178 180 182 184 185 188 190 191 192 193 194 195 198 199
201 60 64 66 67 69 70 71 73 74 76 77 84 86 87 88 92 96 102 103 104 106 107 109 110 112 115 117 119 120 123 125 126 127 129 131 132 135 136 140 141 145 146 147 150 151 153 157 158 160 161 162 163 164 166 167 171 172 173 174 178 181 182 186 187 192 194 196 197 200
212 61 64 66 67 71 72 74 76 77 78 79 82 83 85 87 88 89 92 94 95 97 98 99 103 104 108 109 110 111 114 115 121 125 126 127 130 131 132 133 134 135 139 140 141 143 144 145 146 151 154 156 161 162 163 168 170 172 174 176 177 178 180 185 187 188 194 197 199
283 62 66 67 70 72 73 76 77 79 80 81 82 83 85 87 88 89 94 99 100 101 102 103 106 107 108 110 117 118 120 122 123 126 131 132 134 138 139 140 144 146 149 150 153 156 157 158 162 164 165 166 169 172 173 175 176 178 179 182 189 190 192 195 198 199
235 63 67 68 70 72 73 74 78 80 83 85 88 89 91 94 95 96 100 101 103 105 108 110 111 112 113 120 121 124 128 129 130 132 133 136 139 140 143 144 146 147 149 152 157 158 161 162 164 166 167 169 171 172 173 174 179 181 182 183 186 187 188 189 191 192 193 195 198
234 64 65 66 70 72 73 75 76 77 79 82 83 88 90 92 94 96 99 100 101 102 103 104 105 106 110 111 114 117 119 122 123 124 125 126 127 129 130 131 132 136 137 139 140 143 146 148 149 150 151 152 153 156 160 163 164 167 171 172 175 177 179 180 181 182 183 188 193 194 195 197 199
219 65 66 67 68 69 70 72 74 78 79 81 82 84 85 87 98 100 103 106 108 109 110 112 114 119 120 121 122 124 127 130 131 138 140 141 144 145 146 147 148 149 151 154 155 156 157 159 160 161 162 164 165 166 167 171 172 173 175 176 177 178 180 185 188 189 190 193 194 198
221 68 69 71 74 75 76 77 78 80 81 82 85 89 91 95 96 97 98 102 111 112 114 116 118 120 125 126 129 131 133 134 136 137 138 139 141 143 149 152 153 158 159 164 165 166 168 172 176 177 180 181 183 184 185 186 187 189 192 193 195 196 197 198 199 200
270 67 68 71 73 76 77 78 81 83 84 89 97 99 100 101 102 103 104 105 107 110 111 115 118 120 121 122 123 124 129 132 133 135 137 138 139 141 145 151 152 153 154 156 157 159 161 163 168 169 170 171 172 173 175 177 181 183 185 187 188 189 191 194 196 197 199 200
293 68 70 71 72 73 74 75 77 78 79 83 84 86 87 88 90 92 93 94 95 98 102 103 104 108 109 111 112 113 119 123 124 126 129 131 136 138 139 140 142 143 147 151 154 156 158 159 161 163 164 165 166 167 168 170 171 172 173 176 180 181 182 183 186 187 189 190 191 192 193 199
218 69 77 79 85 87 89 90 92 93 95 96 97 98 100 101 102 104 105 108 114 115 118 120 124 130 132 134 135 138 143 144 146 148 156 159 164 165 166 167 168 170 171 173 176 179 180 182 184 188 189 196 197 199
277 72 73 75 76 81 84 85 89 92 94 95 98 101 104 107 109 110 112 113 117 120 121 122 123 124 125 130 132 133 134 136 139 141 144 149 150 152 154 155 158 163 165 166 167 170 171 175 176 177 178 180 183 185 186 194 195 197 198 200
223 71 72 73 75 78 79 80 82 85 86 87 88 90 93 94 95 97 99 105 106 108 109 110 112 113 114 123 125 126 128 129 132 135 137 138 140 141 142 143 144 145 147 150 151 154 155 158 160 161 163 165 170 173 174 177 178 180 183 188 193 194 195 199 200
286 72 76 80 86 89 94 96 97 98 100 103 104 107 109 116 121 124 126 134 135 136 138 139 142 143 145 146 148 149 155 156 158 159 161 166 167 169 170 172 173 174 176 180 181 183 184 185 187 188 189 194 197
202 76 79 80 82 88 92 96 98 103 105 107 109 113 114 119 122 123 124 130 132 133 134 135 136 137 138 140 142 143 144 146 150 151 152 153 154 155 157 158 160 161 164 168 170 172 173 175 179 181 182 183 185 186 187 188 189 191 192 194 195 196 199
247 74 77 79 80 81 89 90 92 94 95 98 100 103 104 106 112 113 117 119 121 122 124 126 127 128 131 133 134 136 137 140 141 142 143 144 145 147 148 149 151 154 155 156 157 158 160 162 163 165 166 168 169 170 171 173 175 179 180 182 184 186 187 189 190 191 192 193 194 195 196 198 199 200
205 76 77 78 79 80 85 86 87 88 90 91 92 94 96 100 101 106 109 111 113 116 117 118 121 122 123 125 127 130 131 132 133 136 138 139 141 143 144 145 146 148 149 151 152 153 154 155 159 162 164 165 168 171 174 175 178 179 180 182 189 191 192 193 194 196 200
277 78 80 81 82 83 84 85 86 88 90 91 94 95 96 98 100 103 105 108 110 112 114 118 124 126 127 128 129 132 133 135 136 138 139 140 142 143 144 145 147 148 150 151 153 154 155 160 162 163 165 167 172 178 180 181 183 185 186 187 188 189 195 197 199
293 78 79 80 82 83 84 85 86 87 89 91 94 95 98 99 101 104 107 108 109 110 111 112 113 115 116 117 118 121 124 125 127 128 129 131 134 135 138 141 143 146 148 150 151 152 153 154 155 157 158 160 162 163 167 168 169 170 171 173 174 175 177 183 184 185 188 191 195 198
298 79 81 82 84 85 86 89 90 91 92 95 96 97 98 99 100 101 102 105 106 109 111 112 113 115 116 117 119 121 122 127 131 132 134 136 137 138 140 141 142 143 149 150 152 153 154 155 156 159 161 165 166 168 170 172 174 175 176 178 179 180 181 186 190 192 196 198 200
297 79 92 93 95 96 99 101 106 109 115 116 117 118 119 120 124 125 128 132 133 136 137 140 141 144 145 146 147 148 150 151 152 159 160 163 164 165 167 171 173 177 180 182 184 188 190 193 196 197 199
228 81 83 84 91 99 100 101 102 105 108 110 112 113 116 118 122 132 134 135 136 137 138 139 140 144 146 147 148 151 153 154 156 159 163 164 165 167 168 169 170 171 172 174 175 176 179 180 181 186 187 188 194 198 200
270 82 83 87 90 91 92 94 96 100 101 103 104 105 106 108 109 110 112 113 115 116 119 120 121 123 126 128 129 130 132 133 134 136 137 139 140 145 147 148 151 152 154 155 156 157 159 160 161 164 165 166 171 177 178 179 180 182 183 184 185 186 188 190 191 196 198 200
238 82 83 85 87 92 93 95 96 98 100 103 104 108 109 110 112 113 114 117 120 121 123 124 126 127 128 129 130 131 132 133 135 136 137 138 140 141 144 146 148 149 156 160 162 164 167 168 169 170 172 175 177 178 180 182 183 184 185 186 188 189 190 191 192 193 194 195 197 199 200
248 83 84 85 86 87 88 92 96 98 99 100 104 106 108 111 113 114 115 116 118 119 121 122 123 125 129 130 131 133 134 136 142 145 147 148 151 152 154 155 156 158 160 164 166 167 173 177 178 180 181 182 183 184 185 186 187 188 189 190 194 197 198
206 90 93 98 99 100 101 105 106 107 109 111 112 113 118 119 122 124 126 127 130 132 133 134 137 139 143 147 148 149 150 152 153 154 159 160 162 163 165 168 169 170 173 174 175 177 178 179 180 181 182 183 189 191 192 194 198
217 86 90 93 95 99 100 101 103 105 106 108 109 111 114 115 116 120 122 123 124 125 126 127 128 133 134 140 144 147 148 149 150 152 155 158 159 160 162 164 165 166 167 170 171 175 177 178 179 184 185 187 191 193 194 198 200
268 86 87 90 91 93 94 95 96 98 100 105 108 111 113 114 116 118 120 121 126 127 130 133 134 135 138 140 142 143 149 152 155 156 157 158 159 161 162 163 167 168 169 170 173 175 177 178 180 181 182 183 186 187 188 189 191 192 194 196 198 199
212 87 88 90 94 100 102 103 105 108 109 110 113 118 123 125 126 130 131 135 137 139 140 142 143 144 146 148 150 151 154 155 156 161 162 163 167 168 172 174 175 177 178 180 183 184 185 186 187 190 191 193 194 195 196
270 88 90 91 92 93 94 96 98 99 101 102 103 105 106 108 109 113 115 120 122 125 126 130 134 140 141 142 146 147 148 151 153 154 156 158 159 163 164 166 167 170 171 172 175 181 183 185 188 190 191 193 194 198 200
290 90 93 95 97 99 101 104 106 107 108 109 112 115 116 118 122 123 125 127 133 134 140 142 143 145 147 148 149 156 158 159 161 162 163 164 166 167 169 170 172 174 176 179 180 182 183 185 186 189 190 191 193 194 200
256 90 92 94 95 97 99 100 102 103 104 105 108 112 114 118 119 120 126 127 129 133 134 136 137 139 142 143 145 146 149 151 154 155 157 158 159 160 162 164 165 166 168 169 170 171 175 176 177 178 180 181 182 187 190 192 193 194 196 199 200
223 91 94 96 98 100 104 106 107 109 112 115 116 118 120 121 124 126 127 129 131 132 133 134 135 138 141 147 148 151 152 153 154 157 158 164 165 167 168 170 177 178 180 181 183 184 185 191 192 194 196 197
260 93 94 96 97 98 99 100 101 102 103 105 108 110 115 116 119 120 121 122 123 127 129 130 131 132 135 136 137 138 139 140 142 144 145 146 149 150 151 153 155 156 157 158 160 161 164 165 167 168 172 173 174 176 177 178 179 183 187 190 191 192 193 194 195 200
214 93 94 96 100 103 106 109 110 113 114 115 118 120 122 123 124 125 129 130 131 132 133 134 135 137 140 141 142 143 147 149 150 155 157 158 159 161 168 169 171 172 181 184 186 189 190 192 196 199
244 95 97 100 104 106 107 109 111 117 119 122 124 125 126 127 129 130 131 133 137 140 143 144 147 150 151 152 153 160 161 163 166 168 171 172 173 175 177 179 182 184 186 187 189 190 192 193 194 195 196 199
245 96 97 98 101 102 104 105 110 112 117 118 121 126 127 128 129 130 132 134 136 138 145 146 149 151 152 157 159 161 162 166 168 169 171 173 177 179 181 185 190 191 195 196 198 199
215 96 97 98 100 103 104 105 107 108 114 115 116 118 120 122 125 126 127 128 130 134 136 140 141 142 143 146 148 149 151 153 154 163 165 166 169 170 171 176 177 178 179 181 185 186 187 190 191 192 193 194 195 197
219 97 98 100 104 107 108 111 114 117 119 120 121 122 123 126 127 129 131 132 140 142 143 145 146 150 152 155 156 159 160 161 163 164 166 167 168 169 170 171 172 173 175 179 182 184 185 186 188 189 191 193 194 196 198 200
217 99 100 102 104 106 107 109 111 116 118 120 122 123 124 129 130 131 132 137 139 147 149 150 151 154 159 161 164 166 168 169 170 174 175 180 181 182 183 185 186 190 191 194 195 196 197 198 199
249 100 101 103 104 105 107 108 111 116 117 121 123 124 126 128 131 133 135 138 139 142 143 147 148 149 150 152 153 156 157 159 161 164 170 171 172 173 177 183 184 188 189 190 191 192 196 197 198 199 200
289 102 106 108 111 112 114 115 118 120 122 127 129 130 133 135 136 137 138 139 140 141 142 143 144 145 148 149 150 151 153 154 155 158 161 162 163 164 167 169 171 173 175 177 178 182 183 187 189 190 191 192 194 195 196 198 200
259 101 103 104 105 106 108 109 110 111 112 113 116 118 126 129 130 131 132 134 135 137 138 142 144 145 148 150 153 154 155 156 160 161 163 164 165 166 168 170 172 173 174 176 180 181 183 184 185 188 189 191 192 195 196 197 198
288 102 103 104 105 106 108 110 112 115 117 119 121 122 123 124 125 126 128 130 135 137 143 146 147 154 155 158 161 162 163 164 166 173 175 177 178 180 185 187 189 192 195 196 197 198 199 200
257 104 105 108 114 116 119 120 121 127 129 140 143 144 145 149 151 154 155 157 159 163 164 165 166 168 169 171 175 177 178 179 180 181 182 183 184 185 189 192 193 197 199 200
271 106 107 108 114 118 120 125 127 128 130 131 134 135 138 141 142 143 144 146 150 151 152 153 155 158 160 162 165 166 167 169 172 173 176 177 180 181 182 183 184 187 189 190 191 193 194 195 200
214 106 107 112 114 116 119 120 123 126 127 128 133 136 137 138 143 144 148 152 154 156 157 160 163 167 171 172 173 175 176 179 181 182 183 185 186 187 189 190 192 194 195 196 197 200
222 106 107 109 114 115 116 119 122 123 124 127 128 129 132 133 135 138 139 140 141 142 143 144 146 147 151 152 153 154 158 159 162 163 164 165 166 172 173 175 177 179 180 182 184 185 186 187 191 192 197 199
253 108 110 111 113 115 118 119 120 121 129 130 131 133 135 136 140 141 143 144 145 150 151 154 155 156 157 159 164 166 168 169 178 179 180 183 184 186 187 188 190 191 192 194 198 199 200
260 108 109 112 113 114 116 117 118 119 122 123 124 125 128 130 131 133 136 137 139 142 144 148 149 152 155 157 158 164 166 168 170 171 175 178 180 183 184 186 187 189 191 192 193 195 199 200
255 109 113 116 117 118 124 126 127 128 130 131 133 139 141 142 145 147 151 153 155 157 158 159 161 162 163 164 168 171 172 173 174 176 177 179 180 181 183 185 187 188 191 192 193 195 196 197 200
278 110 113 116 124 125 126 128 129 130 131 134 136 137 139 141 142 143 144 145 146 147 151 152 156 159 160 161 162 168 169 173 174 178 181 182 183 184 187 192 194 195 197 198 199 200
290 112 113 114 115 117 119 120 125 129 130 131 134 135 139 140 143 144 145 149 151 152 154 156 157 158 161 162 163 164 167 170 173 175 177 178 179 181 186 190 191 194 196 199
265 112 115 116 118 119 123 125 126 127 131 132 134 135 138 139 140 142 143 146 147 148 149 153 155 156 158 159 160 162 167 168 170 171 173 175 177 178 179 180 181 186 187 188 191 195
269 115 118 119 121 123 124 126 129 131 133 134 136 137 140 141 142 144 146 148 153 156 157 158 159 160 161 165 167 170 171 172 173 174 177 178 182 184 185 187 188 189 190 193 195 197 199 200
210 114 115 116 118 119 120 121 122 123 125 126 127 128 132 134 135 137 140 142 143 146 147 148 152 153 154 156 158 160 165 172 173 177 180 181 183 184 186 188 189 195 196 197 198
278 115 116 120 121 123 124 126 127 128 131 133 134 135 137 141 142 143 144 147 149 150 151 154 158 162 166 167 169 173 175 176 177 179 185 186 187 189 190 192 193 196 197 199 200
224 117 118 120 123 125 129 135 136 138 141 143 146 150 151 152 153 154 159 160 163 166 169 172 173 175 177 178 180 181 184 185 186 187 190 191 198
214 118 119 120 121 123 127 129 131 133 134 135 137 140 141 143 144 150 151 152 153 154 155 157 158 160 163 164 166 167 169 175 177 180 181 189 191 192 198
267 119 120 121 124 127 128 129 133 135 138 140 147 148 151 152 154 155 157 159 162 163 164 167 169 172 173 175 176 177 179 181 182 183 187 194 196 198
249 119 124 125 127 128 129 137 138 139 140 141 144 146 147 152 154 155 156 159 161 162 164 165 166 168 169 171 174 177 178 179 180 183 184 185 186 189 192
275 120 121 123 124 126 127 128 131 132 133 134 135 136 138 143 146 150 154 155 156 157 160 161 164 166 168 171 172 174 176 178 179 180 181 182 184 185 190 191 192 196 197 198 199 200
220 125 131 136 137 139 140 142 144 149 150 151 152 153 154 157 161 164 166 167 168 171 175 176 177 179 181 184 185 187 190 192 193 194 197 198 200
214 122 123 124 130 131 137 138 142 145 147 148 149 151 152 153 160 161 163 165 166 167 169 171 173 175 177 179 180 181 183 184 185 187 188 189 190 191 194 196 197 198 199 200
246 124 125 127 129 132 134 135 136 138 140 141 148 149 153 156 157 159 161 162 163 164 165 166 168 170 171 174 175 176 179 182 185 187 188 191 193 196 200
243 124 127 128 130 131 134 135 136 138 139 140 144 145 146 147 148 149 152 153 154 156 163 166 167 172 175 176 184 185 189 191 193 195 196 198 199 200
291 125 126 127 128 129 131 135 141 142 147 148 150 151 154 155 156 157 158 160 162 163 166 169 170 172 176 177 179 182 184 186 188 192 193 196 199 200
250 126 127 128 130 131 132 134 138 141 143 145 151 153 154 155 159 160 161 162 163 169 172 174 176 177 178 179 180 182 183 184 186 187 188 189 194 195 197
215 127 128 130 132 133 134 138 139 140 142 144 147 150 152 154 157 160 164 165 166 169 172 173 174 177 178 180 183 184 188 189 191 193 196 199
294 130 131 133 134 138 139 140 142 143 145 146 147 148 150 151 152 154 156 158 159 162 163 164 166 167 169 171 172 176 177 182 183 185 191 194 196 198 199 200
290 129 130 132 133 135 137 138 140 142 143 145 148 154 157 158 159 160 161 164 166 167 168 171 172 179 186 188 189 190 191 196 197 198 199
240 130 134 135 136 137 140 142 144 145 148 151 152 157 158 159 164 165 168 172 173 174 175 181 184 190 191 193 195 199
290 132 133 136 137 138 140 143 145 148 149 150 152 154 155 156 158 159 160 162 165 166 169 177 178 180 181 183 186 188 189 192 196 199 200
207 133 134 135 136 140 141 142 144 147 149 151 153 157 158 160 162 163 164 166 167 168 170 171 172 173 174 179 182 183 185 186 187 189 190 196 198 199
211 133 136 137 138 139 144 148 149 150 152 154 156 161 169 170 171 172 177 178 179 180 183 185 186 188 189 190 191 193 194 195 200
279 134 135 136 139 144 145 146 147 148 150 153 156 157 158 159 160 161 162 168 169 170 172 173 175 177 179 180 183 185 186 187 188 190 192 195 197 198 199 200
223 136 137 140 142 143 146 147 149 152 153 155 159 160 161 162 164 165 166 170 171 172 173 175 176 177 179 180 181 183 184 185 186 187 188 191 192 193 194 196 197 198 200
225 137 139 144 147 148 150 152 153 155 159 162 164 166 167 168 173 176 177 185 186 190 192 193 194 196 197 200
272 137 139 140 143 144 145 146 149 150 151 152 153 154 156 161 164 167 176 180 182 186 190 193 196 199
283 138 139 140 141 144 146 147 148 149 150 151 153 154 155 156 159 163 164 165 166 168 169 170 171 172 173 175 176 178 183 184 186 187 189 191 192 195 197 198 199 200
286 140 141 142 143 146 147 148 149 152 154 156 157 159 163 164 166 171 172 176 178 180 182 184 188 189 190 191 192 193 195 196 197 198
240 144 145 146 148 152 155 156 157 159 160 161 162 166 167 168 172 173 174 176 177 178 180 181 183 186 187 188 190 191 193 194 195 196 197 198 199
247 143 144 145 148 149 157 158 160 161 164 165 166 167 168 169 172 173 175 176 180 184 187 189 190 192 193 195 196 197 199
242 142 145 148 149 150 152 153 156 157 162 164 165 167 168 171 172 173 180 181 182 184 185 186 187 189 190 194 195 198 199
256 144 148 149 152 159 161 162 163 165 166 167 170 174 175 176 177 180 182 184 185 186 188 196 197 199 200
242 145 146 149 151 155 156 157 158 160 164 165 166 168 169 172 175 176 179 184 185 186 187 188 189 190 191 192 193 195 196 197 200
213 146 148 150 152 153 154 155 156 160 161 162 164 165 167 168 169 173 175 176 178 179 180 181 182 183 184 189 190 192 193 195 196 197 198 200
263 147 148 150 152 155 158 160 163 165 166 167 168 169 171 173 174 178 184 185 187 188 190 191 193 194 196
205 150 151 152 153 154 155 156 157 158 159 160 163 166 168 171 172 173 177 179 181 182 186 188 192 193 196
272 148 149 150 152 154 156 157 158 160 163 164 167 169 170 173 174 176 179 180 181 185 187 189 192 193 195 199
287 152 157 158 159 162 163 164 168 170 171 172 174 176 177 181 183 184 185 189 192 193 194 200
245 150 152 155 156 157 158 160 161 163 164 165 166 168 171 172 174 178 179 180 181 182 183 184 187 188 189 190 194 198 199
248 151 155 157 164 165 166 168 169 173 175 176 177 178 181 182 183 190 193 196 197 199 200
208 152 154 155 157 158 162 165 168 171 173 175 178 181 182 183 185 186 187 188 192 193 196 197 199
241 155 156 157 159 161 164 165 166 167 169 171 172 178 179 180 181 182 183 186 188 190 194 195 196 198 199 200
250 155 161 166 167 171 172 173 175 176 177 179 181 182 183 184 185 188 189 190 191 192 197
291 157 158 159 161 165 166 167 168 172 173 174 177 178 183 186 188 191 194 196 198 200
281 156 157 158 161 162 164 165 167 168 170 173 175 176 177 178 179 185 189 191 192 193 194 195 197 199
293 157 158 159 164 167 168 169 170 171 172 177 182 183 187 188 189 193 197 199 200
243 158 161 163 166 167 170 174 181 182 183 185 186 187 190 191 193 195 197 198 199
214 159 163 164 167 168 170 172 174 177 179 180 183 184 190 191 192 193 194 196 199
254 160 165 166 168 169 172 173 174 175 178 179 181 183 184 185 187 188 189 190 191 192 194 198 199
217 161 162 163 166 169 173 174 178 179 180 181 182 184 186 188 194 196
212 163 166 167 172 173 174 175 185 186 189 193 195 197 198 199
233 165 167 169 171 173 175 177 179 180 182 183 186 187 190 191 193 194 195 196 197 199
257 165 167 168 171 174 175 179 181 182 183 184 189 190 191 197 198 199
275 165 168 172 175 176 177 178 179 182 183 188 190 194 195 196 197 200
287 166 167 170 171 173 174 176 179 182 183 184 188 191 194 195 196 197 198
235 168 169 171 172 177 184 187 188 189 194 197 200
230 168 170 171 174 175 179 180 182 183 185 188 189 191 192 193 194 195 199
277 170 173 174 175 177 178 181 182 184 186 187 192 195 196
239 170 172 176 178 179 181 183 185 186 190 191 193 194 197 198 199
288 172 173 174 175 176 179 180 181 183 184 188 190 191 193 195 198 200
262 172 175 176 181 182 183 184 186 189 194 198 199 200
277 175 177 179 182 185 186 187 190 191 192 193 195 197 198
278 175 176 178 182 185 187 191 194 196 198 199 200
283 177 180 182 184 187 189 193 194 195 197
222 177 178 183 184 186 187 188 189 190 191 192 194 196 198 200
216 177 178 184 185 186 187 188 189 190 192 194 195 196 200
293 178 179 181 182 183 185 190 192 193 195 199 200
261 179 180 181 182 183 185 186 192 193 198 199 200
227 181 188 189 193 194 196 199
218 182 183 187 189 195 196 197 198 199
228 185 189 195 197 198 200
230 184 187 188 189 192 193 195 197 198 199 200
253 184 185 188 189 190 192 194 195 200
235 186 187 189 196 197 198 200
280 186 188 189 191 192 195 197 198 199 200
281 190 192 194 196 197 198 199 200
215 192 195 197 199 200
212 191 192 193 194 195 198 200
256 192 193 194 195 196 197 198 199
236 191 192 195 196 197 200
216 193 195 196 197 198
224 196 197 199
253 194 198 199 200
253 197 198 199
205 196 197 198
283 197 199 200
237 200
204 200
237 200
248
