75	5	200	10
-2	25	19
-5	31	8
-1	29	12
-3	22	17
-1	25	19
25 4 6 12 13 16 18 19 20 21 22 23 28 30 31 33 36 38 39 42 43 44 46 48 49 50 51 52 53 54 55 57 58 59 60 61 62 64 65 68 69 70 71 72 74
22 4 6 7 8 9 10 11 16 17 19 22 23 26 31 34 37 38 39 40 41 43 45 46 48 49 51 54 55 57 58 60 61 62 65 67 68 69 70 71 72 73 75
24 5 7 10 11 17 19 23 24 25 27 30 33 36 40 44 45 47 48 49 52 54 57 58 60 64 67 68 69 71 72 74
10 5 9 10 13 14 16 17 19 20 23 25 34 35 36 37 40 42 43 46 48 51 52 53 54 55 57 60 62 64 65 66 67 69 70 74 75
15 6 7 13 15 16 17 20 22 23 25 26 29 32 33 35 36 38 39 40 43 50 51 52 53 54 56 57 60 62 63 64 68 69 70 71 72
25 7 8 9 10 11 17 18 21 22 23 26 27 29 30 31 35 37 40 45 47 49 55 57 59 63 66 68 70 71 73
15 8 10 12 13 15 18 19 22 25 29 32 33 34 36 37 38 39 43 45 46 47 48 49 52 53 55 56 57 59 61 62 66 70 71 73 74
25 9 12 17 18 19 20 21 23 25 27 31 32 35 39 40 41 42 43 44 45 48 50 53 54 56 59 62 63 64 66 67 68 69 70 71 72
19 10 12 13 16 18 23 24 25 28 29 33 34 38 41 42 43 44 46 47 48 50 51 53 58 64 65 66 67 72 73 74
16 13 14 15 17 21 23 29 30 31 32 35 37 42 43 45 46 47 48 49 50 51 52 53 54 55 56 57 58 59 64 65 66 70 71 73 74 75
22 13 14 17 18 21 25 26 30 32 36 37 39 40 42 43 44 46 47 49 50 51 52 55 56 57 60 61 62 65 69 73 74
25 13 15 18 19 20 22 24 25 26 27 28 29 36 37 40 42 43 46 49 50 55 56 60 64 65 69 73 75
27 14 17 20 21 24 25 28 29 30 31 34 35 36 37 39 42 43 44 45 46 49 51 52 53 55 56 57 60 64 66 67 68 69 70 71 73 74
17 15 16 17 19 20 21 22 23 24 27 28 29 30 31 35 38 39 49 50 55 56 57 58 59 62 65 66 67 68 69 70
27 18 20 21 24 25 27 28 29 33 35 36 37 38 39 41 42 43 51 53 54 56 57 60 61 65 66 67 68 70 71 75
12 20 22 24 25 26 32 35 38 40 41 43 45 46 47 50 51 52 53 56 59 60 61 62 63 66 70 75
24 18 19 26 28 32 33 35 36 38 39 40 42 43 45 46 47 49 50 53 57 58 59 60 61 62 64 66 70 71 73
18 21 22 23 24 25 26 27 28 29 31 33 35 39 40 44 45 46 48 49 51 53 54 55 57 60 63 64 65 66 68 70 71 72
29 21 22 27 31 33 35 37 39 40 41 42 43 44 45 47 49 50 52 53 54 57 58 61 63 64 67 72 74 75
24 21 23 27 30 32 33 34 42 43 44 45 46 47 48 51 53 54 56 57 58 59 60 61 63 64 65 67 69 71 72 75
19 22 23 24 25 27 28 31 32 33 34 36 37 39 42 43 45 46 48 49 50 55 58 60 62 64 66 68 70 73 75
22 24 27 30 32 34 35 37 39 41 44 45 46 47 50 51 52 53 55 56 57 59 60 63 64 65 67 68 69 72 74 75
15 24 26 27 29 32 33 37 38 39 44 45 47 48 49 50 52 53 54 55 57 62 63 68 72
22 25 26 28 31 32 33 35 37 43 44 45 46 47 48 49 51 53 59 60 63 64 68 70 71 72 73 74
23 26 28 29 33 35 37 39 42 45 50 51 52 54 55 56 59 60 62 63 64 65 68 71 72 74
27 31 32 35 39 48 49 50 51 52 54 56 59 61 64 65 66 67 68 69 73 74 75
18 29 30 32 34 35 36 37 38 45 46 47 48 49 50 54 56 58 59 60 61 62 63 64 69 70 71 72 74 75
17 32 33 34 35 38 41 42 44 53 55 56 57 58 59 60 61 62 64 67 68 69
10 33 34 35 38 39 43 44 46 47 48 50 52 53 55 58 59 62 65 67 69 70 75
17 32 34 36 37 38 39 40 46 47 48 49 51 53 54 56 57 60 61 63 66 67 68 69 70 73 74 75
10 33 35 38 40 41 46 48 51 52 55 56 57 58 64 65 67 68 69 70 73
13 33 36 37 40 42 43 48 50 52 53 55 56 59 61 62 63 64 66 68 70 71 72 75
26 34 35 36 37 39 40 42 43 44 45 46 47 48 49 52 53 56 57 58 62 65 66 68 70 71 72
28 35 36 37 39 41 42 43 44 45 47 48 51 52 53 54 59 60 62 63 65 67 70 72
27 38 40 44 45 49 51 52 53 54 56 62 63 65 66 69 70 72 73 75
12 37 38 41 42 44 45 46 47 48 49 51 52 53 54 59 65 67 68 70 71 72 74
25 40 42 43 44 46 48 49 53 56 58 59 61 63 64 65 67 72 73 75
28 40 43 45 47 48 49 50 51 53 54 56 58 59 61 65 68 71 72 73 74
11 40 45 46 47 50 52 53 54 55 58 59 60 62 63 66 67 68 71 73 75
24 42 44 47 48 50 51 52 54 55 61 63 66 68 69 70 72 73 74
30 43 44 46 47 48 50 54 56 57 58 59 60 61 62 63 64 65 67 71 73
16 44 45 50 52 55 56 59 61 63 64 65 66 67 68 69 70 75
29 44 45 46 47 48 49 52 53 55 57 58 60 62 65 66 68 73 74
16 48 49 52 53 54 55 57 58 59 61 62 63 64 67 69 70 71 72 73 75
10 46 49 50 54 55 58 60 63 64 65 70 72 73 75
25 48 49 50 51 54 58 59 61 62 63 64 68 69 73 74 75
27 48 49 51 52 54 56 57 58 60 61 62 65 70 71 72 75
26 50 52 54 55 56 57 59 66 67 69 70 71 72 73 74
26 51 52 55 59 63 64 65 66 72 73 75
28 51 55 56 58 59 64 66 68 69 73
15 56 57 60 61 62 67 70 71 74 75
26 53 57 60 61 63 65 66 67 68 69 70 71 73 74
18 54 57 58 64 66 67 70 71 72 74 75
21 59 60 61 62 65 66 67
21 56 57 59 60 61 62 64 69 70 72
29 59 60 64 70 71 72
13 58 59 64 65 66 67 68 69 70 72 73
10 59 63 64 65 66 67 68 69 71 72 73
17 60 62 64 65 67 68 71 73 74 75
17 61 63 64 65 68 69 74
22 67 68 69 72 73
28 63 64 65 69 73 75
22 66 67 68 70 75
17 65 66 69 70 71 72 75
27 66 67 68 70 71 72 75
21 67 68 69 70 71 72
21 69 71 72 75
29 71
14 72 73 74
27 71 72 75
16 74 75
23 75
29
20
15
