100	5	10000	10
-4	578	22
-4	140	21
-1	710	21
-3	203	13
-5	816	23
733 2 3 4 6 7 9 11 12 13 15 18 23 31 32 34 36 37 38 39 40 41 44 45 46 47 48 51 52 53 54 58 60 62 67 71 73 75 77 79 81 82 84 85 90 96 98 99 100
970 3 4 5 6 7 10 15 16 17 18 19 22 24 25 27 28 29 33 35 37 38 41 42 43 45 48 50 52 53 54 56 57 58 59 60 66 67 72 73 74 76 77 83 85 86 89 90 91 94 98 99 100
924 4 5 6 9 11 13 14 15 17 18 19 21 26 27 32 33 34 36 37 40 42 46 52 53 54 55 56 58 59 61 63 66 67 68 69 74 75 76 79 80 82 83 84 85 90 91 95 96 97 98 99
836 6 7 9 11 15 17 18 19 20 22 23 25 27 30 32 33 34 37 42 43 46 47 48 49 51 55 57 58 59 60 65 68 71 73 74 75 76 77 78 85 86 88 93 94 95 97 98 99 100
726 9 10 11 13 15 18 21 22 23 24 27 29 30 31 36 39 40 42 43 45 46 48 49 50 51 52 53 54 56 58 59 60 63 64 65 66 67 71 72 74 77 79 80 81 82 85 86 87 90 91 94 95 96 97 98 99 100
295 7 9 10 12 13 17 20 21 22 24 27 31 34 37 38 39 41 42 48 50 52 54 55 56 57 61 66 67 68 69 70 71 73 74 76 80 83 85 86 87 88 91 92 93 97 100
182 8 10 12 13 16 24 25 28 30 32 34 35 40 45 46 49 50 51 56 59 60 61 62 65 66 69 73 74 76 80 81 83 85 86 87 88 91 92 94 95 97 98 100
408 10 11 18 19 23 25 30 31 32 33 34 35 37 38 40 41 44 50 51 53 54 55 56 57 58 59 60 61 63 64 66 68 69 70 71 72 73 75 76 78 82 83 85 88 90
660 10 12 13 15 16 17 18 20 22 25 26 29 33 35 36 43 44 45 49 50 51 53 58 59 60 62 64 73 76 77 81 82 83 84 87 90 91 93 97 98 99
191 14 15 18 21 22 23 25 26 29 31 32 34 36 39 40 44 45 46 47 49 54 56 57 58 63 65 66 70 72 76 77 78 79 80 81 82 83 84 85 89 90 92 96 97 99 100
816 12 14 16 17 18 19 21 22 23 27 32 34 35 37 39 42 44 45 47 48 49 50 51 52 61 63 64 67 68 70 71 72 73 74 75 76 80 82 83 84 87 90 91 92 94 95 96 97 99 100
598 15 16 19 20 21 22 23 24 25 27 28 29 30 31 33 34 35 37 44 50 51 52 53 56 61 63 64 65 68 69 71 72 76 77 79 80 82 83 84 85 86 87 90 91 92 94 99
849 14 15 16 19 21 22 23 26 28 30 31 32 34 35 37 38 40 45 48 49 50 51 58 61 62 64 68 69 72 74 75 76 77 78 79 80 81 85 87 88 89 92 93 94 95 97 99 100
203 16 18 20 23 26 27 29 30 36 37 38 39 41 42 43 44 47 48 52 54 55 59 60 61 66 67 68 69 72 73 77 78 79 80 81 82 83 85 89 90 92 93 96 97 98 99
127 16 21 23 25 26 27 28 30 31 33 34 35 36 38 40 41 42 44 47 52 54 55 59 61 63 65 66 67 68 69 71 72 73 74 76 80 82 84 85 87 88 89 93 95 96 97 100
750 18 21 22 24 25 29 31 32 33 34 35 36 38 45 46 49 50 51 53 54 56 59 60 61 62 66 67 69 71 73 75 78 79 82 86 89 91 95 96 99
137 18 21 23 25 27 28 29 32 33 34 38 39 40 41 43 44 45 47 49 52 53 54 56 58 62 64 65 67 68 70 74 75 82 83 89 90 92 93 94 96 98 100
590 19 20 21 22 24 29 30 31 34 35 39 40 41 43 44 46 47 48 51 55 56 58 61 63 64 65 66 68 69 70 72 73 77 79 80 84 86 88 89 90 92 96 97 98 99 100
795 22 24 29 30 31 32 35 36 38 39 40 42 44 45 46 47 50 51 56 57 58 60 61 62 63 64 67 68 69 70 73 74 75 82 84 85 86 87 88 89 90 91 93 94 95 96 98 99
657 21 24 26 27 28 29 30 32 33 34 37 39 40 41 42 43 45 47 48 51 52 53 55 56 57 61 62 67 69 71 75 76 77 78 79 81 82 84 85 86 87 89 90 91 93 94 96 97
955 22 24 25 31 32 33 36 38 39 42 44 45 46 48 49 51 55 56 58 59 61 62 65 66 68 69 70 72 73 74 76 78 79 80 81 83 84 85 89 90 93 94 95 98 99
615 27 28 29 32 36 38 40 42 43 45 46 47 48 49 50 51 53 55 56 58 60 62 68 71 72 73 76 78 81 87 88 93 94 95 97 98 99
616 26 27 29 30 31 32 34 38 39 42 44 46 49 52 54 55 56 58 62 65 71 75 78 80 81 83 85 88 89 90 94 96 97 99
388 25 26 30 31 32 34 39 41 42 43 44 47 48 50 54 56 60 62 63 66 70 71 73 74 75 81 83 85 88 92 93 95 96 97 99
873 28 29 30 31 32 33 34 36 38 40 42 43 44 45 46 48 50 51 54 61 62 66 67 69 75 77 79 81 82 88 89 90 91 92 94 95 98 99
665 31 32 33 35 36 38 39 41 43 44 45 46 48 49 50 51 55 56 61 65 67 70 74 77 78 79 82 87 89 94 95 96 97 99
922 30 33 37 39 44 46 48 49 50 52 55 56 58 59 60 63 64 65 66 68 69 70 71 72 73 74 76 77 79 83 87 88 91 93 94 95 96 97 98 99 100
922 29 30 34 35 36 41 42 43 46 47 48 53 54 58 62 64 69 70 71 72 74 76 80 81 82 83 84 85 89 93 96 99 100
941 32 36 37 41 43 45 46 47 48 49 50 52 56 57 61 62 63 64 65 66 70 73 74 75 78 82 86 87 91 92 95 97 98 99
133 32 33 35 37 38 39 41 42 43 45 46 47 51 52 53 54 55 60 62 63 64 65 66 67 68 70 71 73 74 77 79 82 83 84 86 91 92 95 96 98 99
997 32 34 39 40 42 44 45 48 49 51 52 55 56 58 60 61 62 64 65 67 70 72 73 74 76 78 80 81 82 84 85 86 88 90 93 94 97
139 34 35 36 39 42 43 45 47 53 56 57 59 61 62 65 67 68 69 70 73 74 76 79 80 81 82 86 87 88 91 94 95 96 99
969 34 36 37 39 40 42 44 48 50 51 52 53 55 56 59 61 62 65 68 69 76 78 79 82 84 87 90 91 92 94 95 96 98
795 36 39 41 42 43 44 50 51 58 60 61 68 69 70 73 75 77 79 81 83 84 87 91 92 93 94 95 96 98 100
348 36 38 39 42 44 45 49 50 54 56 57 58 60 61 62 65 66 67 68 70 72 74 75 78 79 80 82 83 84 85 87 88 89 90 92 94 100
480 39 40 41 42 44 47 51 53 56 58 60 61 62 63 65 66 68 70 71 72 74 76 82 84 86 87 89 90 92 94 95 96 98 99
440 38 40 42 43 44 45 46 47 49 50 52 53 54 55 56 58 59 60 61 62 63 65 67 70 71 72 77 79 80 81 83 85 87 94 95
975 40 41 42 44 45 46 47 48 50 51 52 54 55 60 62 64 66 69 71 72 73 75 76 77 78 79 81 82 84 85 86 90 92 96 98
146 40 42 50 51 52 54 55 56 60 62 63 64 65 66 67 68 69 75 80 81 82 83 84 85 86 88 91 93 96 98 99 100
720 41 47 49 50 51 56 57 58 59 60 62 63 64 67 68 69 70 71 74 75 76 77 78 80 82 85 86 89 90 91 92 93 95 96 97 98 100
289 42 43 44 45 50 51 52 54 55 60 61 63 66 68 70 72 78 79 80 83 84 85 88 91 92 94 95 96 98
844 44 46 49 50 52 53 54 55 56 58 59 64 65 67 69 71 73 74 76 77 79 82 84 85 87 89 91 92 93
173 44 45 50 51 52 54 55 57 59 61 63 66 69 70 73 74 77 78 79 81 85 89 91 93 94 96 99
588 45 47 50 52 53 56 57 60 61 65 68 69 70 72 73 74 79 80 82 83 84 86 87 89 90 92 93 94 95 98 99
697 46 48 49 51 52 55 58 59 62 65 66 67 69 70 74 77 78 79 81 86 90 91 97 99
645 47 50 52 56 57 60 62 63 64 65 67 71 72 74 77 78 80 81 82 84 85 86 94 95 96 97 99
201 48 55 57 58 60 64 66 67 70 74 78 80 82 83 84 88 93 94 96 97 98
583 51 52 53 55 56 57 58 61 64 68 69 70 71 73 76 80 81 83 85 86 89 93 95 96 98
544 53 57 58 61 64 65 66 68 69 71 76 77 78 79 82 84 87 88 93 97 98
725 51 52 53 56 57 59 61 64 72 74 76 77 81 82 85 86 87 89 91 95 98
349 52 53 54 55 56 57 61 62 64 68 70 71 74 76 79 80 81 84 85 86 91 92 95 96 97 99
820 53 55 58 59 60 61 64 65 67 74 77 79 83 85 87 90 91 92 94 95 96 100
996 56 59 60 63 66 70 72 73 76 77 80 82 84 85 87 95 98 99
934 55 56 57 58 59 61 62 65 68 71 73 76 78 81 83 84 87 88 89 90 91 92 93 95 99 100
288 56 57 59 61 63 65 68 74 75 78 80 84 87 88 91 92 94 95 96
587 57 58 62 63 64 66 69 71 72 73 74 75 78 81 83 84 86 87 88 90 91 92 94 95 97 99 100
561 58 62 66 67 70 71 73 76 77 80 81 83 85 94 96 98 99 100
184 63 64 67 71 72 73 75 76 79 80 83 85 88 89 90 96 100
727 61 62 65 67 68 71 72 74 77 80 82 83 84 87 90 92 93 94 96 97 98 99
965 63 64 66 69 70 71 75 76 79 81 82 84 85 87 89 90 91 93 94 97
219 65 67 69 70 73 74 76 77 78 79 81 84 89 90 91 93 94 96 98
953 63 65 67 68 76 78 79 82 83 86 87 90 92 95 96 99 100
171 64 66 67 68 69 70 75 76 77 80 82 85 86 88 89 92 93 94 96 97 98 99
458 66 67 68 69 71 75 76 77 78 82 89 90 92 94 97 99 100
514 66 72 74 75 76 77 78 81 82 83 89 90 92 93 94 96 97 98 99 100
553 67 68 69 70 73 77 78 86 88 93 94 97 98 100
827 74 76 78 80 82 83 86 87 89 92 95 96 97 98
947 69 71 72 74 75 77 78 80 81 82 83 88 89 93 95 96 97 100
193 75 80 84 89 91 94 97 100
424 72 76 77 78 81 82 83 87 88 89 90 91 92 96 97 98 100
957 72 74 75 80 81 82 83 85 86 87 88 89 92 93 95 97 98 100
693 74 79 82 88 90 91 94 95 96 98 100
776 74 76 79 81 82 83 87 88 90 93 96 97 99 100
935 76 77 88 90 91 95 97 98 99
193 76 78 80 83 87 88 89 90 92 93 95
735 79 80 82 85 86 87 89 92 93 95 96 97 98 99 100
284 78 81 83 84 85 86 87 90 93 95 96 99 100
250 81 85 86 87 89 90 93 96 98 100
203 80 85 87 88 92 93 94 95 98 99
366 82 83 84 85 90 91 92 96 97 98 99 100
114 82 85 88 89 92 93 94 95 97 99
327 83 86 88 89 90 92 93 95 98
558 85 89 92 93 96 98 99
601 85 86 90 91 92 93 94 99
398 93 95 97 99 100
308 89 92 99
660 88 90 91 93 99 100
394 90 91 95 99
917 91 93 94 100
347 92 95 96 97 98 99
772 92 93 94 95 96 99 100
799 94 95 96 97 99
382 97 98 99 100
931 98 99
945 97 98
745 97 100
749 98 99
716 100
222
122
