100	5	200	1
0	3	23
0	19	21
0	10	16
0	6	20
0	9	20
10 4 5 6 7 10 11 12 13 15 19 23 25 26 29 32 33 36 39 40 45 47 48 54 56 58 59 60 61 62 64 66 68 73 74 75 76 77 79 83 84 85 86 88 89 91 96 97 98
10 3 4 5 7 10 11 13 14 18 20 22 23 24 26 28 31 33 35 36 37 38 41 42 46 48 52 53 56 59 63 64 67 75 76 78 82 83 86 88 90 91 94 97 100
12 4 8 10 13 16 17 18 19 20 22 28 37 39 42 43 44 45 50 51 52 54 55 57 58 60 62 67 71 72 75 76 79 80 81 83 84 85 86 88 91 94 95 100
13 6 7 9 10 14 16 17 20 23 26 29 31 32 34 38 42 45 46 49 50 51 52 53 54 56 58 61 65 66 67 70 71 72 74 75 79 80 81 83 87 91 93 94 95 96 99 100
14 6 7 8 12 15 16 17 18 21 24 26 27 28 33 34 36 42 43 46 49 53 54 55 57 58 59 61 63 66 68 69 70 71 72 75 76 81 84 87 89 90 92 96 97
17 7 8 17 19 22 23 26 29 30 31 33 35 36 38 39 41 42 45 46 51 53 54 58 62 64 65 66 72 75 78 81 82 83 85 87 89 92 94 97 100
12 8 11 12 18 19 21 22 23 24 25 29 31 32 34 37 38 40 42 44 45 46 47 51 56 58 60 62 63 64 65 70 73 75 76 77 79 80 81 83 84 88 90 92 96 99 100
11 10 15 18 19 20 24 28 31 33 39 46 47 49 52 55 57 59 61 63 69 70 73 77 79 80 83 85 88 89 92 93 94 97 99
19 10 11 14 19 26 30 33 35 36 38 40 44 45 47 48 49 50 52 53 54 55 59 60 62 65 68 69 70 72 73 74 75 76 83 84 87 88 89 90 91 94 95 98 99 100
6 11 12 14 16 17 18 20 21 24 29 30 33 35 36 37 39 44 46 48 53 55 56 58 59 61 62 63 64 66 67 68 69 70 71 73 74 76 77 81 83 84 85 86 87 88 89 90 91 92 100
19 12 15 16 17 18 21 22 24 27 28 29 41 42 43 44 45 47 49 50 51 53 54 56 60 61 62 63 64 65 66 70 71 74 75 77 78 87 89 92 93 94 97 98
6 13 16 17 18 21 22 23 25 26 32 33 34 38 40 42 45 46 49 50 52 56 60 63 64 66 67 68 69 71 72 73 78 79 82 84 85 86 88 90 91 93 94 97 99 100
5 15 17 20 21 26 27 29 33 38 39 41 43 46 47 50 51 54 56 58 61 65 66 68 70 73 76 77 78 80 82 85 89 91 92 93 97 98 99 100
14 16 17 19 21 22 25 26 27 28 30 32 34 39 41 42 43 45 48 49 50 51 55 56 57 59 60 61 64 66 67 68 69 74 76 78 80 89 90 94 97
13 16 22 23 26 30 31 32 33 35 36 37 41 43 47 48 53 54 55 56 57 58 59 60 61 64 66 68 69 73 76 77 78 79 81 85 87 89 92 94 96 98 99 100
3 17 20 25 26 27 28 33 34 35 37 39 40 41 44 47 48 50 51 52 53 54 57 58 60 62 63 66 69 70 71 72 74 75 76 77 78 79 80 82 84 87 88 91 92 93 95 97 99 100
17 18 19 20 21 23 25 27 28 30 31 35 37 38 39 41 42 45 47 53 56 57 58 59 60 61 63 66 67 71 72 74 76 78 79 80 81 82 85 86 87 89 91 92 94 97 98
19 20 21 22 23 24 25 26 27 29 32 33 34 35 40 43 46 49 50 51 52 54 57 58 59 60 63 64 65 68 69 73 74 78 83 84 86 87 88 90 96 98
18 20 21 22 23 24 25 27 29 30 33 34 38 39 40 43 44 47 48 50 54 56 57 58 59 62 65 69 70 73 74 75 76 78 79 84 89 91 92 95 97
7 21 22 24 25 27 28 29 31 32 35 36 38 40 42 43 47 48 52 54 55 58 60 61 64 65 67 68 70 71 76 78 81 84 86 87 88 90 93 95 100
16 22 26 27 30 32 39 40 42 44 46 49 51 53 54 59 60 63 64 66 67 68 70 74 75 76 79 80 95 96 97
16 23 25 26 27 29 30 33 36 38 39 41 43 45 48 49 50 51 52 53 62 63 64 65 69 72 73 75 77 79 80 83 87 89 90 93 94 95 97 99 100
12 25 26 29 31 32 33 35 36 37 38 40 43 46 49 50 51 52 54 55 56 60 62 63 66 67 71 75 76 78 79 82 83 84 85 86 88 90 92 93 94 95 100
20 27 31 32 33 34 36 38 39 40 41 43 44 46 47 48 49 50 52 53 55 59 61 62 63 64 65 68 69 72 74 75 79 81 82 83 84 88 89 90 95 98 99 100
9 26 29 30 31 36 37 38 42 43 44 45 46 47 48 49 51 52 53 59 60 61 62 63 64 65 66 67 68 70 71 77 81 83 85 86 89 91 92 95 98
19 28 33 34 36 39 40 41 43 44 53 54 55 56 57 58 59 63 67 68 70 73 74 77 78 80 83 85 86 89 90 92 93 94 95 98
19 28 32 36 37 40 41 42 43 45 47 50 51 54 55 57 62 63 65 66 67 68 69 71 75 81 82 85 87 89 92 93 94 95 96 97 100
11 30 31 34 35 36 39 40 41 43 44 45 47 48 53 56 58 60 62 63 64 65 67 73 74 75 77 79 80 81 83 85 86 87 89 91 94 96 98 99 100
8 31 36 38 41 42 43 45 46 48 49 52 53 55 56 58 62 67 71 72 73 74 76 79 82 84 86 88 91 93 94 95 96 97 100
3 33 34 35 36 37 40 41 42 43 44 45 48 50 51 53 55 57 66 67 69 70 76 85 86 88 90 91 92 93 94 96 97 98 99 100
3 32 33 34 37 39 40 41 44 45 46 48 50 53 55 56 58 61 63 65 67 69 71 72 73 75 76 78 80 82 84 85 86 87 89 90 92 93 99 100
8 33 36 39 40 42 43 45 46 47 50 54 55 59 60 61 62 64 66 67 68 70 73 75 76 79 80 83 84 86 87 88 90 94 95 96 98 99
2 34 35 36 37 39 40 41 43 45 46 47 49 50 51 53 54 56 58 60 61 65 72 74 75 81 88 89 91 92 94 95 96 98
13 35 36 37 40 41 42 44 50 51 53 56 57 58 61 62 64 65 69 72 74 75 77 79 81 83 84 90 91 93 95 100
12 36 37 38 41 45 47 49 52 53 56 59 60 61 62 63 65 67 69 70 73 74 79 83 84 86 87 90 92 93 96 99 100
3 37 38 42 45 46 52 53 54 56 59 60 62 63 65 66 68 70 72 76 79 80 81 84 85 86 87 88 92 95 99
20 38 40 41 42 43 44 46 48 49 53 54 56 57 59 63 65 66 67 71 74 75 76 77 81 83 84 88 89 90 91 92 93 95 97 98 100
7 40 41 42 44 48 49 54 55 56 57 58 60 65 66 69 70 71 74 76 77 78 79 80 82 83 84 85 88 94 95 96 97 98
3 41 44 45 51 52 53 54 55 57 58 59 61 62 67 71 73 74 75 76 83 85 86 90 95 97 98 100
4 41 42 43 44 46 47 49 51 54 59 66 67 68 71 74 77 78 81 86 91 92 96 97 98 99
8 42 44 45 46 47 48 50 53 54 55 57 59 61 64 65 69 72 73 74 75 78 83 84 86 87 88 92 93 94 95 97 98
12 43 47 53 55 56 57 62 63 64 67 68 69 71 72 73 74 78 83 84 85 86 91 96 98
2 45 48 49 51 54 55 56 58 59 62 63 65 66 68 69 70 71 72 77 78 81 82 86 87 88 90 91 92 93 95 96 100
19 45 47 48 49 53 58 59 60 61 67 68 69 70 72 78 80 83 84 87 88 89 94 96 97 99 100
6 48 50 53 56 57 59 60 61 67 72 75 76 77 78 79 80 82 88 93 94 97 100
5 48 49 50 51 57 58 59 65 66 67 68 69 70 71 74 79 80 82 84 85 86 87 89 90 93 94 96
3 48 49 52 53 54 57 59 61 62 63 65 67 70 71 74 76 77 78 80 82 84 85 87 88 95 96 97 99
9 49 50 51 53 57 59 62 68 73 79 80 81 82 87 93 95 98 99 100
4 50 51 55 57 61 62 65 66 67 69 76 77 78 79 82 83 88 89 95 99
19 56 57 59 60 61 62 63 64 65 66 67 71 72 74 75 78 80 82 83 85 87 88 91 96
20 52 53 54 56 57 59 61 63 64 65 67 72 74 77 78 80 83 85 87 90 93 94 96 100
18 53 54 55 56 60 64 66 67 69 74 75 76 77 82 84 86 87 89 90 93 95 96 97 100
4 58 62 63 64 66 67 68 69 70 72 73 74 78 79 80 81 82 83 85 86 89 96 97 99
5 55 57 59 60 61 62 63 65 68 69 71 75 76 83 85 86 92 99
8 65 66 67 69 72 75 76 79 86 87 90 92 94 95 96 97 100
5 59 62 67 68 69 70 72 73 75 76 78 79 86 88 89 92 95 96 97 99 100
4 61 63 64 66 68 69 76 77 79 81 82 83 84 89 90 92 93 96 97 98
13 60 61 62 63 64 65 66 67 70 72 76 79 80 81 84 86 87 88 91 93 94 95 96 97 98 99 100
13 60 61 62 63 66 67 68 69 70 71 75 77 78 79 80 84 85 86 87 88 89 90 91 93 94 95 96 97 100
13 62 65 67 68 71 74 77 79 80 81 83 84 85 87 91 93 94 97 98 99
15 64 65 67 68 69 70 72 73 74 75 79 80 81 82 85 86 87 89 92 93 96 98 99 100
11 64 65 68 69 70 73 74 78 79 80 82 83 84 85 86 87 88 89 90 91 95 98 99
13 65 66 68 69 73 74 75 76 77 80 81 82 83 86 87 88 91 93 94 98 99 100
19 66 67 68 72 73 75 79 84 86 87 89 91 92 93 98 99
12 69 73 74 82 83 84 89 90 92 93 94 96 97 98 99 100
18 69 73 75 77 79 81 82 83 88 89 91 92 93 95 96 98 100
4 69 71 72 73 74 78 79 81 82 83 85 86 87 90 91 92 94 98 99
4 70 71 72 74 75 79 82 84 85 88 91 93 95 99
4 73 74 76 78 82 87 88 90 91 92 94 99
18 71 72 74 75 76 78 84 85 86 87 89 91 94 96 98
17 72 73 74 76 77 78 79 80 81 83 84 85 86 87 88 90 91 92 95 97 99
20 74 76 80 81 82 84 85 89 91 98
3 77 81 82 84 85 86 89 90 92 95 96 97 100
5 76 78 80 81 83 84 86 88 90 92 93 94 96 99 100
7 78 79 83 85 87 88 89 90 92 95 99
3 77 80 81 83 84 85 87 88 89 94 98 99
8 79 80 86 87 91 93 94 97 98 99 100
20 81 86 92 94 97 99 100
15 81 84 87 88 89 90 94 95 97 98 99
10 82 85 87 88 90 91 95 97 98 99
17 83 84 91 93 94 95 97 99 100
8 83 84 85 86 87 88 91 97 98 99
6 85 88 90 92 96 100
6 85 87 88 90 92 94 96 97 100
8 87 88 90 94 98
17 90 91 92 94 97
2 88 89 92 93 94 98
17 90 92 93 94 97 98 99 100
11 90 91 92 93 94 96 98 99
11 92 95 97 98
14 93 96 97 98 99
10 93 97 99 100
15 96 97 99 100
10 97 99
19 96 97 98 99
4 97 99
2 98 100
5 99 100
10
18
