200	10	1000	10
-4	170	19
-4	109	21
-2	193	15
-1	109	24
-5	102	22
-3	181	22
-1	101	23
-5	137	17
-2	196	17
-2	145	20
157 3 4 5 7 8 9 11 16 17 18 20 22 23 24 25 26 28 29 30 33 34 35 36 38 41 43 44 48 49 50 53 57 62 63 65 68 71 72 74 75 77 79 81 82 84 88 90 92 95 99 100 102 106 110 113 115 121 122 125 126 128 130 134 135 136 138 139 140 144 145 146 147 148 151 152 153 154 155 156 157 159 161 162 164 166 168 169 170 172 173 177 180 181 182 184 185 186 189 190 192 194 195 196 199 200
300 3 4 6 11 12 13 14 15 16 17 18 19 20 21 22 23 24 27 28 30 36 37 39 40 42 43 44 45 46 47 50 52 56 57 58 59 60 63 65 68 75 79 84 86 88 90 91 93 94 95 102 105 106 109 110 116 118 120 121 128 129 130 131 134 135 137 139 141 142 143 144 145 147 149 156 157 160 162 165 166 168 170 171 172 174 177 179 185 186 189 190 191 193 195 198 199 200
275 5 6 7 10 12 13 14 16 17 19 20 21 22 25 28 29 33 35 36 40 43 44 48 49 50 51 53 56 57 62 68 69 70 71 73 74 75 76 77 79 81 82 83 84 86 87 90 91 93 96 97 103 105 106 107 108 109 111 114 115 117 120 122 123 126 127 128 129 131 132 137 138 139 140 146 147 152 153 154 156 158 160 163 164 166 167 168 169 173 175 177 178 180 181 182 183 189 190 191 192 193 196 197 200
270 5 7 8 9 10 12 15 17 19 25 26 27 29 30 31 34 37 38 39 42 43 46 51 53 54 55 58 62 64 71 72 75 77 79 82 84 85 86 87 88 89 90 93 95 96 97 100 101 104 105 107 108 111 112 113 115 117 118 121 122 123 124 126 128 130 131 133 134 138 139 141 143 144 146 148 150 152 155 157 158 159 162 163 164 174 175 176 181 183 184 188 189 191 193 194 196
215 6 7 9 12 21 24 26 27 28 29 30 31 34 35 37 38 40 41 42 43 45 46 47 48 50 51 52 54 56 57 58 62 63 64 66 67 68 72 73 74 78 80 81 87 90 91 94 95 100 102 106 107 108 109 110 111 112 114 120 121 125 128 135 137 140 142 147 148 149 151 156 157 160 164 166 168 169 171 173 175 176 178 180 186 187 188 189 191 192 194 195 199
260 7 18 19 22 24 27 29 31 32 33 36 39 43 44 45 47 49 50 52 53 57 58 64 69 71 73 74 77 79 81 82 84 85 86 91 94 97 101 102 104 108 110 111 115 117 118 121 122 124 125 127 129 130 131 133 137 138 139 140 141 143 145 147 150 151 152 153 154 155 157 160 162 164 166 168 170 171 173 175 176 177 178 179 181 182 183 184 185 189 190 193 194 196 197 198
207 8 9 12 18 19 20 21 22 23 26 27 31 36 38 39 43 45 46 48 53 54 57 59 62 63 64 66 67 69 71 72 74 75 77 79 81 82 85 86 87 88 89 92 93 94 95 101 106 109 115 117 118 123 124 125 126 127 128 130 132 133 134 135 137 140 143 145 147 148 151 154 156 159 160 162 163 166 167 168 169 173 175 176 178 179 183 184 188 190 192 195 196 199
284 9 11 13 16 18 19 20 22 24 26 28 29 30 31 32 33 39 41 42 43 44 47 49 50 53 54 55 56 59 60 61 64 69 70 73 77 78 79 82 83 84 85 87 88 90 92 93 96 99 102 103 105 106 108 109 111 112 114 115 116 119 128 130 131 132 133 136 137 139 141 143 146 147 148 149 151 155 157 159 160 161 163 166 168 169 174 176 178 181 183 184 185 186 187 188 189 192 195 200
183 11 12 15 21 22 23 24 26 27 32 36 39 41 42 45 48 49 50 53 55 57 60 65 67 71 77 78 80 82 84 85 86 87 91 93 94 95 99 100 102 103 104 106 107 109 111 113 114 115 117 118 119 121 122 123 125 126 127 129 131 132 133 138 139 142 145 150 151 152 153 156 158 166 169 170 171 172 174 175 179 180 183 184 186 187 191 192 196 198 199 200
293 11 12 14 15 17 19 20 22 24 27 29 30 38 40 41 42 43 45 47 52 53 54 55 56 58 59 64 66 67 75 76 78 80 82 84 85 88 89 92 93 96 97 98 99 100 106 111 114 115 118 119 125 126 127 128 129 135 137 138 139 143 146 147 148 149 152 153 154 155 156 157 158 159 160 161 164 168 170 171 173 174 175 177 178 182 183 184 186 188 189 190 193 195 196 198 199 200
280 13 14 15 17 23 24 26 28 31 33 34 35 41 43 45 47 50 53 54 55 56 57 58 59 60 61 63 64 65 68 72 74 75 77 79 80 82 85 86 87 88 91 92 93 94 95 96 97 98 100 101 102 104 106 107 109 113 115 116 120 122 123 124 125 126 131 132 133 134 136 137 141 147 148 152 153 155 158 159 164 166 169 170 171 172 173 175 176 177 178 179 181 182 183 185 187 191 192 193 194 196
277 14 15 16 17 21 22 24 26 27 30 32 33 34 35 38 40 43 45 48 51 52 53 54 57 58 59 62 63 64 67 68 70 71 72 75 79 80 81 82 84 86 87 89 91 92 94 95 96 98 100 103 106 108 109 111 113 116 117 119 121 122 124 126 128 129 130 133 138 139 140 147 150 154 155 157 159 163 164 166 167 169 171 173 174 175 176 177 178 179 182 184 189 191 192 193 195 196 197 200
166 15 26 27 29 31 32 33 34 35 36 37 41 44 49 51 52 53 54 55 57 58 60 62 63 68 69 71 75 84 85 87 88 91 93 95 99 100 107 111 114 116 118 119 122 125 126 128 129 132 133 135 141 142 144 145 147 150 155 157 159 161 162 166 167 168 170 171 172 175 176 177 182 183 187 190 192 194 195 196 199
177 19 20 21 22 25 26 28 29 32 33 35 41 43 45 46 49 55 56 57 60 61 62 66 67 68 70 71 72 73 74 77 80 82 85 86 87 96 97 100 102 103 105 106 108 111 112 114 120 121 122 123 124 126 127 128 129 131 133 134 135 139 141 142 143 145 148 153 154 156 157 158 159 160 161 164 165 167 171 176 180 182 184 186 190 191 195 196 197 200
225 16 17 19 20 22 23 24 25 29 33 34 35 37 38 40 41 44 45 46 49 50 53 54 55 60 63 66 67 68 69 71 72 75 78 79 80 83 84 87 88 94 95 96 97 99 101 103 107 108 109 111 116 117 119 121 122 123 124 126 131 132 135 143 144 149 150 151 153 156 157 158 162 164 168 169 172 173 176 182 183 185 186 187 188 190 194 195 197 199 200
231 19 22 24 29 30 34 35 37 38 40 42 43 47 48 52 53 56 57 59 60 64 65 68 71 72 73 74 75 77 82 84 87 88 89 90 91 92 95 101 104 109 111 112 113 115 118 120 121 123 124 125 127 128 129 130 131 135 136 137 141 143 149 153 161 163 164 165 167 168 172 173 174 176 177 182 184 186 187 191 192 193 194 196 198
156 19 21 22 23 24 27 29 30 35 36 37 38 39 40 41 42 44 47 48 51 56 57 58 59 63 65 66 68 70 72 79 80 81 82 84 86 89 93 94 95 96 97 98 105 108 112 115 116 117 119 120 121 124 125 127 128 131 134 136 142 143 144 145 147 148 149 152 156 157 158 159 160 164 167 168 169 170 172 173 174 176 178 180 181 184 185 186 187 190 196 198 200
228 19 23 26 27 28 29 32 36 37 39 42 43 46 49 50 51 53 55 57 62 64 65 66 67 70 71 72 73 75 79 82 83 84 85 89 90 91 92 94 95 98 99 100 102 104 106 115 117 121 122 125 126 127 133 135 138 140 144 145 146 148 150 151 152 153 154 155 156 157 158 160 161 163 166 168 169 171 172 176 180 181 182 185 192 193 195 196 197 199
206 21 23 25 29 30 31 32 34 36 39 40 44 45 48 52 55 59 60 61 63 64 65 66 67 72 74 76 77 78 79 81 84 85 88 89 90 98 100 101 102 103 105 108 109 111 113 114 115 116 118 125 128 130 133 135 136 137 138 139 142 145 146 147 148 151 154 157 158 159 160 161 162 167 168 172 174 183 184 185 186 190 192 193 194 195 196 197 198
292 23 25 28 29 31 35 36 39 44 46 48 49 50 55 59 60 61 64 65 66 69 73 75 76 80 85 87 89 98 102 104 105 106 108 110 112 113 114 119 122 123 126 127 128 130 132 134 136 138 141 142 144 146 150 151 152 154 158 162 163 164 165 166 167 168 170 172 174 175 177 180 181 182 183 184 186 190 192 194 197 198 199 200
280 22 23 24 26 32 36 41 42 45 46 48 49 53 54 56 61 62 63 65 68 71 73 74 76 78 80 81 84 85 86 92 93 94 95 98 100 101 106 107 110 111 113 114 115 118 119 120 124 125 130 134 138 139 140 143 144 145 147 148 149 150 153 154 158 160 163 164 167 170 171 172 173 174 177 181 183 184 189 190 191 192 194 195 196 197 198 200
168 26 29 31 32 33 35 39 40 41 46 47 49 51 53 55 58 59 60 64 65 66 69 71 72 74 75 76 77 78 79 80 81 82 85 90 91 92 94 96 97 98 99 102 103 104 105 109 110 112 114 116 119 120 121 122 124 125 126 129 130 135 141 143 144 146 147 148 153 154 161 162 164 167 168 169 172 173 177 178 180 182 185 187 191 192 194 195 197 198 200
224 24 27 28 30 31 32 34 35 37 38 39 40 41 42 45 46 47 48 49 50 51 52 53 54 56 57 58 59 60 62 65 67 68 69 71 74 75 77 78 79 80 81 83 85 86 87 91 93 97 98 100 102 103 104 105 107 108 109 111 113 114 116 119 120 121 122 125 126 127 128 129 131 132 133 136 139 140 141 142 144 147 148 149 150 151 152 155 156 157 158 160 162 164 166 171 172 173 176 177 179 180 181 183 184 185 187 188 189 190 195 196 199 200
271 25 26 27 29 32 33 35 36 37 39 40 41 42 46 47 48 51 54 58 59 60 66 71 72 73 75 77 78 80 81 83 84 85 86 93 94 95 102 104 105 106 107 108 109 111 112 115 116 121 122 124 126 127 130 131 132 134 135 138 139 141 145 149 151 155 160 165 166 167 168 169 172 173 177 180 181 185 187 188 190 192 195 200
216 29 30 38 41 42 43 45 46 51 53 55 57 59 60 62 63 65 67 68 70 71 72 73 77 79 80 82 83 86 88 90 91 92 93 95 99 105 106 107 109 113 116 125 127 130 134 135 136 139 140 141 142 146 147 148 149 155 158 159 160 162 163 164 165 167 168 170 172 182 186 187 188 191 193 194 196 198 199
168 27 31 37 38 40 41 45 47 48 50 51 52 54 55 56 57 58 60 61 64 68 71 72 75 76 77 80 88 89 91 92 96 97 98 99 100 101 103 104 106 107 109 110 111 114 115 120 123 124 125 127 128 129 131 133 134 136 138 139 142 145 146 148 149 153 154 159 160 161 164 167 169 173 179 181 183 184 190 193 195 196 197 198 199
238 29 38 41 43 44 45 46 47 48 49 50 51 57 58 59 64 66 68 70 71 72 74 79 81 84 85 86 89 90 91 92 93 95 97 103 105 108 109 110 112 114 115 116 119 121 124 125 128 131 132 135 136 137 138 140 141 145 149 150 151 152 154 155 156 157 160 161 162 165 166 168 169 171 175 176 177 178 182 185 186 187 189 192 194 195 197
237 29 30 34 36 37 38 41 42 44 45 46 47 50 52 55 56 57 58 59 60 63 65 66 69 74 75 80 81 82 87 88 90 92 95 96 97 99 100 103 104 105 106 110 111 112 113 114 116 117 120 124 127 129 131 134 146 147 149 150 155 156 160 162 166 167 170 172 173 174 176 177 178 179 180 182 183 184 186 187 189 191 192 194 196 198
237 30 31 34 37 38 42 44 45 48 49 52 53 55 57 58 59 60 61 62 63 65 68 69 70 71 72 76 77 79 82 83 86 87 88 92 93 96 97 100 104 105 107 110 113 114 118 119 124 129 131 132 135 137 138 145 148 152 155 157 158 159 160 163 164 165 166 167 169 170 173 175 176 178 183 186 192 193 194 198 199
294 31 32 35 36 40 41 43 46 47 49 55 58 60 63 67 68 69 70 75 77 81 83 85 86 89 92 94 95 97 98 99 100 102 103 104 106 107 109 111 113 115 116 121 122 124 127 129 131 133 136 139 141 143 144 148 149 153 156 158 159 160 162 163 164 166 168 171 174 175 176 178 180 182 184 186 188 190 192 194 199 200
286 34 35 36 39 40 41 42 44 46 47 50 51 52 53 56 63 64 65 66 67 70 72 74 75 77 79 81 85 88 89 90 92 93 94 95 98 101 106 107 108 109 111 115 116 120 122 127 132 133 135 137 138 139 140 144 146 148 149 150 151 152 154 155 158 159 160 161 166 168 169 172 174 175 176 177 179 180 182 183 189 191 193 194 195 200
153 35 36 40 41 43 44 45 46 47 49 50 52 53 55 59 60 66 67 70 71 75 76 78 82 83 85 88 89 90 92 94 95 97 98 99 101 102 103 105 109 110 115 116 119 120 122 123 124 125 130 133 135 140 142 146 147 150 151 152 154 155 157 163 164 168 169 171 173 174 175 176 178 180 182 183 185 186 188 190 191 192 193 194 196 197 198 199
255 36 41 42 43 46 47 49 50 51 54 55 57 60 64 67 68 69 70 72 73 76 77 78 79 80 81 85 86 88 89 90 91 95 96 97 99 100 108 112 113 114 115 116 117 118 120 125 126 128 129 130 133 134 136 137 140 142 145 146 147 148 149 154 156 161 162 163 165 166 167 168 171 172 174 178 179 182 188 190 191 192 193 196 197 200
190 35 36 37 38 41 42 46 48 52 55 56 58 59 61 62 64 66 67 72 77 79 80 85 86 87 88 89 92 94 95 97 98 101 104 105 106 107 108 111 113 114 116 117 118 121 122 125 126 127 130 131 132 134 137 139 140 142 143 146 147 149 151 154 156 162 163 167 173 174 179 181 182 185 186 188 189 191 193 194 197 200
252 36 38 42 43 44 47 48 50 52 53 55 57 58 59 60 61 62 65 66 67 68 71 72 73 74 75 76 77 79 80 82 83 86 88 89 92 98 99 101 102 104 106 107 108 111 113 116 117 119 121 123 126 127 128 131 132 133 137 138 142 143 148 153 154 155 158 163 164 166 170 173 174 178 179 181 182 186 189 191 192 193 195 199
266 38 39 42 43 47 49 51 52 53 56 58 60 62 63 64 65 69 70 71 72 78 79 80 81 82 83 85 86 89 90 95 96 98 99 100 101 102 104 107 112 114 117 118 119 120 121 124 129 133 135 136 138 139 140 143 147 150 152 153 154 155 156 157 161 162 163 168 174 175 176 177 179 180 181 182 185 186 187 194 195 196 197
242 38 42 44 46 47 48 49 50 51 52 54 55 56 57 59 60 63 64 65 67 68 72 73 74 75 77 79 80 82 84 86 87 89 92 93 95 98 99 100 101 103 106 110 111 113 114 115 116 117 119 120 126 127 133 135 136 140 143 144 146 147 148 150 153 154 156 158 160 161 164 165 166 171 172 175 176 179 182 184 187 189 190 191 192 195 198 199
221 41 42 44 45 50 51 52 53 55 57 60 65 66 72 73 77 80 82 84 85 88 90 91 92 93 96 97 100 102 106 110 111 112 113 116 117 118 120 123 128 129 130 132 138 140 141 142 143 144 149 152 153 155 156 159 160 162 163 166 171 172 173 174 178 179 182 186 190 191 192 193 195 197
264 45 46 50 53 56 57 59 60 61 63 65 75 77 81 82 84 86 87 91 92 94 95 96 97 98 102 104 105 106 109 111 112 114 115 118 119 121 125 126 127 128 129 130 132 133 135 136 137 140 142 144 146 150 151 153 154 155 156 157 158 159 167 168 169 170 172 173 175 178 185 186 188 189 190 192 193 194 195 197 198 199
235 42 43 44 45 46 51 54 55 57 59 65 66 67 69 70 72 73 75 76 77 80 82 83 85 87 88 89 90 92 94 96 97 101 102 105 107 110 111 113 115 116 119 120 121 122 123 124 126 129 130 133 135 138 139 141 142 143 144 145 146 147 154 158 162 167 168 171 173 175 176 177 182 183 186 187 188 192 198 199 200
193 42 44 45 46 47 50 52 57 58 60 61 63 65 67 68 69 73 74 76 78 81 83 85 89 91 92 94 96 97 98 99 100 103 105 107 109 111 114 115 116 117 118 119 120 123 124 126 128 129 131 132 136 137 138 139 142 145 146 149 151 152 153 154 159 160 161 164 166 168 169 175 176 178 180 181 183 184 185 186 187 189 191 194 195 198 199 200
281 46 48 49 51 52 53 54 55 56 57 59 61 62 64 68 72 75 76 77 78 80 82 84 85 86 89 90 93 96 99 100 105 107 108 110 114 119 120 121 123 127 128 134 135 136 139 140 145 146 149 150 151 154 156 159 160 161 162 163 164 165 167 168 170 171 173 174 175 176 177 179 180 181 183 184 187 188 190 193 194 195 199
299 44 46 47 49 50 53 55 56 58 62 63 64 67 68 69 70 71 72 73 74 75 76 81 82 83 84 85 86 87 88 89 90 93 94 95 96 97 98 102 103 105 106 107 111 113 116 118 124 125 126 129 130 131 132 134 140 141 145 146 147 149 152 156 158 159 161 162 165 167 169 171 177 180 181 182 184 185 186 188 189 190 191 192 193 194 195 198 200
192 45 46 47 48 49 50 52 53 54 55 56 58 59 60 63 69 70 71 72 74 77 78 81 82 87 89 93 95 97 99 100 101 104 105 108 109 111 112 113 115 116 117 119 120 121 123 124 125 126 128 133 134 137 138 139 140 141 143 144 145 148 152 158 161 162 163 165 166 168 169 170 172 173 176 177 178 179 180 183 185 186 189 190 191 192 194 195 196 198 199 200
251 47 49 50 51 57 58 59 60 65 68 69 70 74 76 77 84 85 87 88 89 90 93 96 97 98 99 100 101 108 109 111 112 113 114 116 119 120 121 122 124 125 126 133 134 135 136 137 138 139 141 142 143 144 146 147 148 149 152 153 156 157 158 161 163 166 167 169 172 173 174 175 176 177 180 182 183 184 185 188 189 194 195 198
159 48 49 51 57 60 64 65 66 70 71 72 73 76 77 78 82 84 85 87 88 89 91 92 93 95 97 99 100 101 103 104 105 106 107 110 111 113 115 117 122 125 128 130 134 137 138 139 141 145 146 147 149 150 151 152 154 155 158 159 163 164 167 169 172 173 174 175 179 181 184 185 186 188 189 190 191 194 196 199
267 49 50 53 54 55 56 58 60 62 63 67 69 72 75 77 78 81 82 83 86 87 88 89 91 92 94 95 99 100 103 104 106 107 108 109 110 112 113 117 118 120 121 124 125 127 128 129 131 132 136 140 141 144 145 148 152 155 156 161 162 163 164 165 166 167 170 173 175 176 177 178 179 180 181 183 186 188 189 192 196
154 51 52 53 55 56 58 59 62 63 64 65 66 67 72 73 74 76 77 79 81 82 84 85 86 89 91 93 94 95 97 98 99 101 104 106 110 115 118 119 122 124 128 131 133 134 136 138 140 142 144 146 147 150 151 153 154 155 157 158 159 160 161 162 168 170 172 174 177 178 180 185 187 188 190 191 192 193 195 196 199
294 50 51 52 53 55 56 59 61 62 63 65 66 67 69 73 74 75 77 80 84 85 86 87 88 90 92 93 95 96 99 100 101 104 105 107 108 109 112 114 116 117 118 119 122 126 130 131 132 134 135 137 139 140 143 147 148 149 151 155 159 160 162 163 167 168 169 175 179 180 181 182 183 184 185 186 189 191 193 195 197 198 199 200
171 51 52 53 55 57 58 64 68 69 71 72 74 76 79 80 82 87 88 89 94 95 97 99 103 104 105 110 111 116 117 119 122 123 124 126 127 128 129 130 131 134 135 139 141 142 143 149 152 155 156 157 161 162 163 165 167 168 169 170 171 173 175 177 181 183 186 187 188 189 190 193 195 196 198 199
193 52 57 58 61 62 63 66 67 68 69 70 71 74 75 76 78 80 82 83 84 85 86 88 92 93 94 95 96 97 102 103 104 106 112 116 119 120 121 125 126 127 128 129 130 133 135 139 141 143 145 147 151 152 154 158 159 161 162 164 167 168 169 172 173 174 176 178 179 180 181 182 183 185 186 187 188 189 190 192 193 194 196 199
275 55 57 58 59 62 63 65 67 68 69 71 72 74 77 78 80 81 87 90 94 95 96 97 98 99 100 101 102 105 108 111 112 113 115 119 122 123 127 128 129 131 138 139 141 142 143 145 147 151 152 153 154 155 156 157 159 160 163 164 165 166 168 169 171 172 174 175 177 178 180 181 183 184 185 188 192 194 195 197
187 55 56 57 58 59 61 63 66 67 68 71 72 73 75 77 81 82 86 88 89 90 92 94 95 97 99 101 102 103 105 107 108 114 116 117 118 119 121 124 125 126 127 130 131 138 139 145 147 150 159 160 163 164 169 170 172 174 175 176 178 179 181 182 183 185 186 191 192 196 197 198 200
257 56 57 65 66 69 70 71 73 74 76 78 80 82 83 85 86 87 89 90 91 92 93 95 98 99 100 101 103 107 108 110 111 113 115 118 119 121 122 125 127 129 133 134 137 139 141 143 147 148 149 150 153 155 158 161 163 164 165 166 169 171 173 176 177 179 180 181 182 183 187 188 190 192 193 194 198 199
233 56 59 60 61 63 64 66 67 68 69 71 75 76 78 80 82 84 85 87 89 91 93 95 97 98 100 101 102 103 104 106 108 111 114 116 117 118 120 121 122 124 128 129 131 135 137 138 141 142 143 145 146 148 150 151 152 157 165 167 168 171 172 176 177 178 180 181 182 183 184 188 190 192 193 199
247 57 59 60 63 64 65 66 68 69 72 73 74 76 77 79 80 84 85 87 88 91 92 93 96 99 102 103 106 107 108 110 111 112 113 114 115 120 121 125 126 130 131 132 135 141 143 144 145 148 149 150 158 159 161 162 164 165 166 167 168 169 173 174 177 182 183 186 188 189 190 192 196 197 198
218 59 63 64 65 66 67 69 70 71 72 78 81 84 87 88 89 90 91 93 96 97 99 100 102 105 106 107 108 112 113 116 119 121 122 124 126 127 129 131 133 136 140 143 145 148 150 151 158 161 164 165 167 170 178 179 180 181 185 188 189 190 191 193 194 195 197 199
209 61 62 64 66 67 75 76 80 81 82 83 84 87 89 90 91 98 101 103 104 105 106 107 108 111 112 115 116 117 118 119 122 123 124 126 127 129 130 136 139 141 143 144 148 149 151 152 153 154 155 156 158 162 163 164 166 168 171 172 174 175 176 178 179 180 181 182 186 187 188 193 196 197
279 61 67 68 69 71 75 76 80 81 84 85 86 87 88 89 90 91 92 96 97 98 99 101 102 103 104 110 111 112 116 117 118 120 130 135 136 137 138 144 146 147 150 153 156 159 160 161 163 164 165 168 169 170 171 174 175 181 182 183 185 186 187 189 191 194 195 197 199
272 62 63 64 65 67 70 71 76 80 81 85 87 88 89 90 91 92 95 96 97 98 99 104 106 107 108 109 111 112 113 114 115 117 121 122 123 126 129 130 133 134 135 136 137 139 141 142 143 144 147 148 150 151 155 157 159 160 161 162 164 165 166 167 168 170 172 173 174 175 176 178 179 183 184 185 187 191 192 194 196 197 198 199
278 66 67 68 70 73 76 77 78 79 80 85 86 87 89 93 96 97 98 101 104 106 110 111 112 115 119 120 122 125 129 130 136 140 142 143 145 146 149 151 152 154 156 157 159 161 162 163 164 165 168 171 172 173 174 178 181 182 183 186 191 193 194 195 196 197 198 199 200
153 63 65 67 69 71 73 76 78 79 81 82 83 85 88 89 90 96 97 101 103 106 108 111 112 115 116 117 120 123 127 129 131 132 134 137 138 141 143 144 146 149 150 157 160 161 163 164 168 170 171 172 173 174 175 177 181 183 184 185 186 187 189 190 191 192 193 198 199 200
291 65 68 69 70 72 77 79 80 83 84 86 88 91 92 96 100 102 103 104 106 107 108 109 110 112 113 117 118 121 122 124 125 126 131 133 134 136 141 144 145 148 156 158 159 161 164 167 168 169 171 172 173 174 175 178 181 183 185 186 187 188 190 193 194 196 198
157 65 68 71 72 73 74 77 78 80 81 83 84 86 89 94 95 97 100 102 104 106 107 112 113 114 116 118 120 122 124 127 128 129 130 131 132 136 137 139 140 142 144 146 151 155 156 157 158 159 161 162 165 166 171 173 175 176 177 178 180 182 185 189 194
257 69 71 72 74 75 77 84 85 93 94 98 106 110 111 113 114 116 118 119 123 124 125 126 128 129 130 131 133 135 136 138 140 141 142 143 145 146 147 148 150 151 154 155 156 157 158 159 160 161 162 163 164 165 167 168 169 174 175 177 178 179 184 186 188 190 191 194 196 197 199 200
265 67 70 71 72 74 77 83 88 91 93 95 97 99 100 105 107 108 109 110 111 112 113 115 116 117 119 120 121 123 127 128 129 130 132 136 140 141 142 143 144 145 146 151 152 153 154 155 157 158 161 163 165 166 169 170 171 177 179 180 182 183 184 186 188 193 195 196 197 198 199 200
182 70 71 75 76 82 84 85 86 87 91 93 95 97 99 100 102 104 107 108 110 112 114 121 123 125 127 133 135 136 137 138 139 140 141 143 144 145 147 148 150 152 153 154 156 157 159 162 167 169 170 171 172 176 185 187 188 190 191 193 194 196 197 199 200
246 70 72 73 75 76 77 79 80 81 84 86 87 89 90 95 96 98 99 102 103 105 108 111 114 115 116 117 120 122 123 124 127 129 131 133 135 137 138 139 141 145 148 150 151 153 154 158 161 162 163 164 165 166 169 171 173 179 180 182 183 184 185 189 190 192 193 196 197 198 200
286 71 72 78 79 80 85 88 90 91 92 93 96 98 99 101 102 104 113 116 117 119 120 121 123 133 135 136 137 138 139 140 142 143 147 148 149 150 153 154 155 158 161 162 163 164 165 166 167 169 171 172 174 176 177 181 187 189 192 195 197 198 200
287 71 72 75 78 79 80 84 85 86 87 88 91 92 93 96 97 99 101 102 103 105 107 109 113 114 115 116 117 118 120 122 123 124 126 127 128 129 131 134 136 137 140 141 144 146 148 150 154 156 157 158 160 161 167 170 174 175 176 178 179 180 181 183 185 187 193 196 198
224 72 73 78 81 82 86 88 91 92 93 99 101 102 105 106 109 111 113 116 117 118 121 127 128 129 131 133 137 139 141 142 144 152 155 156 158 160 162 164 166 167 170 171 172 173 180 186 187 192 193 195 196 197 198 200
290 74 77 78 83 85 86 87 90 92 93 95 99 100 102 106 107 110 111 112 114 116 119 123 124 126 127 128 130 131 134 135 136 137 138 140 143 146 148 150 151 153 155 156 157 158 159 161 162 163 164 165 166 168 171 173 179 181 182 183 186 189 190 192 193 194 195 199
160 75 76 78 85 88 89 90 93 97 98 101 103 104 107 109 114 116 117 121 122 124 126 129 130 131 132 133 134 135 138 141 142 143 144 147 149 151 152 153 158 162 167 168 169 173 174 176 179 180 181 183 185 186 188 189 192 198 199 200
192 75 77 78 79 81 83 84 85 88 90 91 93 95 96 98 102 104 111 113 116 117 119 121 122 127 128 130 131 134 138 140 150 151 152 157 158 159 160 161 162 164 165 167 170 173 174 178 180 182 183 185 187 191 192 193 195 196 197 199 200
175 76 82 84 92 93 94 102 103 105 106 107 109 110 112 113 119 120 123 124 134 136 137 138 139 140 143 149 150 153 156 159 160 163 170 171 174 175 176 179 181 184 185 186 191 192 193 195 197 198 199
214 78 87 89 90 91 95 103 105 107 110 113 114 115 117 124 125 127 128 129 130 134 136 137 138 139 141 143 145 148 149 151 152 153 154 156 157 158 161 165 166 167 168 169 170 171 172 173 174 175 178 179 182 183 184 185 189 190 191 194 195 197 199 200
200 78 80 84 85 86 88 89 93 94 95 96 97 99 100 103 104 105 107 108 109 111 116 118 120 123 124 125 126 128 131 133 134 139 140 141 142 145 147 150 158 159 160 163 164 165 166 168 169 174 176 177 178 185 186 187 191 194 198
227 81 82 87 88 90 92 95 96 100 102 103 104 105 106 107 108 109 110 113 115 118 120 122 125 129 132 133 135 136 137 140 141 144 146 151 152 156 157 158 159 160 161 163 164 165 168 171 172 174 176 177 179 180 181 182 183 184 185 191 195 196 199 200
173 80 81 82 85 86 87 90 94 97 99 100 101 102 105 106 108 109 112 113 114 115 118 119 120 122 123 125 128 130 134 135 136 138 142 143 144 145 149 150 153 158 159 160 161 165 168 171 172 173 175 177 180 181 184 185 186 187 189 193 194 195 197 198
166 81 84 85 87 88 90 93 94 97 98 100 101 102 103 105 106 108 110 112 114 115 116 117 118 120 124 126 129 131 132 143 145 147 153 156 157 161 163 167 168 172 173 175 176 181 182 187 189 191 193 194 197
267 82 83 86 87 90 91 92 93 94 96 99 100 102 107 108 111 112 113 115 118 120 121 122 127 129 130 133 137 141 142 145 147 149 150 151 152 153 154 156 158 159 160 161 162 166 169 170 171 172 173 177 180 183 185 186 187 190 192 194 195 199 200
197 84 89 90 92 96 97 101 103 108 110 112 113 116 118 122 124 125 128 133 134 135 137 138 139 141 142 144 145 146 149 152 155 156 157 159 161 163 167 168 169 170 171 172 173 174 175 176 177 178 179 181 183 185 187 189 190 192 193 194 195 196 198 199 200
227 85 86 88 89 90 92 95 96 98 99 103 106 110 116 118 119 123 129 131 134 135 140 143 144 150 155 156 158 161 162 163 168 169 170 172 173 176 179 183 184 185 189 190 191 192 194 195 196 199 200
267 85 86 89 90 93 94 95 96 97 98 100 101 106 110 118 119 121 124 125 126 127 128 129 130 131 132 136 137 138 139 140 142 143 144 146 147 149 150 155 156 157 160 163 165 167 168 169 170 172 173 174 177 184 185 187 188 189 191 192 195 196 200
153 87 88 89 91 94 97 98 99 101 102 103 104 106 107 108 110 111 112 116 117 118 119 121 125 126 127 130 132 133 135 138 139 140 141 145 146 147 148 149 152 154 155 156 160 162 163 164 166 167 169 171 172 173 174 175 176 177 178 179 180 181 183 188 190 192 194 195 198 200
213 89 90 92 94 95 97 98 99 102 103 111 112 114 115 116 119 120 121 122 124 127 131 132 133 134 135 139 141 142 143 145 147 149 150 151 153 154 156 159 160 161 162 166 167 171 174 175 177 179 180 182 185 187 189 190 192 197 198
193 89 90 93 94 95 96 97 98 101 103 105 106 107 113 114 115 117 118 123 124 125 126 128 136 137 139 142 145 147 148 150 152 153 154 155 156 158 160 161 162 164 165 166 168 169 170 171 172 174 181 185 186 187 190 191 192 193
156 92 93 94 95 97 103 105 106 107 109 111 113 114 115 116 117 120 121 124 128 131 132 133 134 141 143 146 148 149 151 152 153 154 156 157 158 165 167 168 169 171 175 176 179 181 184 185 186 188 193 194 195 196 197 200
165 90 93 94 95 99 100 101 102 103 104 107 111 112 116 117 119 120 121 123 124 125 127 131 132 133 136 137 138 139 140 142 145 150 151 153 159 160 161 162 164 166 168 169 170 171 175 176 177 178 179 181 182 183 184 186 187 190 191 193 197 199
162 91 95 98 99 100 102 103 104 105 106 109 110 112 113 114 116 117 119 120 127 131 133 135 136 138 143 145 147 148 152 155 158 159 162 164 167 171 174 176 178 180 181 182 185 186 188 189 191 192 193 194 197 198 199 200
229 92 97 98 99 103 104 106 107 109 112 113 114 118 120 123 124 125 126 130 135 136 137 138 141 142 143 145 147 149 154 156 157 161 163 164 165 168 170 171 175 178 179 180 181 182 185 186 191 195 197 200
294 96 97 100 103 104 105 110 112 113 114 115 116 117 118 121 129 130 132 133 135 138 140 141 142 144 145 146 147 148 149 151 152 153 154 156 157 158 159 161 163 164 166 168 169 170 172 174 177 178 180 182 187 189 190 194 196 197 199 200
252 94 97 100 103 105 106 107 108 109 110 111 112 113 114 116 119 120 122 123 128 129 130 131 134 136 137 138 140 141 142 146 147 149 153 154 155 156 160 161 162 163 165 166 167 168 169 170 171 172 173 174 177 178 180 181 182 184 188 190 191 192 193 195 197 198
204 97 98 99 103 105 107 111 113 116 117 118 120 124 127 130 132 137 138 139 142 143 145 146 147 150 151 153 154 157 158 159 160 161 162 163 166 169 172 175 176 177 178 180 182 184 185 186 190 192 193 194 196 197 198 199
279 99 100 102 103 104 105 106 108 111 113 119 121 122 126 127 129 130 131 132 133 135 138 139 141 147 148 150 151 153 155 156 160 163 167 168 169 170 172 173 174 175 177 178 180 182 185 188 190 191 193 194
267 98 99 106 107 108 109 110 114 115 116 117 119 121 122 124 126 128 131 137 138 148 150 152 153 154 155 160 161 165 166 167 168 170 173 174 176 179 180 184 185 186 188 193 194 195 196
288 100 101 102 103 105 108 109 111 112 114 115 117 119 120 121 123 126 129 135 136 137 138 139 140 141 142 146 147 148 150 151 154 156 157 158 159 161 162 163 164 166 170 171 172 173 176 177 180 183 186 188 189 192 194 196 197 198 199 200
290 99 100 101 102 104 105 106 107 108 110 112 113 116 117 118 120 121 122 124 126 128 129 130 134 135 136 141 142 143 145 148 149 150 152 153 156 159 162 167 170 171 172 173 175 176 189 190 191 196 197 199
241 100 102 105 106 112 115 116 117 119 121 122 124 125 126 128 129 130 131 132 133 134 135 138 142 143 149 152 153 155 157 161 162 163 166 168 169 170 174 178 179 182 184 186 190 192 194 196 197 200
203 101 102 103 105 111 112 115 117 121 122 125 126 127 128 131 132 133 134 135 136 138 141 146 149 152 153 154 157 158 163 167 169 170 172 174 177 178 179 185 187 188 190 193 195 196 199 200
168 102 104 105 106 107 108 109 110 112 114 115 116 119 120 121 122 124 126 128 131 132 135 139 140 146 147 150 151 159 164 165 167 170 171 172 173 174 175 176 177 179 182 183 185 186 187 188 190 192 194 199 200
176 103 105 107 109 110 114 118 120 121 122 123 125 127 128 129 130 131 135 136 137 139 141 143 144 145 146 149 150 151 152 153 154 155 156 159 160 168 169 171 172 173 175 176 178 180 182 183 185 190 191 192 193 196
209 104 105 107 108 117 121 126 127 129 130 134 135 137 138 140 144 146 149 150 151 152 154 156 160 166 167 174 175 178 180 182 186 188 189 190 194 195 197 199
180 106 107 108 113 114 117 119 122 123 126 127 129 130 132 133 134 136 137 138 139 140 141 142 143 146 147 148 149 150 151 153 154 155 156 157 160 161 165 166 171 173 174 175 178 179 181 182 183 184 185 187 188 191 192 194 195 196 197 199 200
194 109 110 111 117 119 121 122 129 131 136 137 138 142 151 152 155 157 159 160 161 162 164 169 170 172 174 175 176 181 182 183 184 185 187 191 192 194 195 198
290 108 111 114 116 117 119 122 123 127 128 129 131 132 133 134 135 136 140 143 145 146 147 148 149 150 153 155 157 158 160 162 163 165 166 168 174 175 176 177 178 181 182 183 187 189 191 192 195 196 198 199 200
250 110 111 112 113 114 116 117 119 120 121 122 123 125 128 131 137 138 141 142 144 148 150 151 156 157 158 160 162 163 164 167 168 169 172 173 176 178 181 183 184 185 188 189 194 195 197 200
281 109 111 117 120 122 126 130 132 135 137 138 139 140 141 142 143 144 148 149 150 151 152 154 155 157 158 159 161 165 167 170 171 173 177 178 180 182 189 190 191 192 195 199 200
297 113 115 122 126 132 134 135 136 137 138 141 143 144 147 149 150 152 155 156 161 163 164 165 166 167 171 175 176 178 179 180 182 185 186 188 190 191 195 196 197 199
274 113 119 121 122 126 127 129 133 136 137 138 139 141 145 147 148 151 154 156 160 161 162 163 165 167 168 170 171 172 174 175 179 183 186 187 188 193 194 195 196 198 200
256 112 115 118 119 122 125 129 130 133 134 140 142 143 147 148 150 153 154 155 157 159 160 161 163 165 167 168 169 170 174 175 176 177 179 181 183 186 187 191 192 195 197 198
197 115 117 118 119 123 125 126 127 129 130 131 132 137 142 144 145 146 150 151 152 153 154 155 157 159 160 161 163 165 167 171 173 176 177 179 181 188 190 192 193 195 196 200
248 116 117 118 121 123 124 125 126 127 128 130 131 133 135 136 138 139 145 150 151 152 154 155 157 158 160 162 163 164 167 169 170 179 180 182 183 184 185 187 190 192 196 197 199 200
201 116 117 118 119 120 123 124 127 129 130 131 132 133 134 137 138 139 140 141 144 151 154 156 162 167 168 169 171 176 178 180 181 182 183 184 189 191 193 195 196 199 200
290 116 117 118 119 120 122 127 128 129 131 133 134 135 137 138 140 141 142 147 148 149 153 155 158 159 163 164 166 167 168 169 170 172 173 174 175 178 183 184 186 187 193 199
218 118 120 121 131 132 133 134 144 145 147 148 149 150 151 153 154 159 162 164 165 169 172 173 175 176 177 179 180 181 183 184 185 188 190 198 200
244 119 121 122 123 124 125 126 133 139 140 141 142 143 144 145 146 147 148 150 151 155 156 158 159 160 161 167 169 170 171 173 180 181 182 183 188 190 192 193 196 197 198 200
176 121 123 127 131 138 139 141 142 144 145 146 149 151 153 155 159 160 161 162 163 164 168 169 170 173 176 177 180 183 186 191 192 197 198 199 200
218 120 121 123 125 126 129 130 131 132 133 134 136 141 142 143 144 147 149 150 151 153 158 160 161 163 164 165 166 168 169 170 171 173 176 177 186 189 193 197
272 123 125 126 127 128 130 131 136 139 140 141 143 145 147 152 153 154 156 158 159 161 162 163 164 166 167 169 173 174 175 177 181 183 185 186 188 190 193 195 196 197 198 200
250 122 123 124 125 126 128 133 134 136 137 139 140 141 145 148 149 150 151 154 156 157 161 163 164 165 168 169 170 172 173 174 176 177 178 179 181 184 186 188 189 191 193 194 195 196
166 123 124 125 128 130 132 133 136 137 138 139 141 142 144 145 147 149 150 151 154 157 158 160 161 162 165 166 167 168 173 175 176 177 178 182 184 185 190 194 195 196 198 200
297 125 126 129 131 132 135 136 145 146 148 149 150 152 154 155 157 158 161 162 166 167 169 170 172 173 174 176 177 179 181 182 183 188 190 194 195 197 198 199 200
157 129 130 135 137 139 140 141 142 144 145 148 149 151 155 156 164 166 167 169 171 173 174 176 180 181 185 186 194 195 197 199
152 126 127 129 131 133 134 135 136 137 140 141 142 143 145 146 149 150 151 152 154 156 158 160 161 163 165 167 168 169 170 175 179 182 185 189 190
205 127 128 129 130 134 135 136 137 139 140 141 142 146 147 149 150 152 154 156 158 159 161 162 163 165 171 172 173 178 181 182 185 186 188 191 192 193 194 196 197
155 129 134 136 139 141 145 146 147 148 153 154 155 156 157 158 159 163 164 166 167 169 174 176 177 179 184 186 187 190 195 197 199 200
278 129 130 132 133 135 142 144 145 147 152 153 154 155 156 157 158 162 163 165 166 168 173 174 178 181 186 189 196 197 198 199
279 131 134 135 137 138 141 142 143 144 148 149 150 151 152 153 156 157 166 171 172 174 179 185 186 187 188 191 192 193 194 195 197 198 199 200
253 133 134 135 136 137 138 139 141 142 143 144 145 150 154 156 158 159 162 163 164 166 167 169 170 172 173 174 175 176 177 178 180 182 184 188 189 190 191 192 195 197 198 199
298 132 133 134 135 136 141 142 143 144 149 151 157 158 162 163 164 165 167 169 170 173 175 176 177 180 182 187 188 190 191 194 195
209 133 135 136 137 140 142 144 151 152 153 155 156 158 159 160 162 164 165 166 168 171 173 177 178 179 180 181 183 184 188 189 190 191 192 193 194 195 198 199 200
151 134 135 137 139 141 142 143 144 145 147 150 151 155 156 157 159 162 163 164 165 166 167 169 171 173 174 177 178 179 183 185 190 192 193 195 197 199 200
202 135 137 139 140 141 145 146 148 150 152 153 154 155 156 165 171 173 175 176 180 183 184 185 190 192 193 194 197 200
279 137 139 140 143 144 146 147 151 154 156 159 160 161 162 164 167 169 170 171 173 175 176 177 179 180 181 185 187 188 189 191 192 197
232 138 140 143 146 147 148 152 156 157 158 162 163 164 165 166 167 169 171 172 173 176 178 179 184 186 187 188 189 192 193 198 199 200
190 138 139 141 142 143 147 148 150 152 153 154 158 159 164 167 169 173 176 182 186 188 191 192 193 194 195 199
176 139 143 146 147 150 152 154 158 159 162 163 165 166 167 169 170 171 173 177 179 180 181 183 184 185 186 187 188 190 191 192 193 197 198
236 140 141 142 144 148 149 152 153 154 159 161 163 164 165 168 172 175 176 178 179 183 184 185 186 187 189 191 193 198 199
174 143 144 145 147 150 151 152 153 155 156 157 161 162 166 168 169 170 175 177 178 179 180 181 182 183 184 185 188 192 193 194 195 197 198 199
160 144 147 148 151 156 157 159 161 165 166 167 168 169 173 174 175 177 179 180 182 183 187 189 191 193 194 197 198
168 145 148 149 150 156 158 159 162 163 165 166 167 174 175 180 181 186 187 189 191 194 198 199 200
300 146 147 148 149 150 152 155 156 157 159 160 161 162 163 164 165 167 169 170 172 173 175 179 180 181 183 184 185 187 189 190 191 192 197 200
261 145 148 150 154 155 156 157 159 164 165 166 167 169 170 171 172 173 177 179 188 193 194 196 198 199
208 146 149 150 151 153 156 157 159 161 167 168 171 172 173 174 177 179 182 185 187 188 191 193 194 195 200
212 147 148 149 153 154 156 160 161 162 163 164 165 166 167 172 173 174 175 177 178 179 181 182 185 187 190 191 194 199
180 148 151 153 156 159 160 161 162 163 166 168 170 173 176 177 178 180 181 182 184 185 187 188 191 192 196 198 200
265 149 152 153 157 159 160 162 164 165 168 170 171 172 174 175 176 177 179 180 182 184 189 190 193 200
174 151 152 154 155 158 161 162 163 165 166 167 168 169 171 172 174 177 179 181 182 184 185 186 188 190 193 195 196 197 199 200
150 152 154 157 158 162 163 164 165 166 169 170 173 178 179 187 188 189 190 193 194 195 197 198 200
206 154 155 156 158 163 164 166 168 171 172 173 177 178 180 184 185 187 190 191 192 195 197 199
300 153 155 156 159 160 162 164 165 166 169 170 172 174 175 179 180 181 184 187 192 194 195 199
172 154 155 156 158 161 162 163 165 166 172 174 175 176 179 180 184 191 193
164 156 160 161 163 164 166 167 171 174 177 178 181 184 190 191 192
234 156 158 159 165 169 170 172 173 175 176 177 178 182 188 189 190 191 192 193 194 195 197 200
154 157 161 163 164 168 169 171 172 174 176 177 180 181 182 184 185 186 188 191 194 195 198 199 200
225 163 164 165 166 167 169 170 171 173 174 176 179 180 182 183 184 186 187 189 190 191 192 193 195 197 198 199
232 159 160 162 163 166 168 169 172 174 177 178 183 185 187 190 191 192 193 197 199 200
199 160 162 163 164 166 167 171 172 174 176 177 179 181 182 188 189 190 191 195 199 200
286 162 164 165 166 174 176 181 182 186 188 192 195 197 199
179 162 171 172 176 177 178 186 187 189 194 196 198
231 163 164 167 168 178 181 182 186 187 188 192 194 196 197 199 200
288 165 167 168 171 172 173 174 175 180 184 188 191 192 195 196 197 199
156 165 167 168 169 173 175 179 180 183 184 185 189 190 191 196 197 198 199 200
157 166 167 170 171 174 177 180 182 183 184 185 186 189 190 197 199
276 167 168 170 176 177 183 184 186 187 188 190 191 192 193 194 197
191 168 169 170 172 174 176 177 178 180 182 184 185 186 187 188 189 191 192 196 200
288 169 170 172 174 175 176 178 180 181 182 183 184 185 188 189 190 192 196 198 199 200
282 171 173 175 181 185 187 190 191 193 196 197 199
150 171 172 173 174 176 179 182 185 186 189 190 194 197 199 200
195 175 176 178 179 180 181 184 187 190 191 193 194 195 199 200
173 174 175 177 179 180 181 182 184 185 186 187 189 190 192 193 194 195 196 200
215 174 176 178 179 181 182 189 191 194 195 196 197 200
214 175 176 178 179 181 183 185 186 189 190 193 196 197
264 178 180 181 182 183 187 189 190 194 197 200
259 177 182 183 184 186 188 191 192 193 195 196 199 200
206 178 180 182 183 184 186 188 189 190 194 196 197 199
225 179 180 181 183 184 185 187 191 194 195 197 199 200
298 180 181 182 187 190 194 195 197 198 200
196 181 183 184 186 187 189 190 191 194 195 196 198 199
184 184 186 191 192 193 196 198 199 200
260 184 185 186 187 191 193 195 198 200
228 186 188 192 195 197 199 200
290 185 190 192 194 196 197 200
243 186 187 189 190 191 192 193 197 200
288 187 188 189 190 192 195 196 197 198 199
178 189 191 194 196 197 199
203 189 190 191 192 193 195 196 197 199 200
251 190 192 195 198 200
205 200
202 194 195 196 198
260 193 194 195 196 198 199 200
233 196 198
169 199 200
225 196 197
211 198 199
225 199 200
231 199
289
298
