25	10	1000	1
0	105	2
0	63	2
0	136	2
0	196	2
0	75	2
0	166	2
0	19	4
0	70	3
0	170	4
0	139	2
136 5 7 8 13 17 22 23 24
176 3 5 7 9 10 14 15 22 24
100 4 5 7 8 11 12 15 17 18 20 21 22 23 25
165 6 8 12 14 15 16 17 19 21 25
131 6 7 8 10 12 16 17 20 24
196 9 11 16 19 24 25
167 9 13 17 19 21 23
153 10 11 12 14 15 16 17 21 23 24
193 10 13 14 15 18 19 20 23 24 25
123 11 12 18 19 20 23 24
107 13 14 15 16 17 18 19 20 21 22 23 24 25
196 18 20 23 24
146 14 15 19 20 21 22
131 19 20 21
121 17 18 21 22
163 17 19 21 22 23
149 18 20 21 25
189 20 21 22 23 24 25
190 21 22 23 24 25
180 21 24 25
134 22 23 25
109 23 24
121
152
141
