200	5	10000	1
0	1884	43
0	1201	34
0	465	39
0	525	40
0	869	44
1633 4 8 10 11 13 14 15 16 18 22 23 28 29 30 33 34 37 38 39 43 44 45 46 47 48 49 50 52 53 54 62 65 66 67 75 76 79 82 83 85 89 90 93 97 98 101 102 103 104 105 107 108 109 110 111 112 113 115 117 118 119 123 128 135 140 141 146 149 150 153 155 158 159 161 166 170 171 174 175 176 177 179 183 184 185 186 188 189 190 194 195 197 198 199
1747 8 10 11 12 13 19 20 21 22 26 27 28 30 33 35 37 40 41 42 43 44 46 49 51 53 54 55 56 57 58 60 62 63 66 67 68 69 70 71 72 74 75 76 77 78 79 85 86 88 90 93 95 96 98 99 101 106 107 110 111 113 116 118 120 122 124 125 127 129 130 132 136 138 139 140 141 143 144 146 147 148 149 150 153 155 156 157 158 159 160 162 165 167 168 172 174 179 182 183 184 185 186 187 189 191 192 194 196 199 200
1920 5 9 11 12 14 24 25 29 30 31 32 33 34 35 37 38 39 40 41 43 44 47 55 57 58 61 62 63 64 67 68 69 70 75 78 81 83 84 87 88 90 91 94 96 97 98 101 102 103 104 105 106 107 108 111 118 119 120 122 124 125 128 129 133 134 135 136 137 139 140 142 144 145 148 151 152 153 155 158 163 166 168 169 176 179 182 187 188 189 192 195 197 199 200
1824 9 12 20 22 23 24 26 27 29 30 32 35 37 39 41 43 45 46 47 48 51 52 53 55 56 57 59 63 64 65 67 71 72 74 75 76 77 79 80 84 87 90 91 92 94 100 102 105 107 108 113 114 115 118 120 121 122 124 125 129 130 131 133 134 138 139 140 142 143 145 146 147 148 150 151 152 153 154 155 156 157 158 159 161 170 174 175 179 184 186 193 194 199
1095 6 7 9 10 11 12 14 15 17 18 20 25 26 28 29 30 31 35 37 40 43 44 45 48 49 52 56 58 62 63 72 73 74 75 76 77 78 82 85 87 89 90 91 94 95 96 98 99 107 109 110 111 113 114 118 120 122 125 126 129 131 133 134 137 138 139 143 144 149 150 152 153 155 156 159 166 168 172 173 175 179 180 185 186 188 189 190 191 193 194 195
1626 8 10 11 13 15 21 22 23 26 27 28 29 32 34 36 38 39 40 42 45 46 50 51 52 54 56 60 62 63 64 69 70 71 72 73 80 83 84 85 86 88 89 90 91 93 94 97 98 99 102 106 110 111 112 113 114 117 118 119 120 121 123 127 130 132 134 136 137 138 143 144 145 147 148 150 151 152 153 156 159 160 161 162 163 165 166 167 169 170 172 175 176 178 179 181 183 185 186 187 188 193 195 196
1195 8 9 10 13 14 15 16 17 18 20 21 22 23 26 29 32 36 37 38 40 42 45 47 48 51 55 57 58 62 63 64 71 74 75 77 78 79 81 82 87 88 93 96 98 99 100 101 102 107 110 112 114 115 118 120 121 123 124 127 130 132 133 135 137 140 142 143 144 150 151 152 153 154 156 160 161 162 163 165 167 171 173 176 177 181 184 185 193 194 197 198 199 200
1082 9 10 11 12 13 14 15 17 18 25 26 30 31 32 33 35 38 39 41 43 44 45 46 50 51 52 53 56 58 60 61 62 63 66 67 68 69 70 73 76 78 80 86 87 89 90 94 95 98 102 103 106 107 108 113 114 117 119 120 129 131 135 138 142 143 146 151 154 155 157 158 162 166 174 175 179 180 182 183 184 186 187 188 190 191 199
1560 10 11 12 13 14 17 19 22 23 27 29 30 31 32 34 36 39 40 41 43 45 46 48 54 57 60 61 65 68 69 71 74 77 80 81 83 84 85 86 89 90 91 96 97 98 99 100 102 103 104 106 109 111 112 113 118 122 123 126 129 131 133 135 138 142 143 147 148 150 152 153 155 157 158 160 165 167 169 170 173 176 177 178 179 180 185 192 193 195 196 198 200
1091 11 12 15 17 18 19 20 22 24 29 33 34 35 37 45 46 47 49 50 52 54 55 56 60 62 64 67 68 69 71 72 74 75 78 80 82 83 86 87 89 91 92 96 100 102 112 113 115 116 118 119 120 122 123 126 128 130 131 133 135 137 138 141 142 146 149 150 151 152 155 159 162 163 164 166 167 168 172 179 180 183 185 186 189 191
1862 12 13 14 16 17 19 22 23 26 32 34 36 43 45 50 52 55 56 57 59 61 62 64 66 69 71 72 73 75 77 78 79 80 81 82 83 84 85 86 89 92 96 97 99 100 101 102 103 104 109 111 112 113 115 119 120 121 122 123 127 128 129 135 139 140 141 144 146 148 150 152 153 154 155 156 157 158 161 162 163 164 165 166 168 169 172 176 177 181 182 183 184 186 188 191 192 194 196 198 199
1919 14 16 22 24 26 27 28 30 31 34 35 37 38 39 40 41 42 43 44 46 52 53 55 56 58 62 65 67 69 71 72 73 75 76 78 80 82 83 89 93 94 99 100 101 102 104 107 108 109 110 111 112 113 114 116 117 119 120 121 124 126 128 129 131 132 133 134 138 139 141 145 147 149 152 155 157 158 159 161 165 167 168 170 171 173 174 182 184 189 190 193 195 197 199
1498 14 17 21 25 28 29 31 32 34 35 36 39 41 42 43 44 46 51 54 55 56 57 60 62 64 66 67 70 71 72 73 74 77 78 80 83 85 86 88 89 91 93 95 97 98 101 103 106 109 110 120 124 125 127 133 134 135 136 137 138 140 141 147 148 149 150 152 154 164 165 167 169 171 173 174 175 177 178 180 182 183 184 186 187 190 193 195 196 198 199 200
1749 17 21 23 26 29 31 33 35 36 39 40 41 42 43 44 51 55 56 58 59 61 62 64 65 66 68 69 70 73 74 75 76 78 79 81 83 84 85 87 89 90 91 93 94 105 109 110 111 112 113 114 117 118 119 122 123 124 125 127 129 130 133 135 137 138 139 142 143 144 146 147 150 151 153 156 159 161 162 166 172 173 174 175 177 180 181 184 187 188 193 194 196 198
1103 16 19 20 23 25 29 30 34 35 37 38 40 42 45 46 47 48 50 51 53 55 56 57 58 59 61 62 63 70 71 72 73 74 76 78 79 81 82 83 86 89 93 94 95 100 101 102 103 105 106 107 108 111 112 113 114 115 117 120 122 124 125 127 133 134 135 136 138 139 141 142 150 151 152 153 154 157 158 159 161 162 163 167 168 171 176 177 179 181 187 188 192 194 198
1027 18 19 21 25 26 29 30 31 33 35 36 38 40 42 43 44 45 47 48 51 53 54 56 57 58 61 62 63 64 65 70 71 72 74 77 79 81 85 86 89 90 91 93 94 96 98 100 104 105 106 107 108 113 114 118 119 120 122 123 124 125 126 128 130 131 132 134 135 136 138 143 144 145 146 148 149 150 152 153 154 158 160 161 166 167 169 172 174 177 178 180 181 182 187 188 189 191 197 198
1650 18 20 21 23 24 25 27 30 32 34 35 36 41 42 45 47 50 55 57 59 60 62 63 64 65 66 67 69 71 74 76 78 79 81 82 85 86 87 88 94 95 97 100 103 104 105 107 111 115 118 120 123 124 126 127 133 136 137 140 141 143 144 145 146 147 148 149 150 152 153 154 156 157 160 161 162 163 166 167 169 172 173 174 180 182 185 187 188 189 195 196 197 199
1037 21 24 25 26 28 29 31 32 37 38 40 42 43 49 51 54 55 59 60 63 64 65 66 67 71 76 78 80 83 87 88 89 90 91 94 95 98 101 102 104 105 106 118 119 123 124 126 128 129 131 134 135 136 137 140 141 143 144 145 146 147 148 150 151 152 153 157 167 168 169 171 177 179 180 181 182 183 184 187 189 191 192 195 196 197 200
1490 20 21 22 25 26 29 33 34 35 36 37 39 41 42 44 45 48 56 57 58 59 60 62 63 67 68 71 72 73 75 81 82 84 86 89 90 91 92 93 94 95 97 98 99 100 101 103 104 105 108 109 110 113 115 120 121 124 125 126 128 130 132 136 139 140 141 142 143 145 147 148 149 153 156 159 163 165 166 170 172 178 179 182 183 185 186 187 188 189 192 196 198 199 200
1959 21 22 23 24 26 30 31 34 35 36 38 40 41 47 48 50 51 52 54 56 57 58 60 61 63 70 72 73 74 75 76 78 79 80 83 84 85 87 88 89 92 93 95 96 97 101 102 103 105 106 108 110 113 114 116 118 119 121 123 124 125 127 129 131 133 134 136 137 140 141 147 155 157 158 160 161 163 166 167 168 169 170 173 174 175 176 179 180 181 183 187 191 196 198 199 200
1557 23 27 28 29 31 33 35 38 39 43 44 45 48 50 53 54 55 56 57 59 61 62 64 66 68 72 73 83 84 86 88 89 90 91 92 93 95 96 98 99 101 105 106 107 108 109 112 115 119 121 122 123 124 125 128 131 133 134 135 137 138 139 140 143 145 146 151 153 154 158 161 163 164 170 171 173 175 176 184 185 187 189 190 193 195 196 197 199 200
1855 23 25 28 30 31 37 38 39 40 41 42 44 45 46 51 54 55 57 59 61 62 63 66 68 69 71 73 74 76 79 80 81 83 85 86 87 88 89 90 92 94 96 103 104 105 106 107 109 111 112 113 116 117 120 121 123 124 130 132 133 137 140 141 143 144 146 147 148 149 152 153 156 159 160 161 164 165 167 173 175 177 179 180 182 185 186 192 194 197 199
1515 24 27 29 30 34 36 37 40 42 46 49 50 51 53 55 56 57 58 60 61 62 63 66 67 68 69 71 74 75 76 77 82 84 93 96 97 99 100 101 102 103 106 110 112 113 114 115 117 118 121 123 125 126 130 135 138 141 143 145 146 150 153 155 156 157 158 161 163 168 169 170 172 176 178 183 187 188 189 190 192 195 198
1807 25 26 27 28 32 35 36 37 39 40 41 42 47 48 52 53 55 56 61 62 63 66 70 71 72 76 78 79 82 88 89 91 92 94 98 100 101 105 106 107 108 111 112 114 120 121 122 125 126 127 129 130 133 134 139 140 141 142 143 144 146 148 150 152 154 155 158 162 163 165 166 167 169 170 171 172 173 176 178 179 183 186 187 188 189 191 192 195 196 197 198 199 200
1611 26 28 32 33 34 35 36 37 38 40 41 42 43 44 46 47 48 54 56 59 61 62 63 64 65 66 70 74 78 79 80 82 83 84 86 87 88 95 96 97 99 100 101 102 107 108 109 110 114 115 116 117 119 121 122 123 124 125 127 131 132 134 140 144 146 147 148 150 151 154 155 156 158 160 162 165 166 167 168 169 170 171 173 174 178 179 180 182 184 187 189 191 192 194 195 196 199 200
1468 27 28 32 41 47 53 54 56 60 61 63 64 65 67 68 70 71 72 74 75 77 79 82 83 84 87 90 91 93 95 100 102 103 105 108 109 112 114 116 117 118 119 121 123 129 131 134 135 137 138 139 146 147 148 150 151 152 153 154 155 156 157 158 162 165 167 169 171 172 173 174 175 179 181 184 189 193 194 196
1343 28 31 33 34 41 44 47 51 54 56 57 62 63 64 69 70 72 74 77 78 79 83 84 85 86 88 90 93 95 96 100 101 113 122 123 125 126 127 129 130 132 133 134 135 136 137 139 147 149 150 151 152 154 158 160 161 163 164 165 166 168 170 171 172 173 181 182 184 189 190 191 192 193 194 195 197 199
1557 29 31 32 33 35 36 39 45 46 47 48 49 55 56 58 59 61 63 64 70 71 72 75 76 77 78 80 81 82 89 91 93 98 99 100 101 105 106 107 109 110 111 112 115 117 119 123 129 133 134 135 136 138 140 141 144 145 146 148 149 150 151 153 154 155 156 158 160 162 163 164 169 171 172 173 176 185 187 190 191 193 194 195 196 197 199
1001 32 33 34 35 36 37 39 41 45 48 49 50 51 52 55 56 57 58 60 61 62 63 65 66 68 69 70 71 72 73 74 79 80 81 82 86 88 89 90 92 95 97 99 100 101 102 106 109 110 112 115 117 119 120 121 123 126 127 129 131 132 134 136 138 139 143 150 156 158 159 160 161 164 165 168 169 170 171 172 179 181 182 183 184 185 186 187 188 189 190 192 195 198
1169 33 35 37 43 45 48 49 50 52 55 58 59 60 62 64 65 66 67 68 70 71 73 76 78 82 83 85 86 87 88 90 92 93 94 95 100 103 104 106 107 109 111 115 116 117 118 120 121 122 125 126 127 128 129 130 132 134 140 142 143 144 145 149 151 152 153 154 155 156 157 158 161 163 164 165 168 171 175 177 180 182 184 191 193 194 195 199 200
1905 32 33 34 35 36 37 38 40 41 43 47 49 51 52 56 62 64 67 68 71 72 73 74 76 77 81 82 83 84 85 89 91 92 93 94 97 98 101 105 107 108 116 117 118 119 124 127 128 131 132 133 134 135 137 138 139 140 141 142 145 146 153 154 156 159 161 162 163 164 165 167 170 171 172 173 175 179 184 186 187 190 193 198 199
1506 33 36 37 39 43 44 47 49 56 60 61 62 64 66 67 68 73 76 77 78 80 81 83 86 88 89 90 93 97 105 107 108 109 111 112 113 114 116 119 122 125 127 130 132 133 135 136 137 142 143 148 149 156 158 160 163 164 165 166 167 169 171 172 173 183 184 185 187 188 189 192 195 196 197 198 199
1857 34 35 39 44 49 50 51 52 54 56 57 60 61 62 64 65 66 68 77 80 82 83 84 87 88 89 90 92 94 95 98 100 104 107 108 109 110 112 113 114 115 116 117 121 126 128 129 131 132 134 137 138 139 140 142 143 144 147 150 152 156 164 166 167 168 169 170 172 173 174 179 183 185 186 187 190 191 192 193 194 195 197 199 200
1218 38 40 42 43 45 46 47 48 50 51 52 54 55 56 57 59 60 61 62 63 64 65 68 69 70 71 72 74 76 78 81 83 85 86 88 89 91 93 96 98 99 100 102 105 106 107 108 109 110 111 113 114 117 119 120 121 125 127 130 131 132 134 138 139 141 143 148 149 150 151 152 154 156 158 161 162 163 164 165 169 172 174 177 178 179 180 181 185 187 189 190 191 192 194 195 196 197 198 199
1734 38 41 42 43 44 47 49 51 54 55 56 57 58 61 64 66 67 70 71 76 77 80 81 82 83 84 85 90 92 94 95 97 98 100 101 103 104 106 107 108 109 110 111 112 114 115 116 119 120 122 131 132 134 135 137 138 139 140 141 142 145 147 148 149 150 151 153 154 155 158 159 160 161 163 164 165 167 176 177 178 179 182 186 187 190 191 192 195 197 198 200
1842 37 38 39 40 48 52 54 58 60 61 62 63 64 66 68 69 76 77 78 80 82 85 88 93 98 104 105 106 109 114 118 120 121 123 126 127 129 133 134 136 137 139 141 143 144 146 148 150 153 155 160 164 167 168 173 174 175 178 179 180 181 184 185 186 189 190 192 194 195 196 200
1195 38 39 41 43 44 46 47 48 49 50 51 53 54 57 58 59 62 64 66 68 70 71 73 74 77 79 80 82 85 86 87 89 90 93 94 97 100 104 107 110 112 113 114 116 118 119 120 121 123 124 125 126 127 129 130 131 140 143 144 145 147 154 155 159 160 161 162 163 164 165 168 169 172 175 176 177 180 181 186 190 192 193 195 197
1622 39 41 42 45 46 47 48 49 50 51 52 55 56 59 60 61 64 65 68 69 70 72 75 76 77 79 80 82 84 85 86 87 88 89 91 99 104 105 106 107 109 110 118 123 125 130 131 133 136 137 138 139 140 141 142 143 146 147 148 149 152 153 155 160 161 162 164 165 168 170 173 175 176 180 181 184 185 186 187 189 190 191 195 196 197 199
1022 40 42 46 48 50 52 55 59 63 64 66 67 69 70 71 72 73 74 75 76 78 79 81 84 86 87 88 89 93 94 95 98 99 100 101 102 103 104 105 110 111 112 114 116 118 120 122 123 125 128 131 132 133 135 136 137 138 140 142 143 144 145 150 151 152 153 154 155 156 158 159 161 163 165 168 169 170 175 177 178 179 180 181 182 183 184 188 190 191 192 193 194 195 197 199
1882 41 42 43 46 47 48 49 51 52 55 56 57 61 63 71 73 76 77 80 81 82 85 86 87 89 90 92 93 94 95 96 97 99 100 101 103 104 105 107 110 112 114 118 119 120 121 122 125 129 130 131 132 134 135 136 137 140 142 151 152 155 158 159 161 162 164 166 167 168 170 171 175 176 178 181 183 185 186 187 189 190 195 196 200
1043 42 43 45 46 48 50 54 55 56 61 62 63 64 66 69 70 71 74 80 83 85 86 91 92 93 95 100 101 102 106 108 109 110 111 116 121 122 126 127 132 133 134 135 140 141 143 145 146 148 150 151 153 155 156 157 159 161 162 163 164 168 169 172 173 174 175 177 178 179 181 182 183 185 186 187 190 191 192 193 194 196 197 198
1210 43 47 49 53 55 56 58 59 63 71 73 79 86 87 88 89 90 92 98 107 109 111 112 113 114 115 117 118 119 120 122 123 124 126 127 129 130 131 133 134 136 139 140 141 142 144 146 147 148 150 153 154 157 158 159 160 161 164 167 171 172 173 176 179 180 182 184 187 188 189 192 193 194 199
1866 50 51 52 56 57 59 65 68 74 75 76 79 81 83 84 85 86 87 92 95 98 100 102 105 106 109 110 111 113 114 117 118 122 123 125 129 131 132 133 134 136 142 146 147 148 150 155 157 159 164 165 168 173 174 180 181 183 184 188 193 195 197 198 199 200
1516 46 47 49 51 53 55 56 57 58 62 64 65 66 67 68 69 70 71 72 75 77 80 81 85 88 89 92 93 94 96 98 99 101 102 106 111 114 116 117 118 123 125 127 128 130 134 136 138 139 141 142 144 145 146 151 152 154 158 161 162 163 164 165 168 170 173 178 183 187 189 191 193 195 197 198 200
1288 48 49 50 52 54 57 59 60 62 64 66 67 68 70 71 74 75 76 79 81 84 85 87 88 89 90 91 94 96 98 99 100 102 103 104 105 106 107 108 112 113 114 115 116 118 119 123 126 128 130 132 133 134 135 137 139 140 142 143 144 147 150 152 153 154 157 160 163 166 168 169 171 173 176 178 179 180 182 183 184 186 189 190 194 195 197 199 200
1773 47 48 51 52 53 56 57 59 60 61 62 66 67 70 71 75 79 83 86 89 90 91 93 94 95 96 98 100 101 104 106 107 108 109 111 116 117 118 121 125 126 128 130 133 134 137 138 142 143 144 145 147 148 150 151 152 153 155 156 157 158 162 169 170 172 175 185 186 188 189 195 197 198
1317 48 50 51 52 54 55 56 57 59 61 63 66 67 69 71 78 80 82 83 85 87 88 89 90 91 94 100 102 104 105 107 109 110 111 112 113 114 116 119 121 122 125 126 128 132 134 136 139 141 142 144 146 149 150 153 156 157 158 164 166 167 170 171 172 173 174 176 177 179 183 189 190 191 194 196 197 198 199 200
1989 50 53 54 55 56 57 58 64 66 69 72 73 74 81 85 87 90 94 95 97 99 102 103 106 107 113 115 116 117 118 120 121 123 125 126 130 133 135 137 138 139 140 142 145 146 147 148 149 150 152 154 155 159 160 163 165 167 168 169 171 173 175 177 178 182 185 186 191 193 196 197 200
1822 50 52 53 55 56 61 62 66 69 73 77 81 85 87 90 92 93 94 95 96 99 100 104 106 107 112 113 116 117 118 122 123 126 127 131 135 137 138 139 141 144 145 146 148 149 151 153 157 159 163 169 171 172 174 175 176 178 183 185 187 189 191 192 193 195 196 200
1822 51 54 57 59 61 64 65 66 71 72 80 84 86 87 89 90 97 98 99 102 103 107 109 111 113 117 118 119 121 122 123 124 125 127 128 129 130 137 141 142 144 145 146 150 151 152 153 158 159 161 164 167 168 172 174 175 177 182 183 185 187 189 190 191 195 197 198 199
1841 54 55 56 60 61 63 64 66 67 68 70 71 74 75 78 79 81 83 86 87 89 90 91 92 93 94 96 100 101 102 103 106 107 110 111 112 113 115 116 117 118 126 128 130 131 134 136 137 138 139 142 147 148 149 150 153 154 156 157 159 161 165 166 171 174 176 177 178 179 181 182 184 188 193 194 195 196 197 198 200
1033 56 57 58 59 60 64 68 70 71 74 78 79 80 81 83 84 86 87 89 91 94 95 96 99 101 105 107 108 110 115 116 118 119 123 124 126 127 128 132 134 135 137 141 143 146 147 148 153 157 158 160 161 163 164 167 170 173 176 177 178 179 182 184 185 193 194 196 197 199
1897 56 59 60 62 64 65 67 69 70 71 72 74 75 77 86 89 91 92 93 95 98 99 100 102 105 107 108 116 118 123 124 125 128 129 132 134 135 136 139 140 141 143 144 145 146 151 152 153 155 161 163 165 167 174 175 176 178 181 192 193 196 197 198
1945 55 58 62 65 67 68 69 71 72 73 82 85 88 89 90 93 94 95 100 101 102 103 104 108 110 111 113 114 116 117 118 123 125 126 128 132 136 138 139 142 145 152 154 156 159 163 164 165 167 168 169 175 176 179 180 183 190 192 193 194 195 196 197 198
1869 56 57 59 61 63 66 67 68 69 70 71 72 74 75 81 82 83 84 85 86 87 89 91 95 96 97 98 99 100 103 104 107 110 112 113 114 116 118 120 123 124 125 126 127 132 135 136 139 140 141 143 145 146 147 148 150 151 152 155 158 159 160 162 164 167 170 171 172 176 177 179 180 181 183 190 194 196 199 200
1916 57 59 60 62 63 64 67 73 75 76 78 85 88 89 93 95 96 98 99 102 103 105 106 109 112 115 116 119 123 124 125 126 129 130 133 134 136 138 141 142 145 146 147 148 149 150 153 154 157 161 162 163 164 165 167 169 171 172 175 177 178 180 181 182 183 184 185 188 189 191 193 195 196 199 200
1248 59 61 65 71 77 78 80 81 83 86 89 93 94 98 99 101 103 106 107 110 111 113 114 115 116 117 120 121 122 123 124 130 131 134 136 138 139 142 143 148 150 151 154 155 158 160 164 170 171 172 175 176 178 180 181 182 188 189 190 192 193 196 197 198 200
1380 60 61 62 63 64 67 68 69 71 76 77 79 85 92 93 94 96 97 98 100 104 106 108 109 110 113 118 119 124 125 128 129 131 132 134 138 139 140 146 147 149 151 153 159 160 161 165 166 167 168 169 171 173 177 178 182 183 184 185 187 188 189 190 197 199 200
1340 61 62 64 65 66 67 68 69 70 71 72 73 74 75 76 77 78 79 83 84 85 86 87 89 91 92 94 95 97 98 99 105 109 118 124 127 129 131 132 135 137 139 141 143 145 146 149 151 152 153 154 156 158 159 160 161 162 164 165 169 172 173 174 176 177 178 180 182 186 187 190 194 196 198 199 200
1875 63 64 65 69 70 72 73 76 77 80 82 84 86 88 89 90 91 93 96 97 104 106 107 108 110 111 115 120 122 123 128 132 134 135 137 139 140 142 144 145 151 153 154 157 158 159 160 162 167 168 169 171 172 175 177 179 180 182 183 184 187 189 190 191 195 196 198 199 200
1046 62 64 67 69 70 72 75 76 77 78 79 80 82 85 87 88 93 95 96 97 101 102 108 111 112 114 115 120 123 124 125 127 129 130 133 134 135 137 139 143 144 146 148 149 152 154 157 158 164 165 169 171 172 175 176 179 180 182 185 189 190 191 194 196 197 200
1620 65 69 70 73 81 82 83 84 85 91 95 96 97 98 100 101 102 104 106 108 109 113 114 117 119 121 123 125 126 128 129 133 137 138 139 140 141 143 144 145 146 147 149 150 151 155 156 159 160 161 164 165 167 172 173 175 177 178 182 184 186 187 188 189 190 193 194 198 200
1984 65 66 68 69 70 71 73 74 78 79 80 82 85 86 88 93 96 98 99 100 101 104 106 109 110 112 113 114 115 116 119 121 122 127 128 132 136 137 141 142 143 144 145 147 149 152 154 156 157 158 161 165 166 168 169 171 174 175 176 178 180 181 184 186 189 190 192 194 196 200
1735 68 69 70 71 74 75 76 78 79 80 82 84 87 88 89 93 94 95 96 97 101 103 104 106 107 108 110 113 114 115 116 118 119 120 121 123 124 126 127 129 132 135 136 138 139 140 141 144 145 147 148 149 151 152 153 156 159 161 162 165 167 169 170 171 172 175 176 177 178 180 182 183 184 185 187 188 190 191 192 193 194 195 197 198 199
1744 67 68 71 74 75 76 78 80 83 84 86 88 93 98 99 101 102 104 105 111 113 114 116 119 122 123 124 128 129 133 134 135 139 145 147 148 150 152 154 156 160 161 162 164 166 170 171 173 174 175 177 178 181 182 186 192 195 198
1073 68 69 71 72 74 75 76 78 81 82 83 84 85 86 91 92 97 102 106 108 110 111 112 114 116 117 121 124 126 130 134 136 138 141 143 144 145 147 149 151 154 155 158 160 163 165 167 176 180 181 182 186 187 188 189 190 195 196 198 200
1989 68 70 71 72 73 74 76 79 80 81 82 84 88 89 90 92 93 95 98 99 100 101 105 106 107 109 115 116 117 118 119 121 123 124 126 127 128 133 135 136 139 140 141 143 144 145 146 147 149 150 151 152 153 154 156 160 161 163 164 165 166 168 169 170 172 177 183 184 185 186 187 188 191 192 193 195 196 197 198 199 200
1865 69 70 71 72 80 81 82 83 86 90 91 93 97 99 100 101 104 108 111 115 123 124 128 130 134 135 136 137 138 141 143 144 145 148 149 150 151 152 153 156 158 160 161 162 163 165 167 168 175 180 182 183 184 185 186 189 190 192 198 199
1350 70 71 72 74 76 77 79 82 83 85 86 87 88 89 90 92 93 94 95 98 100 101 103 104 109 112 114 115 118 121 122 124 125 127 129 132 133 134 135 136 137 138 140 145 147 151 155 156 159 161 164 166 168 169 170 172 174 175 176 178 181 182 183 185 187 191 192 196 199
1013 72 73 74 76 81 82 87 91 93 95 100 102 104 107 112 113 114 115 116 120 123 124 127 131 133 135 136 138 139 142 143 147 148 150 154 156 157 160 161 162 163 164 165 166 168 171 173 175 176 177 178 181 182 183 184 185 189 191 192 194 196 198 199 200
1780 72 73 78 79 80 81 82 84 88 89 92 94 98 102 104 106 108 111 114 116 117 121 128 131 132 134 135 136 137 141 142 144 146 148 150 151 152 153 155 156 159 160 164 166 167 168 169 171 172 174 176 178 181 185 187 188 189 193 194 195 198 199
1228 73 74 75 76 77 78 79 81 86 87 97 98 99 101 104 105 107 109 112 116 118 119 120 122 123 124 125 126 127 128 130 131 132 133 137 139 140 143 144 145 147 148 149 157 159 161 162 164 165 167 171 172 174 175 176 177 179 181 182 183 184 192 194 198 200
1457 74 75 76 81 83 85 86 89 92 97 98 100 101 103 108 110 112 115 120 121 124 127 128 129 131 133 134 136 138 139 141 143 145 147 148 151 154 155 157 161 162 172 173 176 178 181 183 185 187 189 190 191 192 194 195 197 198 200
1015 75 85 86 88 89 90 92 93 96 97 98 101 104 107 110 114 117 119 121 123 124 126 128 129 134 135 136 137 138 139 141 142 144 146 147 148 149 153 157 160 161 164 165 168 169 170 171 174 176 177 179 180 181 183 185 186 187 188 189 192 193 194 200
1894 80 84 85 87 89 90 91 93 94 95 99 101 103 104 107 108 109 110 113 114 115 117 118 119 120 121 122 123 125 126 128 129 130 132 134 137 139 140 141 145 146 147 148 150 151 152 153 154 160 161 164 170 171 172 173 175 177 179 181 183 185 186 190 192 196 198 199
1102 77 78 79 82 83 84 85 88 91 94 95 96 97 101 102 103 105 106 110 111 113 115 116 120 121 123 125 126 130 131 135 136 137 139 140 141 142 143 145 149 150 152 159 162 163 166 167 168 171 172 175 177 180 185 189 193 194 196 197 199 200
1285 78 81 83 84 86 87 88 93 96 98 100 101 102 106 107 108 110 111 112 113 114 115 116 119 120 121 128 131 133 134 138 139 141 144 146 148 150 151 152 159 162 165 167 169 173 176 178 180 182 184 185 186 188 189 193 197 198 200
1988 80 81 82 83 84 87 88 92 97 98 100 101 103 104 105 113 114 115 118 119 120 121 123 126 127 129 134 136 137 141 144 145 147 149 151 152 153 157 158 160 161 162 163 164 165 166 167 168 170 172 173 174 178 182 183 185 186 187 188 190 193 194 195 197 198 199
1991 80 81 82 83 85 86 90 91 93 97 98 99 102 103 109 110 112 113 114 116 118 120 121 122 127 129 131 133 134 135 138 139 140 141 142 144 145 147 149 152 154 156 160 161 166 167 169 170 173 178 181 182 183 184 185 191 192 195 196 197
1931 83 85 86 87 89 90 92 93 94 96 97 98 99 101 103 104 105 107 109 110 113 115 116 119 120 123 125 126 127 130 131 133 137 139 140 142 143 144 146 147 151 153 155 156 160 161 163 164 165 167 168 170 171 175 176 178 179 180 183 190 195 197 199 200
1483 83 88 89 91 94 95 98 99 102 103 111 112 113 115 116 117 122 123 124 126 127 128 129 130 133 134 135 136 137 139 143 144 147 149 150 151 152 154 158 159 161 162 168 169 173 177 178 181 183 184 186 187 188 190 191 192 193 195 196 197 198 199 200
1444 85 86 88 93 96 102 105 109 111 112 113 115 120 121 122 125 129 134 136 139 141 144 146 148 149 151 154 155 156 159 162 163 165 169 173 175 177 179 180 184 187 188 189 190 191 192 193 194 196 198 199 200
1625 84 86 87 88 89 90 94 95 97 98 100 101 102 110 111 112 113 117 119 120 121 123 124 126 127 130 133 134 136 138 144 146 149 151 152 154 156 157 159 162 163 165 166 167 171 172 177 178 179 180 182 184 189 191 193 194 200
1249 89 91 93 94 96 97 101 105 108 110 111 112 115 118 119 120 122 127 128 130 132 134 138 139 144 146 147 148 149 150 154 159 160 162 163 166 169 171 172 175 177 178 180 182 185 186 187 189 193 194 197 198
1720 87 88 91 92 94 98 99 102 103 107 111 113 117 118 119 121 122 125 126 127 128 129 132 135 148 150 151 152 154 155 158 159 161 162 163 164 165 166 169 171 172 175 176 177 178 180 183 184 185 188 189 194 195
1896 89 90 91 95 96 103 104 105 106 109 110 111 112 113 115 118 119 120 122 123 125 127 129 131 134 136 140 141 146 147 149 150 159 161 162 165 166 169 174 176 179 181 182 184 185 187 193 194 195 196 199 200
1564 88 89 90 96 97 102 103 104 105 106 110 111 118 119 120 122 124 126 128 129 130 131 134 135 138 140 141 143 144 145 148 150 152 154 155 156 157 161 168 170 171 172 173 177 178 179 180 181 183 184 186 187 189 191 194 196 199 200
1723 89 90 91 92 93 94 97 102 104 105 109 117 122 123 124 126 127 128 131 133 134 135 137 138 140 143 146 147 149 153 154 156 158 160 163 165 168 171 173 174 176 178 180 183 184 190 191 194 195 199 200
1834 95 97 98 99 101 102 103 106 107 109 112 113 114 115 120 121 122 124 125 126 130 132 133 135 138 139 141 142 143 144 145 146 148 149 150 153 155 157 158 164 166 169 170 173 174 176 177 178 182 185 186 187 189 190 194 195
1188 91 92 98 100 101 102 103 107 108 112 115 117 119 120 122 123 125 127 131 132 133 134 138 143 144 145 149 153 155 156 157 158 159 161 162 163 164 169 170 177 181 183 187 190 192 193 194 195 198
1487 92 94 96 97 99 100 101 102 104 105 106 110 111 113 114 115 118 120 123 124 125 126 130 131 134 140 141 142 143 144 145 147 149 152 155 156 160 161 163 168 169 170 171 174 176 178 179 180 181 184 185 186 188 190 191 193 194 196 197 200
1461 93 94 95 96 98 101 102 103 104 106 108 109 111 114 115 116 118 121 125 126 128 129 130 131 132 134 135 140 147 148 150 152 156 157 158 163 165 169 170 172 176 178 179 180 181 182 183 186 190 191 192 196 198 199 200
1084 94 95 96 100 103 104 106 107 108 109 110 111 115 118 119 120 122 123 125 127 130 133 137 138 139 146 148 149 151 152 153 155 157 158 159 161 163 164 167 168 171 175 176 177 178 180 185 187 189 190 193 196 198 199
1627 97 99 100 102 106 109 110 112 113 114 117 118 121 122 123 125 126 129 134 136 138 139 140 143 144 146 149 154 156 157 162 163 167 171 173 176 177 178 181 182 183 184 185 186 187 188 189 191 192 194 196 198 199
1865 97 98 103 104 105 107 111 115 117 118 119 120 122 123 125 129 133 137 138 142 144 145 146 149 150 151 152 154 155 162 168 169 171 172 173 175 176 177 182 183 184 185 189 191 192 194 195 196 197 198 199 200
1119 102 103 105 107 108 110 113 114 116 117 118 123 124 126 127 129 130 131 132 136 138 140 141 144 146 147 149 151 152 153 154 155 159 160 163 164 166 168 175 176 177 178 179 180 182 183 186 189 190 195 196 198
1853 98 99 100 101 102 103 104 106 107 108 113 114 115 116 122 125 126 128 130 131 132 134 136 137 138 139 140 141 142 145 147 148 150 151 154 155 161 170 172 174 176 177 185 187 189 191 193 198 199
1071 99 100 101 103 108 110 111 112 114 115 116 117 118 119 122 123 124 125 126 128 129 132 133 140 142 143 144 146 147 148 150 154 155 165 167 168 171 174 175 177 179 180 181 182 184 185 187 188 193 194 197 199 200
1358 101 102 103 104 107 109 112 114 115 116 121 127 129 130 132 134 135 137 139 141 144 151 152 153 155 156 157 159 163 164 165 167 168 169 170 171 172 175 177 178 179 180 181 184 185 190 191 192 200
1367 101 105 106 107 108 109 112 114 116 118 119 120 123 125 127 128 131 132 133 134 136 138 140 142 147 148 149 154 158 161 162 168 169 172 173 174 175 177 178 186 188 190 192 193 194 196 197
1664 104 108 109 110 111 112 113 114 116 122 123 127 128 130 131 133 135 136 140 141 142 144 147 149 150 151 152 153 155 156 158 160 161 162 165 169 172 174 175 176 177 178 179 180 184 192 193 194 195 197 198 199
1397 103 105 106 109 114 115 116 118 119 123 124 125 130 131 135 136 138 139 144 146 147 149 155 158 161 163 164 165 166 167 169 172 175 176 178 181 184 185 186 187 188 189 193 195 199 200
1157 104 105 109 110 111 112 116 117 118 121 123 125 126 127 129 131 136 138 140 142 147 148 150 156 159 166 170 171 177 178 179 180 183 184 186 187 188 192 194 195 197 199 200
1138 105 107 108 109 119 120 121 123 124 125 126 127 130 133 134 135 136 137 138 140 143 144 145 146 148 149 150 153 158 159 160 163 164 165 167 168 169 170 172 173 174 179 181 182 183 186 187 188 190 194 196 200
1604 106 107 108 109 110 111 112 114 115 116 121 123 124 128 131 132 133 136 140 141 142 143 144 154 157 158 159 160 163 165 166 167 168 169 171 172 174 176 181 185 190 191 195 197 200
1397 108 111 112 114 115 117 122 123 125 129 130 131 132 133 136 137 139 140 144 145 146 147 149 150 152 156 159 161 163 165 166 170 174 175 177 178 179 180 181 182 184 189 193 194 195 196
1163 108 112 113 114 115 116 117 118 120 122 123 124 128 132 134 135 136 137 140 142 148 149 153 154 155 157 163 164 165 167 170 172 173 175 179 180 181 182 185 187 188 193 194 195 200
1718 109 116 117 118 120 126 127 128 129 131 132 134 139 142 144 145 147 150 152 154 162 164 165 168 169 170 174 175 177 179 184 185 188 190 193 197 198
1319 110 112 113 116 117 118 120 121 124 125 128 129 131 132 136 141 142 144 149 152 155 159 160 162 164 166 167 168 170 171 172 173 174 177 183 184 186 187 192 196 199 200
1286 111 112 113 115 117 118 127 129 130 132 133 136 137 140 141 142 145 149 150 151 153 154 157 160 161 165 166 174 175 176 177 178 179 181 187 190 192 193 196 197 198
1935 112 113 118 119 122 125 127 129 132 144 145 148 150 153 155 156 157 160 162 163 167 168 170 171 174 176 177 180 181 183 190 195
1136 113 114 115 122 126 127 129 130 133 136 137 138 142 143 144 145 150 151 152 155 159 160 162 163 166 167 168 170 176 178 182 183 184 185 186 187 189 193 194 195 199 200
1117 114 117 118 120 123 124 125 126 127 130 131 134 136 137 138 139 140 141 149 150 151 152 154 157 159 160 161 162 163 169 170 177 178 184 188 190 191 192 195 197
1571 116 117 118 119 120 122 127 128 129 131 132 135 138 141 142 148 149 150 151 155 157 158 160 163 167 169 170 172 177 179 181 183 184 187 188 190 191 197 198
1969 116 120 121 122 125 129 133 135 141 144 148 153 154 156 158 160 161 162 163 164 165 166 168 171 175 176 178 179 180 181 183 185 186 187 188 189 191 193 195 196 197 200
1960 119 121 124 130 132 133 134 135 136 137 138 140 141 144 145 147 149 153 154 160 162 164 165 166 168 169 170 171 172 173 174 178 182 183 184 185 186 189 193 194 199
1776 118 119 121 123 124 125 127 130 136 137 138 141 143 148 149 150 152 157 160 162 163 165 166 171 172 173 174 175 177 179 181 183 184 186 188 192 194 198 199
1041 119 121 122 123 125 127 129 134 139 140 145 146 147 148 149 150 151 152 158 160 162 165 167 172 176 177 178 182 183 185 189 190 192 193 199 200
1940 120 122 126 127 128 131 135 138 139 141 142 145 148 152 155 156 160 162 165 171 176 178 180 182 185 186 190 192 193 196
1366 123 126 128 132 133 137 140 141 143 144 146 147 150 151 153 154 156 158 161 166 167 170 171 172 174 175 176 177 182 186 187 196 197 198
1886 123 124 130 135 140 149 150 151 152 154 155 158 159 160 161 163 166 167 173 175 177 179 184 185 188 193 197 199
1727 125 128 130 131 133 135 137 138 139 140 142 145 146 151 152 153 154 157 163 165 166 167 172 173 175 177 178 180 181 182 183 184 188 190 193 194 198
1847 124 132 133 134 135 137 138 140 141 142 145 146 147 149 150 151 152 154 156 158 159 161 162 165 168 170 173 174 177 179 181 182 184 186 187 188 190 194 196 198 200
1111 126 132 133 134 135 136 139 140 145 146 148 151 152 153 154 155 161 162 163 165 166 167 168 169 170 171 172 174 176 177 178 180 181 182 184 186 192 193 195 196 197 199 200
1093 129 130 135 136 137 140 141 142 144 147 148 153 156 157 158 160 161 162 164 165 166 167 168 169 177 178 180 190 191 196 198 199
1324 127 128 132 134 135 139 140 142 143 144 146 147 152 154 157 159 160 161 162 164 167 169 171 172 173 175 176 177 178 180 183 186 188 189 191 195 196 197 198 199 200
1857 128 132 138 144 145 149 151 153 155 156 158 159 161 162 163 164 165 166 169 170 172 173 174 175 177 178 180 181 182 184 185 186 187 196 197 198 199 200
1593 129 130 132 134 138 139 142 143 144 147 148 150 151 153 157 158 159 162 163 165 166 170 171 173 175 177 178 182 183 185 187 188 190 193 194 196 198 200
1676 131 132 133 134 137 140 141 142 143 144 145 151 152 157 160 161 165 168 169 177 178 182 183 184 187 188 189 191 192 194 195 197
1835 131 132 133 134 137 140 141 143 144 145 147 148 150 152 153 155 161 162 166 167 169 171 172 175 178 180 181 182 184 186 190 191 192 193 194 195 198 199
1093 132 133 134 139 142 145 148 152 154 156 157 158 160 161 165 169 170 171 175 176 177 178 179 180 183 185 188 189 193 195 199
1635 133 135 138 143 144 145 146 147 148 149 151 155 157 159 161 162 163 167 169 170 171 174 176 179 182 183 185 188 191 192 193 194 195 200
1184 136 138 140 143 146 148 150 153 155 158 162 169 170 171 173 174 175 177 178 182 183 184 186 189 190 192 194 195 196 200
1040 137 138 141 142 143 144 145 149 150 152 154 156 158 159 160 163 167 170 172 173 175 176 177 179 180 182 184 186 190 191 193 195 198 200
1204 137 138 141 142 144 145 151 152 153 154 156 158 159 160 161 164 165 169 170 175 179 181 184 185 186 188 189 190 191 192 195 197 198 200
1858 138 139 140 144 145 146 147 149 150 152 153 154 155 157 159 164 166 167 168 170 173 174 175 177 181 182 185 189 190 195 196 198 199 200
1681 138 140 141 142 143 144 148 149 151 156 158 159 162 163 164 170 173 180 181 185 189 191 192 193 194 195 198 199
1697 140 142 143 144 147 149 154 155 157 159 161 162 163 164 166 168 169 170 171 172 178 181 183 184 186 188 189 191 192 193 195 196 197 199 200
1921 143 144 145 146 148 152 155 157 159 169 171 174 175 178 179 180 181 182 186 188 189 190 193 194 195
1360 141 142 144 145 146 147 156 157 161 163 166 168 169 170 172 174 178 179 180 183 188 191 192 193 194 195 197 199 200
1848 142 143 144 145 146 148 149 152 153 155 158 159 160 161 162 163 167 168 169 170 171 172 178 179 180 181 182 185 186 189 190 192 193 197 199
1387 144 145 147 148 150 151 153 155 156 158 159 160 161 163 165 167 168 169 170 173 177 178 179 183 184 186 188 191 192 193 195 197 198 200
1032 144 148 149 152 154 156 158 160 162 166 168 171 172 173 178 181 183 184 188 192 193 194 196 197 198 199
1892 145 150 153 154 155 156 160 161 162 163 164 165 167 169 171 172 174 175 181 182 183 184 188 189 190 194 195 196 197 198
1065 146 147 149 150 153 154 156 157 158 162 163 164 166 167 169 172 173 175 179 183 184 185 186 188 189 192 194 195 196 198 199 200
1929 149 150 154 155 156 157 161 162 163 164 166 167 169 171 175 177 178 179 180 182 184 185 188 191 192 193 194 195 196 197 198 199 200
1051 148 150 151 155 157 158 160 163 165 166 168 170 172 173 178 180 181 182 183 186 187 189 194 196 197
1192 151 153 154 157 158 159 160 162 163 167 171 172 174 176 177 179 183 185 190 194 195 196 197 200
1972 154 155 156 157 158 159 160 167 169 170 172 173 175 176 177 179 180 182 184 185 186 187 188 189 192 194 198
1323 152 154 156 157 158 159 167 170 172 175 176 177 178 180 181 183 184 185 186 188 189 190 193 194 195 196 197 200
1874 154 156 161 162 163 165 168 173 174 177 178 179 181 182 184 186 187 188 190 191 192 193 194 197 199 200
1642 153 154 156 162 166 167 169 170 171 172 174 177 180 182 183 186 187 189 194 195 197 198
1819 154 155 156 157 163 165 166 168 171 173 174 175 176 178 182 185 186 191 192 194 195 196 197 198 200
1729 156 158 161 162 163 166 167 171 173 174 175 176 181 183 184 186 187 193 194 196 197
1655 156 157 165 166 167 168 172 173 174 176 178 180 181 183 186 187 188 189 190 191 192 196
1381 158 159 160 164 166 167 168 169 170 171 175 179 182 184 185 186 187 193 197 199
1497 159 161 163 166 171 173 182 184 185 187 189 190 191 193 194 196 197
1913 162 164 165 166 167 168 170 176 177 178 180 181 182 183 184 185 186 188 189 190 194 199 200
1722 163 171 174 175 176 178 179 180 181 185 186 187 195 197 200
1923 161 162 163 164 165 166 167 168 169 170 171 172 178 179 180 181 182 183 184 185 188 189 193 194 196
1103 162 167 168 169 170 176 177 179 181 183 184 186 189 190 191 192 193 196 199 200
1488 163 164 166 167 168 170 171 172 175 176 178 179 182 185 186 188 189 191 194 195 196 199 200
1266 164 165 172 173 177 181 182 183 186 187 188 189 190 193 194 195 196
1937 165 166 167 168 169 170 171 176 178 180 184 185 189 192 194 196 197
1227 166 169 171 176 182 185 187 188 189 191 197 198 199 200
1458 169 170 173 175 176 178 179 181 182 183 185 186 187 191 193 194 197 198 199
1955 168 169 170 174 175 177 178 182 184 185 191 192 193 194 195 197 199
1208 169 173 174 175 178 180 181 182 184 187 189 192 193 195 196 198
1560 172 176 180 183 184 187 190 191 195 196 198 199
1294 172 179 188 189 191 192 197 198 199
1817 172 177 181 182 185 186 188 189 190 192 193 195 196 198 199
1247 173 175 177 178 179 180 186 188 189 192 193 199 200
1672 174 175 177 178 180 181 182 185 186 187 188 189 190 191 193 194 195 197 198 199 200
1699 175 176 177 180 181 182 185 188 189 190 191 194 198 199 200
1282 179 180 182 183 184 189 190 192 194 195 196 197 200
1831 177 179 181 182 186 188 189 190 192 194 196 199
1845 183 185 191 195 198 199 200
1645 181 182 183 184 185 188 189 190 191 192 194 195 196 198 200
1649 181 183 186 189 191 192 193 194 197 200
1616 181 183 189 190 193 196 199 200
1122 183 185 186 188 189 190 192 195 197 198 200
1022 183 185 186 187 188 190 191 194 196 197
1103 184 185 187 190 191 192 193 197
1173 185 186 187 188 190 196 197 200
1256 189 193 196 198 200
1895 187 190 199 200
1939 192 193 195 196 197
1707 191 195 197 198 199 200
1294 190 191 192 197 198 199
1135 191 193 195 197 199 200
1196 192 193 194 196 200
1895 193 196 197 198 199
1428 196 199 200
1906 195 197 198 200
1618 198 200
1986 199
1626 199
1836 199 200
1931
1671
