75	10	200	10
-2	10	13
-5	18	6
-1	7	4
-3	10	6
-1	11	6
-4	16	7
-4	12	8
-4	17	6
-4	17	13
-2	5	6
22 2 5 7 8 10 12 14 15 16 17 18 20 26 27 28 29 30 31 33 35 40 41 43 44 46 49 50 52 53 56 57 59 61 65 66 67 68 70 72 74
24 6 7 10 11 18 20 21 24 25 26 27 29 30 32 34 40 42 43 45 51 53 56 57 58 59 60 62 63 65 66 68 71 74 75
10 5 6 7 8 14 15 16 20 21 22 23 25 27 29 30 31 33 37 38 42 43 44 45 47 48 49 51 52 55 56 59 60 62 63 65 70 71 72 73 75
25 5 6 8 12 13 14 16 20 24 27 29 30 32 33 36 37 39 42 44 46 47 49 50 51 52 53 55 58 59 63 66 68 70 71 72
25 7 8 10 11 13 16 19 21 24 25 26 27 28 31 32 33 36 38 45 47 51 52 54 55 56 57 59 66 72 73 74 75
19 12 15 16 18 19 22 26 29 31 32 33 42 47 48 50 52 53 54 55 57 58 59 62 63 67 68 69 72
16 8 12 16 18 19 22 24 25 26 27 29 30 31 33 35 39 41 42 43 46 47 50 51 52 55 58 59 61 65 70 71 73 75
22 16 19 21 22 23 25 27 28 29 32 33 34 36 37 38 43 47 50 53 55 56 57 59 63 65 67 69 70
25 10 12 13 15 17 18 19 20 21 23 24 25 26 29 30 32 33 35 36 37 42 43 44 45 47 48 54 55 56 58 60 63 64 65 66 68 72 75
27 12 14 17 18 20 21 23 27 30 32 33 36 39 40 43 48 49 50 51 53 54 55 56 57 59 60 64 65 66 70 72
17 15 16 20 21 22 28 30 31 32 33 34 38 41 44 46 47 48 51 53 55 56 57 58 59 61 62 63 64 66 68 69 70 71 72 74 75
24 14 15 17 19 21 25 27 28 32 35 36 38 40 41 42 43 44 45 54 56 57 59 63 65 66 68 70 71 72 73 74 75
18 14 16 18 19 20 24 30 32 33 35 41 45 46 47 51 53 56 58 59 61 66 67 69 71 72 74 75
25 16 17 23 24 26 29 32 33 35 36 37 38 40 43 45 47 49 53 54 55 58 59 61 68 70 72
15 17 19 23 29 31 32 33 35 39 40 42 43 44 45 47 49 51 54 55 58 59 61 63 65 66 68 72 73 75
15 18 20 22 23 24 25 27 31 32 36 41 42 43 45 46 48 52 56 57 63 64 65 68 70 71 73 74
27 19 21 22 27 29 36 38 41 45 46 47 48 50 51 52 53 56 60 62 63 66 68 70 72 73 75
12 20 28 29 32 35 38 42 44 46 47 52 55 56 58 59 60 61 63 66 67 68 70 72 74
29 22 28 29 31 33 34 35 36 37 38 40 43 44 45 46 47 48 49 50 51 52 57 61 62 63 64 65 66 69 70 71 72 73
15 23 24 26 28 29 31 33 37 38 39 40 42 43 44 49 50 51 52 54 56 57 58 59 60 61 65 66 68 69 71 75
27 24 26 27 28 30 32 34 35 36 37 39 42 44 45 46 48 52 56 58 59 62 63 71 73 75
21 24 25 27 33 34 37 39 41 45 46 48 49 50 52 53 58 59 60 65 70 72 73 75
15 25 26 27 33 34 35 36 37 39 40 41 42 45 46 47 48 49 50 55 58 63 65 70 71 72 73 75
24 25 27 30 31 33 34 35 39 41 42 43 44 48 49 50 51 53 54 55 58 59 63 64 66 67 69 72 74
19 26 33 34 40 41 42 43 44 45 47 48 51 55 57 58 59 63 64 68 71 72 73
22 27 29 30 31 33 34 38 40 42 46 47 48 51 52 55 56 58 60 62 64 65 70 72 73
22 34 36 41 43 45 50 51 52 53 57 58 59 60 64 67 69 70 71
23 29 30 32 35 40 41 42 44 48 50 51 53 57 59 61 63 65 68 70 71 73 75
18 30 31 32 35 36 38 40 42 46 48 52 57 58 59 61 62 63 64 66 67 70 71 72 74 75
17 31 33 36 37 39 40 42 43 44 46 47 50 52 53 55 58 62 63 64 68 69 71 75
10 33 34 35 36 38 40 41 42 50 51 52 54 56 58 60 62 64 68 72 73 75
13 33 35 37 40 41 42 46 49 50 51 52 53 55 56 57 58 60 64 66 67 74
28 34 35 39 40 43 44 45 47 50 51 55 56 57 60 62 63 65 66 67 68 70 71 72 73 74
11 35 36 42 43 44 48 52 53 55 56 58 64 66 69 70 72 75
12 37 46 47 48 49 51 52 53 59 64 66 69 73 74 75
10 39 40 41 42 43 44 46 47 48 49 50 54 55 57 60 63 64 65 66 68 69 70 73 74 75
17 39 41 42 45 47 48 49 50 52 53 54 55 56 59 60 61 62 64 67 69 70 71 73
26 40 43 45 48 49 51 53 54 55 56 57 58 60 62 63 65 67 68 72 73 75
27 41 42 43 45 47 50 51 54 55 56 57 62 65 67 68 71 75
12 41 43 45 46 48 49 51 52 53 55 56 57 59 60 61 65 67 68 69 72 75
25 46 48 49 50 51 52 54 57 61 64 65 66 67 68 71 72 75
28 43 44 47 51 52 54 59 61 63 65 66 67 69 70 72 73 74 75
29 45 46 48 49 51 52 55 56 59 60 62 63 64 65 71 74 75
16 46 52 56 59 62 64 65 66 69 72 73 74
10 49 52 53 56 57 58 62 67 68 73 75
27 49 51 52 53 55 56 57 58 59 60 63 64 65 69 72 73 75
26 50 51 52 55 58 59 61 62 65 67 68 72 74 75
28 50 51 55 56 57 62 63 64 68 70 71 72 73
15 50 51 52 55 56 57 58 59 61 63 64 66 68 69 70 71 73
21 51 53 56 57 59 60 61 62 63 68 69 70 71 73 75
25 55 56 57 58 59 60 61 64 65 67 70 71 72 73 74 75
26 54 58 60 61 62 66 67 70 72 73 74 75
26 55 56 60 61 62 65 67 68 70 71 73 74 75
18 59 60 62 63 66 68 69 71 72 73
21 56 59 61 66 67 68 70 72 73 74
29 58 63 64 65 66 68 70 71 73
10 62 63 67 69 70 73 74
17 61 62 64 65 67 68 69 71 74 75
17 60 62 63 64 65 66 69 70 73 74
22 61 62 64 66 72 75
17 65 66 67 68 71 72 73
27 64 67 68 72 74 75
21 64 65 68 71 74
29 68 72 73 74 75
14 71 72
27 67 68 70 72 74
16 68 69 71 72 75
23 69 75
29 71 72 75
13 71 72 75
28 73 74
22 74
21 74
20 75
15
