50	5	200	1
0	14	11
0	18	7
0	10	7
0	18	11
0	9	14
28 4 5 8 10 12 13 16 19 20 22 24 25 28 29 31 32 34 37 38 42 50
39 4 6 7 8 9 12 14 17 19 20 22 23 26 27 28 29 30 34 37 38 40 41 42 43 44 45 47 48 49
30 7 10 11 13 14 17 25 27 28 30 31 36 37 39 45 49 50
31 6 7 8 9 10 13 17 18 19 22 23 24 27 28 29 30 33 37 39 41 42 43 44 46 47 48 50
37 8 9 11 13 16 18 19 20 23 25 27 28 29 31 34 38 45 48
22 7 9 10 12 16 19 28 29 30 33 34 35 36 37 41 42 43 46 50
39 8 10 11 13 14 16 17 18 20 21 22 24 26 27 28 30 31 32 33 34 38 42 43 44 45 49 50
26 9 10 12 13 15 18 20 21 22 23 26 27 30 35 36 37 39 42 44 46 49
22 12 13 14 18 20 21 22 27 28 30 32 34 36 37 38 41 43 44 45 46 47 48 49 50
24 11 12 13 17 19 20 21 23 24 25 26 29 30 34 35 41 42 43 44 45 46 47
37 12 13 16 22 24 25 26 28 29 30 32 38 42 49
37 14 19 20 22 25 27 28 29 30 33 34 37 38 40 41 42 43
30 14 16 17 18 19 23 25 29 31 33 34 36 37 38 44 45 46 47 48 50
24 16 17 18 20 23 24 25 27 29 31 34 35 36 39 40 42 45 46 47 48 50
29 16 18 19 23 25 27 28 31 36 37 38 39 43 44 46 48 50
26 18 20 21 22 28 30 31 32 35 41 42 44 46 47 50
21 19 21 22 24 25 26 27 28 29 30 32 33 34 35 37 38 39 40 42 43 44 46 47 50
21 19 20 21 22 26 29 30 31 32 33 35 38 40 41 43 45 48 50
24 20 21 23 24 26 27 28 31 33 34 40 41 43 46 48
37 21 27 28 30 32 36 39 41 43 44 45 46
23 22 26 28 31 32 34 35 37 38 40 43 44 47 49 50
36 23 27 29 31 38 42 47 48 49
37 24 25 26 27 31 35 37 38 39 42 43 46
23 28 31 32 33 34 35 37 40 42 43 44 45 46 50
38 28 29 31 34 35 36 37 39 40 41 42 43 44 47 50
33 27 31 34 35 36 37 38 40 46 48 49
29 31 32 33 34 35 36 37 41 42 45 48 49 50
31 29 31 32 34 37 38 39 40 42 44 46 47 49 50
37 30 33 34 37 38 39 40 42 43 44 45 46 47 49
30 32 35 36 37 38 39 42 43 45 47 50
34 33 35 40 42 43 45 46 47 48 50
40 33 35 36 37 42 43 44 46 47 48
30 34 35 36 39 41 43 44 50
23 36 40 42 43 44 46 48 49 50
22 37 42 45 48 49
22 37 38 40 41 42 43 48 50
35 39 41 43 44 45 48 49 50
26 41 42 43 45 46 48 49 50
24 41 45 46 49 50
24 41 42 44 45 46 47 49 50
40 42 47 50
28 45 46 47 48
27 47 48
34 47 49 50
30 46 47 48 49 50
26 50
37 48 50
29 49
32
28
